216
10000
2005	1
2019	1
2029	1
2031	1
2036	1
2055	1
2057	1
2061	1
2062	1
2064	1
2066	1
2079	1
2083	1
2086	1
2088	1
2091	1
2110	1
2116	1
2120	1
2122	1
2128	1
2139	1
2162	1
2173	1
2186	1
2193	1
2201	1
2219	1
2220	1
2221	1
2243	1
2251	1
2252	1
2254	1
2263	1
2303	1
2306	1
2318	1
2324	1
2335	1
2336	1
2352	1
2354	1
2357	1
2368	1
2375	1
2383	1
2387	1
2392	1
2405	1
2409	1
2410	1
2414	1
2417	1
2441	1
2448	1
2468	1
2480	1
2484	1
2487	1
2492	1
2507	1
2515	1
2535	1
2540	1
2544	1
2559	1
2585	1
2588	1
2589	1
2594	1
2599	1
2615	1
2626	1
2634	1
2644	1
2654	1
2665	1
2679	1
2705	1
2720	1
2751	1
2760	1
2761	1
2776	1
2812	1
2813	1
2816	1
2817	1
2826	1
2828	1
2833	1
2836	1
2841	1
2845	1
2851	1
2881	1
2892	1
2903	1
2917	1
2969	1
2978	1
2994	1
3019	1
3028	1
3062	1
3100	1
3124	1
3146	1
3164	1
3166	1
3178	1
3198	1
3200	1
3214	1
3222	1
3237	1
3275	1
3278	1
3291	1
3344	1
3360	1
3374	1
3380	1
3408	1
3420	1
3454	1
3460	1
3465	1
3475	1
3480	1
3508	1
3520	1
3544	1
3567	1
3571	1
3576	1
3601	1
3612	1
3613	1
3622	1
3633	1
3637	1
3652	1
3664	1
3668	1
3678	1
3701	1
3712	1
3713	1
3724	1
3728	1
3831	1
3852	1
3896	1
3919	1
3956	1
3996	1
4046	1
4133	1
4137	1
4140	1
4148	1
4159	1
4196	1
4209	1
4218	1
4228	1
4260	1
4261	1
4317	1
4334	1
4339	1
4343	1
4357	1
4358	1
4419	1
4488	1
4504	1
4521	1
4526	1
4581	1
4585	1
4598	1
4627	1
4729	1
4762	1
4776	1
4793	1
4794	1
4812	1
4849	1
4854	1
4872	1
4892	1
4973	1
5017	1
5031	1
5079	1
5097	1
5105	1
5147	1
5264	1
5285	1
5300	1
5337	1
5377	1
5403	1
5470	1
5489	1
5529	1
5554	1
5574	1
5586	1
5627	1
5848	1
