215
10000
2002	1
2007	1
2008	1
2012	1
2022	1
2044	1
2055	1
2061	1
2067	1
2087	1
2125	1
2138	1
2159	1
2169	1
2171	1
2176	1
2177	1
2199	1
2200	1
2217	1
2247	1
2249	1
2257	1
2261	1
2281	1
2306	1
2315	1
2325	1
2359	1
2361	1
2362	1
2376	1
2379	1
2380	1
2388	1
2440	1
2446	1
2469	1
2486	1
2502	1
2505	1
2508	1
2510	1
2526	1
2527	1
2529	1
2533	1
2542	1
2546	1
2550	1
2554	1
2609	1
2637	1
2646	1
2685	1
2701	1
2704	1
2723	1
2730	1
2733	1
2765	1
2768	1
2769	1
2773	1
2798	1
2816	1
2826	1
2830	1
2831	1
2842	1
2845	1
2854	1
2877	1
2883	1
2891	1
2910	1
2925	1
2976	1
2979	1
2994	1
3008	1
3011	1
3026	1
3045	1
3050	1
3077	1
3078	1
3103	1
3113	1
3157	1
3162	1
3163	1
3178	1
3194	1
3203	1
3204	1
3218	1
3226	1
3233	1
3251	1
3268	1
3273	1
3278	1
3281	1
3283	1
3293	1
3310	1
3322	1
3326	1
3345	1
3358	1
3363	1
3381	1
3403	1
3410	1
3415	1
3417	1
3419	2
3429	1
3432	1
3434	1
3435	1
3440	1
3464	1
3465	1
3489	1
3495	1
3507	1
3528	1
3537	1
3545	1
3557	1
3563	1
3575	1
3592	1
3593	1
3607	1
3635	1
3646	1
3666	1
3695	1
3697	1
3706	1
3708	1
3722	1
3724	1
3740	1
3751	1
3755	1
3760	1
3768	1
3784	1
3794	1
3797	1
3809	1
3832	1
3846	1
3851	1
3858	1
3866	1
3881	1
3911	1
3919	1
3920	1
3943	1
3948	1
3977	1
4000	1
4007	1
4012	1
4017	1
4032	1
4055	1
4065	1
4067	1
4093	1
4139	1
4144	1
4190	1
4209	1
4212	1
4218	1
4229	1
4237	1
4240	1
4254	1
4258	1
4266	1
4278	1
4316	1
4317	1
4320	1
4329	1
4336	1
4344	1
4438	1
4483	1
4484	1
4569	1
4610	1
4630	1
4647	1
4733	1
4757	1
4775	1
4784	1
4788	1
4889	1
4897	1
4915	1
5087	1
5185	1
5322	1
5749	1
5779	1
