216
10000
2013	1
2020	1
2021	1
2053	1
2071	1
2074	1
2110	1
2115	1
2124	1
2145	1
2148	1
2166	1
2178	1
2246	1
2252	1
2260	1
2269	1
2281	1
2286	1
2289	1
2291	1
2294	1
2307	1
2308	1
2309	1
2331	1
2347	1
2357	1
2367	1
2370	1
2374	1
2376	1
2384	1
2405	1
2407	1
2441	1
2445	1
2460	1
2462	1
2471	1
2512	1
2513	1
2517	1
2530	1
2535	1
2550	1
2568	1
2574	1
2577	1
2598	1
2613	1
2614	1
2618	1
2626	1
2630	1
2645	1
2657	1
2658	1
2668	1
2696	1
2699	1
2706	1
2707	1
2723	1
2732	1
2750	1
2755	1
2762	1
2775	1
2778	1
2783	1
2789	1
2806	1
2808	1
2826	1
2836	1
2838	1
2849	1
2855	1
2858	1
2873	1
2874	1
2876	1
2878	1
2903	1
2916	1
2919	1
2920	1
2944	1
2948	1
2963	1
2997	1
3029	1
3073	1
3078	1
3082	1
3087	1
3101	1
3102	1
3103	1
3106	1
3111	1
3120	1
3158	1
3165	1
3181	1
3186	1
3206	1
3226	1
3228	1
3229	1
3295	1
3302	1
3314	1
3337	1
3345	1
3348	1
3354	1
3376	1
3404	1
3413	1
3427	1
3443	1
3458	1
3465	1
3498	1
3508	1
3521	1
3523	1
3528	1
3533	1
3538	1
3541	1
3542	1
3561	1
3575	1
3637	1
3648	1
3667	1
3681	1
3696	1
3699	1
3711	1
3714	1
3726	1
3727	1
3743	1
3750	1
3751	1
3752	1
3763	1
3785	1
3788	1
3802	1
3804	1
3808	1
3810	1
3851	1
3890	1
3901	1
3936	1
3947	1
3974	1
3978	1
3982	1
3996	1
4039	1
4042	1
4061	1
4073	1
4092	1
4111	1
4135	1
4140	1
4146	1
4151	1
4164	1
4170	1
4193	1
4212	1
4289	1
4291	1
4300	1
4313	1
4320	1
4335	1
4345	1
4412	1
4440	1
4449	1
4470	1
4473	1
4479	1
4481	1
4504	1
4547	1
4552	1
4634	1
4681	1
4694	1
4715	1
4741	1
4774	1
4800	1
4824	1
4893	1
4908	1
4956	1
5013	1
5017	1
5096	1
5111	1
5179	1
5254	1
5571	1
5601	1
