216
10000
2030	1
2037	1
2060	1
2061	1
2078	1
2085	1
2105	1
2117	1
2144	1
2149	1
2167	1
2170	1
2173	1
2185	1
2187	1
2196	1
2204	1
2220	1
2242	1
2243	1
2266	1
2272	1
2276	1
2302	1
2305	1
2327	1
2349	1
2364	1
2407	1
2412	1
2430	1
2442	1
2448	1
2456	1
2457	1
2465	1
2476	1
2477	1
2486	1
2489	1
2505	1
2540	1
2552	1
2572	1
2592	1
2603	1
2611	1
2615	1
2620	1
2635	1
2637	1
2644	1
2646	1
2656	1
2658	1
2673	1
2691	1
2709	1
2725	1
2737	1
2755	1
2761	1
2763	1
2769	1
2772	1
2794	1
2796	1
2804	1
2808	1
2823	1
2829	1
2834	1
2872	1
2882	1
2885	1
2896	1
2907	1
2911	1
2927	1
2929	1
2945	1
2984	1
2990	1
2993	1
2996	1
3008	1
3010	1
3011	1
3015	1
3021	1
3023	1
3024	1
3026	1
3038	1
3044	1
3056	1
3061	1
3078	1
3085	1
3089	1
3097	1
3102	1
3122	1
3135	1
3139	1
3159	1
3161	1
3184	1
3200	1
3245	1
3259	1
3272	1
3279	1
3286	1
3312	1
3321	1
3343	1
3353	1
3354	1
3367	1
3407	1
3413	1
3416	1
3418	1
3419	1
3435	1
3456	1
3457	1
3467	1
3482	1
3495	1
3502	1
3537	1
3554	1
3563	1
3564	1
3568	1
3569	1
3586	1
3587	1
3607	1
3618	1
3633	1
3636	1
3656	1
3658	1
3673	1
3694	1
3706	1
3707	1
3719	1
3752	1
3771	1
3775	1
3813	1
3844	1
3873	1
3925	1
3927	1
3928	1
3953	1
3957	1
3960	1
3962	1
3989	1
3990	1
3992	1
4012	1
4013	1
4068	1
4084	1
4097	1
4099	1
4104	1
4116	1
4118	1
4122	1
4126	1
4148	1
4170	1
4173	1
4183	1
4243	1
4244	1
4263	1
4288	1
4293	1
4370	1
4379	1
4465	1
4467	1
4473	1
4521	1
4530	1
4534	1
4568	1
4623	1
4669	1
4671	1
4788	1
4803	1
4810	1
4812	1
4832	1
4887	1
4901	1
4907	1
4943	1
4951	1
5004	1
5035	1
5067	1
5088	1
5184	1
5284	1
5573	1
