216
10000
2009	1
2022	1
2037	1
2048	1
2053	1
2059	1
2062	1
2083	1
2087	1
2088	1
2100	1
2105	1
2119	1
2130	1
2132	1
2134	1
2141	1
2143	1
2151	1
2152	1
2155	1
2173	1
2178	1
2187	1
2193	1
2226	1
2229	1
2260	1
2284	1
2286	1
2287	1
2297	1
2301	1
2309	1
2335	1
2349	1
2351	1
2362	1
2381	1
2401	1
2405	1
2407	1
2410	1
2413	1
2429	1
2430	1
2434	1
2438	1
2441	1
2452	1
2458	1
2468	1
2474	1
2481	1
2483	1
2492	1
2506	1
2519	1
2524	1
2529	1
2538	1
2569	1
2578	1
2597	1
2636	1
2647	1
2655	1
2663	1
2665	1
2674	1
2686	1
2695	1
2723	1
2729	1
2738	1
2746	1
2765	1
2768	1
2795	1
2799	1
2825	1
2833	1
2840	1
2866	1
2868	1
2884	1
2895	1
2906	1
2907	1
2908	1
2913	1
2929	1
2931	1
2945	1
2992	1
3017	1
3030	1
3040	1
3068	1
3076	1
3079	1
3082	1
3098	1
3105	1
3108	1
3118	1
3131	1
3143	1
3147	1
3148	1
3167	1
3176	1
3182	1
3185	1
3193	1
3198	1
3250	1
3274	1
3282	1
3323	1
3341	1
3344	1
3354	1
3375	1
3377	1
3400	1
3405	1
3409	1
3415	1
3429	1
3432	1
3444	1
3459	1
3476	1
3500	1
3513	1
3538	1
3554	1
3557	1
3571	1
3589	1
3635	1
3654	1
3664	1
3690	1
3725	1
3746	1
3754	1
3755	1
3768	1
3769	1
3795	1
3855	1
3910	1
3925	1
3987	1
3991	1
4002	1
4065	1
4076	1
4087	1
4088	1
4134	1
4151	1
4163	1
4213	1
4244	1
4246	1
4260	1
4261	1
4266	1
4288	1
4308	1
4309	1
4312	1
4350	1
4375	1
4381	1
4401	1
4411	1
4414	1
4417	1
4439	1
4502	1
4504	1
4520	1
4576	1
4588	1
4609	1
4624	1
4659	1
4664	1
4740	1
4743	1
4752	1
4765	1
4797	1
4805	1
4825	1
4938	1
4964	1
4973	1
5002	1
5021	1
5079	1
5151	1
5179	1
5182	1
5204	1
5273	1
5316	1
5426	1
5430	1
5540	1
5694	1
5869	1
