216
10000
2008	1
2028	1
2033	1
2042	1
2049	1
2050	1
2063	1
2098	1
2108	1
2125	1
2138	1
2147	1
2173	1
2175	1
2201	1
2220	1
2229	1
2234	1
2235	1
2265	1
2280	1
2300	1
2317	1
2350	1
2353	1
2371	1
2377	1
2393	1
2399	1
2400	1
2404	1
2417	1
2420	1
2444	1
2449	1
2457	1
2463	1
2510	1
2511	1
2531	1
2540	1
2543	1
2553	1
2585	1
2587	1
2590	1
2591	1
2636	1
2646	1
2669	1
2674	1
2675	1
2686	1
2698	1
2699	1
2733	1
2738	1
2754	1
2766	1
2769	1
2776	1
2829	1
2840	1
2842	1
2848	1
2856	1
2861	1
2868	1
2892	1
2896	1
2906	1
2907	1
2912	1
2937	1
2944	1
2987	1
2989	1
2994	1
2996	1
2997	1
3012	1
3017	1
3019	1
3031	1
3033	1
3037	1
3038	1
3056	1
3063	1
3070	1
3082	1
3117	1
3141	1
3150	1
3166	1
3175	1
3180	1
3184	1
3210	1
3217	1
3224	1
3226	1
3230	1
3244	1
3257	1
3260	1
3270	1
3274	1
3279	1
3289	1
3296	1
3301	1
3309	1
3325	1
3347	1
3356	1
3383	1
3394	1
3410	1
3420	1
3429	1
3431	1
3442	1
3458	1
3466	1
3467	1
3477	1
3481	1
3484	1
3493	1
3517	1
3518	1
3520	1
3522	1
3527	1
3528	1
3546	1
3566	1
3573	1
3596	1
3607	1
3653	1
3658	1
3661	1
3671	1
3694	1
3707	1
3713	1
3724	1
3725	1
3743	1
3754	1
3776	1
3783	1
3789	1
3798	1
3803	1
3808	1
3819	1
3824	1
3831	1
3837	1
3850	1
3883	1
3893	1
3899	1
3900	1
3926	1
3928	1
3953	1
3975	1
3994	1
4009	1
4018	1
4024	1
4042	1
4054	1
4100	1
4119	1
4128	1
4135	1
4155	1
4156	1
4188	1
4218	1
4225	1
4231	1
4238	1
4243	1
4246	1
4269	1
4271	1
4300	1
4302	1
4306	1
4324	1
4470	1
4527	1
4545	1
4599	1
4604	1
4615	1
4671	1
4684	1
4689	1
4711	1
4713	1
4882	1
4890	1
4935	1
5140	1
5164	1
5281	1
5315	1
5637	1
5939	1
