216
10000
2008	1
2011	1
2016	1
2033	1
2048	1
2049	1
2052	1
2070	1
2074	1
2075	1
2116	1
2123	1
2126	1
2128	1
2149	1
2153	1
2154	1
2163	1
2194	1
2195	1
2206	1
2219	1
2223	1
2224	1
2267	1
2279	1
2302	1
2346	1
2365	1
2395	1
2398	1
2430	1
2443	1
2452	1
2460	1
2474	1
2475	1
2481	1
2494	1
2499	1
2503	1
2529	1
2535	1
2538	1
2567	1
2584	1
2593	1
2619	1
2624	1
2626	1
2635	1
2644	1
2647	1
2648	1
2653	1
2670	1
2677	1
2696	1
2700	1
2705	1
2716	1
2737	1
2748	1
2752	1
2760	1
2769	1
2771	1
2773	1
2786	1
2794	1
2810	1
2816	1
2851	1
2852	1
2858	1
2869	1
2941	1
2948	1
2952	1
2955	1
2958	1
2970	1
2973	1
2975	1
2977	1
2990	1
2992	1
3013	1
3022	1
3029	1
3039	1
3061	1
3068	1
3077	1
3092	1
3101	1
3103	1
3105	1
3109	1
3111	1
3127	1
3167	1
3168	1
3194	1
3221	1
3245	1
3246	1
3253	1
3255	1
3259	1
3282	1
3300	1
3323	1
3333	1
3339	1
3364	1
3374	1
3391	1
3399	1
3407	1
3412	1
3415	1
3418	1
3460	1
3468	1
3481	1
3492	1
3531	1
3553	1
3555	1
3565	1
3578	1
3600	1
3611	1
3624	1
3630	1
3642	1
3652	1
3654	1
3657	1
3679	1
3697	1
3715	1
3720	1
3732	1
3735	1
3743	1
3745	1
3755	1
3777	1
3781	1
3800	1
3824	1
3832	1
3849	1
3851	1
3853	1
3886	1
3897	1
3906	1
3907	1
3941	1
3942	1
3945	1
3953	1
3978	1
3981	1
4004	1
4022	1
4026	1
4059	1
4062	1
4063	1
4064	1
4109	1
4152	1
4161	1
4169	1
4186	1
4211	1
4217	1
4223	1
4263	1
4271	1
4272	1
4273	1
4282	1
4295	1
4296	1
4297	1
4360	1
4372	1
4401	1
4426	1
4430	1
4433	1
4500	1
4524	1
4565	1
4578	1
4676	1
4777	1
4818	1
4857	1
4859	1
4875	1
4891	1
4905	1
4922	1
4994	1
5104	1
5173	1
5254	1
5364	1
5373	1
5538	1
