216
10000
2023	1
2028	1
2037	1
2058	1
2067	1
2071	1
2080	1
2090	1
2095	1
2096	1
2123	1
2133	1
2194	1
2202	1
2210	1
2216	1
2233	1
2286	1
2299	1
2304	1
2318	1
2325	1
2331	1
2338	1
2358	1
2371	1
2380	1
2395	1
2398	1
2421	1
2440	1
2441	1
2442	1
2450	1
2479	1
2509	1
2511	1
2513	1
2537	1
2542	1
2576	1
2577	1
2582	1
2585	1
2593	1
2606	1
2607	1
2610	1
2614	1
2615	1
2621	1
2622	1
2631	1
2637	1
2647	1
2670	1
2673	1
2692	1
2698	1
2718	1
2723	1
2756	1
2758	1
2759	1
2769	1
2770	1
2774	1
2792	1
2794	1
2798	1
2804	1
2816	1
2839	1
2844	1
2857	1
2865	1
2882	1
2888	1
2894	1
2911	1
2925	1
2931	1
2932	1
2935	1
2946	1
2949	1
2958	1
2977	1
2995	1
3030	1
3062	1
3093	1
3101	1
3104	1
3117	1
3123	1
3137	1
3150	1
3182	1
3211	1
3216	1
3234	1
3255	1
3256	1
3264	1
3268	1
3269	1
3275	1
3285	1
3288	1
3296	1
3298	1
3334	1
3353	1
3357	1
3358	1
3361	1
3378	1
3379	1
3388	1
3418	1
3419	1
3440	1
3478	1
3487	1
3509	1
3512	1
3519	1
3543	1
3548	1
3553	1
3562	1
3575	1
3587	1
3605	1
3606	1
3616	1
3625	1
3626	1
3634	1
3639	1
3648	1
3672	1
3674	1
3684	1
3690	1
3715	1
3729	1
3733	1
3735	1
3740	1
3781	1
3782	1
3785	1
3790	1
3797	1
3806	1
3811	1
3816	1
3820	1
3875	1
3917	1
3920	1
3933	1
3936	1
3940	1
3961	1
3972	1
3985	1
3990	1
3995	1
4000	1
4003	1
4093	1
4097	1
4161	1
4170	1
4174	1
4178	1
4198	1
4212	1
4215	1
4239	1
4271	1
4278	1
4279	1
4344	1
4347	1
4356	1
4367	1
4398	1
4410	1
4457	1
4458	1
4483	1
4523	1
4574	1
4592	1
4605	1
4610	1
4620	1
4644	1
4649	1
4717	1
4719	1
4816	1
4849	1
4857	1
4951	1
4974	1
5022	1
5063	1
5096	1
5100	1
5169	1
5348	1
