216
10000
2011	1
2018	1
2020	1
2032	1
2070	1
2077	1
2109	1
2127	1
2135	1
2168	1
2172	1
2184	1
2185	1
2191	1
2195	1
2199	1
2218	1
2238	1
2244	1
2254	1
2257	1
2260	1
2261	1
2266	1
2270	1
2274	1
2277	1
2323	1
2324	1
2327	1
2334	1
2357	1
2389	1
2391	1
2397	1
2402	1
2406	1
2407	1
2413	1
2414	1
2415	1
2417	1
2420	1
2424	1
2436	1
2438	1
2443	1
2454	1
2456	1
2461	1
2463	1
2466	1
2469	1
2511	1
2512	1
2526	1
2531	1
2532	1
2536	1
2538	1
2555	1
2563	1
2580	1
2592	1
2606	1
2627	1
2635	1
2647	1
2651	1
2656	1
2675	1
2683	1
2693	1
2703	1
2751	1
2754	1
2794	1
2799	1
2813	1
2821	1
2823	1
2827	1
2840	1
2869	1
2876	1
2912	1
2944	1
2962	1
2987	1
2989	1
3007	1
3047	1
3055	1
3085	1
3089	1
3108	1
3123	1
3125	1
3130	1
3133	1
3134	1
3136	1
3161	1
3163	1
3167	1
3172	1
3179	1
3182	1
3187	1
3236	1
3241	1
3245	1
3254	1
3267	1
3281	1
3288	1
3301	1
3327	1
3343	1
3357	1
3390	1
3394	1
3398	1
3400	1
3413	1
3417	1
3444	1
3447	1
3449	1
3457	1
3464	1
3470	1
3475	1
3490	1
3527	1
3532	1
3542	1
3551	1
3563	1
3575	1
3577	1
3602	1
3603	1
3614	1
3617	1
3626	1
3652	1
3664	1
3666	1
3730	1
3744	1
3760	1
3775	1
3780	1
3787	1
3801	1
3808	1
3812	1
3824	1
3828	1
3903	1
3906	1
3912	1
3922	1
3936	1
3938	1
3952	1
3964	1
3978	1
4000	1
4010	1
4025	1
4048	1
4105	1
4123	1
4188	1
4201	1
4259	1
4333	1
4335	1
4397	1
4441	1
4486	1
4498	1
4507	1
4525	1
4550	1
4599	1
4631	1
4681	1
4689	1
4707	1
4781	1
4798	1
4807	1
4822	1
4881	1
4892	1
4904	1
4973	1
5088	1
5111	1
5113	1
5117	1
5126	1
5144	1
5147	1
5214	1
5252	1
5326	1
5328	1
5410	1
5474	1
5493	1
5567	1
5621	1
