215
10000
2003	1
2006	1
2008	1
2011	1
2012	1
2016	1
2029	1
2038	1
2068	1
2069	1
2101	1
2103	1
2108	1
2121	1
2126	1
2128	1
2139	1
2146	1
2152	1
2154	1
2165	1
2174	1
2197	1
2213	1
2218	1
2233	1
2235	1
2249	1
2255	1
2280	1
2281	1
2290	1
2314	1
2329	1
2359	1
2370	1
2377	1
2397	1
2412	1
2437	1
2439	1
2442	1
2452	1
2480	1
2481	1
2487	1
2488	1
2516	1
2522	1
2528	1
2551	1
2561	1
2574	1
2580	1
2584	1
2587	1
2599	1
2625	1
2629	1
2635	1
2667	1
2668	1
2681	1
2690	1
2710	1
2724	1
2727	1
2742	1
2756	1
2770	1
2810	1
2817	1
2820	1
2822	1
2831	1
2839	1
2841	1
2849	1
2852	1
2853	1
2866	1
2874	1
2877	1
2893	1
2907	1
2926	1
2942	1
2951	1
2956	1
2963	1
2975	1
2997	1
3026	1
3039	1
3049	1
3064	1
3103	1
3110	1
3122	1
3123	1
3156	1
3165	1
3191	1
3214	1
3227	1
3257	1
3264	1
3272	1
3274	1
3285	1
3289	1
3306	2
3311	1
3314	1
3337	1
3343	1
3355	1
3388	1
3398	1
3399	1
3401	1
3416	1
3425	1
3466	1
3479	1
3494	1
3520	1
3561	1
3563	1
3568	1
3573	1
3599	1
3601	1
3612	1
3618	1
3622	1
3643	1
3647	1
3661	1
3668	1
3689	1
3721	1
3724	1
3725	1
3750	1
3792	1
3795	1
3797	1
3808	1
3814	1
3823	1
3837	1
3838	1
3874	1
3881	1
3892	1
3927	1
3949	1
3956	1
3964	1
3967	1
3987	1
3990	1
3991	1
3998	1
4023	1
4024	1
4026	1
4032	1
4035	1
4038	1
4044	1
4064	1
4076	1
4135	1
4136	1
4157	1
4205	1
4208	1
4222	1
4223	1
4255	1
4290	1
4291	1
4314	1
4318	1
4334	1
4351	1
4366	1
4395	1
4396	1
4429	1
4431	1
4445	1
4475	1
4672	1
4675	1
4689	1
4770	1
4879	1
4892	1
4980	1
5006	1
5015	1
5085	1
5145	1
5251	1
5323	1
5416	1
5446	1
5483	1
5592	1
5628	1
5659	1
5664	1
