216
10000
2006	1
2015	1
2042	1
2045	1
2047	1
2050	1
2063	1
2070	1
2090	1
2096	1
2101	1
2105	1
2111	1
2114	1
2117	1
2118	1
2127	1
2141	1
2147	1
2150	1
2156	1
2159	1
2196	1
2205	1
2207	1
2220	1
2221	1
2224	1
2233	1
2244	1
2248	1
2254	1
2256	1
2259	1
2262	1
2271	1
2275	1
2286	1
2290	1
2294	1
2301	1
2315	1
2325	1
2326	1
2359	1
2370	1
2375	1
2381	1
2410	1
2413	1
2417	1
2457	1
2468	1
2471	1
2518	1
2519	1
2520	1
2540	1
2545	1
2606	1
2608	1
2620	1
2641	1
2642	1
2652	1
2669	1
2673	1
2683	1
2719	1
2763	1
2767	1
2775	1
2785	1
2791	1
2816	1
2839	1
2840	1
2855	1
2859	1
2871	1
2886	1
2887	1
2900	1
2914	1
2919	1
2920	1
2979	1
2992	1
2993	1
2997	1
3019	1
3020	1
3041	1
3055	1
3068	1
3073	1
3079	1
3084	1
3086	1
3091	1
3107	1
3115	1
3130	1
3134	1
3135	1
3138	1
3165	1
3183	1
3196	1
3205	1
3217	1
3231	1
3246	1
3266	1
3314	1
3319	1
3322	1
3341	1
3351	1
3364	1
3367	1
3397	1
3420	1
3432	1
3445	1
3458	1
3465	1
3466	1
3479	1
3508	1
3521	1
3523	1
3538	1
3548	1
3576	1
3577	1
3620	1
3630	1
3666	1
3680	1
3702	1
3713	1
3715	1
3742	1
3751	1
3791	1
3793	1
3799	1
3818	1
3837	1
3858	1
3859	1
3873	1
3878	1
3892	1
3914	1
3928	1
3963	1
4006	1
4019	1
4023	1
4026	1
4048	1
4052	1
4058	1
4092	1
4117	1
4121	1
4139	1
4157	1
4203	1
4220	1
4229	1
4230	1
4248	1
4265	1
4307	1
4318	1
4324	1
4335	1
4338	1
4365	1
4420	1
4422	1
4441	1
4448	1
4551	1
4597	1
4631	1
4651	1
4669	1
4688	1
4689	1
4701	1
4705	1
4707	1
4751	1
4767	1
4823	1
4824	1
4854	1
4900	1
4906	1
4936	1
4937	1
4940	1
4966	1
5016	1
5085	1
5088	1
5180	1
5237	1
5551	1
5592	1
5641	1
5803	1
