216
10000
2052	1
2053	1
2056	1
2058	1
2064	1
2074	1
2075	1
2076	1
2090	1
2093	1
2102	1
2104	1
2111	1
2113	1
2120	1
2124	1
2133	1
2162	1
2170	1
2174	1
2186	1
2188	1
2201	1
2217	1
2248	1
2249	1
2284	1
2303	1
2304	1
2336	1
2345	1
2352	1
2355	1
2366	1
2369	1
2440	1
2468	1
2469	1
2481	1
2486	1
2487	1
2494	1
2495	1
2499	1
2509	1
2518	1
2524	1
2533	1
2537	1
2538	1
2541	1
2586	1
2587	1
2633	1
2651	1
2667	1
2668	1
2670	1
2671	1
2679	1
2683	1
2684	1
2691	1
2715	1
2734	1
2740	1
2742	1
2750	1
2764	1
2769	1
2778	1
2785	1
2797	1
2819	1
2829	1
2832	1
2846	1
2866	1
2872	1
2888	1
2894	1
2903	1
2910	1
2947	1
2979	1
2989	1
2990	1
3027	1
3045	1
3049	1
3065	1
3069	1
3084	1
3104	1
3111	1
3130	1
3134	1
3144	1
3151	1
3152	1
3160	1
3166	1
3179	1
3187	1
3191	1
3229	1
3250	1
3252	1
3254	1
3292	1
3294	1
3299	1
3302	1
3314	1
3319	1
3334	1
3344	1
3354	1
3364	1
3373	1
3392	1
3452	1
3454	1
3474	1
3477	1
3487	1
3494	1
3499	1
3525	1
3532	1
3555	1
3559	1
3562	1
3563	1
3575	1
3579	1
3593	1
3597	1
3609	1
3629	1
3642	1
3649	1
3681	1
3698	1
3744	1
3749	1
3756	1
3757	1
3770	1
3779	1
3781	1
3804	1
3817	1
3823	1
3839	1
3842	1
3862	1
3889	1
3917	1
3949	1
3953	1
3955	1
3968	1
3995	1
3998	1
4002	1
4003	1
4008	1
4019	1
4045	1
4050	1
4057	1
4084	1
4093	1
4126	1
4133	1
4137	1
4147	1
4150	1
4202	1
4214	1
4229	1
4251	1
4256	1
4263	1
4293	1
4298	1
4301	1
4327	1
4333	1
4356	1
4387	1
4390	1
4465	1
4556	1
4622	1
4639	1
4652	1
4710	1
4746	1
4749	1
4791	1
4798	1
4849	1
4966	1
5008	1
5035	1
5095	1
5116	1
5137	1
5257	1
5275	1
5385	1
5394	1
5498	1
5823	1
