216
10000
2012	1
2048	1
2058	1
2059	1
2061	1
2073	1
2086	1
2092	1
2094	1
2098	1
2103	1
2106	1
2110	1
2130	1
2131	1
2132	1
2140	1
2144	1
2156	1
2164	1
2173	1
2187	1
2201	1
2215	1
2221	1
2238	1
2249	1
2253	1
2265	1
2278	1
2285	1
2297	1
2306	1
2311	1
2333	1
2337	1
2343	1
2359	1
2361	1
2365	1
2385	1
2386	1
2398	1
2404	1
2408	1
2418	1
2433	1
2446	1
2463	1
2469	1
2478	1
2480	1
2486	1
2491	1
2503	1
2508	1
2513	1
2525	1
2563	1
2588	1
2608	1
2616	1
2619	1
2626	1
2628	1
2648	1
2654	1
2655	1
2661	1
2664	1
2665	1
2669	1
2672	1
2674	1
2683	1
2702	1
2709	1
2726	1
2733	1
2738	1
2770	1
2779	1
2790	1
2796	1
2810	1
2816	1
2834	1
2855	1
2867	1
2868	1
2869	1
2879	1
2890	1
2916	1
2921	1
2930	1
2948	1
2962	1
2968	1
2977	1
2982	1
2992	1
2997	1
3016	1
3034	1
3041	1
3060	1
3068	1
3069	1
3091	1
3108	1
3125	1
3138	1
3140	1
3167	1
3177	1
3184	1
3221	1
3238	1
3266	1
3339	1
3342	1
3352	1
3360	1
3370	1
3372	1
3386	1
3435	1
3441	1
3463	1
3472	1
3497	1
3500	1
3502	1
3510	1
3535	1
3550	1
3581	1
3587	1
3600	1
3667	1
3680	1
3686	1
3743	1
3762	1
3791	1
3797	1
3802	1
3803	1
3817	1
3865	1
3888	1
3901	1
3902	1
3912	1
3915	1
3979	1
3982	1
3985	1
4011	1
4024	1
4028	1
4032	1
4036	1
4037	1
4098	1
4116	1
4151	1
4171	1
4190	1
4197	1
4209	1
4221	1
4228	1
4262	1
4297	1
4329	1
4368	1
4377	1
4406	1
4415	1
4523	1
4525	1
4541	1
4555	1
4654	1
4658	1
4678	1
4685	1
4738	1
4838	1
4851	1
4866	1
4876	1
4894	1
4905	1
4913	1
4919	1
4924	1
4987	1
5057	1
5061	1
5117	1
5134	1
5135	1
5187	1
5195	1
5249	1
5256	1
5273	1
5471	1
5485	1
5529	1
5724	1
5727	1
5768	1
