216
10000
2003	1
2012	1
2013	1
2015	1
2041	1
2055	1
2063	1
2079	1
2082	1
2101	1
2102	1
2104	1
2116	1
2117	1
2121	1
2123	1
2129	1
2137	1
2140	1
2141	1
2142	1
2144	1
2145	1
2155	1
2164	1
2171	1
2179	1
2182	1
2190	1
2224	1
2230	1
2240	1
2258	1
2266	1
2268	1
2301	1
2312	1
2313	1
2320	1
2323	1
2353	1
2354	1
2359	1
2370	1
2401	1
2409	1
2428	1
2452	1
2478	1
2486	1
2488	1
2493	1
2504	1
2516	1
2519	1
2547	1
2556	1
2561	1
2575	1
2588	1
2595	1
2601	1
2625	1
2642	1
2648	1
2681	1
2693	1
2703	1
2710	1
2753	1
2759	1
2789	1
2791	1
2794	1
2811	1
2818	1
2838	1
2852	1
2854	1
2856	1
2866	1
2867	1
2877	1
2881	1
2892	1
2897	1
2902	1
2906	1
2923	1
2934	1
2947	1
2957	1
2965	1
2968	1
2979	1
2985	1
2992	1
2998	1
3002	1
3010	1
3020	1
3036	1
3055	1
3060	1
3083	1
3087	1
3099	1
3122	1
3128	1
3140	1
3143	1
3185	1
3197	1
3210	1
3211	1
3223	1
3225	1
3267	1
3283	1
3288	1
3300	1
3306	1
3321	1
3376	1
3390	1
3402	1
3410	1
3419	1
3426	1
3442	1
3468	1
3486	1
3489	1
3494	1
3499	1
3534	1
3561	1
3564	1
3572	1
3582	1
3595	1
3634	1
3647	1
3652	1
3677	1
3681	1
3684	1
3691	1
3732	1
3758	1
3770	1
3799	1
3817	1
3844	1
3925	1
3983	1
3990	1
3991	1
3993	1
4006	1
4046	1
4059	1
4099	1
4127	1
4138	1
4144	1
4154	1
4186	1
4210	1
4221	1
4227	1
4233	1
4249	1
4256	1
4258	1
4289	1
4290	1
4308	1
4311	1
4388	1
4461	1
4469	1
4489	1
4490	1
4519	1
4530	1
4557	1
4587	1
4588	1
4631	1
4649	1
4650	1
4688	1
4721	1
4735	1
4749	1
4774	1
4785	1
4871	1
4879	1
4896	1
4900	1
4908	1
4980	1
5051	1
5190	1
5352	1
5447	1
5501	1
5545	1
5559	1
5597	1
5619	1
5665	1
5775	1
5809	1
