216
10000
2003	1
2011	1
2014	1
2036	1
2039	1
2050	1
2064	1
2074	1
2095	1
2098	1
2099	1
2140	1
2167	1
2168	1
2171	1
2181	1
2183	1
2185	1
2203	1
2218	1
2267	1
2269	1
2277	1
2280	1
2294	1
2298	1
2310	1
2315	1
2318	1
2333	1
2340	1
2363	1
2382	1
2393	1
2411	1
2423	1
2426	1
2432	1
2454	1
2455	1
2482	1
2501	1
2527	1
2542	1
2544	1
2545	1
2573	1
2576	1
2584	1
2586	1
2591	1
2592	1
2595	1
2613	1
2614	1
2615	1
2659	1
2660	1
2664	1
2674	1
2681	1
2721	1
2734	1
2759	1
2761	1
2779	1
2799	1
2816	1
2835	1
2847	1
2855	1
2857	1
2870	1
2883	1
2884	1
2888	1
2889	1
2901	1
2917	1
2918	1
2919	1
2942	1
2974	1
2989	1
3009	1
3011	1
3017	1
3020	1
3034	1
3045	1
3055	1
3059	1
3064	1
3076	1
3079	1
3083	1
3084	1
3088	1
3100	1
3117	1
3123	1
3138	1
3145	1
3150	1
3165	1
3178	1
3195	1
3201	1
3202	1
3212	1
3214	1
3224	1
3240	1
3248	1
3254	1
3260	1
3261	1
3304	1
3313	1
3324	1
3399	1
3400	1
3406	1
3411	1
3423	1
3436	1
3443	1
3455	1
3457	1
3464	1
3480	1
3488	1
3510	1
3518	1
3527	1
3560	1
3568	1
3574	1
3601	1
3602	1
3607	1
3616	1
3623	1
3636	1
3655	1
3674	1
3709	1
3710	1
3720	1
3728	1
3734	1
3740	1
3795	1
3802	1
3826	1
3840	1
3844	1
3849	1
3859	1
3910	1
3929	1
3936	1
3939	1
3970	1
4003	1
4030	1
4052	1
4058	1
4106	1
4110	1
4119	1
4148	1
4176	1
4184	1
4225	1
4237	1
4246	1
4247	1
4249	1
4257	1
4260	1
4262	1
4266	1
4305	1
4306	1
4372	1
4387	1
4397	1
4416	1
4483	1
4486	1
4487	1
4503	1
4553	1
4557	1
4625	1
4648	1
4651	1
4706	1
4727	1
4755	1
4800	1
4809	1
4812	1
4872	1
4934	1
4947	1
4961	1
4978	1
5042	1
5163	1
5262	1
5267	1
5423	1
5469	1
5603	1
