216
10000
2001	1
2003	1
2007	1
2008	1
2022	1
2023	1
2026	1
2029	1
2031	1
2037	1
2054	1
2068	1
2071	1
2109	1
2119	1
2126	1
2127	1
2134	1
2137	1
2142	1
2150	1
2161	1
2165	1
2178	1
2181	1
2193	1
2223	1
2227	1
2244	1
2247	1
2262	1
2282	1
2294	1
2302	1
2303	1
2312	1
2315	1
2322	1
2325	1
2332	1
2336	1
2337	1
2362	1
2395	1
2405	1
2406	1
2413	1
2422	1
2456	1
2457	1
2462	1
2471	1
2498	1
2501	1
2503	1
2537	1
2544	1
2559	1
2564	1
2568	1
2602	1
2628	1
2660	1
2678	1
2681	1
2688	1
2709	1
2732	1
2736	1
2751	1
2753	1
2761	1
2766	1
2770	1
2781	1
2798	1
2847	1
2860	1
2868	1
2870	1
2885	1
2886	1
2897	1
2910	1
2920	1
2941	1
2999	1
3000	1
3008	1
3016	1
3034	1
3043	1
3048	1
3054	1
3076	1
3083	1
3084	1
3085	1
3099	1
3101	1
3111	1
3125	1
3127	1
3143	1
3166	1
3168	1
3179	1
3182	1
3209	1
3222	1
3223	1
3291	1
3307	1
3335	1
3347	1
3361	1
3408	1
3425	1
3440	1
3448	1
3456	1
3465	1
3474	1
3504	1
3506	1
3511	1
3513	1
3516	1
3524	1
3546	1
3566	1
3569	1
3578	1
3594	1
3598	1
3606	1
3609	1
3610	1
3621	1
3634	1
3643	1
3663	1
3677	1
3713	1
3717	1
3729	1
3762	1
3774	1
3791	1
3797	1
3809	1
3827	1
3831	1
3834	1
3854	1
3863	1
3864	1
3870	1
3872	1
3917	1
3924	1
3928	1
3958	1
3981	1
3982	1
3986	1
3996	1
4005	1
4011	1
4029	1
4045	1
4090	1
4091	1
4098	1
4099	1
4104	1
4133	1
4138	1
4186	1
4238	1
4248	1
4299	1
4315	1
4317	1
4320	1
4361	1
4458	1
4512	1
4538	1
4647	1
4648	1
4653	1
4675	1
4686	1
4692	1
4741	1
4747	1
4748	1
4765	1
4826	1
4835	1
4891	1
4922	1
4964	1
5014	1
5176	1
5258	1
5263	1
5300	1
5364	1
5435	1
5486	1
5748	1
5754	1
5782	1
5970	1
