216
10000
2016	1
2019	1
2024	1
2031	1
2048	1
2049	1
2051	1
2061	1
2069	1
2083	1
2085	1
2089	1
2112	1
2129	1
2152	1
2163	1
2168	1
2170	1
2178	1
2202	1
2205	1
2213	1
2218	1
2224	1
2227	1
2228	1
2235	1
2258	1
2290	1
2294	1
2303	1
2310	1
2325	1
2336	1
2341	1
2361	1
2362	1
2363	1
2369	1
2371	1
2376	1
2382	1
2386	1
2387	1
2395	1
2401	1
2413	1
2450	1
2455	1
2460	1
2494	1
2504	1
2511	1
2519	1
2552	1
2553	1
2555	1
2560	1
2566	1
2604	1
2606	1
2616	1
2617	1
2628	1
2634	1
2638	1
2641	1
2659	1
2684	1
2695	1
2702	1
2710	1
2716	1
2730	1
2750	1
2771	1
2777	1
2778	1
2779	1
2797	1
2802	1
2840	1
2863	1
2883	1
2896	1
2915	1
2921	1
2923	1
2936	1
2968	1
2981	1
2985	1
2996	1
3002	1
3018	1
3052	1
3058	1
3069	1
3073	1
3094	1
3112	1
3117	1
3122	1
3124	1
3142	1
3149	1
3174	1
3180	1
3182	1
3187	1
3208	1
3213	1
3237	1
3244	1
3254	1
3260	1
3266	1
3279	1
3295	1
3307	1
3333	1
3335	1
3348	1
3387	1
3418	1
3457	1
3465	1
3483	1
3508	1
3512	1
3522	1
3551	1
3556	1
3570	1
3614	1
3625	1
3630	1
3636	1
3647	1
3665	1
3680	1
3682	1
3695	1
3727	1
3762	1
3767	1
3773	1
3833	1
3851	1
3864	1
3885	1
3902	1
3905	1
3915	1
3917	1
3960	1
3995	1
4015	1
4028	1
4077	1
4083	1
4102	1
4105	1
4107	1
4110	1
4124	1
4136	1
4146	1
4153	1
4155	1
4197	1
4203	1
4218	1
4226	1
4249	1
4252	1
4286	1
4289	1
4302	1
4323	1
4370	1
4380	1
4395	1
4417	1
4423	1
4438	1
4449	1
4513	1
4517	1
4537	1
4586	1
4636	1
4640	1
4648	1
4691	1
4762	1
4787	1
4819	1
4821	1
4879	1
4896	1
4934	1
4956	1
4963	1
4990	1
4992	1
5060	1
5078	1
5101	1
5104	1
5142	1
5255	1
5310	1
5400	1
5432	1
5908	1
