216
10000
2030	1
2034	1
2041	1
2045	1
2046	1
2052	1
2072	1
2075	1
2090	1
2100	1
2112	1
2159	1
2163	1
2164	1
2174	1
2183	1
2192	1
2196	1
2202	1
2212	1
2236	1
2242	1
2243	1
2248	1
2251	1
2268	1
2271	1
2288	1
2291	1
2296	1
2314	1
2339	1
2358	1
2365	1
2396	1
2401	1
2403	1
2422	1
2427	1
2433	1
2437	1
2449	1
2459	1
2464	1
2480	1
2497	1
2498	1
2499	1
2509	1
2510	1
2518	1
2537	1
2540	1
2549	1
2566	1
2572	1
2581	1
2594	1
2605	1
2607	1
2621	1
2623	1
2634	1
2645	1
2651	1
2659	1
2664	1
2716	1
2722	1
2725	1
2758	1
2760	1
2766	1
2769	1
2784	1
2800	1
2821	1
2827	1
2869	1
2909	1
2911	1
2914	1
2915	1
2924	1
2931	1
2934	1
2937	1
2943	1
2952	1
2953	1
2958	1
2984	1
2985	1
2995	1
3008	1
3034	1
3039	1
3087	1
3095	1
3124	1
3134	1
3153	1
3185	1
3201	1
3202	1
3205	1
3228	1
3241	1
3248	1
3258	1
3271	1
3273	1
3298	1
3301	1
3304	1
3314	1
3328	1
3330	1
3339	1
3340	1
3348	1
3349	1
3364	1
3368	1
3399	1
3408	1
3439	1
3447	1
3474	1
3485	1
3492	1
3493	1
3501	1
3508	1
3529	1
3559	1
3572	1
3573	1
3574	1
3617	1
3638	1
3675	1
3686	1
3691	1
3704	1
3708	1
3712	1
3725	1
3758	1
3775	1
3816	1
3833	1
3845	1
3867	1
3879	1
3890	1
3893	1
3908	1
3935	1
3946	1
3957	1
3983	1
4008	1
4020	1
4024	1
4049	1
4062	1
4078	1
4153	1
4162	1
4173	1
4187	1
4196	1
4216	1
4249	1
4257	1
4278	1
4290	1
4302	1
4338	1
4341	1
4365	1
4369	1
4410	1
4482	1
4484	1
4502	1
4504	1
4531	1
4545	1
4550	1
4595	1
4606	1
4611	1
4651	1
4668	1
4695	1
4776	1
4815	1
4835	1
4836	1
4880	1
4911	1
4923	1
4966	1
4991	1
4997	1
5001	1
5023	1
5042	1
5104	1
5120	1
5279	1
5347	1
5358	1
5718	1
