405
15000
3000
3005
3006
3009
3015
3017
3020
3025
3027
3034
3037
3043
3045
3053
3054
3071
3089
3098
3102
3112
3117
3119
3127
3135
3151
3165
3169
3176
3194
3200
3204
3212
3240
3253
3262
3263
3271
3274
3277
3283
3293
3299
3300
3309
3313
3316
3326
3336
3344
3349
3351
3352
3355
3356
3358
3386
3390
3429
3445
3454
3455
3483
3484
3488
3499
3540
3543
3558
3559
3572
3575
3580
3580
3582
3592
3620
3630
3631
3634
3637
3648
3654
3661
3664
3666
3667
3679
3691
3698
3699
3700
3715
3718
3732
3736
3741
3749
3755
3758
3771
3789
3793
3795
3799
3816
3834
3846
3849
3873
3888
3889
3895
3905
3913
3915
3918
3926
3943
3947
3956
3958
3961
3984
3989
3999
4016
4029
4030
4041
4043
4058
4062
4086
4106
4110
4125
4133
4146
4150
4152
4186
4214
4229
4234
4236
4253
4292
4312
4349
4351
4362
4367
4371
4376
4379
4382
4385
4401
4421
4436
4441
4442
4446
4448
4450
4453
4454
4462
4465
4468
4471
4472
4477
4479
4481
4482
4493
4495
4501
4508
4509
4522
4545
4572
4598
4602
4623
4624
4629
4636
4648
4649
4678
4686
4702
4713
4721
4727
4730
4741
4753
4761
4784
4789
4792
4802
4817
4818
4836
4840
4841
4851
4859
4869
4895
4912
4922
4934
4942
4953
4963
4972
4981
5001
5002
5003
5018
5019
5040
5052
5062
5064
5066
5077
5092
5095
5102
5116
5118
5128
5153
5161
5162
5163
5181
5187
5196
5208
5214
5233
5246
5250
5253
5261
5273
5280
5293
5345
5350
5356
5362
5383
5391
5397
5405
5407
5410
5433
5458
5459
5473
5506
5537
5544
5545
5547
5558
5573
5622
5633
5636
5660
5680
5694
5709
5718
5719
5758
5761
5765
5768
5774
5778
5861
5873
5874
5884
5900
5917
5946
5958
5966
5971
5972
5992
6008
6011
6023
6034
6042
6056
6060
6092
6098
6101
6102
6106
6108
6135
6141
6148
6167
6190
6223
6227
6239
6241
6332
6349
6380
6437
6446
6489
6502
6521
6574
6603
6618
6625
6644
6653
6724
6732
6735
6760
6763
6829
6830
6855
6857
6884
6922
6923
6928
6965
6991
6995
7014
7017
7045
7055
7114
7161
7163
7170
7196
7246
7258
7259
7273
7282
7311
7312
7452
7482
7484
7493
7534
7541
7568
7571
7597
7634
7636
7686
7718
7723
7729
7794
7840
7903
7942
7966
8013
8023
8059
8145
8201
8227
8248
8304
8312
8374
8399
8420
