405
15000
3004
3008
3019
3022
3026
3028
3033
3038
3043
3057
3064
3065
3067
3079
3094
3095
3103
3107
3108
3127
3137
3139
3144
3159
3167
3175
3201
3207
3214
3217
3218
3226
3237
3242
3258
3268
3274
3275
3283
3298
3301
3303
3309
3337
3350
3369
3371
3376
3386
3403
3414
3420
3440
3446
3454
3468
3473
3510
3511
3519
3521
3528
3533
3534
3540
3551
3555
3574
3582
3587
3596
3597
3601
3607
3609
3611
3627
3643
3655
3666
3675
3685
3712
3728
3731
3739
3749
3755
3766
3771
3795
3800
3807
3815
3844
3846
3848
3871
3875
3876
3884
3898
3900
3901
3904
3906
3913
3920
3930
3940
3960
3962
3965
3968
3976
3980
3991
4000
4004
4018
4026
4036
4039
4044
4049
4056
4074
4080
4089
4104
4107
4113
4122
4134
4144
4148
4162
4171
4172
4173
4187
4189
4190
4200
4206
4220
4222
4226
4234
4237
4270
4271
4277
4286
4301
4303
4307
4315
4328
4341
4344
4387
4388
4398
4400
4408
4437
4447
4448
4459
4462
4471
4476
4480
4488
4503
4510
4520
4531
4534
4546
4551
4558
4559
4561
4570
4585
4595
4596
4611
4630
4635
4651
4652
4653
4662
4665
4668
4680
4681
4692
4696
4702
4703
4715
4718
4720
4731
4736
4759
4765
4766
4768
4775
4790
4792
4810
4821
4826
4836
4846
4848
4856
4857
4872
4873
4874
4876
4878
4892
4894
4915
4916
4940
4981
5011
5017
5022
5027
5032
5052
5074
5149
5150
5154
5182
5191
5201
5202
5237
5241
5250
5253
5258
5280
5284
5299
5312
5328
5335
5349
5352
5355
5359
5375
5376
5377
5420
5469
5476
5498
5504
5540
5544
5554
5612
5627
5628
5631
5636
5644
5648
5663
5740
5748
5768
5779
5801
5814
5822
5838
5859
5901
5905
5906
5917
5918
5952
5955
5984
5996
5997
5998
6028
6055
6072
6108
6112
6162
6171
6190
6195
6265
6301
6340
6352
6363
6367
6369
6373
6392
6397
6410
6428
6438
6444
6449
6450
6472
6513
6517
6521
6523
6556
6558
6568
6581
6603
6610
6611
6629
6667
6681
6714
6769
6817
6821
6823
6840
6849
6867
6887
6890
6910
6949
6952
6971
6984
7041
7050
7054
7056
7059
7075
7103
7108
7116
7117
7130
7179
7181
7193
7231
7286
7294
7305
7377
7383
7390
7431
7446
7458
7470
7481
7485
7486
7499
7512
7679
7746
7762
7858
7873
7884
7899
7937
8120
8167
8226
8233
8237
8260
8301
8453
8706
