405
15000
3000
3006
3008
3019
3020
3021
3024
3025
3029
3033
3035
3043
3055
3061
3063
3079
3094
3098
3101
3104
3108
3126
3134
3135
3141
3152
3170
3189
3197
3204
3214
3243
3244
3255
3257
3258
3273
3279
3281
3284
3288
3291
3292
3303
3305
3310
3311
3331
3356
3370
3399
3405
3408
3410
3420
3439
3455
3460
3466
3479
3484
3488
3497
3548
3558
3561
3575
3578
3582
3583
3589
3617
3638
3648
3652
3653
3657
3664
3667
3671
3689
3708
3736
3745
3747
3750
3754
3770
3777
3779
3783
3790
3791
3800
3812
3818
3838
3841
3849
3864
3877
3878
3890
3893
3899
3900
3902
3909
3930
3932
3940
3952
3954
3957
3969
3973
3974
3980
3990
4005
4006
4016
4017
4022
4023
4028
4034
4042
4062
4101
4114
4115
4118
4131
4136
4149
4179
4180
4195
4201
4214
4220
4224
4232
4240
4264
4267
4273
4274
4283
4295
4311
4315
4334
4339
4348
4350
4357
4359
4385
4386
4404
4409
4416
4422
4428
4434
4440
4479
4480
4491
4502
4513
4518
4530
4541
4547
4551
4564
4569
4574
4581
4590
4598
4626
4644
4649
4676
4696
4698
4718
4721
4722
4725
4730
4733
4750
4765
4817
4821
4833
4852
4856
4861
4867
4871
4886
4887
4888
4909
4913
4931
4935
4943
4961
4962
4977
4984
4986
4990
5003
5010
5023
5026
5028
5029
5032
5043
5045
5048
5054
5062
5070
5085
5088
5107
5109
5118
5126
5131
5151
5163
5176
5182
5185
5189
5192
5199
5208
5213
5230
5240
5250
5261
5262
5266
5269
5275
5336
5340
5344
5351
5364
5374
5384
5388
5413
5422
5425
5433
5484
5519
5537
5538
5541
5543
5545
5546
5565
5578
5598
5609
5633
5671
5709
5719
5722
5726
5729
5749
5754
5762
5772
5780
5782
5787
5791
5812
5838
5857
5913
5916
5936
5941
5995
6016
6038
6050
6057
6069
6073
6101
6155
6162
6165
6177
6187
6201
6205
6216
6219
6261
6262
6271
6276
6282
6293
6294
6313
6351
6354
6356
6357
6402
6414
6422
6435
6442
6451
6492
6497
6514
6538
6563
6593
6606
6612
6642
6652
6685
6693
6751
6756
6784
6795
6796
6827
6840
6894
6944
6968
6981
6995
7014
7018
7116
7132
7138
7147
7213
7239
7303
7319
7385
7416
7418
7429
7443
7509
7571
7578
7582
7583
7591
7628
7650
7672
7757
7764
7861
7872
7899
7918
7939
7944
7997
8063
8108
8123
8132
8192
8387
8529
8793
8946
