405
15000
3001
3013
3015
3030
3043
3048
3054
3055
3109
3114
3119
3126
3150
3155
3169
3170
3183
3196
3198
3227
3228
3233
3240
3244
3255
3268
3275
3280
3287
3297
3301
3303
3308
3309
3313
3318
3340
3356
3357
3364
3365
3382
3384
3404
3418
3420
3425
3430
3435
3439
3452
3467
3468
3489
3495
3499
3508
3515
3519
3520
3521
3527
3532
3534
3535
3539
3561
3578
3585
3599
3604
3609
3611
3625
3626
3637
3649
3654
3660
3664
3671
3675
3680
3702
3708
3710
3716
3745
3755
3756
3757
3759
3773
3774
3778
3784
3788
3791
3794
3821
3824
3826
3836
3842
3850
3872
3875
3885
3889
3900
3910
3912
3914
3921
3928
3938
3939
3941
3945
3946
3979
3980
3982
3985
3996
4014
4015
4022
4026
4049
4053
4056
4066
4069
4083
4090
4094
4097
4142
4149
4150
4157
4159
4164
4176
4187
4190
4205
4232
4249
4263
4264
4288
4300
4302
4304
4306
4308
4331
4345
4346
4350
4370
4371
4407
4416
4429
4431
4433
4441
4448
4452
4458
4459
4460
4468
4493
4502
4517
4524
4547
4550
4571
4578
4583
4611
4636
4640
4641
4651
4652
4656
4704
4709
4716
4726
4734
4767
4783
4785
4804
4807
4847
4858
4863
4880
4881
4892
4930
4931
4937
4938
4959
4965
4974
4984
4985
4990
4993
5001
5004
5009
5033
5039
5043
5056
5062
5063
5067
5081
5084
5088
5094
5126
5128
5138
5150
5153
5164
5167
5174
5180
5191
5196
5207
5228
5253
5264
5273
5311
5319
5322
5328
5329
5339
5358
5365
5368
5381
5391
5413
5437
5464
5468
5472
5496
5503
5506
5539
5553
5568
5570
5572
5586
5594
5603
5610
5624
5652
5659
5673
5688
5691
5693
5750
5761
5764
5780
5787
5792
5812
5819
5841
5856
5865
5880
5891
5898
5900
5904
5942
5948
5953
5984
5994
6009
6025
6032
6036
6039
6041
6043
6053
6059
6079
6080
6087
6093
6110
6125
6126
6151
6179
6197
6234
6253
6260
6263
6270
6286
6289
6293
6329
6332
6339
6360
6362
6363
6398
6406
6409
6492
6508
6511
6514
6520
6524
6533
6538
6541
6563
6569
6589
6674
6692
6702
6761
6820
6821
6832
6837
6850
6882
6905
6914
6917
6977
7032
7109
7130
7142
7150
7158
7165
7231
7254
7297
7374
7474
7508
7549
7566
7597
7764
7795
7808
7828
7905
7906
7976
7981
8057
8141
8170
8173
8191
8206
8225
8238
8316
8360
8438
8455
8493
8535
