405
15000
3005
3021
3024
3025
3026
3027
3037
3042
3047
3058
3060
3071
3096
3106
3126
3132
3134
3137
3140
3153
3172
3177
3178
3183
3196
3207
3210
3217
3222
3226
3230
3244
3279
3288
3304
3310
3326
3331
3335
3339
3349
3353
3356
3369
3372
3375
3385
3397
3404
3433
3438
3464
3465
3466
3467
3469
3479
3486
3494
3500
3501
3502
3505
3511
3512
3514
3534
3541
3551
3558
3563
3565
3567
3571
3574
3576
3580
3591
3595
3596
3618
3619
3632
3639
3641
3652
3653
3655
3659
3661
3664
3675
3692
3694
3695
3700
3701
3704
3722
3729
3742
3753
3759
3771
3780
3803
3812
3813
3838
3863
3876
3884
3891
3892
3898
3899
3900
3905
3909
3911
3917
3923
3927
3929
3931
3937
3951
3955
3966
3988
4003
4016
4017
4021
4022
4031
4034
4042
4047
4050
4086
4087
4088
4110
4119
4126
4128
4129
4134
4143
4145
4148
4149
4163
4171
4172
4188
4195
4196
4198
4213
4214
4218
4219
4243
4245
4262
4270
4286
4363
4365
4386
4440
4449
4450
4471
4475
4479
4503
4515
4520
4549
4555
4557
4560
4565
4576
4577
4589
4612
4615
4621
4631
4651
4656
4660
4665
4679
4704
4730
4733
4737
4747
4749
4757
4758
4760
4763
4773
4775
4800
4815
4830
4839
4852
4876
4898
4914
4919
4926
4938
4973
4980
4988
4995
5021
5022
5045
5089
5128
5143
5175
5194
5195
5203
5207
5213
5236
5245
5273
5318
5333
5358
5380
5391
5401
5416
5419
5422
5425
5428
5430
5444
5448
5466
5472
5473
5501
5510
5525
5539
5548
5549
5554
5559
5568
5572
5578
5584
5600
5607
5608
5613
5622
5626
5634
5641
5643
5651
5666
5688
5690
5718
5747
5751
5758
5789
5799
5800
5808
5822
5829
5856
5870
5888
5896
5900
5902
5908
5915
5922
5939
5945
5958
5987
5989
5990
5992
6055
6072
6074
6082
6086
6108
6112
6130
6151
6152
6174
6187
6197
6216
6278
6279
6294
6298
6322
6337
6364
6367
6374
6379
6410
6473
6508
6542
6583
6590
6597
6610
6626
6629
6700
6718
6742
6774
6812
6819
6844
6846
6854
6855
6861
6917
6955
6957
6970
6981
6991
7050
7096
7133
7134
7191
7217
7219
7230
7244
7289
7303
7319
7404
7418
7444
7446
7455
7468
7516
7522
7526
7532
7561
7670
7700
7731
7746
7754
7760
7773
7820
7841
7878
7941
7953
7970
8034
8057
8094
8098
8135
8185
8207
8283
8528
8618
