405
15000
3014
3015
3017
3025
3028
3032
3034
3039
3051
3064
3065
3067
3073
3077
3090
3116
3119
3122
3124
3125
3134
3140
3147
3164
3165
3170
3172
3174
3176
3186
3190
3204
3215
3217
3228
3232
3234
3240
3244
3254
3256
3273
3276
3280
3302
3327
3331
3335
3348
3349
3350
3365
3374
3386
3389
3391
3409
3413
3415
3417
3420
3421
3422
3451
3455
3457
3463
3466
3468
3472
3475
3492
3496
3502
3510
3514
3530
3531
3550
3553
3559
3585
3588
3606
3636
3637
3639
3644
3655
3657
3679
3703
3705
3706
3710
3711
3712
3738
3740
3748
3759
3773
3774
3775
3777
3783
3787
3794
3808
3809
3838
3843
3855
3867
3880
3892
3902
3905
3923
3956
3984
4000
4005
4009
4066
4082
4088
4092
4100
4143
4145
4159
4161
4177
4181
4183
4184
4186
4199
4200
4219
4220
4223
4224
4245
4247
4253
4262
4274
4285
4300
4305
4310
4326
4333
4337
4344
4345
4360
4363
4376
4380
4398
4403
4408
4420
4423
4425
4430
4433
4447
4496
4509
4539
4551
4559
4573
4589
4594
4600
4604
4623
4630
4633
4638
4674
4681
4693
4695
4696
4699
4705
4720
4732
4736
4738
4752
4760
4774
4794
4808
4810
4813
4837
4844
4886
4898
4908
4911
4919
4928
4929
4932
4945
4956
4971
4977
4979
4993
5009
5016
5020
5021
5033
5050
5069
5090
5100
5102
5127
5132
5134
5137
5153
5168
5181
5188
5200
5204
5217
5223
5245
5246
5261
5274
5287
5290
5292
5300
5335
5360
5375
5378
5380
5406
5409
5419
5421
5440
5448
5475
5482
5488
5502
5524
5551
5581
5587
5593
5598
5624
5626
5634
5635
5644
5656
5660
5666
5673
5674
5675
5678
5696
5702
5703
5708
5717
5725
5738
5769
5770
5773
5781
5787
5802
5832
5848
5866
5867
5868
5879
5886
5896
5910
5916
5921
5948
5987
5992
5994
5995
5996
6007
6022
6069
6071
6090
6115
6120
6136
6146
6162
6172
6180
6191
6212
6245
6246
6262
6282
6288
6305
6333
6376
6431
6444
6454
6465
6469
6579
6603
6617
6657
6658
6665
6671
6690
6696
6734
6781
6827
6830
6863
6886
6888
6896
6913
6940
6976
7012
7055
7064
7075
7085
7100
7164
7165
7175
7176
7180
7188
7206
7213
7250
7268
7335
7346
7357
7415
7458
7483
7549
7605
7627
7629
7661
7666
7724
7818
7834
7878
7950
7980
8005
8055
8188
8225
8329
8342
8346
8380
8419
8437
8755
8759
