405
15000
3003
3041
3046
3049
3057
3059
3061
3078
3079
3093
3096
3106
3131
3133
3137
3160
3169
3170
3183
3192
3194
3195
3204
3212
3219
3227
3232
3239
3250
3255
3269
3275
3276
3279
3288
3289
3291
3300
3304
3307
3313
3317
3320
3323
3327
3328
3333
3335
3336
3344
3347
3350
3366
3371
3375
3377
3399
3415
3427
3431
3433
3434
3437
3449
3458
3460
3463
3467
3475
3476
3480
3485
3489
3492
3503
3509
3539
3558
3559
3562
3563
3585
3604
3605
3611
3618
3619
3625
3630
3634
3638
3640
3659
3660
3661
3674
3679
3691
3698
3704
3712
3718
3725
3737
3745
3765
3775
3780
3795
3812
3844
3854
3857
3861
3862
3883
3888
3892
3896
3900
3908
3910
3912
3928
3941
3950
3964
3983
3984
3995
3997
3998
3999
4006
4014
4016
4019
4025
4035
4042
4043
4064
4068
4084
4102
4105
4112
4119
4125
4127
4135
4146
4151
4158
4159
4165
4170
4179
4180
4182
4183
4192
4196
4198
4222
4227
4236
4256
4280
4292
4297
4306
4318
4339
4347
4348
4352
4361
4378
4432
4436
4443
4479
4492
4501
4503
4505
4521
4533
4534
4591
4598
4609
4610
4624
4634
4648
4671
4689
4695
4712
4728
4742
4765
4814
4830
4843
4849
4857
4859
4873
4877
4914
4918
4934
4956
5012
5017
5033
5043
5071
5084
5087
5090
5114
5136
5142
5150
5156
5158
5162
5171
5180
5185
5217
5219
5222
5241
5254
5291
5307
5309
5318
5326
5347
5366
5370
5385
5389
5394
5407
5408
5427
5445
5454
5464
5469
5489
5490
5491
5494
5513
5520
5528
5540
5545
5546
5564
5578
5583
5586
5606
5610
5616
5624
5637
5638
5650
5674
5702
5707
5713
5745
5746
5752
5754
5791
5796
5814
5815
5836
5838
5847
5850
5862
5870
5886
5908
5922
5931
5932
5938
5940
5945
5949
5955
5972
5975
6018
6026
6053
6069
6073
6075
6078
6083
6086
6130
6133
6158
6160
6183
6185
6202
6227
6232
6239
6245
6368
6372
6388
6431
6442
6449
6557
6558
6575
6589
6591
6621
6629
6633
6636
6678
6683
6689
6705
6763
6782
6794
6816
6819
6837
6928
6930
6960
6962
7066
7092
7152
7172
7257
7261
7279
7280
7283
7307
7359
7370
7387
7429
7441
7489
7541
7553
7556
7565
7570
7581
7652
7698
7708
7790
7801
7811
7818
7824
7830
7876
7878
7938
7956
8007
8013
8074
8167
8210
8343
8417
8514
8517
8518
8528
8577
8616
