405
15000
3002
3012
3014
3027
3030
3055
3076
3078
3082
3085
3086
3087
3090
3131
3139
3150
3160
3170
3172
3189
3195
3197
3212
3222
3223
3239
3240
3248
3254
3260
3268
3279
3280
3284
3286
3293
3308
3312
3331
3337
3341
3364
3375
3377
3378
3381
3384
3394
3397
3426
3430
3439
3461
3473
3474
3475
3484
3494
3521
3538
3540
3541
3549
3550
3555
3565
3584
3596
3605
3615
3631
3632
3647
3653
3654
3658
3675
3682
3683
3689
3717
3724
3743
3745
3753
3762
3776
3780
3783
3788
3793
3800
3811
3821
3826
3839
3840
3842
3849
3858
3860
3864
3866
3875
3884
3924
3936
3959
3964
3967
3973
3976
3978
3981
3982
3986
3987
3995
3996
4004
4005
4022
4036
4038
4046
4060
4066
4071
4072
4073
4074
4077
4103
4128
4129
4132
4140
4144
4146
4170
4179
4184
4189
4196
4204
4206
4225
4234
4240
4245
4257
4261
4310
4319
4342
4343
4351
4353
4364
4365
4368
4371
4386
4393
4396
4406
4424
4426
4427
4428
4443
4464
4465
4471
4480
4488
4490
4501
4504
4510
4516
4519
4535
4538
4545
4555
4558
4560
4562
4566
4595
4606
4648
4653
4678
4714
4723
4738
4740
4753
4762
4771
4780
4784
4792
4811
4821
4830
4833
4834
4842
4864
4874
4907
4932
4956
4976
4980
4982
4986
4992
5001
5010
5015
5028
5040
5046
5051
5056
5061
5086
5095
5101
5111
5115
5127
5148
5149
5158
5161
5169
5175
5182
5189
5190
5236
5253
5267
5272
5274
5293
5320
5323
5325
5338
5342
5344
5345
5356
5358
5385
5400
5402
5426
5431
5450
5464
5474
5493
5502
5509
5539
5546
5561
5580
5585
5590
5594
5609
5610
5622
5638
5646
5663
5691
5692
5693
5695
5707
5756
5766
5794
5805
5809
5841
5844
5853
5865
5872
5880
5895
5899
5966
5968
6005
6013
6030
6051
6066
6069
6074
6100
6113
6114
6115
6129
6130
6180
6184
6199
6211
6230
6232
6235
6256
6286
6289
6300
6302
6305
6346
6361
6366
6383
6385
6399
6441
6468
6484
6505
6561
6566
6601
6630
6631
6639
6645
6650
6658
6681
6689
6706
6765
6795
6880
6895
6906
6914
6921
6967
6976
6991
7064
7111
7125
7126
7128
7158
7200
7206
7211
7227
7233
7236
7257
7265
7273
7322
7350
7390
7399
7402
7423
7451
7454
7518
7554
7558
7574
7625
7642
7664
7707
7834
7902
7912
7920
7998
8242
8484
8530
8582
8591
8705
8933
