405
15000
3005
3007
3011
3027
3029
3032
3041
3044
3055
3061
3064
3077
3095
3113
3123
3125
3129
3131
3134
3139
3143
3146
3152
3155
3156
3157
3158
3159
3161
3162
3168
3170
3176
3189
3190
3193
3211
3224
3237
3241
3248
3254
3275
3278
3297
3298
3311
3318
3326
3333
3336
3345
3347
3352
3363
3368
3381
3383
3391
3395
3400
3410
3412
3414
3428
3453
3463
3473
3481
3483
3492
3495
3500
3511
3513
3522
3534
3540
3543
3544
3550
3556
3558
3568
3571
3572
3589
3591
3596
3608
3614
3622
3628
3638
3656
3663
3677
3679
3680
3690
3697
3713
3715
3719
3736
3738
3740
3743
3746
3757
3777
3780
3812
3815
3824
3848
3869
3875
3882
3885
3896
3900
3908
3913
3920
3929
3938
3946
3952
3954
3957
3968
3970
3971
3977
3993
4003
4006
4007
4014
4034
4047
4063
4089
4097
4103
4107
4138
4145
4148
4160
4166
4175
4188
4192
4194
4205
4227
4248
4250
4264
4271
4274
4277
4290
4307
4322
4328
4331
4349
4351
4359
4378
4412
4417
4419
4432
4433
4438
4442
4449
4458
4470
4483
4484
4498
4501
4503
4512
4517
4527
4544
4551
4552
4560
4579
4582
4589
4609
4628
4646
4649
4655
4661
4695
4728
4742
4767
4785
4794
4816
4836
4840
4842
4846
4847
4881
4893
4896
4914
4916
4961
4974
4981
4986
4996
5006
5011
5031
5035
5044
5075
5097
5110
5124
5147
5148
5151
5152
5180
5235
5252
5253
5257
5281
5283
5287
5304
5327
5340
5352
5398
5412
5415
5417
5425
5428
5429
5436
5470
5491
5520
5521
5550
5557
5561
5586
5588
5609
5614
5636
5668
5673
5685
5706
5707
5711
5717
5733
5762
5764
5771
5779
5797
5810
5823
5834
5838
5916
5922
5928
5941
5951
5964
5992
6000
6014
6015
6017
6020
6022
6035
6037
6040
6044
6052
6066
6075
6090
6091
6103
6117
6127
6219
6227
6260
6270
6274
6275
6285
6302
6317
6342
6375
6380
6428
6465
6473
6490
6511
6516
6521
6527
6553
6606
6617
6635
6671
6682
6705
6707
6742
6765
6811
6836
6860
6884
6953
6970
6983
6992
7016
7034
7071
7119
7127
7157
7184
7199
7215
7216
7248
7278
7314
7347
7355
7361
7390
7394
7398
7400
7407
7422
7439
7475
7502
7507
7510
7522
7559
7597
7662
7675
7699
7709
7710
7717
7747
7779
7873
7890
7892
7993
8019
8024
8162
8188
8205
8211
8341
8351
8533
8536
8650
8828
