405
15000
3003
3005
3010
3030
3032
3034
3041
3042
3062
3067
3069
3072
3073
3074
3078
3082
3083
3091
3092
3095
3098
3102
3106
3114
3117
3127
3128
3133
3137
3138
3145
3152
3156
3166
3167
3172
3174
3200
3203
3216
3217
3223
3227
3228
3246
3254
3256
3272
3279
3290
3299
3301
3303
3313
3317
3320
3323
3324
3329
3330
3342
3355
3357
3362
3368
3370
3372
3376
3390
3392
3397
3404
3410
3419
3439
3447
3449
3454
3467
3470
3488
3510
3520
3530
3536
3547
3549
3551
3566
3574
3578
3579
3586
3587
3588
3594
3595
3607
3620
3626
3638
3645
3647
3650
3688
3699
3705
3710
3721
3727
3731
3760
3769
3770
3772
3780
3790
3791
3821
3858
3897
3903
3907
3908
3913
3916
3921
3922
3924
3934
3941
3964
3966
3977
3978
4001
4004
4013
4020
4023
4047
4048
4052
4053
4054
4077
4080
4097
4104
4105
4110
4118
4123
4142
4146
4147
4157
4162
4178
4191
4197
4216
4221
4228
4230
4233
4234
4238
4250
4271
4275
4289
4314
4317
4321
4329
4342
4354
4362
4380
4387
4388
4411
4422
4437
4471
4503
4519
4525
4564
4588
4598
4611
4613
4623
4638
4642
4643
4645
4650
4665
4693
4707
4709
4722
4750
4765
4778
4789
4797
4810
4832
4835
4837
4846
4854
4868
4873
4889
4899
4906
4907
4917
4925
4947
4953
4968
4981
4987
4990
4991
5000
5015
5035
5070
5146
5148
5181
5201
5245
5256
5261
5268
5283
5291
5319
5329
5334
5362
5379
5401
5413
5425
5428
5438
5445
5452
5481
5487
5515
5524
5540
5545
5568
5599
5656
5663
5665
5677
5690
5709
5718
5719
5734
5738
5755
5757
5764
5806
5810
5812
5816
5823
5839
5845
5862
5873
5882
5913
5920
5922
5928
5966
5974
5988
6001
6006
6024
6028
6039
6060
6079
6088
6089
6092
6101
6102
6131
6158
6161
6164
6220
6227
6229
6237
6239
6253
6256
6257
6259
6308
6310
6349
6363
6373
6382
6414
6422
6477
6489
6500
6501
6508
6524
6531
6560
6600
6625
6661
6678
6712
6726
6772
6790
6847
6908
6913
6979
6999
7016
7037
7063
7089
7091
7098
7122
7142
7176
7180
7213
7230
7245
7273
7287
7349
7366
7399
7434
7437
7447
7506
7509
7550
7624
7653
7655
7669
7672
7695
7696
7720
7730
7735
7738
7767
7950
8004
8080
8121
8123
8157
8189
8279
8296
8298
8301
8323
8344
8356
8366
8413
8453
8575
8635
8923
