405
15000
3001
3007
3017
3019
3030
3032
3034
3059
3088
3092
3095
3124
3160
3166
3172
3177
3193
3201
3220
3226
3233
3236
3237
3238
3241
3243
3244
3246
3248
3257
3258
3279
3295
3317
3322
3336
3337
3343
3344
3348
3360
3365
3367
3377
3381
3385
3423
3432
3437
3440
3442
3454
3461
3481
3484
3485
3514
3519
3534
3538
3540
3553
3558
3559
3573
3578
3580
3585
3593
3596
3607
3618
3630
3640
3649
3673
3674
3675
3676
3693
3695
3696
3703
3719
3720
3720
3731
3732
3736
3740
3745
3748
3762
3771
3776
3788
3802
3808
3834
3839
3848
3849
3852
3873
3885
3886
3894
3898
3902
3903
3905
3906
3941
3943
3968
3971
3982
4002
4005
4009
4033
4035
4043
4045
4048
4049
4051
4056
4066
4086
4091
4113
4114
4122
4123
4127
4132
4146
4150
4164
4180
4189
4204
4207
4238
4246
4247
4267
4282
4299
4305
4326
4329
4359
4378
4379
4384
4410
4415
4419
4426
4431
4467
4470
4476
4477
4488
4489
4496
4508
4525
4531
4532
4546
4549
4550
4555
4565
4567
4616
4618
4633
4638
4663
4666
4667
4677
4683
4707
4708
4709
4718
4721
4731
4739
4753
4758
4761
4768
4770
4816
4824
4843
4857
4879
4884
4890
4891
4893
4905
4910
4936
4942
4955
4957
4973
4976
4977
4989
5003
5014
5016
5017
5021
5042
5078
5081
5086
5087
5091
5095
5116
5125
5126
5127
5144
5145
5162
5163
5186
5217
5224
5248
5252
5272
5291
5304
5306
5307
5309
5311
5318
5326
5369
5381
5385
5396
5403
5412
5444
5474
5476
5479
5481
5490
5492
5522
5527
5529
5531
5552
5553
5556
5562
5579
5583
5593
5617
5625
5630
5633
5651
5654
5656
5659
5681
5688
5698
5723
5729
5735
5748
5767
5772
5782
5788
5790
5793
5795
5838
5847
5862
5869
5872
5886
5893
5899
5915
5920
5926
5935
5950
5981
5988
6013
6053
6072
6073
6078
6092
6116
6124
6149
6172
6181
6188
6208
6219
6225
6230
6243
6246
6277
6278
6286
6329
6345
6369
6371
6394
6406
6497
6517
6538
6542
6633
6642
6659
6675
6684
6714
6727
6743
6764
6782
6820
6855
6857
6949
6952
6964
6984
7001
7025
7073
7089
7090
7114
7121
7125
7146
7155
7158
7190
7209
7256
7275
7294
7350
7396
7424
7428
7560
7569
7588
7605
7619
7640
7677
7714
7791
7885
7901
7916
7935
7992
8031
8089
8130
8132
8183
8259
8320
8358
8541
