405
15000
3000
3001
3044
3047
3073
3075
3076
3084
3092
3127
3132
3134
3136
3141
3176
3177
3182
3191
3192
3197
3200
3202
3205
3219
3228
3250
3257
3264
3275
3277
3287
3290
3296
3300
3314
3325
3334
3340
3370
3373
3385
3389
3390
3391
3395
3405
3426
3429
3433
3439
3442
3456
3462
3476
3481
3482
3499
3508
3510
3520
3525
3539
3541
3550
3554
3558
3566
3569
3579
3597
3598
3608
3621
3627
3632
3634
3635
3664
3682
3684
3687
3691
3697
3711
3714
3719
3725
3726
3734
3737
3749
3751
3754
3755
3764
3783
3802
3809
3825
3831
3832
3850
3863
3867
3869
3892
3893
3928
3931
3935
3936
3968
3974
3981
3988
3992
4004
4008
4021
4026
4028
4031
4035
4038
4046
4067
4084
4094
4108
4110
4118
4134
4135
4137
4152
4158
4160
4165
4169
4179
4200
4212
4234
4252
4253
4259
4260
4273
4275
4278
4284
4289
4291
4319
4323
4342
4353
4360
4362
4375
4377
4378
4388
4393
4394
4416
4420
4434
4446
4448
4449
4455
4488
4490
4499
4533
4534
4543
4549
4552
4565
4569
4573
4583
4585
4594
4598
4605
4612
4617
4618
4622
4631
4633
4635
4637
4642
4689
4694
4705
4710
4713
4718
4744
4747
4757
4774
4778
4779
4793
4801
4805
4834
4840
4841
4852
4861
4873
4882
4897
4899
4922
4936
4969
4995
4998
5018
5021
5023
5025
5029
5042
5043
5046
5057
5096
5098
5100
5102
5114
5130
5140
5147
5148
5153
5165
5173
5174
5187
5196
5250
5256
5271
5281
5291
5320
5329
5359
5360
5399
5418
5419
5420
5422
5449
5455
5459
5475
5478
5508
5521
5542
5561
5562
5564
5567
5574
5610
5615
5624
5625
5681
5708
5709
5712
5742
5748
5750
5757
5794
5813
5817
5819
5823
5824
5828
5833
5835
5841
5843
5851
5860
5877
5896
5897
5906
5915
5930
5983
6011
6019
6037
6042
6046
6052
6060
6074
6122
6142
6144
6172
6211
6217
6304
6328
6354
6371
6403
6425
6442
6474
6489
6514
6516
6527
6552
6580
6585
6614
6648
6652
6678
6686
6718
6720
6731
6743
6771
6779
6790
6805
6830
6848
6878
6883
6892
6893
6898
6904
6919
6933
6972
6978
6982
7004
7005
7015
7017
7026
7073
7103
7119
7126
7148
7290
7306
7350
7402
7434
7443
7476
7482
7564
7579
7589
7600
7617
7630
7654
7724
7755
7761
7808
7848
7973
7989
8069
8083
8084
8108
8486
8531
8730
8748
8751
