405
15000
3013
3015
3022
3035
3036
3048
3049
3051
3064
3066
3097
3098
3109
3117
3118
3122
3129
3130
3131
3133
3135
3155
3157
3161
3169
3171
3176
3179
3213
3220
3225
3227
3235
3246
3251
3253
3256
3260
3277
3280
3294
3297
3300
3303
3315
3317
3320
3347
3354
3358
3384
3394
3397
3404
3412
3418
3421
3422
3423
3443
3453
3456
3494
3500
3508
3515
3525
3528
3529
3538
3541
3552
3553
3568
3601
3633
3641
3650
3653
3666
3676
3678
3686
3695
3717
3718
3731
3752
3767
3768
3769
3772
3780
3781
3794
3799
3804
3805
3808
3822
3840
3844
3848
3857
3858
3864
3867
3874
3877
3890
3903
3908
3910
3916
3920
3926
3942
3944
3954
3964
3986
3997
4008
4017
4024
4035
4039
4043
4062
4073
4108
4109
4114
4116
4117
4130
4132
4139
4141
4168
4172
4181
4183
4197
4199
4213
4215
4229
4237
4265
4266
4272
4275
4289
4297
4320
4327
4330
4331
4334
4339
4350
4362
4368
4382
4396
4399
4410
4423
4432
4449
4451
4460
4470
4472
4480
4485
4519
4553
4558
4562
4568
4593
4603
4614
4624
4636
4646
4651
4660
4664
4666
4676
4681
4685
4695
4702
4729
4738
4750
4789
4792
4794
4798
4813
4814
4820
4843
4851
4865
4866
4871
4882
4887
4891
4896
4899
4906
4932
4945
4968
4990
4991
5000
5004
5021
5032
5043
5048
5050
5063
5065
5086
5089
5106
5115
5124
5147
5168
5170
5181
5192
5210
5219
5220
5293
5303
5307
5314
5318
5359
5363
5386
5398
5477
5478
5481
5487
5500
5501
5508
5535
5540
5545
5553
5565
5571
5577
5593
5604
5608
5611
5614
5617
5647
5648
5651
5654
5655
5660
5665
5669
5695
5707
5757
5759
5807
5813
5815
5818
5824
5832
5837
5918
5967
5984
5999
6010
6028
6057
6075
6111
6118
6124
6145
6157
6170
6177
6180
6185
6192
6197
6228
6251
6253
6256
6259
6264
6289
6304
6317
6326
6332
6340
6342
6347
6352
6390
6417
6422
6428
6445
6448
6450
6464
6499
6533
6541
6553
6565
6570
6580
6608
6660
6677
6688
6689
6716
6737
6739
6826
6854
6855
6899
6934
6971
6973
6974
6977
6980
6988
6995
6997
7003
7015
7017
7035
7050
7053
7112
7119
7137
7144
7158
7162
7173
7174
7209
7218
7253
7348
7352
7360
7362
7404
7457
7459
7510
7525
7547
7562
7618
7789
7795
7827
7838
7847
7859
7954
7980
8225
8299
8350
8565
8590
