405
15000
3000
3017
3021
3032
3037
3049
3053
3071
3087
3095
3097
3103
3108
3111
3113
3130
3132
3133
3135
3136
3137
3145
3149
3151
3154
3161
3164
3172
3193
3209
3219
3225
3235
3244
3252
3258
3269
3281
3287
3291
3294
3302
3304
3307
3308
3344
3346
3352
3355
3357
3364
3378
3386
3393
3405
3408
3417
3423
3424
3427
3428
3434
3439
3446
3451
3456
3457
3458
3459
3463
3481
3492
3506
3516
3521
3531
3541
3547
3549
3554
3559
3563
3579
3612
3620
3633
3638
3639
3640
3669
3686
3691
3697
3723
3726
3727
3735
3738
3751
3776
3784
3788
3809
3810
3817
3834
3851
3852
3857
3862
3874
3878
3883
3896
3909
3931
3943
3946
3952
3957
3960
3972
4003
4011
4017
4027
4059
4066
4086
4101
4103
4109
4112
4115
4134
4145
4148
4152
4160
4167
4173
4179
4208
4211
4218
4264
4267
4268
4280
4282
4285
4287
4333
4343
4353
4354
4357
4371
4377
4383
4395
4397
4401
4409
4419
4420
4429
4432
4440
4449
4456
4464
4466
4468
4482
4493
4494
4503
4516
4517
4522
4524
4525
4530
4551
4575
4597
4598
4614
4628
4629
4637
4642
4645
4646
4671
4683
4687
4744
4796
4811
4816
4820
4833
4834
4837
4845
4846
4851
4866
4873
4875
4877
4892
4893
4907
4915
4925
4946
4955
4961
4996
5018
5034
5080
5096
5117
5128
5129
5132
5139
5141
5150
5154
5162
5164
5172
5174
5178
5183
5193
5198
5200
5201
5210
5213
5214
5217
5258
5263
5267
5274
5297
5304
5306
5343
5349
5368
5371
5382
5390
5399
5418
5439
5448
5466
5555
5568
5569
5570
5595
5603
5612
5639
5648
5672
5692
5702
5710
5735
5736
5753
5757
5774
5775
5785
5787
5795
5806
5809
5825
5827
5844
5849
5856
5861
5864
5882
5886
5890
5908
5970
5989
5993
5998
6003
6017
6045
6061
6085
6095
6114
6116
6183
6188
6211
6228
6239
6247
6269
6319
6336
6347
6348
6362
6380
6387
6398
6412
6417
6429
6436
6481
6484
6497
6508
6519
6574
6583
6597
6602
6627
6632
6647
6667
6680
6691
6699
6702
6735
6756
6774
6787
6791
6800
6820
6821
6904
6948
6977
6985
6988
7018
7019
7024
7054
7056
7076
7087
7112
7147
7166
7190
7209
7271
7302
7393
7404
7455
7494
7584
7626
7628
7631
7697
7706
7721
7755
7788
7820
7828
7885
7917
7923
7933
7962
8008
8048
8127
8404
8441
8512
8654
8694
8833
