405
15000
3000
3001
3003
3025
3026
3036
3037
3039
3047
3053
3064
3094
3098
3099
3128
3130
3150
3152
3156
3158
3159
3161
3171
3184
3195
3197
3207
3212
3225
3228
3234
3236
3242
3247
3249
3253
3255
3267
3294
3302
3306
3309
3312
3319
3320
3323
3341
3355
3379
3386
3397
3399
3404
3411
3414
3416
3418
3422
3437
3450
3458
3467
3481
3488
3497
3499
3506
3508
3510
3513
3522
3526
3530
3546
3552
3561
3577
3587
3593
3596
3599
3612
3622
3626
3644
3646
3651
3660
3663
3665
3683
3699
3704
3712
3725
3728
3739
3740
3746
3751
3763
3765
3777
3783
3799
3816
3823
3827
3835
3839
3857
3861
3868
3881
3884
3911
3915
3918
3934
3942
3946
3956
3962
3970
3972
3975
3982
3987
4000
4008
4013
4015
4026
4029
4046
4053
4057
4069
4085
4107
4115
4119
4123
4131
4139
4141
4156
4184
4206
4208
4211
4226
4227
4238
4246
4254
4257
4271
4276
4283
4284
4300
4311
4314
4320
4324
4326
4365
4367
4371
4372
4378
4383
4402
4416
4419
4420
4424
4437
4439
4466
4479
4481
4482
4501
4507
4510
4533
4571
4593
4594
4608
4617
4636
4644
4667
4671
4678
4684
4696
4699
4700
4703
4717
4729
4734
4740
4742
4743
4745
4746
4747
4758
4759
4789
4795
4804
4822
4828
4837
4864
4865
4869
4873
4886
4909
4922
4928
4941
4956
4974
4980
4982
4987
4998
5019
5020
5034
5037
5052
5055
5068
5069
5097
5113
5120
5122
5131
5142
5155
5158
5185
5239
5252
5254
5257
5282
5326
5336
5346
5402
5432
5443
5453
5467
5472
5479
5484
5486
5525
5530
5533
5536
5562
5577
5599
5604
5624
5636
5643
5646
5667
5691
5710
5724
5774
5816
5851
5867
5882
5883
5887
5922
5927
5953
5955
5957
5990
5993
6009
6033
6051
6052
6062
6099
6102
6103
6115
6119
6121
6137
6159
6182
6189
6208
6280
6315
6317
6336
6348
6368
6379
6389
6450
6469
6470
6472
6483
6485
6500
6532
6579
6597
6643
6676
6679
6684
6724
6730
6747
6796
6823
6919
6924
6934
6939
6991
6999
7013
7020
7030
7055
7062
7084
7095
7098
7099
7110
7112
7127
7133
7152
7190
7198
7201
7204
7208
7251
7261
7307
7358
7359
7386
7407
7423
7430
7434
7456
7500
7503
7513
7518
7530
7537
7547
7569
7582
7628
7727
7778
7882
7952
7982
8069
8075
8098
8216
8246
8308
8470
8527
8576
8707
8725
8811
