405
15000
3037
3059
3064
3072
3114
3116
3119
3136
3150
3161
3162
3165
3168
3180
3196
3210
3212
3221
3224
3227
3238
3273
3288
3294
3308
3309
3322
3328
3342
3345
3355
3379
3381
3382
3399
3400
3404
3422
3442
3447
3452
3458
3459
3460
3467
3479
3488
3496
3499
3526
3531
3532
3541
3551
3561
3566
3572
3575
3583
3595
3600
3602
3606
3612
3614
3616
3623
3628
3635
3643
3644
3657
3659
3660
3662
3682
3683
3684
3688
3693
3696
3698
3725
3753
3777
3778
3790
3801
3805
3807
3810
3817
3821
3823
3826
3830
3836
3843
3847
3849
3853
3856
3857
3860
3862
3863
3868
3872
3877
3883
3886
3890
3891
3898
3904
3933
3939
3941
3960
3969
3970
3979
3980
4001
4017
4024
4025
4029
4039
4049
4052
4074
4076
4085
4102
4120
4123
4127
4138
4145
4149
4164
4172
4174
4180
4189
4204
4227
4232
4235
4240
4245
4246
4247
4250
4253
4255
4263
4281
4285
4312
4322
4353
4373
4387
4401
4404
4415
4417
4433
4448
4474
4484
4504
4506
4513
4558
4562
4577
4583
4585
4586
4598
4629
4676
4680
4726
4728
4735
4770
4779
4783
4785
4787
4812
4818
4833
4839
4864
4873
4878
4896
4903
4907
4909
4922
4929
4933
4939
4942
4949
4955
4958
4959
4974
4975
4986
4989
4999
5035
5044
5048
5070
5110
5117
5128
5141
5157
5170
5183
5204
5207
5209
5219
5225
5226
5233
5242
5286
5289
5299
5303
5304
5311
5323
5330
5332
5340
5341
5353
5362
5380
5387
5389
5396
5421
5428
5429
5435
5436
5444
5482
5484
5495
5496
5499
5500
5507
5508
5513
5539
5547
5549
5557
5569
5582
5594
5606
5609
5610
5617
5619
5632
5634
5644
5656
5669
5677
5700
5733
5745
5747
5755
5762
5767
5779
5791
5795
5798
5806
5807
5812
5859
5872
5873
5880
5899
5901
5924
5926
5930
5935
5945
5950
5967
5971
5975
5996
6032
6033
6036
6037
6043
6073
6075
6076
6089
6107
6142
6152
6158
6161
6171
6262
6269
6277
6300
6304
6328
6332
6406
6423
6434
6438
6498
6504
6552
6556
6560
6575
6587
6594
6595
6613
6625
6664
6747
6764
6779
6786
6816
6820
6849
6937
6945
7011
7059
7072
7110
7112
7153
7191
7193
7260
7295
7298
7316
7341
7343
7390
7409
7416
7420
7606
7639
7641
7722
7741
7743
7749
7787
7799
7843
7903
7952
7956
8049
8079
8083
8104
8130
8170
8370
8438
8716
