405
15000
3000
3004
3009
3012
3013
3025
3027
3033
3037
3047
3050
3058
3063
3065
3072
3079
3094
3115
3124
3128
3135
3143
3145
3146
3176
3189
3207
3223
3225
3226
3230
3249
3256
3274
3292
3301
3309
3312
3348
3371
3380
3397
3412
3413
3425
3445
3461
3468
3479
3484
3493
3503
3505
3515
3527
3529
3531
3532
3536
3542
3558
3559
3564
3569
3577
3585
3587
3589
3590
3598
3605
3634
3635
3650
3656
3658
3660
3665
3670
3674
3680
3697
3713
3724
3726
3731
3747
3754
3756
3773
3774
3780
3783
3784
3793
3796
3798
3804
3810
3811
3822
3881
3897
3905
3907
3935
3938
3948
3953
3960
3969
3985
3987
3998
4019
4031
4039
4053
4063
4065
4067
4076
4086
4093
4094
4098
4106
4110
4146
4169
4177
4190
4193
4201
4202
4203
4211
4212
4214
4217
4221
4238
4249
4252
4265
4277
4279
4288
4296
4299
4300
4301
4302
4304
4312
4326
4327
4328
4341
4357
4367
4367
4374
4382
4394
4406
4408
4410
4415
4426
4430
4432
4441
4443
4448
4451
4470
4473
4486
4522
4527
4569
4584
4590
4592
4605
4606
4614
4616
4619
4626
4629
4636
4640
4646
4663
4665
4680
4687
4696
4704
4713
4718
4729
4736
4744
4781
4784
4796
4803
4809
4835
4843
4874
4878
4892
4916
4922
4930
4936
4948
4956
4966
4975
4986
5014
5018
5020
5022
5033
5055
5069
5071
5094
5113
5117
5126
5128
5130
5143
5170
5176
5190
5192
5196
5216
5230
5243
5252
5266
5280
5288
5290
5322
5340
5341
5346
5390
5409
5410
5445
5460
5466
5474
5478
5491
5500
5505
5511
5518
5524
5529
5535
5557
5561
5564
5569
5578
5592
5611
5617
5629
5630
5643
5666
5694
5695
5709
5715
5718
5727
5730
5740
5775
5823
5835
5848
5853
5859
5867
5895
5929
5930
5943
5950
5965
5976
5977
5980
5987
6005
6053
6065
6086
6089
6106
6127
6128
6152
6232
6233
6266
6269
6289
6296
6302
6313
6315
6387
6396
6401
6433
6466
6480
6500
6538
6540
6566
6599
6604
6622
6627
6632
6636
6657
6739
6753
6806
6813
6817
6839
6859
6864
6880
6890
6899
6930
6942
6980
6981
6982
6987
6997
6999
7015
7043
7058
7104
7106
7122
7176
7177
7179
7183
7246
7248
7254
7256
7278
7288
7314
7334
7394
7412
7480
7521
7565
7574
7584
7616
7653
7672
7847
7886
7935
8019
8074
8092
8200
8300
8342
8407
8416
8564
8829
