405
15000
3006
3009
3020
3024
3035
3037
3046
3047
3055
3056
3064
3069
3074
3092
3097
3101
3107
3113
3116
3130
3135
3139
3163
3188
3204
3207
3221
3226
3240
3242
3243
3250
3252
3258
3266
3275
3313
3314
3317
3321
3325
3335
3340
3352
3356
3385
3387
3389
3393
3399
3405
3409
3410
3411
3420
3425
3436
3446
3448
3452
3458
3480
3485
3505
3511
3521
3525
3527
3529
3542
3543
3547
3567
3586
3591
3599
3600
3604
3607
3609
3625
3627
3651
3661
3675
3685
3692
3696
3709
3721
3723
3754
3758
3762
3766
3778
3790
3792
3798
3804
3809
3818
3826
3847
3851
3859
3874
3881
3882
3884
3890
3891
3895
3918
3922
3933
3941
3961
3970
3977
3980
3987
4008
4040
4042
4048
4055
4061
4074
4087
4090
4099
4104
4135
4145
4160
4163
4164
4167
4169
4174
4189
4205
4208
4209
4248
4260
4290
4305
4329
4330
4341
4347
4361
4366
4382
4423
4430
4433
4434
4437
4438
4446
4467
4479
4481
4483
4485
4493
4501
4507
4517
4521
4523
4524
4532
4535
4538
4548
4556
4560
4562
4567
4572
4574
4580
4593
4598
4627
4628
4650
4656
4682
4689
4692
4700
4732
4736
4752
4755
4757
4762
4773
4776
4781
4784
4802
4814
4828
4835
4856
4859
4876
4880
4887
4903
4909
4930
4931
4936
4954
4955
4956
4960
4963
4977
4979
4996
5011
5016
5025
5031
5043
5084
5087
5088
5091
5092
5097
5113
5118
5124
5125
5189
5192
5204
5225
5233
5239
5248
5251
5283
5288
5297
5301
5313
5318
5332
5340
5374
5393
5396
5398
5413
5429
5457
5474
5488
5489
5508
5522
5526
5541
5551
5560
5570
5581
5608
5623
5626
5630
5636
5658
5674
5680
5682
5700
5704
5754
5763
5767
5794
5805
5822
5824
5864
5867
5871
5872
5873
5879
5882
5884
5937
5998
6003
6006
6014
6019
6031
6053
6055
6061
6085
6100
6157
6158
6188
6195
6206
6239
6248
6263
6273
6320
6329
6343
6352
6362
6365
6393
6406
6427
6459
6503
6547
6551
6584
6586
6593
6633
6635
6668
6753
6795
6797
6806
6816
6830
6833
6863
6876
6902
6934
6936
6957
6974
6991
6993
7024
7039
7045
7084
7085
7104
7106
7109
7143
7147
7166
7204
7232
7298
7311
7315
7319
7360
7418
7450
7453
7490
7510
7525
7572
7594
7599
7611
7664
7667
7707
7734
7768
7789
7849
7868
7975
7989
8159
8294
8304
8327
8443
8534
8773
8828
