405
15000
3004
3029
3030
3046
3052
3054
3071
3075
3084
3086
3089
3092
3111
3123
3127
3129
3131
3132
3142
3145
3147
3152
3161
3163
3164
3174
3196
3199
3204
3205
3207
3223
3238
3245
3251
3257
3268
3279
3284
3287
3309
3311
3324
3326
3329
3334
3336
3339
3344
3360
3368
3373
3375
3377
3378
3382
3392
3394
3402
3428
3439
3445
3485
3487
3503
3505
3511
3515
3528
3538
3539
3545
3548
3553
3566
3568
3599
3608
3610
3611
3639
3643
3650
3654
3655
3656
3665
3668
3670
3679
3689
3691
3693
3694
3697
3709
3714
3720
3735
3737
3748
3759
3760
3763
3771
3772
3782
3786
3787
3789
3802
3808
3815
3831
3838
3842
3853
3862
3863
3864
3865
3869
3873
3884
3885
3899
3918
3920
3925
3932
3938
3941
3942
3964
3969
3974
3982
3995
4001
4002
4007
4008
4018
4021
4023
4029
4032
4040
4064
4074
4076
4084
4120
4132
4138
4142
4222
4231
4236
4245
4254
4261
4265
4274
4298
4340
4344
4348
4355
4368
4370
4384
4387
4391
4397
4407
4414
4415
4422
4434
4437
4442
4443
4466
4471
4474
4476
4497
4519
4535
4549
4552
4559
4563
4574
4577
4585
4592
4595
4614
4616
4623
4648
4655
4665
4666
4710
4712
4743
4759
4765
4776
4831
4833
4834
4844
4851
4857
4862
4865
4880
4886
4906
4923
4928
4934
4946
4953
4987
5008
5010
5011
5050
5051
5052
5102
5112
5136
5172
5179
5187
5191
5194
5197
5207
5216
5225
5234
5246
5248
5255
5271
5280
5289
5328
5333
5339
5363
5370
5378
5379
5396
5398
5417
5431
5454
5474
5489
5495
5498
5512
5515
5517
5522
5555
5575
5582
5586
5590
5596
5616
5637
5643
5672
5700
5703
5705
5719
5722
5725
5768
5791
5799
5808
5815
5823
5837
5867
5872
5876
5898
5901
5913
5970
5997
6112
6131
6144
6158
6190
6204
6230
6239
6244
6262
6271
6282
6304
6351
6361
6379
6384
6402
6405
6409
6438
6449
6466
6509
6513
6524
6552
6553
6569
6640
6651
6697
6751
6797
6807
6842
6869
6870
6896
6943
6976
6978
6979
6997
7043
7074
7091
7107
7120
7142
7216
7220
7250
7262
7290
7306
7312
7320
7330
7369
7370
7474
7476
7487
7517
7529
7547
7582
7620
7623
7651
7672
7695
7707
7708
7726
7763
7784
7824
7836
7837
7859
7889
7927
7966
7985
7997
8006
8040
8045
8048
8093
8097
8160
8280
8341
8425
8533
8567
8723
