162 54
100
87
52
54
56
100
100
76
96
87
82
72
93
70
98
89
55
97
67
78
64
53
59
92
69
56
94
52
87
82
55
60
90
52
78
79
80
72
83
87
62
90
61
94
55
55
51
53
90
65
59
67
74
56
93
65
89
100
81
88
66
55
67
74
65
58
60
81
70
54
92
63
53
99
56
89
82
86
72
58
66
66
92
99
81
66
84
94
96
100
86
59
53
61
93
76
69
61
69
86
79
69
61
54
78
70
79
82
83
67
77
53
93
89
76
77
82
100
68
84
100
61
97
80
91
82
60
85
67
62
80
100
72
50
97
79
93
60
95
76
55
62
80
80
99
97
76
57
61
81
72
59
59
64
60
92
55
63
93
66
81
86
