198 66
88
55
83
61
90
84
50
96
57
51
92
85
56
96
90
81
85
52
53
82
81
87
64
88
74
95
66
50
73
89
91
56
82
60
100
99
83
71
84
59
59
78
74
59
64
63
76
76
93
66
66
82
76
88
82
88
86
57
64
51
79
61
71
87
76
100
83
56
64
63
100
96
96
91
76
68
86
66
52
85
75
55
79
69
67
57
62
77
59
66
56
82
91
55
87
66
63
99
72
53
60
86
72
55
71
83
73
97
73
54
73
79
77
68
85
100
89
78
94
78
61
51
82
78
80
64
86
76
64
77
87
62
60
77
100
80
65
72
94
82
91
65
87
95
69
71
82
61
61
67
56
78
86
90
62
81
81
68
90
85
50
78
78
85
94
56
72
79
59
97
52
68
92
95
59
85
71
58
99
69
69
50
77
81
75
57
77
86
66
54
64
53
67
92
53
100
50
58
