198 66
56
69
53
54
70
76
86
58
56
65
85
54
80
90
61
94
74
72
94
62
88
53
85
76
85
53
73
88
90
87
86
92
100
92
83
87
99
76
75
58
90
87
90
51
73
64
93
66
67
79
89
94
86
75
69
97
86
53
94
89
74
81
61
53
78
96
68
71
77
86
89
83
61
53
52
57
96
51
76
59
85
93
90
67
64
56
76
64
64
76
64
58
87
80
63
79
59
90
65
81
95
95
66
95
69
83
95
88
84
54
86
82
58
51
96
74
58
97
96
89
93
80
91
92
74
82
55
62
91
89
62
97
58
55
97
51
88
100
51
94
65
90
99
66
52
94
91
89
99
57
66
79
53
79
88
96
99
78
99
96
76
84
91
87
74
91
99
62
53
83
70
60
90
70
63
63
88
63
73
73
86
70
57
91
58
64
62
60
95
97
59
94
79
96
67
55
62
91
