180 60
52
71
53
91
96
79
73
60
55
94
93
93
84
92
92
61
69
61
86
89
78
62
54
76
68
100
93
96
87
88
70
76
82
64
58
54
55
52
97
62
75
63
83
96
55
52
55
80
99
100
97
59
71
80
94
96
94
76
66
58
52
75
51
51
79
74
72
60
57
95
59
70
62
86
74
83
83
73
61
63
53
96
69
54
60
67
93
98
59
50
60
88
77
77
83
83
83
94
74
78
98
70
93
67
92
66
60
56
91
83
97
56
79
74
92
65
55
78
50
94
86
70
65
96
86
50
82
56
93
50
87
95
75
95
62
95
53
94
54
60
80
62
81
60
57
67
98
99
93
61
98
99
81
92
92
57
55
98
94
58
50
57
79
62
61
79
88
69
98
69
88
52
78
62
90
78
86
67
90
53
