198 66
72
55
99
76
72
100
62
76
58
79
57
59
92
84
70
97
76
97
77
71
58
83
57
63
53
54
78
67
79
76
79
96
95
74
54
97
61
61
93
91
64
50
92
51
80
94
54
50
54
72
98
100
68
80
70
71
53
70
98
92
84
51
81
88
91
52
50
71
63
60
90
88
63
78
51
63
96
57
77
61
62
77
76
97
75
100
92
76
80
53
63
63
86
58
88
78
69
63
70
83
85
80
75
77
78
73
83
62
98
100
68
50
92
64
53
65
74
90
60
90
78
83
95
83
95
99
56
78
81
93
64
81
85
56
55
74
96
82
78
54
72
72
86
70
100
76
69
76
87
70
98
53
77
97
53
64
99
68
51
52
87
85
81
82
70
68
68
97
92
87
97
87
81
94
100
72
77
86
52
66
83
83
82
90
72
70
75
63
57
63
93
70
63
95
86
67
75
97
