198 66
54
65
64
91
71
82
66
98
51
84
99
87
69
97
51
96
72
78
54
62
50
60
72
62
94
88
62
57
57
61
91
87
83
65
78
84
82
91
58
55
51
83
63
90
73
95
75
75
65
56
96
62
77
64
92
63
53
82
71
76
67
76
54
98
53
64
98
53
96
82
84
86
51
65
85
90
56
58
82
51
53
61
87
71
61
81
87
56
64
95
52
83
91
98
59
95
84
63
99
83
73
89
52
71
95
81
88
91
93
50
99
51
90
75
89
94
75
52
81
71
64
71
57
88
51
59
87
67
56
100
75
70
97
66
55
93
87
67
71
86
82
76
57
56
58
64
54
73
65
98
58
95
53
90
76
94
99
68
99
87
91
97
91
57
51
67
65
88
100
97
97
86
99
93
75
77
88
57
83
98
79
53
81
90
71
66
98
68
58
53
89
78
93
87
79
100
97
67
