10669 500000
66687
66687
66687
66687
66687
66687
66687
66856
66917
66917
66917
66917
66917
66917
66917
66917
66917
67079
67079
67079
67079
67079
67079
67079
67079
67236
67236
67236
67236
67236
67236
67236
67236
67236
67236
67236
67236
67236
67236
67236
67236
67236
67236
67236
67236
67273
67273
67273
67273
67273
67273
67273
67273
67273
67404
67404
67404
68481
68481
68951
68951
68951
68951
68951
68951
68951
68951
68951
68951
68951
68951
68951
69086
69086
69086
69086
69086
69086
69086
69462
69462
69462
69462
69462
69462
69462
69462
69462
69462
70120
70120
70120
70120
70120
70120
70120
70120
70120
70120
70120
70120
70120
70120
70120
70120
70120
70120
70120
70120
70374
70374
70374
70374
70374
70374
71129
71129
71129
71129
71129
71129
71581
71581
71581
71581
71581
71581
71581
71581
71581
71581
71581
71581
71581
71581
71581
71581
71581
71581
71581
71581
71605
71605
71605
71605
71605
71605
71605
71605
71605
71605
71605
71605
71605
71605
71801
71801
71801
71801
71801
71801
71801
71801
71801
72105
72105
72105
72105
72105
72105
72105
72255
72255
72255
72255
72255
72255
72255
72255
72255
72255
72255
72255
72255
72255
72255
72255
72255
72255
72255
72255
72315
72315
72315
72439
72439
72439
72439
72967
72967
72967
72967
72967
72967
72967
72967
72967
72967
72967
72967
72967
72967
72967
72967
73442
73442
73442
73442
73442
73442
73442
73442
73442
73442
73442
73442
73442
73442
73442
73442
73442
73442
73442
73684
73684
73684
73684
73684
73684
73684
73684
73684
73684
73684
73735
73735
73735
73735
73735
73735
73744
73744
73744
73744
73744
73744
73744
73744
73744
73744
73744
73744
73744
73744
73744
73744
74859
74859
74859
74859
74859
74859
74859
74859
74859
74859
74859
74859
74859
75017
75017
75017
75017
75017
75017
75017
75017
75017
75017
75017
75017
75017
75017
75017
75017
75017
75069
75069
75069
75069
75069
75069
75069
75069
75069
75069
75069
75069
75069
75069
75069
75069
75069
75069
75069
75069
75234
75234
75234
75234
75234
75234
75234
75234
75234
75234
75234
75234
75234
75642
75642
75642
75642
75642
75642
75642
76189
76189
76189
76189
76189
76189
76189
76189
76189
76326
76326
76326
76326
76326
76326
76326
76326
76326
76326
76846
76846
76846
76846
76846
76846
76846
76846
76846
76846
76846
77021
77021
77021
77021
77021
77021
77021
77021
77021
77021
77021
77021
77021
77021
77021
77021
77021
77021
77021
77021
77024
77024
77024
77024
77024
77024
77024
77024
77024
77024
77024
77024
77024
77024
77024
77024
77024
77024
77024
77705
77705
77705
77705
77705
77705
78041
78041
78041
78123
78123
78300
78300
78300
79596
79596
79596
79596
79596
79596
79596
79596
79710
79710
79710
79710
79710
79710
79710
79710
79710
79710
79710
79710
79710
79710
79710
79710
79710
79710
79710
79710
80046
80046
80046
80046
80046
80046
80046
80046
80046
80046
80046
80046
80046
80046
80046
80046
80046
80046
80488
80488
80488
80488
80488
80488
80488
80488
80488
80488
80488
80488
80488
80488
80498
80498
80498
80498
80498
80498
80498
80498
80498
80498
80498
80498
80498
80498
80498
80498
80498
80766
80766
80766
80766
80766
80766
80766
80766
80766
81837
81837
81837
81837
81837
81837
81837
81837
81837
81837
81837
81837
81837
81837
81837
81998
81998
81998
81998
81998
81998
81998
81998
81998
81998
82349
82349
82349
82349
82349
82349
82349
82349
82349
82349
82349
82752
82752
82752
82752
82752
82752
82752
82752
83038
83038
83038
83038
83038
83038
83038
83038
83038
83038
83038
83038
83038
83038
83038
83038
83038
83038
83038
83038
83053
83053
83053
83053
83053
83053
83053
83053
83053
83053
83053
83053
83053
83053
83361
83361
83361
83361
83361
83361
83361
83361
83361
83361
83361
83384
83384
83384
83384
83384
83384
83384
83384
83384
83384
83384
83384
83384
83384
83384
84011
84011
84011
84011
84011
84011
84011
84011
84011
84970
84970
84970
84970
84970
84970
84970
84970
84970
84970
84970
84970
84970
84970
84970
84970
84970
84970
84970
84970
85459
85459
85459
85459
85459
85459
85459
85459
85459
85459
85459
85459
85459
85459
85459
85459
85459
85459
85459
85636
85636
85636
85669
85669
85669
85669
85669
85925
85925
85925
85925
85925
85925
85925
85925
85925
85925
85961
86437
86437
86437
86437
86437
86437
86437
86437
86437
86437
86437
86437
86437
86437
86829
86829
86829
86829
86829
86829
86829
86829
86829
87005
87005
87005
87005
87005
87005
87005
87005
87005
87005
87005
87005
87005
87216
87216
87216
87216
87216
87216
87216
87216
87216
87216
87460
87460
87460
87460
87460
87460
87460
87460
87460
87460
87460
87460
88414
88832
88832
88832
88832
88832
88832
88832
88832
88832
88832
88832
88832
88832
88832
88832
88832
88832
88832
89109
89109
89109
89109
89109
89109
89109
89109
89109
89109
89109
89109
89109
89198
89198
89198
89198
89198
89198
89198
89198
89302
89302
89302
89302
89302
89302
89302
89302
89302
89302
89302
89302
89432
89432
89432
89432
89883
89883
89883
89883
90643
90643
90643
90643
90643
90643
90643
90948
90948
90948
90948
90948
90948
91106
91106
91106
91106
91106
91106
91106
91106
91106
91106
91106
91106
91106
91106
91106
91106
91106
91106
91209
91209
91209
91209
91209
91209
91209
91209
91209
91209
91209
91209
91375
91375
91375
91375
91375
91551
91551
91551
91551
91551
91551
91551
91551
91551
91551
91551
91551
91551
91551
91551
91551
91551
91551
91551
91551
91578
91578
91578
91578
91859
91859
91859
91859
92310
92310
92310
92310
92310
92310
92310
92310
92310
92310
92310
92310
92310
92310
92310
92310
92310
92670
92670
92670
92670
92670
92670
92670
92670
92670
92670
92706
92706
92706
92706
92706
92706
92706
92706
92706
92706
92706
92706
92706
92706
92706
92942
92942
92942
92942
92942
92942
93094
93094
93094
93094
93094
93094
93094
93094
93094
93094
93094
93094
93094
93094
93094
93094
93094
93094
93094
93094
93242
93242
93242
93579
93579
93579
93579
93579
93579
93579
93579
93579
93579
93579
93579
93769
93769
93769
93769
93769
93769
93769
93769
93769
93769
93769
93769
93769
93769
93769
93769
93769
93769
93769
93947
93947
93947
93947
93947
93947
93947
93947
93947
93947
93947
93947
94302
94302
94302
94302
94302
95060
95060
95060
95060
95060
95060
95060
95060
95192
95215
95215
95215
95215
95779
95779
95779
95779
95779
95779
95779
95779
95779
95779
95779
95779
95779
95779
95834
95834
95834
95834
95834
95834
95834
95834
95834
95834
95834
95834
95834
95834
95834
95868
95868
95868
95868
95868
95868
95868
95868
95868
95868
95868
95868
95868
95868
95868
95868
95888
95888
95888
95888
95888
95888
95888
95888
95888
95888
95888
95888
96136
96136
96326
96326
96326
96326
96326
96326
96326
96326
96326
96326
96326
96326
96326
96326
96326
96326
96326
96326
96326
96326
96381
96381
96381
96381
96381
96381
96381
96381
96381
96381
96414
96414
96414
96414
96414
96829
96829
96829
96829
96829
96829
96829
96829
96829
96829
96829
97103
97103
97103
97103
97103
97103
97103
97184
97184
97184
97184
97184
97184
97184
97184
97184
97184
97184
97184
97184
97184
97184
97184
97184
97184
97184
97184
97361
97361
97361
97361
97361
97361
97361
97361
97361
97361
97361
97361
97361
97592
97592
97592
97592
97592
97592
97592
97592
97592
97592
97592
97592
97592
97592
97592
97920
97920
97920
97920
97920
97920
97920
98284
98284
98284
98284
98284
98284
98284
98284
98284
98284
98284
98284
98284
98284
98284
98510
98510
98510
98510
98510
98510
98510
98510
98510
98510
98510
98510
98510
98603
98603
98603
98603
98603
98603
98603
98603
98603
98603
98603
98603
98603
98603
98603
98603
98603
98603
98603
99184
99184
99184
99184
99184
99184
99184
99184
99184
99277
99277
99277
99277
99277
99277
99277
99277
99277
99277
99277
99277
99277
99277
99277
99277
99277
99735
99735
99735
99735
99735
99735
99735
99735
99735
99735
99735
99735
99735
99735
99735
99735
99861
99861
99861
99861
99861
99861
99861
99861
100038
100038
100038
100038
100038
100038
100038
100038
100038
100038
100038
100038
100097
100097
100097
100097
100097
100097
100097
100097
100097
100097
100097
100097
100097
100097
100097
100097
100097
100097
100097
100097
100742
100742
100742
100742
100742
100742
100742
100742
100742
100742
100830
100830
100830
100830
100830
100830
100830
100830
100830
100830
100830
101259
101259
101716
101716
101716
102317
102317
102317
102317
102317
102317
102317
102317
102339
102339
102339
102339
102339
102339
102339
102339
102339
102339
102339
102339
102339
102339
102339
102458
102458
102458
102458
102458
102458
102458
102458
102458
102458
102458
102458
102458
102458
102458
102458
102458
102458
102458
102458
102889
102889
102889
102889
102889
102889
102889
102889
102889
102889
102900
102900
102900
102900
102900
102900
102900
102900
102900
102900
103432
103432
103462
103462
103462
103462
103808
103808
103808
103808
103808
103808
103808
103808
103808
103808
104022
104022
104022
104022
104022
104022
104022
104022
104022
104525
104962
104962
104962
104962
104962
104962
104962
104962
104962
104962
104962
104962
104962
104962
104962
104962
105442
105442
105442
105442
105442
105442
105442
105442
105442
105442
105442
105442
105442
105442
105442
105442
105442
105442
105442
105442
106469
106469
106469
106469
106469
106469
106469
106469
106469
106736
106736
106835
106835
106835
107029
107029
107029
107257
107559
107559
107559
107559
107559
107559
107559
107559
107559
107559
107559
107559
107559
107703
107703
107703
107703
107703
107703
107807
107807
107807
107807
107807
107807
107807
107807
107807
107807
107807
107807
107807
107835
107835
107835
107835
107835
107835
107835
107835
108177
108177
108177
108177
108286
108286
108445
108445
108445
108445
108445
108445
108445
108445
108445
108548
108548
108548
108548
108548
108548
108548
108548
108548
108548
108548
108548
108548
108548
108548
108548
108548
108548
108548
108958
108958
108958
108958
108958
108958
108958
108958
108958
108958
108958
108958
108958
108958
108958
108958
108958
109362
109362
109362
109362
109362
109362
109362
109362
109362
109362
109362
109527
109527
109527
109527
109527
109527
109527
109527
109660
109660
109660
109660
109660
109660
109660
109660
109660
109660
109916
109916
109916
109916
109916
109916
109916
109916
109916
109916
109916
109916
109916
109916
110079
110079
110079
110079
110079
110079
110079
110079
110079
110079
110079
110079
110079
110079
110079
110079
110141
110141
110141
110141
110141
110141
110141
110141
110141
110141
110141
110141
110141
110141
110141
110141
110289
110289
110289
110289
110602
110602
110602
110602
110602
110602
110602
110602
110602
110602
110602
110602
110602
110602
110602
110602
110602
110807
110807
110807
110807
110807
110807
110807
110807
110807
110807
110807
110807
110807
110891
110891
110891
110891
110891
110891
110891
110891
110891
110891
110891
110891
110891
110891
110891
110980
110980
110980
110980
110980
110980
111725
111725
111725
111725
111725
111725
111725
111725
111725
111725
111725
111725
111725
112464
112464
112464
112464
112464
112464
112464
112464
112464
112464
112464
112464
112464
112464
112464
112464
112464
112464
112464
112663
112663
112663
112663
112663
112663
112663
112663
112663
112663
112663
112714
112714
112714
112714
112714
112714
112714
112714
112714
112714
112714
112714
112714
112714
112714
112714
113296
113296
113296
113296
113296
113503
113571
113571
113571
113571
113571
113571
113571
113571
113571
113571
113676
113676
113676
113676
113733
113733
113733
113969
113969
113969
113969
113969
113969
113969
113969
113969
113969
113969
113969
113969
114025
114025
114025
114025
114025
114025
114025
114025
114025
114025
114025
114025
114025
114025
114025
114025
114387
114387
114387
114387
114387
114387
114387
114387
114387
114714
114714
114714
114714
114714
114714
114714
114714
114714
114714
114714
114714
114714
115300
115300
115300
115300
115300
115304
115304
115304
115304
115304
115304
115316
115316
115316
115316
115316
115316
115316
115316
115316
115316
115316
115316
115316
115316
115593
115593
115593
115593
115593
115593
115593
115593
115593
115741
115741
115741
115741
115741
115741
115741
115741
115741
115741
115741
115741
115741
115741
115741
115741
115962
115962
115962
115962
115962
115962
115962
115962
115962
115962
115962
116159
116159
116159
116159
116159
116159
116159
116159
116159
116159
116159
116159
116159
116159
116159
116159
116159
116159
116159
116159
116224
116224
116224
116224
116224
116224
116224
116224
116224
116224
116224
116224
116224
116224
116224
116224
116224
116224
117008
117008
117008
117369
117369
117369
118465
118465
118465
118583
118583
118583
118583
118583
118583
118583
118583
118583
118583
118583
118583
118688
118688
118688
118688
118688
118688
118688
118688
118688
118688
118688
118878
118878
118878
118878
118878
118878
118878
118878
118878
118878
118878
118878
118878
118878
119325
119325
119325
119325
119325
119325
119325
119325
119325
119325
119325
119682
119682
119682
119818
119818
119818
119818
119818
119818
119818
119818
119818
119818
119818
119818
119818
119818
119818
119818
119818
119845
119845
119845
119845
119845
119845
119845
119845
119845
119845
119845
119845
119845
119845
119845
120091
120091
120091
120091
120091
120091
120091
120091
120091
120091
120091
120091
120091
120091
120091
120091
120645
120645
120645
120645
120645
120645
120645
120645
120645
120699
120699
120699
120699
120699
120699
120699
120699
120699
120699
120699
120699
120699
120699
120699
120699
120699
120699
120699
121735
121735
121735
121735
121735
121735
121735
121735
121735
121735
121735
121735
121735
121735
121735
121735
121978
121978
121978
121978
121978
121978
121978
121978
121978
121978
121978
121978
121978
122100
122100
122100
122100
122100
122100
122100
122100
122406
122406
122406
122406
122406
122406
122406
122406
122406
122406
122406
122406
122406
122420
122420
122420
122420
122420
122420
122420
122420
122420
122420
122420
122420
122420
122420
122860
122860
122860
122860
122860
122860
122860
123165
123165
123165
123165
123165
123165
123165
123165
123165
123455
123455
123455
123455
123455
123455
123455
123455
123455
123455
123455
123455
123455
123455
123455
123455
123455
123556
123556
123556
123556
123556
123556
123556
123556
123556
123556
123556
123556
123556
123556
123556
123793
123793
123793
123793
123793
123793
123793
123793
123793
123793
123793
123793
123793
123877
123997
123997
123997
123997
123997
123997
123997
123997
123997
123997
123997
123997
123997
123997
124260
124260
124260
124260
124260
124406
124493
124493
124493
124493
124493
124493
124493
124493
124493
124493
124493
124493
124809
124809
125066
125066
125066
125066
125066
125066
125066
125066
125066
125066
125066
125066
125066
125066
125066
125066
125066
125066
125066
125615
125615
125615
125615
125615
125615
125615
125615
125615
125615
125615
125615
125615
125615
125615
125995
125995
126499
126499
126499
126499
126499
126499
126499
126499
126499
126499
126499
126499
126499
126499
126499
126499
126499
126499
126872
126872
126872
126872
126872
126872
126872
126872
126872
126872
126925
126925
126925
126925
126925
126925
126925
126925
126925
126925
126925
126925
126925
126925
126960
126960
126960
126960
126960
126960
126960
126960
126960
126960
126960
127206
127206
127206
127206
127206
127206
127206
127206
127206
127206
127206
127296
127296
127296
127296
127296
127296
127296
127296
127296
127296
127296
127296
127296
127296
127296
127383
127383
127590
127590
127590
127590
127590
127590
127590
127590
127590
127590
127590
127590
127590
127896
127896
127896
127896
127896
127979
127979
127979
127979
127979
127979
127979
127979
127979
127990
127990
128318
128318
128318
128318
128318
128318
128318
128318
128318
128318
128318
128318
128318
128318
128318
128318
128318
128318
128581
128581
128581
128781
128781
128781
128781
128781
128781
128909
128909
128909
128909
128909
128909
128909
128909
128909
128909
128909
128909
128909
128909
129872
129872
129872
129872
129872
129872
129872
129872
130214
130214
130267
130267
130267
130267
130267
130267
130267
130267
130267
130267
130267
130267
130267
130267
130267
130267
130307
130307
130307
130307
130307
130307
130307
130307
130307
130307
130307
130307
130307
130307
130307
130307
130307
130307
130319
130319
130319
130319
130319
130319
130319
130319
130319
130319
130319
130319
130319
130319
130319
130319
130319
130319
130319
130671
130671
130671
130836
130836
131697
131697
131697
131697
131697
131697
131697
131697
131697
131697
131697
131697
131697
132096
132096
132096
132096
132096
132096
132096
132096
132096
132096
132096
132096
132096
132096
132096
132440
132440
132440
132440
132440
132440
132440
132440
132440
132537
132537
132537
132893
132893
132893
132893
132893
132893
132893
132893
132893
132893
132893
133014
133014
133014
133014
133014
133014
133394
133394
133394
133394
133394
133394
133394
133394
133394
133394
133394
133394
133394
133546
133546
133546
133546
133546
133546
133643
133643
133643
133643
133643
133643
133643
133643
133643
133643
133643
133643
133643
133643
133643
133643
133643
133643
133643
133902
133902
133902
133902
133902
133902
133902
133902
133902
133902
133902
133902
133902
134483
134483
134483
134483
134483
134483
134499
134499
134499
134499
134499
134499
134499
134499
134499
134499
134499
134499
134810
134810
134810
134810
134810
134810
134810
134810
134810
134810
134810
134810
134810
134810
134810
134810
134810
134810
134810
134913
134913
134913
134913
134913
134913
134913
134913
134913
134913
134913
134913
135015
135015
135015
135137
135137
135137
135137
135137
135137
135137
135137
135137
135137
135137
135137
135137
135137
135137
135287
135287
135287
135287
135287
135915
135915
135915
135915
135915
135915
135915
135915
135915
135915
135915
135915
135915
135915
135915
136631
136631
136631
136631
136631
136631
136631
136631
136631
136631
136631
136631
136631
136631
137086
137086
137086
137086
137086
137086
137086
137086
137086
137086
137086
137086
137086
137086
137268
137268
137268
137268
137268
137268
137268
137268
137268
137268
137268
137268
137268
137268
137576
137576
137576
137576
137576
137576
137576
137576
137712
137712
137712
137712
137712
137712
137869
137869
137869
137869
137869
137869
137869
138050
138050
138050
138050
138050
138050
138050
138050
138050
138050
138050
138050
138050
138050
138050
138050
138050
138050
138050
138350
138350
138350
138350
138350
138350
138350
138350
138350
138350
138350
138350
138350
138350
138350
138544
138544
138544
138544
138544
138544
138544
138544
138544
138544
138544
138544
138544
138544
138544
138544
138544
138587
138587
138587
138587
138587
138587
138587
138587
138587
138587
138587
138587
138587
138587
138587
138615
138678
138678
138678
138678
138678
138678
138678
138678
138678
138678
138678
138678
138678
138919
138919
138919
138919
138919
138919
138919
138919
138919
138919
138919
138919
138919
138919
138919
138919
138919
138919
139041
139041
139041
139041
139041
139041
139041
139041
139041
139094
139094
139094
139094
139094
139094
139094
139094
139094
139094
139094
139094
139094
139094
139094
139094
139094
139094
139094
139094
139226
139226
139226
139226
139226
139226
140287
140287
140374
140374
140374
140374
140374
140374
140374
140374
140374
140374
140374
140374
140456
140730
140730
140730
140730
140730
140730
140730
140730
140730
140837
140837
140837
140837
140837
140837
140837
140837
140837
140837
140837
140837
140837
140837
140837
140837
140837
141020
141020
141020
141020
141105
141105
141105
141105
141105
141105
141105
141105
141105
141105
141105
141105
141105
141105
141105
141158
141158
141158
141158
141158
141158
141158
141158
141158
141158
141158
141158
141158
141158
141158
141158
141158
141158
142594
142594
142662
142760
142760
142760
142760
142760
142760
142760
142760
142760
142760
142760
142760
142760
142760
142760
142760
142760
142760
142760
143937
143937
143937
143937
143937
143937
143937
143937
143937
143937
143937
143937
144053
144053
144053
144053
144053
144053
144053
144053
144053
144053
144053
144053
144053
144053
144226
144226
144226
144226
144226
144226
144226
144226
144226
144226
144226
144226
144226
144226
144226
144226
144226
144226
144226
144226
144539
144539
144539
144539
144539
144539
144539
144539
144539
144539
144539
144539
144539
144539
144539
144539
144539
144539
144539
144539
144782
144782
144782
144782
144782
144782
144782
144782
144782
144782
144782
144782
144782
144782
144782
144782
144827
144866
144866
144866
144866
144866
144866
144866
144866
144866
144866
144866
144866
144866
144866
145093
145093
145093
145093
145093
145093
145093
145093
145093
145093
145093
145093
145093
145093
145093
145093
145093
145093
145093
145583
145583
145583
145583
146163
146163
146163
146163
146163
146163
146163
146163
146163
146163
146163
146751
146751
146751
146751
146751
146751
146751
146751
146751
146840
146840
146840
146840
146840
146840
146840
146840
146840
146840
146840
146840
146840
146840
146840
146840
146840
146840
146840
146840
146865
146865
146865
146865
146865
146865
146865
146865
146865
146865
146865
146865
146865
146865
146865
146865
147176
147176
147176
147176
147176
147176
147176
147176
147176
147176
147176
147176
147176
147176
147176
147176
147437
147437
147437
147437
147437
147437
147437
147437
147437
147437
147938
147938
147938
147938
147938
148367
148367
148367
148367
148367
148367
148367
148367
148367
148367
148787
148787
148787
148787
148787
148787
148787
148787
148787
148787
148787
148787
148787
148787
148787
148787
148787
148787
148787
149167
149167
149167
149167
149167
149167
149167
149167
149167
149167
149167
149167
149167
149167
149167
149167
149420
149420
149420
149420
149420
149420
149420
149420
149420
149420
149420
149420
149420
149420
149420
149420
149420
149420
149661
149661
149661
149661
149661
149661
149661
149661
149661
149661
149661
149774
149774
149774
149774
149774
149774
149774
149774
149774
150736
150736
150736
150736
150736
150736
150736
150736
150736
150736
150857
150857
150857
150857
150857
150857
150857
150857
150857
150904
150904
150904
150904
152075
152075
152075
152075
152075
152075
152075
152075
152116
152535
153192
153192
153472
153472
153472
153472
153472
153472
153472
153472
153472
153472
153472
153615
153647
153647
153647
153647
153647
153647
153647
154243
154243
154243
154243
154243
154243
154243
154243
154288
154288
154288
154288
154288
154288
154288
154288
154288
154288
154288
154354
154354
154377
154377
154377
154377
154456
154548
154548
154548
154548
154548
154548
154855
154855
154855
154855
154855
154855
154855
154855
154855
154855
154855
154855
154855
154855
154855
154855
154855
154855
154883
154883
154883
154883
154883
154883
154883
154883
154883
154883
154883
154883
154883
154883
154883
154883
154883
154974
154974
154974
154974
154974
154974
154974
154974
155053
155053
155053
155053
155053
155053
155053
155053
155053
155053
155053
155053
155053
155053
155053
155053
155053
155053
155053
155508
155508
155508
155508
155508
155508
155508
155508
155797
155797
155797
155928
155928
155928
155928
155928
155928
155928
155928
155928
155928
155928
155928
155928
155928
155928
155928
155928
155928
155963
155963
155963
155963
155963
155963
155963
155963
155963
155963
155963
155963
156195
156195
156195
156283
156283
156283
156866
156866
156927
157039
157039
157039
157039
157039
157039
157039
157039
157039
157039
157039
157039
157039
157039
157039
157129
157129
157129
157129
157129
157129
157129
157129
157129
157129
157129
157129
157326
157326
157326
157326
157326
157456
157456
157456
157456
157456
157456
157456
157456
158381
158381
158381
158381
158381
158381
158381
158381
158381
158381
158381
158381
158381
158381
158381
158541
158541
158541
158541
158541
158541
158541
158541
158541
158541
158541
158541
158541
158541
158541
158541
158541
158622
158622
158622
158622
158622
158622
158622
158622
158622
158622
158622
158622
158622
158622
158622
158622
158622
158622
158622
158622
158698
158698
158698
158698
158698
158698
158698
158698
158698
158698
158698
158698
158698
158698
158698
158698
158698
158698
158698
158900
158900
158900
158900
158900
158900
158900
158900
158900
158900
158900
158900
158900
158900
158900
158900
158913
158913
158913
158913
158913
158913
158913
158913
158913
158913
158913
158913
158913
158913
158913
158913
158913
158913
158913
159251
159558
159558
159558
159558
159558
159558
159558
159615
159615
159615
159615
159615
159615
159615
159615
159615
159615
159615
159615
159615
159615
159615
159615
159615
159663
159663
159663
159663
159663
159663
159663
159663
159663
159663
160827
160827
160827
160827
160827
160827
160827
161145
161145
161284
161434
161434
161434
161434
161595
161694
161694
161694
161694
161694
161694
161694
161694
161694
161694
161694
161694
161981
162235
163272
163272
163272
163272
163272
163272
163272
163272
163305
163786
163786
163786
163786
163786
163786
163786
163786
163786
163786
163786
163786
163786
163786
163786
163786
163786
163786
163786
163794
163794
163794
163794
163794
163794
163794
163794
163794
163794
163794
163794
163794
163794
163794
163794
163794
163800
163800
163800
163800
163800
163800
163800
163800
163800
163800
164216
164216
164216
164216
164216
164216
164216
164216
164216
164216
164216
164216
164218
164218
164218
164218
164218
164218
164218
164218
164218
164218
164218
164218
164218
164218
164218
164218
164218
164398
164398
164398
164398
164398
164398
164398
164398
164398
164398
164398
164398
164483
164483
164483
164483
164483
164483
164483
164483
164483
164483
164483
164483
164483
164483
164483
164483
164834
164834
164834
164834
164834
164834
164834
164834
164834
164834
164834
164834
164834
164834
164834
165120
165120
165120
165120
165120
165120
165120
165120
165120
165120
165120
165120
165120
165120
165120
165120
165253
165253
165253
165253
165253
165253
165253
165253
165253
165253
165253
165663
165663
165895
165895
165895
166142
166142
166142
166142
166142
166142
166142
166142
166142
166142
166142
166142
166142
166142
166142
166142
166444
166444
166444
166444
166444
166625
166625
166625
166625
166625
166625
166625
166625
166625
166625
166625
166625
166957
166957
166957
166957
166957
166957
166957
166957
166957
166957
166957
166957
166957
166957
167282
167282
167282
167282
167282
167282
167282
167282
167282
167282
167282
167282
167489
167489
167489
167489
167489
167489
167489
167489
167494
167494
167656
167656
167656
167656
167656
167656
167656
167656
167656
167656
167656
167656
168080
168080
168080
168080
168080
168080
168080
168080
168080
168080
168080
168080
168080
168080
168080
168080
168080
168080
168080
168080
168105
168105
168105
168105
168105
168105
168105
168105
168582
168582
168582
168582
168582
168582
168582
168582
168582
168582
168582
168582
168582
168582
168655
168655
168655
168655
168655
168655
168655
168655
168655
168655
168655
168655
168655
168655
168703
168703
168703
168703
168703
168703
168703
168703
168703
168757
168757
168757
168757
168757
168757
168757
168757
168757
168757
168757
168757
168757
168757
168757
168757
168757
168757
168757
168757
169059
169059
169059
169059
169059
169059
169059
169059
169059
169059
169059
169834
169834
169834
169834
169834
169834
169834
169834
169834
169834
169834
169834
169834
169834
169834
169834
169834
170298
170298
170298
170298
170298
170298
170298
170298
170298
170298
170298
170298
170298
170298
170298
170298
170866
170866
170866
170866
170866
170866
170866
170866
170866
170866
170866
170866
170866
170866
170866
170866
170866
170866
170866
171124
171124
171124
171124
171124
171124
171124
171124
171124
171124
171124
171124
171124
171168
171168
171168
171168
171168
171168
171168
171168
171168
171168
171168
171168
171168
171168
171168
171168
171168
171168
171168
171168
171350
171350
171351
171351
171931
171931
171931
171931
171931
171931
171931
171931
172583
172583
172583
172583
172583
172583
172583
172583
172583
172583
172583
172583
172583
172583
172583
172583
172583
172583
172583
172583
172747
172747
172747
172747
172747
172747
172747
172747
172747
172747
172747
172747
172747
172747
172747
172747
172747
172747
172747
172747
173032
173032
173032
173032
173032
173032
173032
173032
173032
173032
173032
173032
173032
173032
173032
173032
173032
173032
173032
173032
173186
173186
173186
173186
173186
173186
173186
173186
173186
173186
173186
173186
173186
173186
173186
173186
173186
173186
173186
173186
173417
173417
173417
173417
173417
173417
173417
173417
173417
173417
173417
173417
173417
173417
173417
173417
173417
173543
173543
173543
173543
173543
173543
173543
173543
173543
173543
173543
173543
173543
173543
173543
173543
173543
173543
173583
173583
173583
173583
173583
173583
173583
173583
173583
173583
173583
173583
173583
173583
173583
173583
173583
173583
173583
173583
174279
174279
174279
174279
174623
174623
174623
175001
175201
175285
175285
175285
175285
175937
175937
175937
175937
175937
175937
175937
175937
175937
175937
175937
175937
175937
175937
175937
175937
175937
175937
175937
175937
175946
175946
175946
175946
175946
175946
175946
175946
175946
175994
175994
175994
175994
175994
175994
175994
175994
175994
175994
175994
175994
175994
175994
175994
175994
175994
176188
176188
176188
176188
176188
176188
176188
176188
176188
176188
176188
176188
176188
176188
176188
176188
176188
176188
176188
176188
176199
176199
176199
176199
176199
176199
176199
176199
176199
176278
176278
176278
176278
176278
177069
177069
177069
177069
177069
177069
177069
177069
177069
177069
177069
177069
177069
177069
177069
177069
177069
177069
177069
177783
177783
177783
177783
177783
177783
177783
177783
177783
177783
177783
177783
177783
177783
178315
178315
178315
178315
178315
178315
178315
178315
178315
178315
178315
178315
178315
178315
178315
178315
178315
178984
178984
178984
178984
178984
178984
178984
178984
178984
178984
178984
178984
178984
178984
178984
178984
178984
179035
179035
179035
179035
179035
179151
179151
179151
179151
179151
179151
179151
179151
179151
179151
179151
179151
179151
179444
179444
179444
179444
179444
179444
179444
179444
179444
179444
179444
179444
179444
179444
180094
180094
180094
180094
180094
180094
180094
180094
180214
180214
180214
180783
180783
180803
180803
180803
180803
180803
180803
180803
180803
180803
180803
180803
180803
180803
180803
180803
180803
181100
181100
181100
181100
181100
181100
181100
181100
181100
181100
181100
181100
181100
181100
181100
181100
181100
181280
181280
181280
181280
181280
181280
181280
181280
181280
181280
181280
181280
181280
181280
181280
181280
181280
181280
181280
181295
181295
181295
181295
181295
181295
181295
181295
181300
181300
181300
181300
181300
181300
181300
181300
181300
181300
181300
181300
181300
181371
181371
181381
181549
181549
181549
181549
181549
181549
181549
181549
181549
181549
181549
181549
181549
181549
181549
181549
181715
181715
181715
181715
181715
181715
181715
181715
181715
181715
181715
181715
181715
181715
181715
181715
181715
181715
182020
182020
182020
182229
182229
182229
182229
182229
182229
182229
182229
182229
182229
182229
182229
182229
182229
182229
182229
182229
182229
182377
182377
182377
182377
182377
182377
182377
182377
182377
182377
182377
182377
182377
182377
182377
182873
182873
183117
183117
183117
183117
183117
183117
183117
183117
183117
183117
183117
183117
183117
183117
183117
183117
183117
183197
183197
183197
183197
183197
183197
183197
183685
183685
183685
183685
183685
183685
183685
183685
183685
183685
183685
183685
183685
183685
183877
183877
183877
183877
183877
183877
183877
183877
183877
183877
183877
183877
183877
183877
183877
183877
184340
184340
184340
184340
184340
184340
184340
184340
184340
184340
184340
184604
184604
184604
184604
184604
184604
184604
184604
184604
184604
184604
184604
184632
184632
184632
184632
184632
184632
184632
184632
184632
184632
184632
184632
184632
184632
185031
185031
185031
185031
185031
185031
185031
185031
185031
185031
185031
185031
185031
185031
185031
185031
185401
185401
185401
185401
185401
186322
186574
186574
186574
186574
186574
186574
186574
186574
186574
186574
186574
186574
186574
186972
187398
187398
187398
187398
187398
187398
187398
187398
187398
187398
187398
187398
187398
187398
187398
187672
187672
187672
187672
187733
188697
188697
188697
188697
188697
188697
188878
188878
188878
188878
188878
189316
189316
189316
189351
189472
189472
189472
189472
189472
189549
189549
189549
189549
189549
189549
189549
189549
189549
189549
189549
189549
189549
189549
189549
189549
189549
189549
189549
189549
189829
189829
189829
189829
189829
189829
189829
189829
190086
190086
190086
190086
190086
190086
190086
190086
190086
190086
190086
190086
190086
190086
190086
190086
190086
190086
190130
190130
190130
190130
190130
190130
190130
190130
190130
190130
190130
190158
190158
190186
190186
190186
190186
190186
190186
190186
190186
190186
190186
190186
190186
190186
190186
190186
190186
190186
190186
190186
190733
190733
190733
190733
190733
190733
190733
190733
190733
190733
190733
190733
190733
191156
191156
191156
191156
191156
191156
191267
191267
191267
191267
191267
191267
191268
191268
191268
191268
191268
191268
191268
191268
191268
191363
191363
191363
191363
191363
191363
191363
191363
191363
191363
191423
191423
191423
191423
191423
191423
191423
191423
191423
191423
191423
191423
191423
191423
191423
191423
191423
191423
191619
191619
191619
191619
191619
191619
191619
191619
191619
191619
191619
191619
191619
191619
191619
191619
191619
191619
191619
191696
191696
191696
191696
191696
191696
191696
191696
191696
191696
191938
191938
192597
192597
192597
192597
192597
192597
192597
192597
192597
192597
192597
192597
192597
192597
192597
192597
192597
193320
193320
193320
193320
193320
193320
193320
193320
193320
193320
193320
193320
193320
193320
193320
193320
193320
193320
193320
193354
193354
193354
193354
193354
193354
193354
193354
193354
193354
193354
193354
193354
194031
194031
194031
194031
194031
194031
194031
194031
194031
194342
194342
194342
194342
194342
194342
194342
194603
194603
194603
194603
194603
194603
194603
194849
194849
194849
194849
194849
194849
194849
194913
195665
195665
195665
195665
195665
195665
195665
195665
195665
195665
195665
195665
195665
195665
195665
195665
195665
195665
195665
195689
196555
196555
196555
196555
196555
196555
196555
196555
196555
196555
196555
196555
196555
196555
196555
196555
196555
196555
196555
196630
196630
196630
196630
196630
196630
196630
196630
196630
196630
196630
196630
196630
196630
196630
196630
196630
196630
196701
196701
196701
196701
196701
196701
196701
196701
196861
196861
196861
196861
196861
196861
197172
197172
197172
197172
197172
197172
197172
197172
197172
197172
197172
197172
197172
197172
197258
197258
197258
197487
197487
197960
197960
197986
197986
197986
197986
197986
197986
197986
197986
197986
197986
197986
197986
197986
197986
198019
198019
198019
198019
198019
198019
198019
198019
198019
198019
198019
198019
198019
198019
198019
198019
198190
198190
198190
198190
198228
198228
198228
198228
198228
198228
198228
198228
198228
198312
198312
198312
198312
198312
198312
198312
198312
198312
198312
198312
198312
198312
198312
198312
198312
198312
198330
198330
198330
198330
198330
198330
198330
198330
198330
198330
198330
198330
198330
198369
198369
198369
198369
198369
198369
198369
198369
198369
198369
198369
198369
198369
198369
198369
198369
198369
198369
198451
198451
198451
198451
198451
198451
198451
198451
198451
198451
198451
198453
198453
198453
198453
198453
198453
198453
198453
198453
198453
198453
198510
198510
198510
198510
198510
198510
198510
198521
198521
198521
198521
198521
198521
198521
198521
198521
198521
198521
198521
198521
198521
198521
198629
198629
198629
198629
198629
198629
198629
198629
198629
198629
198629
198629
198629
198629
198629
198629
198926
198926
198926
198926
198926
198926
198926
198926
198926
198926
199206
199206
199206
199206
199206
199227
199227
199227
199227
199227
199227
199227
199227
199227
199227
199227
199227
199323
199323
199323
199323
199323
199323
199323
199323
199323
199323
199323
199515
199515
199515
199515
199515
199515
199515
199515
199515
199515
199515
199515
199515
199515
199515
199515
199515
199515
199515
199515
199687
199932
199932
199984
199984
199984
199984
199984
199984
199984
199984
199984
199984
199984
199984
199984
199984
199984
199984
200700
200700
200700
200700
200700
200797
200797
200797
200797
200797
200797
200806
200806
200806
200806
200806
200806
200806
200806
200806
200806
200806
200806
200806
201084
201084
201084
201084
201084
201084
202377
202377
202377
202377
202377
202377
202377
202377
202447
202447
202447
202447
202447
202447
202447
202447
202464
202464
202621
202621
202621
202621
202621
202621
202621
202621
202621
202621
202888
202888
202888
202888
202888
202888
202888
202888
202888
203770
203770
203770
203770
203770
203770
203834
203834
203834
203834
203834
203834
203834
203834
203834
203834
203834
203834
203834
203834
203834
203834
203834
203834
203856
203856
203856
203856
204320
204320
204320
204320
204320
204320
204320
204320
204320
204320
204887
204887
204887
205420
205420
205420
205420
205420
205420
205420
205420
205420
205420
205420
205420
205420
205420
205420
205420
205420
205420
205420
205420
205482
205482
205482
205482
205482
205482
205482
205482
205482
205586
205586
205586
205586
205586
205586
205586
205586
205586
205586
205586
205586
205586
205684
205684
205684
205684
205684
205684
205684
205684
205684
205684
205684
205684
205684
205684
207060
207115
207115
207115
207115
207115
207115
207115
207115
207115
207115
207115
207532
207982
207982
207982
207982
207982
207982
207982
207982
207982
207982
207982
207982
207982
207982
208149
208382
208382
208382
208382
208382
208382
208382
208382
208382
208382
208484
208484
208484
208484
208484
208484
208654
208654
208654
208654
208654
208654
208654
208654
208654
208654
208654
209879
209879
209879
209879
209879
210046
210046
210046
210046
210046
210046
210046
210046
210046
210046
210046
210046
210046
210046
210046
210046
210046
210046
210046
210081
210081
210081
210081
210081
210081
210081
210081
210081
210081
210081
210081
210081
210081
210081
210081
210081
210081
210081
210172
210172
210172
210453
210889
210889
210889
210889
210889
210889
210889
210889
210889
210960
210960
210960
210960
210960
210960
210960
210960
210960
210960
211093
211093
211093
211093
211544
211544
211544
211544
211544
211544
211544
211544
211544
211544
211544
211544
211561
211561
211561
211561
211561
211561
211561
211561
211561
211561
211561
211561
211561
211561
211561
211721
211721
211721
211721
211721
211721
211721
211721
211721
211721
211721
211721
211721
211721
211721
211721
211721
211733
211733
211733
211733
211733
211733
211733
211733
211733
211733
211733
212192
212192
212192
212192
212371
212371
212433
212433
212433
212433
212433
212433
212433
212433
212433
212433
212433
212433
212433
212433
212433
212433
212683
212683
212683
212683
212683
212683
212683
212683
212683
212683
212683
212683
212683
212683
212683
212683
212683
212683
212683
212683
212824
213135
213135
213135
213149
213149
213149
213149
213149
213149
213149
213149
213170
213170
213170
213170
213170
213170
213170
213170
213170
213170
213170
213170
213170
213170
213170
213170
213170
213170
214480
214480
214480
214781
214781
214781
214781
214781
214781
214781
214781
214781
214781
214781
214781
214781
214781
215005
215005
215005
215005
215005
215005
215005
215005
215005
215005
215005
215005
215005
215235
215235
215235
215235
215235
215235
215235
215235
215298
215298
215298
215298
215298
215298
215298
215298
215298
215298
215298
215298
215298
215298
215615
215615
215615
215896
215896
215896
215896
215896
215896
215896
215896
215896
215896
215896
215896
215896
215896
215896
215896
216283
216737
216737
216737
216737
216737
216737
216737
216737
216737
216737
216737
216804
216804
216804
216804
216804
216804
216804
216804
216804
216804
216804
216804
216804
216804
216804
216804
216804
216804
216927
216927
216927
216927
216927
216927
216927
216927
216927
216927
216927
216927
216927
216927
216927
216927
216927
216927
217357
217357
217357
217357
217357
217357
217357
217357
217357
217357
217357
217357
217357
217357
217357
217357
217357
218056
218056
218056
218056
218056
218056
218056
218056
218056
218056
218056
218056
218056
218170
218170
218170
218170
218170
218170
218170
218170
218170
218170
218170
218170
218170
219478
219478
219686
219686
219686
219686
219686
219686
219686
219787
220136
220136
220136
220136
220136
220136
220136
220136
220157
220157
220157
220157
220157
220157
220157
220157
220157
220157
220157
220157
221114
221114
221114
221114
221114
221114
221114
221114
221114
221114
221114
221114
221114
221114
221114
221217
221217
221217
221217
221217
221217
221217
221217
221217
221217
221217
221217
221355
221404
221404
221404
221768
221768
221768
221768
221768
221768
221768
221768
221768
221768
221768
221768
221768
221768
222072
222072
222072
222072
222072
222072
222072
222072
222072
222072
222072
222072
222072
222072
222072
222072
222072
222072
222072
222217
222217
222217
222217
222217
222217
222217
222217
222217
222217
222217
222217
222217
222217
222217
222553
222553
222553
222553
222553
222553
222553
222553
222553
222553
222553
222553
222553
222553
222553
222553
222553
223804
224136
224136
224136
224136
224136
224136
224136
224136
224136
224136
224136
224136
224136
224136
224136
224136
224136
224502
224502
224502
224502
224946
224946
224946
224946
224946
224946
224946
224946
224946
224946
224946
224946
225010
225010
225010
225010
225010
225010
225010
225010
225010
225010
225752
225752
225752
225752
225752
225752
225752
225752
225752
225752
225752
225752
225752
225752
226481
226481
226481
226481
226481
226481
226481
226481
226481
226481
226481
226481
226481
226481
226481
226481
226481
226481
226481
226481
226852
226852
226852
226852
226852
226852
226852
226852
226852
226852
226852
226852
226852
226852
226852
226852
226852
226897
226897
226897
226897
227683
227683
227683
227683
227683
227683
227683
227683
227683
227683
227683
228170
228170
228170
229365
229365
229365
229365
229365
229365
229365
229365
229365
229365
229365
229600
229600
229600
229600
229600
229600
229600
229600
229600
229600
229600
229600
229600
229600
229600
229600
229600
229600
229600
229600
229606
229606
229606
229606
229606
229606
229606
229606
229606
229606
229606
229606
229606
229606
229685
229685
229685
229685
229685
229685
229685
229685
229685
229685
229685
229685
229685
229685
229685
229685
229685
229685
229685
229690
229690
229690
230399
230399
230399
230399
230399
230399
230401
230401
230401
230401
230401
230401
230401
230401
230401
230401
230643
230643
230643
230643
230643
230643
230692
230692
230692
230692
230692
230692
230692
230692
230692
230692
230692
230692
230692
230692
230692
230692
230692
230692
232031
232031
232031
232212
232212
232212
232212
232212
232212
232212
232212
232212
232212
232212
232212
232346
232346
232346
232346
232346
232779
232779
232779
232779
232779
232779
232779
232779
232779
232779
232779
232902
232902
232902
232902
232902
232902
232902
233050
233050
233050
233050
233050
233050
233050
233050
233050
233050
233050
233050
233050
233050
233050
233050
233050
233050
233249
233249
233249
233249
233249
233249
233249
233249
233249
233249
233249
233249
233249
233249
233249
233249
233249
233249
233249
233433
233433
233433
233433
233433
233433
233433
233433
233433
233433
233433
233433
233433
233433
233433
233433
233433
233433
233433
233433
234432
234432
234432
234432
234432
234542
234542
234542
234542
234542
234542
234542
234542
234542
234542
234542
234542
234542
234542
234542
234542
234775
234775
234775
234775
234775
234775
234775
234775
234775
234775
234977
234977
234977
234977
234977
234977
234977
234977
234977
234977
234978
234978
234978
234978
234978
234978
234978
234978
234978
234978
234978
235130
235130
235719
235719
235719
235719
235719
235719
235913
235913
235913
235913
235913
235913
235913
235913
236463
236463
236463
236463
236463
236463
236463
236463
236463
236463
236463
236463
236463
236463
236463
236463
236463
236463
236463
236670
236670
236670
236670
236670
236782
236782
236782
236782
236782
236782
236782
236782
236782
236782
236782
236782
236782
236782
236782
237297
237297
237297
237297
237297
237297
237297
237640
237640
237640
237640
237640
237640
237640
237640
237640
237640
237912
237912
237912
237912
237912
237912
237912
237912
237912
237912
237912
237912
238050
238050
238050
238050
238050
238050
238050
238050
238050
238050
238050
238050
238050
238404
238404
238404
238404
238404
238585
238585
238585
238585
238585
238585
238585
238585
238585
238634
238634
238634
238868
238868
238868
238868
238868
238868
238868
238868
238868
238951
238951
238951
238951
238951
238951
238951
238951
238951
238951
238951
238951
239563
239563
239563
239563
239563
239563
239618
240600
240600
240600
240600
240600
240600
240600
240600
240600
240600
240600
240600
240652
240652
240652
241475
241475
241475
241475
241475
241475
241475
241475
241475
241475
241475
241475
241475
241475
241475
241475
241475
241475
241475
241475
242157
242157
242157
242157
242157
242157
242157
242157
242157
242157
242157
242157
242157
242157
242157
242157
242157
242157
242329
242329
242329
242329
242329
242329
242329
242329
242329
242329
242329
242329
242329
242329
242329
242329
242329
242329
242359
242359
242359
242359
242359
242359
242399
242399
242711
242711
242711
242711
242711
242711
242711
242711
242711
242711
242711
242711
242711
242711
242711
243011
243011
243011
243011
243011
243011
243011
243011
243011
243092
243092
243092
243092
243092
243336
243336
243336
243957
243957
243957
243957
243957
243957
243957
243957
243957
243957
243957
243957
243957
243957
243957
243957
243957
243957
243957
243957
243958
243958
243958
243958
243958
243958
243958
243958
243958
243958
243958
243958
243958
243958
243958
243958
243958
243958
244259
244259
244259
244259
244259
244259
244259
244259
244259
244259
244259
244459
244459
244459
244459
244459
244459
244459
244459
244459
244459
244459
244459
244459
244459
244459
244459
244459
244540
244540
244540
244540
244540
244540
244540
244540
244540
244540
244540
244540
244540
244540
244540
244560
244560
244560
244560
244560
244560
244560
244560
244560
244560
244560
244560
244560
244560
244560
244560
244560
244560
244560
244560
244594
245245
245245
245245
245245
245245
245245
245245
245245
245245
245413
245413
245413
246018
246018
246018
246018
246018
246018
246018
246018
246018
246018
246018
246018
246062
246062
246062
246062
246274
246274
246274
246274
246274
246274
246274
246274
246274
246274
246274
246274
246274
246274
246367
246367
246367
246367
246367
246367
246367
246367
246631
246631
246631
246631
246631
246631
246631
246631
246631
246631
246631
246631
246631
246920
247356
247356
247356
247356
247356
247356
247356
247356
247356
247356
247356
247356
247356
247356
247356
247356
247450
247450
247450
247450
247450
247450
247450
247450
247450
247454
247454
247454
247454
247454
247454
247454
247454
247628
247628
247628
247628
247628
247628
247628
247628
247628
247628
247628
247854
247854
247854
247854
247854
247854
247854
247854
247854
248042
248042
248042
248042
248042
248042
248042
248042
248042
248070
248070
248070
248070
248070
248070
248070
248070
248070
248070
248070
248070
248070
248070
248077
248077
248077
248077
248077
248077
248077
248443
248443
248443
248443
248443
248443
248443
248443
248443
248443
248443
248765
248765
248765
248765
248765
248765
248765
248765
248765
248765
248765
248765
248765
248765
248765
248765
248765
249056
249056
249056
249056
249056
249056
249056
249056
249056
249056
249056
249056
249056
249056
249056
249056
249056
249056
249056
249056
249396
249396
249396
249396
249396
249396
249396
249396
249396
249396
249396
249396
249396
249396
249396
249396
249396
249396
249396
249548
249548
249548
249548
249548
249548
249548
249548
249548
249548
249548
249548
249548
249548
250137
250137
250137
250181
250181
250181
250181
250181
250181
250249
250249
250249
250249
250249
250249
250249
250249
250249
250249
250249
250249
250249
250249
250341
250341
250341
250341
250341
250341
250341
250341
250341
250341
250341
250341
250341
250469
250469
250469
250469
250469
250469
250469
250469
250469
250469
250469
250469
250469
250469
250469
250469
250489
250489
250489
250489
250489
250489
250489
250489
250489
250489
250489
250626
250656
250656
250751
250751
250751
250751
250751
250751
250751
250838
250838
250838
250838
250838
250838
250838
250838
250838
250844
250844
250844
250844
250844
250844
250844
250844
250844
250844
250844
250844
250844
250844
250844
250844
250844
250844
250844
250844
250940
250940
250940
250940
250940
250940
250940
250940
250940
250940
251105
251105
251105
251105
251105
251105
251105
251105
251772
251772
251772
251772
251772
251772
251772
251847
251847
252201
252201
252201
252201
252201
252201
252201
252201
252698
252698
252698
252703
252703
252703
252703
252703
252703
252703
252703
252703
252703
252703
252703
252869
252869
252869
252869
252869
252869
252869
252869
252869
252869
252869
253403
253403
253403
253403
253403
253403
253403
254446
254446
254446
254446
254446
254446
254446
254446
254446
254446
254446
254446
254812
254812
254812
254812
254812
254812
254812
254812
254812
254812
254812
254812
254812
254812
254812
254812
254812
254812
255173
255173
255173
255173
255173
255173
255173
255173
255173
255173
255173
255173
255173
255173
255173
255272
255272
255272
255272
255272
255272
255272
255272
255272
255330
255330
255330
255330
255330
255330
255330
255330
255485
255485
255485
255485
255485
255485
255485
255485
255485
255485
255485
255485
255485
255485
255485
255485
255485
255486
255486
255486
255486
255486
255486
255486
255486
255486
255486
255908
255908
255908
255908
255908
255908
255908
255908
255908
255908
255908
255908
255908
255935
255935
255935
255935
255935
255935
255935
255941
255941
255941
255941
255941
255941
255941
255941
255941
255941
256672
256672
256672
256672
256672
256672
256672
256672
256672
256672
256672
256672
256672
256672
257112
257112
257112
257112
257112
257112
257112
257112
257112
257112
257112
257112
257112
257112
257112
257112
257112
257112
257375
257375
257375
257375
257375
257375
257443
257443
257646
257646
257646
257646
257646
257646
257646
257646
257646
257646
257646
257646
257646
257646
257646
257919
257919
257919
257919
257919
257919
257919
257919
257919
257919
257919
257919
257919
257919
257919
257919
257919
257919
258195
258195
258195
258195
258195
258195
258195
258195
258195
258195
258195
258195
258195
258195
258754
258754
258754
258754
258754
258754
258754
258754
258754
258754
258754
258754
258754
258754
258754
258754
258754
258754
258754
258754
258853
258853
258853
258853
258853
258853
258853
258853
258853
258853
258853
259140
259264
259264
259264
259264
259264
259264
259264
259264
259633
259633
259633
260053
260053
260053
260053
260053
260053
260053
260053
260053
260053
260053
260053
260053
260053
260053
260053
260053
260053
260053
260053
260695
260695
260695
260695
260695
260695
260695
260929
260929
260929
260929
260929
260929
260929
260929
260929
260929
260929
260929
260929
260929
260929
260929
260929
260929
260929
260935
260935
261017
261017
261017
261017
261017
261017
261017
261017
261747
261747
261747
261747
261747
261747
261747
261747
261747
261747
261747
261747
262436
262436
262436
262436
262436
262436
262436
262436
262436
262436
262436
262436
262436
262436
262436
262436
262436
262728
262728
262728
262728
262728
262728
262728
262728
262728
262728
262728
262728
262728
262728
262728
262728
262728
262728
262728
262728
262787
262787
262787
262787
262787
262787
262787
262787
262787
262787
262787
262787
262787
262787
262787
262954
262954
262954
262954
262954
262954
262954
262954
262954
262954
262954
263030
263030
263030
263030
263030
263030
263030
263030
263030
263030
263030
263030
263030
263030
263030
263030
263030
263192
263192
263192
263192
263192
263192
263192
263192
263192
263192
263192
263192
263192
263192
263192
263192
263192
263192
263292
263292
263292
263292
263292
263292
263292
263292
263292
263292
263568
263568
263568
263568
263568
263568
263568
263921
263921
264217
264217
264566
264566
264566
264566
264566
264566
264566
264566
264566
264566
264566
264566
264566
264566
264566
264566
264566
264566
264776
264776
264776
264776
264776
264776
264854
264854
264854
264854
264854
264854
264854
264854
264854
264854
264980
264980
264980
264980
264980
264980
264980
264980
264980
264980
264980
264980
264980
264980
264980
264980
264980
264980
265561
265561
265561
265561
265561
265561
265561
265561
265561
265561
265634
265634
265634
265634
265634
265634
265634
265634
265634
265634
265634
265634
265634
265634
265634
265668
265668
265668
265668
265668
265668
265668
265681
265988
265988
265988
265988
265988
265988
265988
265988
265988
265988
265988
265988
265988
265988
265988
266220
266220
266220
266220
266220
266220
266220
266220
266220
266220
266220
266220
266271
266271
266271
266271
266271
266271
266271
266271
266271
266271
266271
266271
266271
266271
266271
266271
266271
266271
266271
266271
266386
266431
266431
266431
266431
266431
266431
266431
266431
266431
266892
266892
266892
266892
266892
266892
266892
266892
266892
266892
266892
266892
267485
267485
267485
267485
267485
267485
267485
267485
267485
267485
267485
267485
267485
267485
267485
267485
267485
267485
267485
267511
267511
267511
267511
267511
267511
267511
267511
267512
267512
267512
267512
267512
267512
267512
267512
267512
267512
267512
267512
267512
267923
267923
267923
267923
267923
267923
268430
268430
268430
268430
268430
268430
268430
268430
268430
268430
268430
268430
268430
268430
268430
268430
268430
268430
268430
268461
268461
268461
268461
268461
268461
268538
268538
268538
268540
268540
268540
268540
268540
268540
268540
268540
268540
268540
268540
268540
268540
268540
268540
268941
268941
268941
268941
268941
268941
268941
268941
268941
268941
268941
268941
269129
269129
269129
269129
269129
269129
269129
269129
269129
269129
269129
269129
269129
269129
269129
269146
269146
269146
269259
269259
269259
269259
269259
269259
269259
269259
269259
269259
269259
269259
269664
269664
269664
269664
269664
269664
269664
269664
269664
269664
269664
269664
269664
269854
269854
269854
269961
269961
269961
269961
269961
269961
270380
270380
270380
270380
270380
270380
270380
270380
270380
270380
270380
270380
270380
270380
270380
270380
270380
270380
270541
270541
270541
270541
270541
270541
270541
270541
270541
270541
270541
270541
270541
270541
270724
270851
270851
270851
270851
270851
270851
270851
270851
270851
270851
270851
270851
270851
270851
270926
270926
270926
270926
270926
270926
270926
270926
270926
270926
270926
270926
270926
270926
270926
270926
270926
270926
271490
271490
271490
271490
272795
272795
272795
272795
272795
272795
272795
272795
272795
272795
272856
272856
272856
272856
272856
272856
272856
272856
272856
273212
273212
273212
273212
273212
273212
273212
273212
273212
273212
273294
273294
273294
273294
273294
273294
273294
273294
273294
273294
273294
273313
273313
273313
273313
273313
273313
273313
273313
273313
273313
273313
273313
273313
273313
273313
273313
273313
273382
273382
273382
273382
273382
273382
273403
273403
273403
273403
273403
273403
273403
273403
273403
273403
273403
273403
273403
273403
273403
273403
273403
273403
273403
273440
273440
273440
273440
273440
273440
273440
273440
273440
273440
273440
273440
273440
273440
273794
273794
273794
273794
273794
273794
273794
273794
273794
273794
273794
273794
273794
273794
273794
273874
273874
273874
273874
273874
273874
273874
273874
273874
273874
274280
274280
274280
274280
274280
274280
274280
274280
274280
274280
274280
274280
274280
274280
274280
274280
274280
274280
274280
274299
274299
274416
274416
274416
274416
274416
274416
274416
274416
274416
274416
274416
274416
274416
274416
274416
274416
275182
275182
275182
275182
275182
275182
275182
275182
275272
275272
275272
275272
275272
275272
275272
275272
275272
275382
275382
275382
275717
275717
275717
275717
276042
276042
276042
276042
276042
276042
276042
276042
276042
276042
276042
276042
276147
276147
276147
276147
276147
276147
276147
276147
276147
276147
276147
276147
276147
276147
276147
276147
276611
276611
276611
276611
276611
276611
276614
276614
276614
276614
276614
276614
276614
276614
276614
276614
276614
276712
276712
276712
276712
276712
276712
276712
276712
276712
276712
276712
276712
276712
276864
276864
276864
276864
276864
276864
276864
276864
276864
276864
276864
276864
276864
276864
276864
278119
278334
278334
278334
278334
278334
278334
278334
278334
278334
278360
278360
278360
278360
278360
278360
278360
278360
278360
278360
278360
278360
278360
278360
278360
278801
278801
278801
278801
278801
278801
278806
278806
278806
278806
278806
278806
278806
278806
278806
278806
278806
278806
278806
279185
279258
279258
279258
279383
279383
279383
279383
279383
279383
279383
279383
279383
279383
279383
279383
279494
279494
279494
279494
279494
279494
279494
279494
279494
279494
279494
279494
279494
279494
279494
279494
279494
279643
279643
279643
279643
279643
279643
279643
279643
279643
279643
279698
279698
279698
279698
279698
279698
280100
280100
280100
280100
280100
280100
280100
280100
280100
280100
280100
280100
280100
280100
280100
280100
280100
280100
280100
280199
280199
280199
280199
280209
280209
280209
280209
280209
280272
280272
280327
280327
280327
280327
280327
280327
280327
280327
280327
280327
280327
280327
280327
280327
280327
280327
280327
280327
280327
280327
280408
280408
280408
280408
280408
280412
280412
280412
280412
280412
280412
280412
280412
280412
280412
280412
280412
280412
280412
280412
280412
280786
280786
280786
280786
281022
281022
281022
281022
281022
281240
281240
281240
281240
281240
281240
281240
281240
281240
281240
281240
281240
281240
281240
281240
281352
281352
281352
281352
281352
282146
282146
282146
282146
282146
282146
282146
282146
282146
282146
282146
282146
282146
282146
282146
282146
282146
282146
282164
282164
282164
282164
282164
282164
282164
282164
282164
282164
282164
282164
282164
282164
282164
282164
282164
282288
282288
282288
282288
282288
282288
282288
282288
282288
282288
282288
282288
282288
282288
282288
282288
282470
282470
282470
282470
282470
282470
282470
282470
282470
282470
282470
282470
282470
282470
283690
283690
283690
283690
283690
283690
283690
283690
283690
283690
283690
283690
283690
283690
283690
284291
284291
284291
284291
284291
284291
284291
284291
284291
284291
284291
284291
284291
285032
285032
285032
285032
285032
285032
285032
285032
285032
285032
285032
285032
285101
285101
285101
285101
285101
285101
285101
285101
285101
285101
285194
285194
285194
285194
285194
285194
285194
285194
285194
285194
285194
285194
285194
285194
285194
285296
285296
285296
285862
285862
285862
285862
285862
285862
285862
285862
285862
285862
285862
285862
285862
285862
285862
286032
286032
286032
286032
286032
286032
286032
286032
286032
286032
286032
286032
286032
286032
286032
286066
286066
286066
286066
286066
286066
286066
286066
286066
286066
286066
286066
286066
286066
286203
286267
286267
286267
286267
286267
286267
286267
286267
286267
286267
286322
286322
286322
286322
286322
286322
286322
286322
286322
286322
286322
286322
286322
286322
286322
286322
286484
286484
286484
286484
286704
286704
286704
286704
286704
286704
286704
286704
286704
286704
286704
286704
286704
286704
286704
286704
286995
286995
286995
286995
286995
286995
286995
286995
286995
286995
286995
286995
286995
286995
286995
286995
286995
287003
287003
287003
287003
287269
287269
287269
287449
287449
287449
287449
287449
287449
287449
287449
287449
287449
287449
287449
287477
287477
287477
287477
287477
287477
287477
287477
287477
287477
287477
287477
287477
287477
287477
287477
287477
287477
288445
288445
288445
288445
288445
288445
288445
288445
288445
288445
288552
288552
288552
288552
288552
288552
288552
288552
288552
288552
288552
288552
288552
288552
288552
288552
288552
288552
288552
289021
289021
289021
289021
289021
289021
289021
289021
289021
289021
289021
289021
289021
289021
289021
289116
289116
289116
289116
289116
289116
289116
289116
289116
289116
289116
289116
289116
289116
289116
289116
289116
289116
289116
289116
289372
289372
289754
289754
289754
289754
289754
289754
289754
289754
289754
289754
289754
289827
289827
289827
289827
289827
289827
289827
289827
289827
289827
289827
289827
289827
289827
289827
289840
289840
289840
289840
289840
289840
289840
289840
289840
289840
289840
289840
289840
289840
289840
289840
289840
289840
289840
290565
290565
290565
290565
290565
290565
290840
290840
290840
290840
290840
290840
290840
290840
290840
290840
290840
290840
290840
290840
291256
291256
291358
291358
291358
291358
291358
291358
291358
291358
291358
291358
291358
291358
291358
291358
291358
291358
291358
291694
291694
291694
291694
291694
291694
291694
291694
291694
291694
291694
291694
291694
291694
291694
291728
291728
291728
291728
291728
291728
291728
291728
291728
291728
291728
291728
291728
291728
291728
291728
291728
291728
291728
292251
292251
292251
292251
292251
292251
292251
292251
292251
292251
292251
292251
292251
292251
292251
292251
292251
292251
292251
292394
292394
292394
292394
292394
292394
292394
292394
292394
292412
292412
292412
292412
292412
292412
292412
292412
292412
292412
292412
292412
292412
292412
292412
292412
292464
292464
292464
292464
292464
292464
292464
292464
292558
292558
292558
292558
292558
292558
292558
292558
292558
292558
292558
292558
292558
292558
292558
292558
292558
292558
292621
292621
292621
292621
292621
292621
292621
292621
292621
292621
292621
292621
292621
292621
292885
292885
292885
292885
292885
292885
292885
292885
292885
292885
292885
292885
292885
292885
292885
293007
293030
293030
293030
293030
293030
293030
293030
293030
293030
293030
293030
293370
293370
293599
293599
293599
293960
293960
293960
293960
293960
293960
293960
293960
293960
293960
293960
293960
293960
293960
293960
294230
294230
294230
294230
294230
294230
294230
294230
294230
294230
294230
294716
294716
294716
294716
294716
294716
294716
294716
294716
294716
294716
294716
294716
294716
294716
294716
294716
294716
294716
294716
294744
294744
294744
294744
294744
294744
294744
294744
294744
294744
294744
294744
294744
294744
294744
294744
294744
294873
294873
294873
294873
294873
294873
294873
294873
294873
294873
294873
294873
294873
294873
294873
294873
294873
294873
294873
294873
295003
295003
295698
295698
295698
295698
295698
295698
295698
295698
295698
295698
295698
295698
295698
295698
295698
295698
296109
296109
296109
296109
296109
296109
296109
296109
296109
296109
296109
296109
296109
296109
296109
296109
296109
296268
296268
296268
296268
296268
296268
296268
296268
296268
296268
296268
296416
296416
296416
296416
296416
296416
296416
296416
296416
296498
296498
296498
296498
296498
296498
296498
296498
296498
296498
296498
296498
296498
296498
296498
296498
296498
296498
296589
296589
296589
296589
296589
296589
296589
296589
296589
296589
296589
296589
296589
296589
296589
296589
296589
296589
296923
296923
296923
296923
296923
296923
296923
296923
296923
296923
296923
296923
296923
297011
297011
297011
297011
297011
297011
297011
297011
297011
297011
297011
297011
297011
297011
297011
297011
297087
297087
297087
297087
297087
297087
297087
297342
297342
297342
297342
297342
297342
297342
297342
297342
297342
297342
297342
297342
297342
297735
297735
297735
297735
297735
297735
297735
297735
297735
297735
297735
297735
297735
297735
298333
298333
298333
298333
298333
298333
298333
298333
298333
298333
298333
298333
298333
298554
298554
298554
298554
298554
298554
298554
298554
298554
298554
298554
298554
298554
298554
298554
298554
298732
298732
298732
298732
298732
298732
298732
298732
298732
298732
298732
298732
298732
298732
298732
298732
298732
298732
298732
298799
298799
298799
298799
298799
298799
298799
298799
298799
298799
298799
298799
298799
298799
298799
298799
298799
298799
298799
299643
299643
299643
299643
299643
299643
299643
299643
299643
299815
299815
299815
299815
299815
299815
299815
300013
300013
300013
300013
300013
300013
300013
300013
300013
300013
300013
300013
300013
300013
300013
300013
300013
300013
300048
300048
300048
300048
300048
300071
300071
300071
300071
300071
300071
300650
300650
300650
300650
300650
300650
300650
300650
300650
300650
300650
300650
300650
300650
300650
300650
300650
300650
300650
300650
300749
300749
300749
300749
300749
300749
300749
300803
300803
300803
300803
300803
300803
300803
300803
300803
300803
300803
300968
300968
300968
300968
300968
300968
301301
301350
301350
301350
301350
301350
301350
301350
301350
301350
301409
301409
301409
301409
301409
301409
301409
301409
301409
301409
301409
301409
301409
301409
301409
301409
301695
301695
301695
301695
301695
301695
301695
302090
302090
302090
302090
302303
302303
302303
302303
302303
302303
302303
302303
302303
302303
302303
302557
302557
302557
302557
302557
302557
302557
302557
302557
302557
302790
302790
302790
302790
302790
302790
302790
302790
302790
302790
302941
302941
302941
302941
302941
302941
302941
302941
302941
302941
302941
302941
302941
302941
302941
302996
302996
302996
303707
303707
303707
303707
303707
303707
303976
303976
303976
303976
303976
303976
303976
303976
303976
303976
303976
303976
303976
303976
303976
303976
303976
303976
304035
304035
304035
304035
304035
304035
304035
304035
304035
304035
304035
304035
304405
304405
304405
304405
304405
304405
304405
304405
304405
304405
304405
304405
304405
304405
304405
304405
304405
304405
304405
304405
304455
304773
304773
304773
304773
304929
304929
304929
304929
304929
304929
304929
304929
304929
304929
304929
304929
305228
305228
305228
305228
305228
305228
305228
305228
305228
305228
305228
305228
305228
305228
305228
305228
305237
305600
305600
305600
305600
305600
305600
305600
305600
305600
305600
305600
305600
305600
305600
305600
305600
305600
305600
305747
305747
305747
305747
305747
305795
305795
305795
305795
305795
305795
305795
305795
305795
305795
305795
306228
306228
306228
306228
306228
306228
306228
306228
306228
306228
306228
306228
306228
306228
306228
306228
306260
306260
306260
306260
306260
306260
306260
306260
306502
306502
306502
306502
306502
306502
306502
306502
306502
306502
306502
306502
306502
306502
306502
306502
306502
306502
306502
306620
306620
306620
306620
306620
306620
306620
306620
306620
306620
306620
307154
307154
307154
307154
307154
307154
307154
307154
307154
307154
307154
307154
307154
307154
307154
307154
307154
307312
307312
307312
307435
307753
307753
307753
307753
307753
307753
307753
307753
307753
307753
307753
307753
307753
307753
307790
307790
307790
307790
307790
307790
307790
308401
308401
308401
308401
308401
308401
308401
308401
308401
308500
308500
308500
308500
308500
308500
308500
308500
308500
308500
308500
308854
308854
308854
308854
308854
308854
309085
309213
309213
309213
309213
309315
309315
309315
309315
309315
309315
309315
309315
309315
309315
309315
309315
309315
309315
309315
309549
309549
309549
309549
309549
309549
309549
309549
309549
309549
309549
309549
309549
309549
309549
309549
309549
309549
309549
309583
309583
309583
309583
309753
309753
309753
309753
309753
309753
309753
309753
309753
309753
310232
310232
310232
310232
310232
310232
310232
310232
310232
310232
310232
310232
310232
310236
310236
310236
310236
310236
310731
310731
310731
310731
310731
310731
310731
310731
310731
310731
310731
310759
310759
310759
310759
310759
311031
311031
311031
311031
311031
311031
311031
311031
311031
311031
311031
311031
311031
311031
311031
311311
311311
311311
311311
311311
311311
311311
311403
311403
311403
311403
311403
311403
311403
311419
311419
311419
311419
311419
311419
311419
311419
311419
311419
311419
311419
311419
311419
311419
311419
311419
311419
311515
311515
311515
311515
311515
311515
311515
311515
311515
311515
311515
311515
311515
311515
311515
311515
311515
311515
311515
311560
311560
311560
311560
311560
311560
311560
311560
311560
311560
311560
311560
311560
311560
311560
311560
311560
311560
312509
312509
312509
312509
312509
312509
313208
313694
313694
313694
313694
313694
313694
313694
313694
313694
313694
313694
313694
313694
313714
313714
313714
313714
313714
313714
313714
313714
313714
313714
313714
313714
313714
313714
314418
314418
314418
314590
314590
314590
314590
314590
314590
314590
314590
314590
314590
314590
314590
314590
314590
314590
314590
314590
314872
314872
314872
314872
314872
314872
314872
314872
314872
314872
314872
314872
314872
314872
314872
314872
314872
315165
315165
315182
315182
315182
315182
315182
315182
315182
315182
315182
315182
315182
315182
315182
315182
315182
315182
315182
315182
315182
315377
315377
315377
315405
315405
315405
315405
315405
315405
315405
315405
315405
315405
315405
315405
315405
315405
315405
315405
315662
315662
315662
315662
315860
315860
315860
315860
315860
315860
315860
315860
315860
315860
315860
315860
315860
315860
315860
315860
316088
316088
316088
316088
316088
316088
316088
316088
316088
316088
316088
316088
316088
316088
316088
316088
316088
316088
316140
316140
316140
316140
316140
316140
316140
316140
316140
316140
316140
316140
316140
316140
316140
316140
316837
316837
316837
316837
316837
316837
316837
316837
316837
316837
316837
316837
316837
316837
316837
316837
316837
316837
316837
316873
316873
316873
316873
316873
316873
316873
316873
316873
316873
316873
317292
317292
317292
317292
317292
317292
317292
317292
317292
317292
317292
317292
317292
318247
318247
318247
318247
318247
318247
318343
318343
318343
318343
318343
318343
318343
318343
318343
318343
318343
318343
318343
318343
318343
318343
318343
318343
318343
318343
318576
318576
318576
318576
318576
318576
318576
318576
318576
318576
318576
318576
318576
318576
318576
318576
318576
318637
318637
318637
318637
318637
318637
318637
318637
318637
318637
318637
318637
318637
318637
318811
318811
318811
318811
318811
318811
319021
319021
319059
319059
319059
319059
319059
319059
319059
319059
319059
319059
319059
319059
319059
319059
319059
319059
319059
319059
319059
319092
319092
319092
319092
319092
319092
319092
319092
319092
319092
319092
319092
319092
319092
319092
319092
319092
319092
319503
319503
319503
319503
319503
319503
319503
319626
320132
320132
320132
320132
320132
320132
320132
320417
320417
320417
320417
320417
320417
320417
320417
320417
320417
320417
320417
320453
320453
320453
320453
320453
320453
320453
320577
320577
320577
320577
320577
320577
320577
320577
320577
320577
320577
320577
320577
320577
320728
320728
320728
320821
320821
320821
320821
320821
320821
320821
320821
320821
320821
320821
320821
320821
320821
320821
320821
320821
320821
321268
321268
321268
321268
321268
321268
321268
321268
321268
321268
321268
321297
321297
321297
321297
321297
321297
321297
321297
321297
321297
321297
321297
321297
321297
321297
321297
321297
322156
322156
322156
322156
322156
322156
322156
322156
322367
322367
322367
322367
322367
322367
322367
322367
322367
322523
322523
322523
322523
322523
322523
322523
322523
322523
322523
322523
322523
322523
322523
322523
322523
322523
322597
322597
322597
322597
322597
322597
322597
322597
322597
322597
322597
322597
322597
322770
322770
322770
322770
322770
322770
322770
322770
322770
323005
323005
323005
323005
323005
323005
323005
323005
323005
323054
323054
323054
323054
323054
323054
323280
323280
323280
323280
323280
323280
323280
323280
323280
323280
323280
323280
323280
323280
323280
323280
323280
324122
324122
324122
324122
324122
324122
324122
324122
324122
324122
324122
324122
324470
324470
324470
324470
324470
324470
324470
324470
324470
324470
324470
324470
324470
324470
324470
324470
324470
324470
324470
324577
325777
325777
325777
325777
325777
325777
325777
325777
325777
325777
325777
325777
325777
325777
325777
326109
326109
326109
326109
326109
326109
326109
326109
326109
326109
326109
326109
326109
326109
326109
326109
326109
326554
326554
326554
326554
326554
326554
326554
326554
326711
326711
326711
326711
326711
326711
326711
326711
326711
326711
326711
326711
326781
326781
326781
326781
326781
326781
326781
326781
326781
326781
326781
326781
326781
326781
326781
326781
326781
326781
326781
327181
327181
327181
329031
329031
329031
329031
329031
329031
329031
329031
329031
329031
329031
329031
329031
329031
329102
329102
329102
329102
329102
329102
329102
329102
329352
329352
329352
329352
329352
329352
329352
329352
329352
329352
329352
329352
329352
329352
329352
329352
329352
329352
329352
329526
329526
329526
329526
329643
329643
329643
329643
329643
329891
329891
329891
329891
329891
329891
329891
329891
329891
329891
329891
329891
329891
329891
329891
329891
329891
329891
330401
330401
330401
330679
330679
330679
330679
330679
330679
330679
330679
330679
330679
330679
330679
330679
330679
330679
330714
330714
330714
330714
330714
330714
330714
330714
330795
330795
330795
330795
330795
330795
330795
330795
330795
330795
330795
330795
330795
330795
331131
331131
331131
331131
331131
331131
331131
331131
331131
331131
331131
331269
331269
331269
331437
331437
331437
331437
331437
331437
331437
331437
331463
331463
331463
331463
331463
331463
331463
331463
331463
331463
331463
331463
331463
331463
331463
331463
331463
331463
331463
331463
331860
331860
331860
331860
331860
331860
331860
331860
331860
331860
331860
331860
331860
331860
332550
332550
332550
332550
332550
332550
332550
332550
332550
332550
332550
332550
332550
332550
333244
333244
333244
333244
333244
333244
333244
333272
333272
333272
333272
333272
