10535 500000
66709
66709
66709
66709
66719
66719
66719
66719
66719
66719
66719
66719
66719
66719
66719
66719
66762
66762
66762
66762
66762
66762
66762
66762
66762
66762
66762
66762
66762
66762
66762
66762
67150
67150
67150
67150
67150
67150
67150
67150
67150
67156
67156
67156
67156
67156
67156
67156
67156
67156
67156
67156
67156
67156
67536
67536
67536
67536
67536
68099
68099
68099
68099
68099
68099
68099
68099
68099
68099
68099
68099
68099
68099
68099
68099
68099
68099
68099
68099
68914
68914
68914
68914
68914
69215
69215
69215
69215
69215
69215
69215
69215
69215
69215
70052
70052
70052
70052
70052
70052
70052
70052
70052
70052
70052
70052
70052
70052
70052
70052
70085
70168
70337
70337
70337
70448
70448
70448
70633
70633
70633
70633
70633
70633
70633
70633
71157
71157
71157
71157
71157
71157
71157
71157
71157
71157
71157
71157
71157
71157
71157
71460
71460
71460
71460
71460
71460
71769
71769
71769
71769
71769
71769
71769
71769
71769
71769
71769
71769
71769
71769
71769
71769
71769
71769
72217
72217
72217
72277
72481
72929
72929
72929
72929
72929
72929
72929
72929
72929
72929
72929
72929
73422
73422
73422
73422
73422
73422
73422
73422
73422
73422
73422
73422
73422
73422
73422
73422
73422
73422
73422
75057
75057
75057
75057
75057
75057
75057
75057
75057
75057
75057
75057
75057
75057
75057
75282
75282
75282
75282
75282
75282
75282
75282
75282
75605
75605
75605
75605
75605
75605
75605
75605
75605
75605
75605
75605
75605
75605
75605
75605
75605
75605
75605
76146
76146
76146
76146
76146
76146
76146
76146
76146
76146
76146
76146
77023
77023
77023
77023
77023
77023
77023
77092
77092
77092
77092
77315
77315
77315
77315
77315
77315
77315
77315
77315
77315
77315
77315
77315
77378
77378
77378
77378
77378
77378
77378
77378
77378
77378
77378
77378
77378
77378
77378
77378
77378
77378
77378
77742
77742
77742
77742
77742
77742
78303
78303
78303
78303
78303
78303
78303
78303
78303
78303
78303
78303
78303
78303
78303
79012
79012
79012
79012
79012
79012
79012
79012
79012
79012
79012
79012
79012
79012
79012
79012
79012
79012
79035
79035
79035
79035
79035
79035
79035
79035
79035
79035
79035
79035
79035
79035
79035
79035
79035
79035
79363
79363
79363
79363
79363
79363
79363
79363
79363
79363
79363
79944
79944
79944
79944
79944
79944
79944
80007
80007
80007
80007
80007
80346
80346
80346
80346
80346
80346
80346
80346
80346
80346
80346
80346
80346
80346
80875
80875
80875
80875
80875
80875
80875
80875
80875
80875
80875
80875
80875
80875
80875
80875
81254
81254
81254
81254
81254
81254
81254
81254
81254
81254
81254
81779
81779
81779
81779
81779
81779
81779
81779
81779
81779
81779
81779
81779
81779
82056
82056
82056
82056
82056
82056
82389
82389
82389
82389
82389
82389
82389
82389
82389
82389
82389
82389
82389
82389
82389
82389
82389
82389
82389
82389
82750
82750
82750
82750
82750
82750
82750
82750
82750
82750
82750
82750
82750
82750
82750
82750
82750
82750
82750
83082
83082
83082
83082
83082
83082
83082
83082
83082
83082
83280
83280
83280
83280
83280
83280
83280
83280
83280
83280
83280
83280
83280
83280
83280
83280
83280
83640
83640
83640
83640
83640
83640
83640
83640
83640
83640
83640
83640
83640
83640
83640
83640
83640
84231
84231
84231
84231
84275
84275
84275
84275
84275
84275
84275
84275
84275
84275
84283
84283
84283
84283
84283
84283
84522
84522
84522
85063
85063
85063
85063
85063
85063
85063
85281
85281
85281
85281
85281
85281
85281
85281
85281
85281
85281
85281
85371
85371
85371
85371
85371
85371
85371
85371
85371
85371
85371
86243
86243
86243
86243
86243
86243
86243
86243
86243
86243
86243
86243
86243
86243
86243
86243
86243
86243
86243
86243
86302
86302
86302
86302
86302
86302
86302
86302
86302
86302
86302
86302
86302
86302
86302
86430
86430
86430
86430
86430
86430
86430
86430
86430
86430
86523
86523
86523
86523
86523
86523
86722
86722
86722
86722
86747
86747
86747
86747
86747
86747
86747
86747
86747
86747
86747
86747
86747
86747
87627
87627
87627
87627
87627
87636
87636
87636
87636
87636
87636
87715
87715
87715
87715
87715
87715
87715
87715
87715
87715
87715
87715
87715
87715
87715
87715
87715
87715
87715
87715
87756
87756
87756
87756
87756
87756
87756
87756
87756
87756
87756
87756
87756
87756
87756
87817
87817
87817
87817
87817
87817
87817
87817
87817
88041
88041
88041
88041
88041
88041
88041
88041
88041
88041
88041
88041
88041
88041
88041
88041
88041
88041
88041
88061
88061
88061
88061
88061
88061
88337
88337
88337
88337
88337
88337
88337
88337
88337
88337
88337
88337
88337
88337
88337
88644
88644
88644
88701
88701
88701
88918
88918
88918
88918
88918
88918
88918
88918
88918
88918
88918
88918
88918
88918
88918
88918
88918
88918
89424
89424
89424
89424
89424
90208
90208
90208
90277
90277
90277
90277
90277
90277
90277
90277
90277
90277
91000
91000
91000
91000
91000
91000
91000
91000
91000
91000
91000
91000
91000
91000
91000
91000
91000
91000
91899
91899
91899
91899
91899
91899
91899
92055
92055
92055
92240
92240
92240
92240
92240
92240
92240
92240
92240
92240
92240
92240
92240
92240
92240
92763
92763
92763
92763
92763
92763
92763
92763
92763
92763
92763
92911
92911
92911
92911
92911
92912
92912
92912
92912
92912
92912
92912
92912
92955
92955
92955
92955
92955
92955
92955
92955
92955
92955
92955
92955
92955
92955
92955
92955
92955
92955
93093
93406
93406
93406
93406
93406
93406
93406
93406
93406
93488
93546
93546
93546
93546
93648
93648
93648
93648
93648
93648
93648
93648
93648
93648
93648
93648
93648
93648
93648
93648
93648
93648
93648
93648
93661
93661
93661
93661
93661
93745
93745
93745
93745
93745
93745
93745
93745
93745
93745
93745
93745
93745
93745
93745
93745
93745
93745
93745
93849
93849
93849
93849
93849
93849
93849
93972
93972
93972
93972
93974
93974
93974
93974
93974
93974
93974
93974
93974
93974
93974
93974
93974
93974
93974
93974
93974
93974
94595
94595
94627
94627
94627
94627
94627
94627
94627
94627
94627
94627
94627
94627
94627
94627
94627
94627
94627
94655
94655
94655
94655
94655
94655
94655
94655
94655
94655
94655
94655
94655
94655
94655
95087
95608
95608
95608
95608
95608
96572
96572
96572
96572
96572
96572
96572
96572
96572
96572
96572
96572
96572
96572
96572
96572
96572
96572
96572
96572
98213
98213
98213
98213
98213
98500
98500
98500
98608
98608
98608
98625
98625
98625
98625
98625
98625
98625
98770
98770
98770
98770
98770
98770
98770
98770
98770
98770
98770
98770
98770
98770
99036
99036
99036
99036
99036
99036
99036
99036
99036
99036
99036
99036
99036
99036
99068
99068
99068
99068
99068
99068
99068
99068
99068
99068
99068
99068
99068
99068
99224
99224
99224
99224
99362
99362
99362
99362
99362
99362
99600
99600
99600
99600
99600
99600
99600
99805
99805
99805
99805
99805
99805
99805
99805
99805
99805
100464
100464
100464
100464
100464
100464
100464
100464
100464
100464
100464
100464
100464
100464
100464
100464
100464
100464
100464
100527
100527
100527
100527
100527
100527
100527
100527
100527
100527
100527
100527
100527
100650
100650
100650
100650
100650
100650
100650
100650
100650
100766
100766
100766
100766
100766
100766
100766
100766
100766
100766
100766
100766
100766
100766
100766
100766
100942
100942
100942
100942
100942
100942
100942
100942
100942
100942
100942
100942
100942
100942
100942
100942
100942
100942
101315
101315
101315
101315
101315
101315
101315
101315
101315
101315
101907
101907
101907
101907
101907
101907
101907
101907
101907
102504
102504
102504
102504
102504
102504
102504
102504
102504
102504
102504
102504
102504
102504
102504
102504
102504
102504
102662
102662
102662
102662
102662
102662
102662
102662
102662
102662
102662
102662
102662
102662
102662
102662
102662
103078
103993
103993
103993
103993
103993
103993
103993
103993
103993
103993
103993
103993
103993
103993
103993
103993
103993
103993
103993
105160
105160
105435
106065
106065
106065
106065
106065
106065
106065
106065
106065
106065
106065
106065
106065
106349
106349
106349
106349
106349
106349
106391
106391
106528
106528
106528
106528
106528
106528
106528
106528
106528
106589
106589
106589
106589
106589
106589
107360
107360
107360
107360
107360
107360
107360
107360
107360
107360
107360
107360
107360
107360
107360
107360
107360
107360
107360
107692
107692
107692
107692
107692
107692
107692
107692
107692
107692
107692
107692
107692
107692
107692
107692
107692
107692
107692
107692
107718
107718
107718
107718
107718
107718
107718
107718
107718
107718
107718
107718
108060
108060
108060
108345
108345
108345
108345
108345
108345
108345
108345
108345
108345
108345
108345
108345
108345
108345
108345
108345
108345
108345
108361
108361
108361
108361
108361
108361
108361
108361
108361
108361
108361
108361
108361
108361
108361
108363
108363
108363
108363
108363
108363
108363
108363
108363
108363
108363
108363
108363
108363
108363
108850
109074
109074
109074
109074
109074
109074
109074
109074
109074
109074
109074
109074
109074
109074
109074
109074
109761
109761
109761
109761
109761
109761
109761
109761
109761
109761
109761
109761
109761
109761
109761
109761
109761
109761
109947
109947
109947
109947
109947
109947
109947
109947
109947
109947
110755
110755
110755
110755
110755
110755
110755
110755
110755
110755
110755
110755
110755
110755
110755
110755
110755
111371
111371
111371
111371
111371
111371
111371
111371
111371
111371
111371
111371
111371
111371
111371
111371
111950
111950
111950
111950
111950
111950
112330
112330
112330
112330
112330
112330
112330
112330
112330
112330
112330
112330
112330
112330
112330
112330
112350
112350
112350
112350
112350
112350
112350
112350
112350
112484
112484
112484
112484
112484
112484
112484
112784
112784
112784
112784
112784
112784
112784
112784
112784
113230
113230
113230
113230
113230
113649
113649
113649
113649
113649
113649
113649
113649
113649
113649
113649
113649
113670
113670
113670
113670
113670
113670
113670
113670
113670
113670
113670
113829
113829
113829
113829
113829
113829
113829
113829
113829
113829
113829
113829
113829
113829
113829
113829
113829
113829
114218
114218
114218
114244
114244
114244
114244
114244
114244
114244
114244
114244
114244
114244
114244
114244
114244
114244
114244
114637
114637
114637
114637
114637
114637
114834
114834
114834
114834
114834
114834
114834
114834
114834
114834
114834
114834
114834
114834
115315
115315
115315
115315
115315
115315
115315
115315
115315
115315
115315
115315
115315
115315
115315
115315
115361
115361
115361
115361
115361
115361
115361
115361
115361
115361
115361
115469
115469
115469
115469
115469
115469
115469
116194
116194
116194
116194
116194
116633
116633
116633
116633
116702
116702
116702
116702
116702
116702
116702
116702
116702
116702
116789
116789
116789
116789
116789
116789
116789
117289
117289
117289
117526
117526
117526
117526
117526
117526
117526
117526
117526
117526
117526
117526
117526
117526
118147
118147
118147
118147
118147
118147
118147
118147
118147
118254
118254
118254
118254
118254
118254
118254
118254
118254
118254
118254
118254
119164
119164
119164
119164
119302
119302
119302
119302
119302
119302
119302
119302
119302
119302
120153
120153
120738
120738
120738
120738
120738
120738
120738
120738
120738
120738
120738
120738
120738
120738
120738
120738
120738
120738
120738
120738
120958
120958
120958
120958
121297
121297
121297
121297
121297
121297
121297
121838
121838
121838
121838
121838
121838
121838
121838
121885
121885
121885
121885
121885
121885
121885
121885
121885
121885
121885
121885
121885
122064
122064
122064
122064
122064
122064
122064
122064
122064
122064
122064
122177
122177
122177
122177
122449
122449
122449
122449
122449
122449
122449
122449
122449
122449
122449
122449
122449
122449
122449
122449
122818
122818
122818
122818
122818
122818
122818
122818
122818
122818
122818
123179
123179
123179
123179
123179
123179
123229
123229
123229
123229
123229
123229
123229
123229
123229
123229
123229
123229
123249
123249
123249
123249
123249
123249
123249
123249
123249
123249
123249
123249
123249
123249
123381
123381
123473
123473
123473
123473
123473
124137
124137
124137
124137
124137
124137
124137
124137
124137
124137
124137
124620
124620
124620
124620
124620
124822
124822
124822
124822
124822
124822
124822
124822
124822
124822
124822
124822
124822
124822
124822
124830
124830
124830
124830
124830
124830
124830
124830
124830
124830
125134
125134
125134
125134
125134
125134
125159
125159
125159
125159
125159
125159
125159
125159
125159
125159
125159
125159
125159
125159
125159
125159
125159
125159
125288
125288
125288
125288
125288
125288
125288
125288
125288
125288
125288
125288
125288
125288
125577
125577
125577
125577
125577
125577
125577
125577
125577
125577
125577
126075
126075
126075
126075
126075
126075
126075
126125
126125
126125
126298
126298
126298
126298
126298
126298
126298
126298
126298
126480
126480
126620
126620
126620
126620
126620
126620
126620
126620
126620
126620
126620
126620
126758
126758
126758
126919
126919
126919
126919
126919
126919
126919
126919
126919
126919
126919
126934
126934
126934
126934
126934
126934
126934
126934
126934
126934
126934
126934
126934
126934
127667
127667
127667
127667
127667
127667
127667
127667
127667
127667
127667
127667
127667
127667
127667
127667
127667
127667
127667
127706
127706
127706
127706
127706
127706
127767
127767
127767
127767
127767
127767
127767
127767
127767
127767
127767
128262
128262
128262
128262
128262
128262
128262
128262
128365
128365
128365
128365
128365
128365
128365
128365
128365
128365
128365
128365
128365
128569
128569
128569
128569
128569
128569
128569
128569
128569
128569
128569
128569
128569
128569
128569
128699
128699
128699
128699
128699
128699
128699
128699
128699
128699
128842
128842
128842
128842
128842
128842
128842
128842
128842
128842
128842
128842
128842
128842
128842
128842
128842
128842
129236
129236
129236
129236
129236
129236
129236
129236
129236
129236
129236
129236
129236
129236
129236
129286
129286
129286
129286
129286
129286
129286
129286
129286
129286
129286
129286
129286
129286
129286
129286
129286
129286
129286
129577
129577
129577
129577
129577
129577
129577
129577
129577
129577
129577
129577
129577
129577
129748
129748
129748
129748
129748
129748
129748
129748
129748
129748
129748
129748
129748
129748
129748
129748
129748
129748
129748
129839
130017
130017
130017
130017
130017
130017
130017
130017
130017
130017
130017
130017
130017
130017
130017
130017
130017
130017
130017
130017
130274
130274
130274
130274
130274
130274
130274
130457
130457
130519
130519
130519
130519
130519
130519
130519
130519
130519
130519
130519
130568
130568
130568
130568
130568
130568
130568
130568
130568
130568
130568
130568
130691
130691
130691
130691
130691
130691
130691
130691
130691
130691
130691
130691
130691
130691
130691
130691
130691
130691
130691
130706
130706
131229
131229
131229
131229
131229
131229
131229
131229
131229
131229
131229
131229
131229
131229
131229
131229
131229
131440
131440
131440
131440
131440
131784
131784
131784
131784
131784
131784
131784
131784
131784
131784
131784
131784
131784
131784
131874
131874
131874
131886
131886
131886
131886
131886
131886
131886
131886
131886
131886
131886
131886
131886
132527
132732
132732
132732
132732
132732
133294
133294
133294
133294
133294
133294
133294
133492
133492
133492
133492
133492
133492
133492
133492
133492
133492
133492
133647
133647
133647
133647
133647
133647
133647
133647
133647
133647
133647
133647
133647
133647
133647
133647
134327
134327
134327
134327
134327
134327
134327
134327
134327
134327
134327
134442
134442
134896
134896
134896
134896
134896
134896
134896
134896
134905
134905
134905
134905
134905
134905
134905
134905
134905
134905
135160
135160
135160
135160
135160
135160
135160
135160
135160
135160
135160
135160
135160
135160
135160
135160
135160
135160
135438
135438
135438
135438
135438
135438
135438
135438
135438
135438
135438
135438
135438
135622
135622
135622
135622
135622
135622
135622
135622
135622
135622
135622
135622
135622
135748
135748
135748
135748
135748
135748
135748
135748
135748
135748
135748
135748
135748
136390
136390
136390
136390
136390
136390
136390
136390
136390
136390
136390
136390
136390
136589
136589
136589
136589
136589
136589
136589
136589
136589
136589
136589
136589
136589
136914
136914
136914
136914
136914
136914
136914
136914
136914
136914
136914
136914
136914
136914
136986
136986
136986
136986
136986
136986
136986
136986
136986
136986
136986
136986
136986
136986
136986
136986
137227
137227
137227
137227
137227
137227
137384
137384
137384
137384
137384
137384
137384
137384
137384
137803
137803
137803
137803
137803
137803
137803
137803
137803
137842
137842
137842
137842
137842
137842
137842
137842
137842
137842
137842
137842
137842
137842
138009
138009
138009
138009
138009
138246
138246
138246
138246
138246
138246
138246
138246
138246
138246
138246
138246
138246
138246
138246
138246
138313
138313
138596
138596
138596
138596
138596
138596
138787
138787
138787
138787
138787
138787
138787
138787
138787
138787
138787
138787
138787
138787
138787
138787
139071
139071
139071
139071
139071
139071
139071
139071
139071
139103
139103
139103
139103
139103
139103
139471
139471
139471
139471
139471
139471
139471
139471
139471
139471
139471
139471
139471
139471
139471
139471
139471
139471
139471
140243
140243
140243
140243
140243
140243
140243
140243
140243
140243
140243
140243
140243
140243
140243
140243
140266
140311
140311
140311
140311
140311
140311
140311
140311
140311
140311
140311
140311
140311
140311
140311
140311
140311
140311
140311
140311
140412
140412
140412
140412
140412
140412
140412
140653
140653
140653
140653
140653
140653
140653
140653
140653
140653
140653
140653
140653
140653
140653
140653
140653
140694
140694
140694
140694
140694
140694
140694
140694
140694
140694
140694
140694
140694
140694
140694
140694
140694
140694
140694
140694
140985
140985
140985
140985
140985
140985
140985
140985
140985
140985
140985
140985
140985
140985
142082
142082
142525
142525
142525
142525
142525
142525
142525
142525
142525
142525
142525
142525
142525
142525
142525
143727
143727
143727
143727
143727
143727
143727
143727
144013
144013
144013
144013
144203
144203
144203
144203
144203
144203
144203
144203
144203
144203
144203
144203
144203
144203
144203
144659
144659
144659
144659
144659
144659
144659
144659
145039
145039
145039
145039
145039
145039
145039
145039
145039
145039
145039
145060
145060
145060
145060
145060
145060
145060
145060
145060
145060
145060
145060
145060
145995
146018
146018
146018
146018
146018
146018
146018
146018
146018
146018
146018
146018
146018
146018
146018
146018
146018
146018
146018
146063
146063
146063
146063
146063
146063
146063
146063
146063
146063
146063
146063
146063
146063
146073
146073
146073
146073
146073
147385
147385
147385
147385
147385
147385
147385
147385
147385
147385
147730
147730
147730
147730
147730
147730
147730
147730
147730
147730
147730
148116
148116
148116
148116
148116
148116
148116
148116
148116
148116
148116
148116
148116
148116
148116
148116
148116
148116
149012
149012
149012
149012
149012
149012
149641
149641
149641
149641
149641
149867
149867
149867
149867
149867
149867
149867
149867
149867
149867
149867
149867
150126
150126
150126
150164
150164
150164
150164
150164
150164
150164
150164
150164
150164
150164
150164
150164
150164
150164
150164
150164
150403
150403
150403
150456
150456
150826
150826
150826
150826
150826
150826
150826
150826
150826
150826
150826
150826
150826
150826
150826
150826
150826
150826
150826
150826
152019
152019
152019
152019
152019
152019
152019
152019
152019
152019
152019
152622
152622
152720
152720
152720
152720
152720
152720
152720
152892
152892
152892
152892
152892
152892
152892
152892
152892
152892
152892
152892
152892
152892
152892
152892
152892
152892
152892
152892
153372
153372
153372
153372
153372
153372
153372
153372
153372
153372
153372
153372
153372
153372
153372
153685
153685
153685
153685
153685
153685
153685
153685
153685
153685
153685
154454
154454
154454
154454
154454
154454
154454
154454
154454
154454
154454
154454
154454
154454
154454
154454
154454
154454
154810
154810
155248
155248
155248
155248
155248
155248
155248
155248
155248
155502
155502
155502
155502
155502
155502
155502
155502
155502
155502
155502
155502
155502
155502
155502
155502
156030
156030
156030
156030
156030
156030
156030
156030
156030
156030
156030
156030
156030
156030
156030
156030
156030
156030
156030
156252
156252
156252
156252
156252
156252
156724
156724
156724
157016
157016
157016
157016
157171
157171
157171
157171
157171
157171
157242
157242
157242
157242
157242
157242
157242
157242
157242
157242
157242
157242
157242
157242
157242
157242
157244
157244
157244
157244
157244
157244
157244
157244
157244
157244
157244
157244
157244
157320
157320
157320
157320
157320
157320
157320
157320
157320
157926
157926
157926
157926
157926
157926
157926
157926
157926
157926
157926
157926
157926
157926
157926
157926
157926
157926
157926
157926
157938
157938
157938
157938
157938
157938
157938
157938
157938
157938
157938
157938
157938
157938
158857
158857
158857
158857
158857
158857
158857
159140
159140
159140
159140
159362
159362
159362
159362
159362
159362
159362
159362
159362
159362
159362
159362
159362
159362
159362
159442
159442
159442
159442
159442
159442
159442
159442
159442
159442
159442
160212
160212
160212
160212
160212
160212
160212
160212
160212
160212
160235
160235
160235
160235
160235
160235
160235
160235
160235
160235
160235
160235
160238
160238
160238
160238
160238
160238
160238
160238
160238
160238
160238
160238
160238
160374
160374
160374
160374
160374
160374
160374
160374
160374
160374
160374
160374
160374
160374
160475
160475
160475
160475
160475
160475
160475
160543
160543
160543
160543
160543
160543
160543
160543
160543
160543
160614
160614
160614
160614
160614
160614
160614
160809
160809
160809
160911
160911
160911
160911
160911
160911
160911
160911
160911
161126
161126
161126
161126
161126
161126
161126
161126
161126
161126
161126
161126
161126
161126
162136
162136
162136
162136
162136
162136
162136
162136
162136
162136
162136
162136
162595
162595
162595
162595
162595
162595
162595
162595
162595
162595
162595
162595
162595
162595
162595
162595
162595
162781
162781
162781
162781
163004
163004
163004
163004
163004
163004
163004
163004
163004
163004
163004
163004
163004
163004
163004
163004
163448
163448
163448
163448
163448
163462
163462
163462
163462
163462
163462
163462
163462
163462
163462
163462
163462
163522
163522
163522
163522
163522
163522
163522
163522
163522
163716
163716
163716
163716
163716
163716
163716
163716
163716
163716
163805
163805
163805
163805
163805
163805
163805
163805
163805
163805
163805
163805
163805
163805
163805
163805
163805
163805
163805
163892
163892
163892
163892
164461
164475
164475
164475
164475
164475
164475
164475
164475
164475
164475
164475
164475
164475
164475
164475
164475
164475
164475
164475
164475
164491
164491
164491
164491
164491
164491
164491
164491
164491
164491
164491
164491
164491
164589
164589
164589
164589
164589
164589
164901
164901
164901
164901
164901
164901
164901
164901
164901
164901
164901
164901
164901
164901
165431
165431
165431
165431
165431
165431
165431
165431
165431
165431
165431
165431
165431
165431
165431
165431
165489
165489
165489
165489
165489
165489
165489
165489
165489
165489
165489
165489
165489
165489
165489
165489
165725
165725
165725
165725
165725
165725
165725
165725
165725
165725
165725
165725
165725
165725
165725
165725
165725
165725
165725
165725
166109
166130
166130
166130
166130
166130
166130
166130
166130
166130
166130
166130
166130
166130
166130
166130
166130
166130
166130
166130
166130
166233
166233
166233
166233
166233
166233
166233
166233
166233
166233
166233
166233
166233
166233
166233
166233
166233
166271
166271
166271
166271
166271
166271
166271
166271
166271
166271
166271
166271
166271
166271
166650
166650
166650
166650
166650
166650
166650
166650
166650
166650
166650
166650
166650
166650
166901
166901
166901
166901
166901
166901
166901
166901
167305
167305
167305
167649
167649
167649
167649
167649
167649
167649
167649
167649
167649
167649
167649
167649
167649
167777
167777
168000
168000
168000
168000
168000
168000
168000
168000
168581
168581
168581
169013
169013
169013
169013
169013
169013
169013
169013
169013
169013
169013
169013
169013
169013
169013
169013
169013
169013
169013
169013
169071
169071
169071
169071
169071
169071
169071
169071
169071
169071
169071
169071
169071
169071
169071
169071
169071
169071
169071
169071
169307
169307
169307
169307
169307
169307
169307
169307
169307
169404
169404
169404
169404
169404
169404
169404
169404
169404
169404
169404
169404
169404
169404
169404
169404
169750
169750
169750
169750
169750
169750
169755
169755
169755
169755
169755
169755
170348
170348
170348
170348
170348
170348
170348
170348
170348
170348
170348
170348
170399
170399
170399
170399
170399
170399
170399
170399
170399
170399
170399
170583
170583
170583
170583
170583
170583
170583
170583
170583
170583
170583
170583
170583
170583
170583
170954
170954
170954
170954
170954
170954
170954
171108
171108
171108
171108
171108
171108
171108
171108
171108
171108
171108
171108
171108
171108
171108
171108
171661
171661
171661
171661
171661
171661
171674
171674
171674
171674
171674
171674
171674
171674
172075
172075
172075
172215
172215
172796
172796
172796
172796
172796
172796
172796
172796
172796
172852
172852
172852
172852
172852
172852
172852
172852
172852
172852
172852
172852
172852
172852
172852
172852
172921
172921
172921
172921
172921
172921
172921
172921
172921
172921
172921
172921
172921
172921
172921
172921
172921
172921
172921
173054
173054
173054
173079
173255
173255
173255
173255
173255
173255
173255
173255
173255
173255
173255
173255
173255
173255
173255
173255
173255
173255
173759
173759
173759
173759
173759
173759
173759
173759
173759
173759
173759
173759
173759
173759
173759
173759
173759
173997
173997
173997
174383
174383
174383
174383
174383
174383
174383
174383
174866
174866
174866
174866
174866
174866
174866
174884
174884
175106
175106
175106
175106
175106
175106
175106
175106
175106
175106
175106
175106
175106
175106
175106
175106
175106
175106
175106
175594
175594
175594
175594
175594
175594
175844
175844
175844
175844
175844
175844
176660
176660
176660
176660
176660
176660
176660
176660
176660
176660
176660
177143
177143
177143
177143
177143
177143
177143
177143
177143
177143
177143
177233
177233
177233
177233
177233
177233
177233
177233
177233
177233
177233
177294
177443
177443
177443
177443
177443
177443
177443
177443
177443
177443
177443
177443
177443
177443
177443
177443
177443
177443
177443
177443
177476
177476
177476
177476
177638
177638
177638
177638
177638
177638
177638
177638
177638
177638
177638
177638
177638
177638
177638
177638
177638
177638
177638
177945
177945
177945
177945
177945
177945
177945
177945
177945
178200
178200
178200
178200
178200
178200
178200
178200
178200
178200
178200
178200
178200
178200
178200
178200
178200
178200
178200
178200
178384
178384
178384
178384
178384
178384
178384
178384
178384
178384
178543
178543
178543
178543
178543
178543
178543
178543
178543
178543
179356
179356
179356
179356
179356
179356
179356
179817
179817
179817
179817
179817
179817
179817
179817
179817
179920
179920
179920
179920
179920
179920
179920
179920
179920
179920
179920
179920
179920
179920
179920
179920
179920
179920
179920
179920
180194
180194
180194
180194
180194
180194
180194
180194
180194
180194
180194
180194
180194
180194
180194
180194
180194
180364
180364
180364
180364
180364
180364
180364
180364
180364
180364
180364
180364
180364
180364
180364
180364
180364
180528
180528
180528
180528
180528
180528
180528
180528
180528
180528
180528
180528
180528
180528
180528
180528
180528
180864
180864
181003
181003
181003
181003
181003
181003
181003
181003
181003
181003
181003
181003
181003
181156
181156
181156
181156
181156
181156
181156
181156
181163
181163
181163
181163
181163
181163
181163
181163
181163
181163
181163
181163
181163
181344
181344
181344
181344
181344
181344
181344
181344
181344
181344
181344
181344
181344
181344
181344
181344
181344
181565
181565
181565
181565
181565
181565
181565
181730
181730
181730
181730
181730
181730
181730
181730
181730
181773
181773
181773
181773
181773
181773
181773
181773
181773
181773
181773
181773
181773
181773
181773
181773
181773
181933
181933
181933
181933
181933
181933
181933
181933
181933
181933
181933
181933
181933
181933
181933
181933
181933
181933
181933
181933
182017
182017
182017
182017
182017
182017
182293
182805
182805
182805
182805
182805
182805
182805
182805
182805
182805
182805
182805
182805
182805
182805
182805
182805
182805
182805
182880
182880
182880
184290
184290
184521
184521
184521
184521
184521
184521
184521
184521
184646
184646
184646
184646
184646
184646
184646
184646
184646
185868
185868
185868
185868
185868
185868
185868
185868
185868
185868
185868
185868
185868
185868
186016
186016
186016
186016
186016
186016
186016
186016
186016
186016
186016
186016
186016
186016
186016
186016
186016
186016
186023
186023
186023
186023
186023
186023
186023
186023
186051
186051
186051
186051
186051
186051
186051
186051
186051
186713
186713
186713
186935
186935
186935
186935
186935
186935
186935
186935
186935
186935
186935
186935
186996
186996
186996
186996
186996
186996
186996
186996
186996
186996
186996
187032
187032
187258
187258
187258
187258
187258
187258
187304
187304
187304
187304
187304
187304
187304
187304
187304
187304
187304
187304
187304
187304
187304
187304
187517
187517
187517
187517
187651
187651
187651
187651
187651
187651
187651
187651
187651
187651
187651
187651
188174
188174
188174
188174
188174
188174
188174
188174
188174
188174
188174
188174
188174
188174
188174
188264
188264
188264
188264
188264
188264
188264
188264
188264
188264
188264
188264
188264
188571
188571
188571
188571
188571
188571
188571
188571
188571
188571
188571
188571
188571
188571
188571
188571
188571
188571
188571
188633
188633
188633
188633
188633
188633
188633
188633
188633
188633
188745
188745
188745
188745
188745
188750
188750
188750
188750
188750
188750
188889
188889
188889
188889
190017
190017
190017
190284
190284
190284
190284
190284
190284
190284
190284
190284
190284
190284
190284
190284
190284
190765
190765
190765
190765
190765
190765
190765
190765
190765
190765
190765
190765
190765
190765
190765
190917
190917
190917
190917
190917
190917
190917
190917
190917
190917
191174
191174
191174
191174
191174
191174
191174
191174
191174
191174
191174
191174
191242
191242
191242
191242
191242
191242
191242
191242
191471
191561
191561
191598
191598
191598
191598
191598
191598
191598
191598
191598
191598
191598
191838
191838
191838
191838
192224
192224
192224
192224
192224
192224
192224
192224
192224
192224
192566
192566
192566
192566
192566
192566
192707
192707
192707
192707
192707
192707
192752
192752
192752
192752
192752
192752
192752
192752
192752
192752
192752
192752
192752
192752
192752
192752
192752
192800
192800
192800
192830
192830
192830
192830
192830
192830
192830
192830
192830
192830
192830
192830
192830
192830
192830
192830
192830
192830
193464
193464
193464
193464
193464
193464
193464
193464
193464
193464
193464
193464
193464
193464
193464
193464
193464
193464
193464
194142
194142
194142
194142
194142
194142
194142
194142
194142
194142
194347
194347
194347
194347
194347
194347
194347
194347
194347
194347
194347
194347
194347
194352
194352
194352
194352
194352
194352
194352
194352
194352
194352
194352
194352
194376
194376
194376
194376
194376
194376
194376
194376
194376
194376
194376
194376
194376
194376
194557
194557
194557
194557
194557
194557
194557
194557
194557
194557
194909
194909
194909
194909
194909
194909
194909
194909
194909
194909
194909
195927
195927
195927
195927
195927
195927
195927
195927
195927
195927
196224
196224
196224
196224
196224
196224
196224
196224
196224
196224
196224
196224
196224
196224
196224
196224
196224
196224
196224
196224
196250
196250
196250
196250
196250
196250
196250
196250
196398
196398
196398
196398
196398
196398
196398
196398
196398
196398
196398
196398
196398
196398
196398
196398
196530
196530
196530
196530
196530
196530
196530
196530
196685
196685
196685
196685
196685
196685
196685
196685
196685
196685
196685
196685
196685
196685
196685
196685
196685
196731
196731
196731
196731
196731
196731
196731
196731
196731
196731
196731
196731
196731
196731
196731
196731
196731
196731
196731
196731
196743
196743
196743
196743
196743
196743
196743
196991
196991
196991
196991
196991
196991
196991
196991
196991
196991
196991
196991
196991
196991
196991
197049
197049
197049
197049
197049
197049
197598
197598
197598
197598
197598
197598
197598
197598
197598
197598
198360
198360
198360
198360
198360
198360
198360
198360
198360
198360
198360
198360
198360
198360
198360
198360
198457
198457
198499
198682
198682
198682
198682
198682
198682
198682
198682
198682
198682
198682
198682
198682
198682
198682
199344
199344
199344
199344
199344
199344
199344
199677
199677
199677
199677
199677
199677
199677
199677
199677
199677
199677
199677
199677
199677
199677
199677
199719
199816
199816
199816
199816
199816
199816
199816
200119
200119
200119
200119
200119
200119
200119
200119
200119
200119
200119
200119
200119
200119
200119
200395
200395
200395
200395
200395
200395
200395
200395
200395
200395
200395
200395
200395
200395
200618
200618
200618
200618
200618
200618
200618
200618
200618
200618
200618
200618
200618
200618
200618
200618
200902
200902
200902
200902
200902
200902
201103
201103
201103
201103
201103
201103
201103
201103
201103
201103
201257
201304
201304
201304
201304
201304
201304
201304
201304
201304
201304
201304
201363
201363
201363
201363
201363
201363
201363
201363
201363
201485
201485
201485
201485
201485
201485
201485
201485
201485
201485
201485
201485
201485
201485
201552
201552
201552
201552
201552
201552
201552
201552
201552
201552
201552
201552
201552
201552
201552
201552
201677
201677
201677
201677
201677
201677
201677
201677
201677
201677
201677
201677
201677
201677
201677
201677
201677
201677
201677
201677
201835
201835
201835
201835
201835
201835
201835
201835
201835
201835
201835
201835
201835
201835
201835
201835
201835
202365
202365
202365
202365
202365
202365
202365
202365
202365
202365
202365
202365
202365
202365
202781
202781
203523
203523
203523
203523
203523
203523
203531
203531
203531
203531
203531
203598
203598
203598
203598
203598
203598
203598
203598
203598
203598
203598
203598
203598
203598
203598
203598
203798
203798
203798
203798
203798
203798
203798
203798
203798
203798
203798
203798
203890
203890
203890
203890
203890
203890
203890
203890
203890
203890
203890
203890
203890
203890
203890
203890
203890
203890
203890
203890
204496
204496
204496
204496
204496
204496
204496
204496
204496
204496
204496
204496
204496
204496
204496
204496
204496
204496
204496
204496
204768
204768
204768
204768
204768
204768
204768
204768
204768
204768
204768
204768
204768
204768
204768
204768
204790
204790
204790
204790
204790
204790
204790
204790
204790
204790
204790
204790
204790
204790
204790
204790
205058
205058
205058
205058
205058
205058
205058
205058
205058
205058
205178
205178
205178
205178
205178
205178
205178
205178
205178
205178
205178
205178
205178
205178
205178
205178
205178
205178
205314
205314
205314
205314
205314
205314
205314
205314
205314
205314
205314
205314
205314
205314
205314
205314
205314
205314
205314
205314
205360
205360
205882
205882
205882
205882
205882
205882
205882
205882
205882
205882
205882
205882
205882
205882
205882
205882
205882
205882
205882
205889
205889
205889
205889
205889
205889
205947
205947
205947
205947
205947
205947
205947
205947
205947
205947
205947
205947
205947
205947
205947
205947
205947
205947
205947
206180
206180
206180
206180
206180
206180
206180
206180
206180
206180
206180
206180
206301
206301
206301
206301
206301
206301
206301
206301
206301
206301
206301
206301
206301
206301
206301
206301
206301
206301
206311
206311
206311
206311
206311
206311
206311
206311
206311
206311
206311
206311
206311
206311
206311
206311
206311
206427
206427
206447
206447
206447
206447
206447
206447
206447
206447
206447
206447
206447
206447
206447
206447
206447
206447
206447
206447
206700
206700
206700
206700
206700
206700
206700
206700
206700
206700
206700
206700
206700
207108
207108
207108
207108
207108
207108
207108
207108
207108
207108
207108
207108
207108
207108
207108
207108
207108
207135
207135
207135
207135
207135
207135
207135
207135
207135
207135
207135
207135
207135
207135
207135
207135
207135
207135
207135
207135
207390
207390
207390
207390
207390
207390
207390
207390
207390
207390
207390
207390
208041
208041
208041
208041
208041
208041
208041
208041
208286
208286
208286
208286
208286
208286
208286
208286
208286
208286
208286
208286
208286
208286
208286
208286
208286
208286
208286
208349
208349
208349
208349
208349
208349
208349
208349
208349
208349
208349
208425
208919
208919
208919
208919
208919
208919
208919
208919
209064
209064
209064
209064
209064
209064
209064
209064
209064
209064
209064
209064
209064
209105
209105
209105
209105
209105
209105
209105
209105
209105
209105
209105
209105
209105
209105
209105
209105
209176
209176
209176
209176
209191
209191
209191
209191
209191
209191
209191
209191
209191
209191
209191
209191
209191
209191
209191
209566
209566
209566
209566
209566
209566
209566
209566
209566
209566
209566
209566
209566
209566
209566
209634
209634
209634
209634
209634
209634
209634
209634
209634
209634
209634
209634
209634
209634
209634
209634
209796
210024
210024
210024
210024
210024
210024
210024
210024
210159
210159
210159
210159
210159
210159
210159
210159
210159
210159
210159
210159
210159
210159
210159
210159
210159
210159
210159
210159
210213
210213
210213
210213
210213
210213
210213
210213
210213
210213
210694
210694
210694
210694
210694
210694
210694
210694
210694
210694
210694
210694
210883
210883
210883
210883
210952
211535
211687
211687
211687
211687
211786
211786
211786
211786
211786
211786
211786
211786
211786
211786
211786
211786
211786
211987
211987
211987
211987
211987
211987
211987
211987
212087
212087
212087
212087
212087
212087
212087
212087
212087
212087
212087
212087
212087
212403
212403
212403
212403
212403
212403
212403
212403
212403
212403
212403
212403
212403
212403
212403
212403
212403
212403
212532
212744
212744
212744
212744
212744
212744
212744
212744
212744
212744
212744
212744
212744
213209
213209
213209
213209
213209
213209
213209
213533
213533
213533
213533
213533
213533
213533
213533
213533
213533
213533
213533
213533
213533
213533
213593
213593
213593
213593
213593
213593
213764
213764
213764
213764
213764
213764
213764
213764
213764
213799
213799
213799
213799
213799
213947
213947
213947
213947
213947
213947
214278
214371
214371
214371
214599
214651
214651
214651
214651
214651
214651
214651
215147
215147
215147
215147
215147
215147
215147
215147
215147
215147
215147
215147
215147
215147
215147
215147
215147
215346
215346
215451
215451
215451
215451
215451
215451
215757
216544
216544
216544
216544
216544
216544
216544
216544
216544
216544
216544
216544
216544
216544
216544
216794
216794
216794
216794
216794
216794
216794
216794
216794
216794
216794
216794
216794
216794
216794
216794
216794
216794
216794
216794
216835
216835
216835
216835
216835
216835
216835
216835
216835
216835
216835
216835
216835
216835
217385
217385
217385
217385
217395
217395
217395
217395
217395
217395
217395
217395
217395
217395
217395
217395
217395
217395
217395
217395
217395
217395
217395
217680
217680
217680
217680
217680
217680
217680
217892
217892
218101
218101
218101
218101
218101
218101
218101
218101
218101
218101
218101
218101
218101
218101
218101
218598
218598
218598
218598
218598
218598
218598
218598
218598
218598
218598
218598
218598
218598
218598
218660
218660
218774
218774
218774
218774
218774
218774
218774
218774
218774
218774
218774
218774
218774
219437
219437
219437
219437
219991
219991
219991
219991
219991
219991
219991
219991
219991
219991
219991
219991
219991
219991
219991
219991
219991
220730
221006
221006
221006
221143
221143
221143
221143
221143
221143
221143
221143
221143
221143
221143
221143
221143
221143
221143
221143
221143
221143
221143
221143
221820
221820
221820
221820
221820
221820
221820
221820
221820
221820
221820
221820
221820
221820
221854
221854
221854
221854
221854
221854
221854
221854
221854
221854
221854
221854
221854
222163
222163
222163
222163
222163
222163
222163
222276
222276
222276
222276
222276
222981
222981
222981
222981
222981
222981
222981
222981
222981
222981
222981
223636
223636
223636
223636
223636
223636
223636
223636
223636
223636
223636
223636
223636
223636
223636
223636
223636
223636
223636
223636
224055
224055
224055
224055
224055
224055
224055
224055
224055
224055
224055
224055
224055
224055
224055
224055
224055
225422
225422
225422
225422
225422
225422
225422
225422
225422
225422
225422
225422
225422
225422
225870
225870
225870
225870
225870
225870
225870
225870
225870
225870
225961
225961
225961
225961
225961
225961
226010
226010
226010
226010
226010
226010
226010
226216
226216
226216
226216
226216
226216
226216
226216
226216
226216
227177
227177
227177
227177
227177
227177
227177
227177
227177
227217
227217
227217
227217
227217
227217
227217
227217
227530
227530
227530
227530
227530
227530
227530
227530
227530
227530
227530
227530
227530
227530
227530
227765
227765
227765
227765
227765
227765
227765
227765
227765
227765
227765
227765
227765
227765
227765
227765
228033
228033
228033
228033
228033
228033
228033
228033
228099
228099
228099
228099
228099
228179
228179
228179
228179
228179
228179
228179
228179
228179
228179
228533
228533
228533
228533
228957
228957
228957
228957
228957
228957
228957
228957
228957
228957
228957
228957
228957
229070
229070
229070
229070
229070
229070
229070
229070
229070
229070
229349
229349
229349
229349
229349
229349
229349
229349
229362
229362
229362
229362
229362
229362
229362
229362
229362
229362
229362
229362
229362
229362
229362
229362
229741
229741
229741
229741
229741
229741
229741
229741
229741
229741
229741
229741
230373
230373
230373
230373
230373
230373
230373
230373
230373
230373
230373
230373
230373
230373
230423
230423
230423
230423
230423
230423
230423
230423
230423
230423
230423
230423
230423
230423
230423
230423
230423
230423
230423
230423
230767
230767
230767
230767
230767
230767
230767
230881
230881
230881
230881
230881
230881
230881
230881
230881
230881
230881
230881
230881
230953
230953
230953
230953
230953
230953
230953
230953
230953
230953
230953
230953
230953
230953
230953
230953
231066
231066
231066
231066
231066
231066
231066
231066
231066
231066
231066
231066
231066
231066
231066
231066
231066
231066
231258
231258
231258
231258
231303
231303
231303
231303
231303
231303
231303
231303
231303
231303
231303
231303
231303
231303
231303
231303
231303
231303
231303
231343
231343
231343
231343
231343
231343
231343
231343
231343
231343
231343
231343
231343
231343
231343
231883
231883
231883
231883
231883
231883
231883
231883
231912
232241
232241
232241
232241
232241
232241
232241
232241
232241
232367
232367
232367
232367
232367
232367
232367
232367
232367
232367
232367
232367
232524
232524
232524
232524
232524
232524
232524
232524
232524
232524
232524
232524
232524
232524
232524
232524
233101
233101
233101
233101
233101
233101
233101
233101
233101
233101
233101
233101
233101
233101
233101
233101
233101
233779
233779
233779
233779
233779
233779
233779
233779
233779
233779
233779
233779
233779
233779
233779
233779
233779
233779
234062
234062
234062
234062
234062
234062
234062
234062
234062
234062
234062
234062
234062
234062
234062
234062
234427
234427
234427
234427
234427
234427
234427
234427
234427
234427
234427
234467
234467
234467
234467
234467
234467
234467
234467
234467
234467
234467
234467
234467
234467
234467
234467
234472
234472
234472
234472
234472
234472
234472
234472
234556
234556
234852
234852
234852
234852
234852
234852
234852
234877
234877
234877
234877
234877
234877
234877
234877
234877
234877
234877
234877
234877
234877
234877
234877
234877
235137
235137
235137
235137
235137
235137
235137
235137
235137
235137
235137
235137
235137
235137
235137
235137
235137
235137
235137
235137
235632
235632
235632
235632
235632
235632
235632
235632
235632
235758
235882
235882
235882
235882
235882
235882
235882
235882
235882
235882
235882
235882
235882
235882
235882
235882
236306
236306
236306
236306
236306
236306
236306
236306
236306
236306
236306
236306
236306
236507
236507
236507
236507
236507
236507
236507
236507
236507
236507
236507
236507
236507
236839
236839
236839
236839
236839
236839
236839
236839
236842
236842
236842
236842
236842
236842
236842
236842
236842
236842
236842
236842
236842
236842
236842
236842
236842
236842
236842
237177
237177
237530
237530
237530
237530
237530
237530
237530
237530
237530
237530
237530
237530
237530
237709
237709
237709
237709
237773
237859
237859
237859
237859
237859
237859
237859
237859
237859
237859
237859
237859
237859
237859
237859
237859
237859
238499
238499
238499
238942
238942
238942
238942
238942
238942
238942
238942
238959
238959
238959
238959
238959
238959
238959
238959
238959
239145
239145
239145
239145
239145
239145
239218
239218
239218
239218
239218
239218
239218
239218
239218
239218
239218
239218
239218
239218
239621
239811
239811
239811
239818
239818
240101
240101
240101
240101
240101
240101
240101
240101
240101
240101
240101
240101
240101
240101
240101
240101
240101
240101
240101
240180
240180
240180
240180
240180
240180
240180
240180
240180
240180
240180
240180
240180
240180
241517
241517
241517
241517
241517
241517
241517
241517
241570
241570
241570
241570
241570
241570
242418
242418
242418
242418
242418
242418
242418
242418
242418
242418
242418
242627
242627
242627
242627
242627
242627
242627
242627
242627
242627
242627
242627
242627
242627
242627
242778
243019
243019
243019
243019
244018
244018
244018
244018
244018
244018
244018
244018
244018
244018
244018
244018
244018
244018
244018
244018
244018
244018
244099
244099
244288
244288
244288
244288
244288
244288
244288
244288
244385
244385
244385
244385
244385
244547
244547
244547
244547
244547
244592
244944
244944
244944
244944
244944
244944
244944
244944
244944
244944
244944
244944
244944
244944
244944
244944
244944
244944
244944
245295
245295
245295
245295
245295
245295
245295
245633
245633
245633
245633
245633
245633
245751
245751
245751
245751
245751
246135
246135
246135
246135
246135
246135
246135
246135
246135
246135
246135
246135
246135
246135
246135
246135
246135
246135
246303
246303
246458
246458
246458
246458
246458
246685
246685
246685
246685
246685
246685
246685
246685
246685
246685
246685
246685
246685
246685
246685
246791
246791
246791
246791
246791
246791
246791
246791
246791
246791
246791
246791
246791
246854
246854
246854
246854
246854
246854
246854
247272
247272
247272
247272
247272
247272
247272
247272
247272
247272
247272
247272
247272
247272
247272
247272
247593
247593
247593
247593
247593
247593
247593
248814
248814
248814
248814
248814
249039
249039
249039
249039
249039
249039
249055
249055
249055
249055
249055
249055
249055
249055
249055
249055
249055
249055
249055
249055
249055
249062
249062
249062
249062
249062
249062
249062
249062
249062
249062
249062
249062
249062
249062
249062
249062
249062
249062
249070
249070
249070
249070
249070
249070
249070
249070
249070
249070
249070
249070
249070
249222
249222
249222
249222
249222
249222
249222
249222
249222
249222
249222
249222
249222
249222
249222
250096
250096
250096
250096
250096
250096
250096
250096
250096
251033
251033
251033
251033
251176
251176
251176
251176
251176
251176
251176
251176
251176
251176
251176
251176
251176
251176
251176
251176
251531
251531
251531
251531
251531
251605
251605
251605
251909
251909
251909
251909
251909
251909
251909
251909
251909
251909
251909
251909
251909
251909
251909
251909
251909
251909
251909
251909
252362
252362
252362
252362
252362
252362
252362
252362
252362
252362
252362
252362
252362
253157
253164
253164
253164
253164
253164
253164
253164
253164
253164
253164
253164
253164
253164
253164
253164
253164
253164
253164
253164
253418
253418
253418
253418
253418
253418
253418
253418
253418
253418
253755
254394
254394
254528
254528
254528
254528
254528
254528
254528
254577
254577
254577
254577
254577
254577
254577
254577
254577
254599
254599
254599
254599
254599
254599
254599
254599
254599
254599
254599
254599
254599
254865
254865
254865
254865
254865
254865
255743
255743
255743
255743
255743
255743
255743
255743
255743
255743
255743
255743
255743
255743
255743
255743
255743
255743
256073
256073
256073
256073
256073
256073
256073
256073
256073
256073
256073
256339
256339
256339
256339
256339
256339
256339
256339
256426
256505
256505
256505
256505
256505
256535
256535
256535
256535
256535
256535
256535
256535
256535
256535
256535
256535
256535
256535
256535
256535
256563
256563
256563
256563
256563
256563
256563
256662
256662
256662
256662
256662
256662
256662
256895
256895
256895
256895
256895
256895
256895
256895
256895
256895
256895
256895
256895
256895
256895
256895
256895
257073
257073
257073
257073
257073
257073
257073
257280
257280
257285
257285
257285
257285
257285
257285
257285
257285
257285
257285
257285
257285
257285
257285
257285
257285
257285
257285
257285
257815
257815
257815
257815
257815
257815
257815
257815
257815
257815
257815
257815
257815
257815
257971
257971
257971
257971
257971
257971
257971
257971
257971
257971
258176
258176
258176
258176
258176
258176
258176
259425
259425
259425
259425
259425
259425
259425
259425
259425
259425
259425
259480
259481
259481
259481
259558
259558
259558
259558
259558
259558
259558
259558
259558
259558
259558
259747
259747
259747
259747
259747
259747
259747
259747
260373
260373
260373
260373
260373
260373
260373
260373
260373
260373
260373
260373
260373
260736
260736
260736
260736
260736
260736
260736
260736
260736
260736
260736
260736
260736
260736
261011
261011
261011
261011
261011
261011
261011
261011
261011
261011
261011
261029
261029
261029
261029
261029
261029
261029
261029
261029
261029
261029
261029
261062
261062
261062
261062
261062
261062
261062
261062
261062
261062
261062
261062
261358
261358
261358
261358
261358
261358
261921
261921
261921
261921
261921
261921
261921
261921
261921
261921
261921
261921
261921
262421
262421
262421
262421
262421
262421
262421
262421
262421
262421
262421
262421
262421
262718
262718
262718
262718
262718
262718
262718
262718
262718
262718
262718
262718
262718
262718
262741
262741
262741
262741
262741
262759
262759
262759
262759
262759
262759
262759
262759
262759
263183
263183
263183
263183
263183
263183
263183
263383
263383
263383
263383
263383
263383
263383
263383
263383
263383
263383
263383
263383
263383
263667
263667
263667
263667
263667
263667
263667
263673
263673
263673
263673
263673
263673
263673
263673
263673
263673
263673
263673
263673
263673
263673
263840
263840
263840
263840
263840
263840
263840
263840
263840
264016
264016
264016
264016
264016
264016
264016
264016
264016
264016
264192
264192
264192
264192
264192
264192
264192
264192
264192
264192
264192
264192
264192
264192
264192
264192
264192
264192
264192
264192
264519
264519
264519
264519
264519
264519
264519
264519
264519
264519
264519
264519
264519
264519
264519
265018
265018
265018
265018
265018
265018
265085
266016
266016
266016
266016
266016
266016
266016
266016
266073
266073
266073
266073
266073
266073
266073
266073
266073
266073
266073
266073
266073
266073
266073
266073
266073
266073
266310
266310
266310
266310
266310
266310
266310
266310
266310
266310
266310
266310
266310
266310
267404
267404
267404
267404
267404
267404
267404
267404
267404
267823
267823
267823
267823
267823
267823
267823
267823
267823
267823
267835
267835
267835
267835
267835
267835
267835
267835
267835
267890
267890
267890
267890
267890
267890
267890
267890
267890
267890
267890
267890
267890
267899
267899
267899
268067
268067
268067
268067
268067
268067
268067
268067
269083
269083
269083
269083
269083
269562
269562
269562
269562
269562
269562
269562
269562
269562
269562
269562
269562
269562
269562
269562
269562
269562
269562
269562
269562
269717
269913
269913
269913
269913
270255
270255
270255
270255
270255
270255
270255
270255
270255
270255
270255
270418
270418
270418
270418
270418
270418
270418
270418
270418
270418
270418
270418
270418
270418
270418
270418
270418
270514
270514
270514
270514
270514
270514
270514
270514
270514
270514
270514
270514
270514
270514
270514
270514
270798
270798
270798
270798
270798
270798
270798
270798
270798
270798
270798
270798
270798
270798
270798
270798
270798
270798
270798
270970
270970
270970
270970
270970
270970
270970
270970
270970
270970
270970
270970
270970
270970
270970
270970
270970
270970
271026
271026
271026
271026
271026
271026
271026
271026
271026
271026
271026
271026
271026
271026
271026
271026
271026
271026
271131
271131
271131
271131
271131
271131
271131
271131
271131
271131
271131
271131
271396
271951
271951
271951
271951
271951
271951
271951
271951
271951
271951
271951
272312
272312
272312
272312
272312
272312
272312
272410
272410
272410
272410
272410
272727
272727
272727
272727
272727
272727
272727
272727
272727
272727
272727
272727
272727
272727
272727
272752
272752
272752
272752
272752
272752
272752
272752
272752
272960
272960
272960
272960
272960
272960
272960
272960
272960
272960
272960
272960
272960
272960
272960
272960
272960
272960
272960
272983
272983
273355
273355
273355
273355
273355
273355
273355
273355
273355
273355
273355
273355
273355
273355
273355
273355
273355
273358
273358
273358
273358
273358
273655
273655
273655
273655
273655
273655
273655
273655
273655
273655
273655
273655
273655
273655
273655
273715
273715
273715
273715
273715
273715
273715
273715
273978
273978
273978
273978
273978
273978
273978
273978
273978
273978
273978
273978
273978
273978
273978
273978
273978
274368
274368
274368
274368
274368
274368
274368
274493
274493
274493
274493
274493
274493
274493
274493
274493
274493
274493
274493
274493
274493
274493
274493
274493
274493
275008
275008
275008
275008
275008
275008
275008
275008
275008
275008
275008
275008
275008
275008
275008
275008
275008
275008
275008
275232
275232
275232
275232
275232
275632
275632
275632
275632
275632
275632
275632
275632
275632
275632
275632
275632
275632
275632
275658
275658
275658
275658
275658
275658
275658
275658
275883
275883
275883
275883
275883
275883
275883
275883
275883
275883
275883
275883
275883
275883
275883
275883
275964
275964
275964
275964
275964
275964
275964
275964
275964
275964
275964
275964
275964
275964
275964
275964
275964
275964
276094
276094
276094
276094
276094
276094
276271
276271
276271
276271
276271
276271
276537
276537
276537
276537
276537
276537
276537
276537
276537
276537
276537
276537
276537
276537
276629
276629
276629
276629
276629
276647
276647
276647
276647
276647
276647
276647
276647
276647
276647
276647
276647
276647
276647
276647
276647
276647
276647
276647
276647
276759
276759
276759
276759
276759
276759
276759
276759
276759
276759
276759
276759
276759
276759
276759
276759
276759
276759
276759
276759
276834
276834
276834
276834
276834
276834
276834
276834
276834
276834
276834
276834
276834
276834
276834
276903
276903
276903
276903
276903
276903
276903
276903
276903
276903
276903
276903
276903
276903
276903
276903
276903
276903
276954
276954
276954
276954
276954
276954
276954
276954
276954
276954
276954
276954
276954
276954
276954
277167
277167
277167
277167
277167
277167
277167
277167
277167
277167
277167
277203
277203
277203
277203
277203
277203
277203
277203
277203
277203
277203
277368
277368
277368
277368
277368
277380
277380
277380
277380
277380
277380
277380
277380
277380
277380
277380
277380
277380
277380
277380
277380
277416
277416
277416
277416
277564
277564
277564
277564
277564
277564
277564
278989
278989
278989
278989
278989
278989
278989
278990
278990
278990
278990
278990
278990
278990
278990
278990
278990
278990
278990
279110
279110
279110
279110
279110
279110
279110
279110
279110
279110
279110
279110
279110
279110
279110
279110
279110
279110
279481
279481
279481
279481
279481
279481
279481
279481
279481
279530
279530
279530
279530
279530
279530
279530
279530
279530
279530
279530
279530
279530
279704
279704
279704
279704
279704
279704
279704
279704
279704
280276
280276
280276
280276
280276
280276
280276
280276
280976
280976
280976
280976
280976
280976
280976
280976
280976
280976
280976
280976
280976
280976
280976
280976
281007
281007
281007
281007
281007
281007
281007
281007
281007
281017
281017
281017
281017
281017
281121
281121
281367
281367
281367
281367
281367
281556
281556
281556
281556
281556
281556
281556
281556
281556
281556
281761
281761
281761
281761
281761
281761
281761
281974
281974
281974
281974
281974
281974
281974
281974
281974
281974
281974
281974
281974
281974
281974
281974
281974
281974
281998
281998
281998
281998
281998
281998
281998
281998
281998
281998
281998
281998
281998
281998
282585
282585
282585
282585
282585
282585
282585
282585
282585
282585
282585
282585
282585
282585
282585
282585
282585
282585
282585
282720
282720
282720
282720
282720
282720
282720
282720
282720
282720
282720
283020
283020
283020
283020
283020
283020
283038
283038
283038
283038
283038
283038
283038
283038
283038
283038
283038
283038
283038
283038
283038
283038
283038
283038
283056
283056
283056
283056
283056
283056
283056
283056
283056
283056
283056
283056
283056
283056
283056
283056
283056
283056
283056
283060
283060
283060
283060
283060
283060
283060
283060
283060
283060
283060
283060
283221
283221
283221
283221
283221
283221
283221
283221
283221
283221
283454
283454
283454
283454
284035
284035
284035
284035
284035
284035
284035
284035
284035
284035
284035
284035
284035
284035
284035
284035
284035
284035
284357
284357
284357
284357
284357
284357
284357
284357
284357
284357
284357
284357
284357
284357
284420
284420
284435
284435
284435
284435
284435
284435
284435
284435
284435
284435
284435
284435
284435
284435
284435
284542
284542
284542
284542
284542
284680
284680
284680
284680
284680
284680
284680
284680
284680
284680
284680
284680
284680
284680
284680
284691
284691
284691
284691
284691
284691
284691
284691
284691
284691
285319
285319
285319
285319
285319
285319
285319
285319
285319
285319
285753
285753
285753
285753
285753
285753
285753
285753
285753
285753
285753
285753
285753
285753
285753
285753
285753
285753
285753
286250
286250
286250
286250
286250
286250
286250
286250
286250
286250
286250
286250
286250
286250
286250
286250
286296
286296
286454
287117
287117
287117
287117
287117
287356
287356
287356
287356
287356
287356
287356
287356
287356
287356
287356
287356
287928
287928
287928
287928
288353
288353
288353
288353
288541
288541
288541
288541
288541
288961
288961
288961
288961
288961
288961
288961
288961
288961
289018
289018
289018
289018
289018
289018
289018
289018
289018
289018
289018
289018
289018
289018
289694
289694
289694
289694
289694
289694
289694
289694
289694
289694
289694
290018
290018
290018
290018
290018
290018
290018
290018
290018
290018
290018
290018
290018
290018
290018
290018
290018
290018
290018
290119
290119
290119
290119
290214
290214
290214
290214
290214
290214
290214
290260
290260
290260
290260
290260
290260
290260
290260
290260
290260
290260
290260
290260
290260
290260
290260
290260
290260
290260
290260
290965
290965
290965
290965
290965
290965
290965
290965
290965
290965
290965
290965
290965
291004
291004
291004
291004
291004
291004
291004
291004
291004
291004
291004
291004
291004
291319
291319
291319
291319
291319
291319
291319
291319
291319
291319
291319
291319
291319
291319
291319
291319
291319
291319
291319
291738
291738
291738
291738
291738
291738
291738
291738
291752
291752
291752
291752
291752
291752
291752
291752
291752
291752
291752
291752
291752
291752
291757
291757
291757
291757
291757
291757
291757
291853
291853
291853
291853
291853
291853
291853
291853
291853
291853
291853
292779
292779
292779
292779
292779
292779
292779
292779
292779
292779
292779
292779
292779
292779
292779
292779
292790
292790
292790
292790
292790
292790
292790
292790
292790
292790
292790
292790
292790
292790
293062
293062
293062
293062
293062
293062
293062
293062
293062
293062
293062
293062
293062
293062
293062
293062
293062
293062
293062
293258
293258
293258
293315
293315
293315
293315
293315
293529
293529
293529
293529
293529
293529
293529
293529
293529
293529
293529
293529
293529
293529
293547
293547
293547
293547
293547
293547
293547
293547
293547
293547
293547
293547
293547
293547
293660
293660
293660
293660
293660
293660
293660
293660
293720
293720
293720
293720
293720
293720
293720
293720
293720
293720
293720
293720
293720
293720
293720
293720
293720
293720
293853
293853
293853
293853
293853
293853
294227
294227
294227
294227
294227
294227
294227
294227
294227
294227
294227
294227
294227
294227
294227
294227
294485
294485
294485
294485
294485
294485
294485
294485
294485
294485
294485
294485
294485
294485
294485
294485
294512
294512
294512
294512
294512
294512
294512
294512
294512
294512
294512
294512
294512
294512
294512
294512
294512
294512
294512
294512
295698
295698
295698
295698
295698
295698
295698
295698
295698
295698
295698
295698
296707
296707
296707
296707
296707
296707
296707
296707
296707
296707
296715
296715
296715
296715
296715
296715
296715
296715
296715
296715
296715
296715
296715
296785
296785
296785
296785
296785
296785
296785
296785
296785
296785
296785
296785
296785
296785
296785
296785
296993
296993
296993
296993
296993
296993
296993
296993
296993
296993
297339
297339
297339
297339
297339
297339
297339
297420
297420
297420
297420
297420
297420
297420
297420
297420
297420
297420
297420
297420
297420
297420
297420
297420
297420
297420
297420
297426
297426
297426
297426
297426
297426
297426
297426
297426
297426
297426
297426
297426
297426
297426
297426
297426
297426
297426
297588
297588
297588
297588
297588
297588
297588
297588
297588
297588
297588
297588
297588
297588
297588
297588
297605
297605
297605
297605
297605
298125
298125
298125
298125
298125
298125
298125
298125
298125
298125
298125
298160
298160
298160
298160
298257
298257
298257
298257
298257
298430
298430
298430
298430
298430
298430
298847
298847
298847
298847
298847
298847
298847
298847
298847
298847
298847
298847
298847
298847
298847
298847
298847
298847
299023
299023
299065
299065
299065
299065
299481
299481
300118
300118
300118
300118
300118
300118
300118
300118
300118
300118
300118
300118
300118
300208
300208
300208
300208
300208
300208
300208
300208
300208
300208
300208
300208
300409
300409
300409
300409
300409
300409
300409
300409
300409
300409
300409
300409
300409
300409
300592
300592
300592
300592
300592
300592
300592
300592
300592
300592
300592
300592
300592
300592
300592
300592
300592
300888
300888
300888
300888
300888
300888
300888
300888
300888
300888
300972
300972
300972
300972
300972
300972
300972
300972
300972
300972
300972
300972
300972
300972
300972
300972
300972
300972
301027
301027
301027
301027
301027
301027
301027
301027
301027
301027
302081
302081
302081
302081
302151
302151
302151
302151
302151
302151
302154
302154
302154
302154
302154
302154
302154
302154
302359
302359
302359
302359
302359
302359
302359
302359
302359
302359
302359
302359
302359
302359
302359
302359
302359
302359
302702
302702
302702
302702
302702
303027
303027
303027
303027
303027
303027
303027
303027
303027
303027
303027
303027
303027
303027
303027
303027
303027
303042
303042
303042
303042
303598
303598
303598
303598
303598
303956
303956
303956
304135
304135
304135
304135
304135
304135
304135
304135
304135
304135
304135
304135
304135
304338
304338
304338
304338
304338
304338
304338
304338
304338
304338
304338
304338
304338
304338
304338
304338
304338
304721
304721
304796
304796
304796
304796
304796
304796
304796
304796
304796
304796
304796
304796
304796
304796
304796
304796
304796
304937
304937
304937
304937
304937
304937
304937
304937
304937
304937
304937
304937
304937
305001
305001
305001
305001
305001
305228
305228
305228
305228
305228
305228
305228
305228
305228
305228
305228
305228
305228
305228
305389
305389
305389
305389
305389
305389
305389
305389
305389
305525
305525
305525
305525
305786
305786
305786
305786
305786
305786
305786
305916
305916
305916
305916
305978
305978
305978
306516
306516
306516
306516
306548
306548
306548
306548
306548
306548
306548
306548
306548
306548
306548
306548
306548
306548
306548
306548
306548
306548
306548
306629
306629
306629
306629
306629
306629
306629
306629
306629
306629
306629
306629
306629
306629
306629
306629
306629
306629
306629
306629
306740
306740
306740
306740
306740
306850
306850
306850
306850
306850
306850
306850
306850
306850
306850
306850
307072
307072
307145
307145
307145
307145
307145
307145
307201
307201
307201
307201
307201
307201
307383
307383
307383
307383
307383
307383
307383
307383
307383
307383
307392
307392
307392
307392
307392
307534
307534
308139
308139
308139
308139
308139
308139
308139
308139
308139
308139
308139
308253
308253
308253
308407
308407
308407
308407
308407
308407
308407
308407
308407
308407
308407
308407
308772
308772
308772
308772
308772
308772
308772
308772
308772
308772
308772
308772
308777
308777
308777
308777
308777
308777
308777
309437
309437
309437
309437
309437
309437
309437
309437
309437
309614
309614
309614
309614
309614
309614
309614
309614
309614
309614
309614
309614
309614
309614
310014
310014
310164
310164
310164
310164
310164
310164
310164
310164
310164
310164
310164
310164
310164
310164
310164
310164
310164
310465
310465
310465
310465
310465
310465
310465
310465
310465
310465
310465
310465
310465
310465
310465
310465
310465
310465
310890
310890
311126
311126
311126
311126
311126
311126
311126
311126
311126
311126
311126
311126
311126
311126
311126
311126
311394
311394
311414
311414
311414
311414
311414
311414
311414
311414
311414
311414
311414
311414
311414
311414
311414
311414
311414
311455
311455
311455
311455
311455
311455
311455
311455
311455
311455
311455
311944
311944
311944
311944
311944
311944
311944
311944
311944
311944
311944
311944
311944
312076
312076
312076
312076
312076
312076
312076
312076
312299
312299
312299
312299
312299
312299
312299
312299
312299
312299
312299
312299
312299
312299
312299
312299
312351
312351
312351
312351
312351
312351
312823
312823
312823
312823
312823
312823
312823
312823
312823
313054
313054
313054
313054
313054
313054
313054
313054
313054
313054
313054
313054
313054
313054
313054
313054
313054
313054
313757
313757
313757
313757
313757
313757
313757
313757
313757
313757
313757
313757
313757
313757
313757
313757
313757
313785
313785
313785
313785
313785
313785
313785
313785
313785
313785
313785
313791
313791
313791
313791
313791
313791
313791
313791
313791
313791
313791
313791
313791
313791
313791
313791
313791
313791
313791
313791
313819
313819
313819
313819
313819
313819
313897
313897
313897
313897
313897
313897
313897
313897
313897
313897
313897
313897
313897
313897
313897
313897
313897
313897
313897
313926
313926
313926
313926
313926
313926
314266
314266
314266
314266
314266
314266
314266
314266
314266
314325
314325
314325
314325
314325
314325
314325
314325
314325
314325
314325
314325
314325
314325
314325
314325
314325
314423
314423
314423
314423
314423
314423
314423
314423
314423
314423
314423
314423
314423
314725
314725
314725
314725
314725
314725
314725
314725
314725
314725
314725
314725
314725
314725
314725
314725
314725
314725
314748
315056
315056
315056
315056
315056
315056
315056
315056
315078
315078
315078
315078
315078
315078
315078
315078
315078
315078
315078
315078
315078
315078
315078
315078
315282
315282
315282
315282
315282
315282
315282
315282
315282
315282
315282
315282
315282
316041
316041
316041
316041
316041
316041
316041
316041
316041
316041
316041
316041
316041
316041
316048
316048
316048
316048
316048
316048
316048
316048
316048
316048
316048
316048
316048
316048
316048
316055
316055
316055
316055
316055
316055
316055
316055
316055
316055
316055
316055
316055
316055
316055
316055
316055
316055
316835
316835
316835
316835
316835
316835
316835
316835
316835
316835
316835
316835
316835
316835
316835
317503
317503
317503
317503
317503
317503
317503
317503
317723
317837
317837
317837
317837
317837
317837
317837
317837
317837
317837
317837
317837
317837
317837
318397
318397
318397
318397
318397
318397
318397
318397
318397
318397
318397
318397
318397
318397
318397
318397
318397
318397
318397
318588
318588
318588
318588
318588
318588
318588
318588
318588
318588
318588
318588
318588
318588
318588
318665
318665
318665
318665
318702
318702
318702
318702
318702
318702
318702
318702
318702
318702
318702
318702
318702
318702
318702
318702
318702
318807
318807
318807
318807
318807
318807
319032
319032
319032
319032
319032
319032
319032
319032
319032
319032
319214
319214
319214
319214
319214
319214
319214
319214
319214
319214
319214
319214
319214
319214
319451
319451
319791
319791
319791
319791
319791
319791
319791
319791
319791
319791
319791
319791
319791
319791
319791
319791
319968
319968
319968
319968
319968
320241
320241
320241
320241
320241
320241
320241
320241
320241
320241
320241
320241
320241
320241
320241
320241
320711
320711
320711
320711
320711
320711
320711
320711
320711
321793
321793
321793
321793
321793
321793
321793
321793
321793
321793
321793
321793
321793
321793
321793
321793
321793
321793
322211
322211
322211
322211
322211
322211
322211
322211
322211
322211
322211
322211
322211
322211
322211
322211
323029
323029
323029
323029
323029
323029
323029
323029
323029
323029
323029
323029
323029
323029
323029
323029
323029
323098
323098
323098
323098
323098
323098
323098
323098
323098
323098
323098
323098
323098
323098
323098
323098
323170
323170
323265
323265
323265
323524
323524
323524
323524
323524
323524
323524
323524
323524
323524
323524
323524
323524
323524
323524
324073
324073
324073
324073
324073
324073
324073
324073
324073
324073
324073
324073
324073
324073
324073
324073
324073
324876
324876
324876
324876
324876
324876
324876
325179
325179
325179
325179
325179
325179
325179
325179
325179
325179
325179
325179
325179
325179
325179
325179
325179
325592
325622
325622
325622
325622
326167
326167
326167
326167
326167
326167
326167
326167
326167
326167
326167
326167
326167
326167
326167
326167
326167
326167
326167
326167
326342
326352
326352
326352
326352
326352
326352
326352
326352
326404
326404
326404
326404
326404
326404
326404
326404
326404
326404
326404
326404
326404
326404
326404
327558
327558
327558
327558
327558
327558
327558
327558
327558
327558
327558
327558
327558
327558
327558
327558
327558
327558
327558
327725
327725
327725
327725
327725
327725
327725
327725
327725
327725
327725
327725
327725
327725
327725
327725
327725
327725
328054
328054
328054
328054
328099
328099
328099
328099
328099
328099
328099
328099
328099
328099
328099
328099
328099
328099
328099
328099
328357
328357
328357
328357
328357
328461
328461
328461
328461
328461
328461
328461
328461
328461
328461
328461
328461
328703
328703
328703
328703
328703
328703
328703
328703
328703
328703
328703
328703
328703
328703
328703
328703
328703
329122
329122
329122
329122
329122
329122
329122
329122
329122
329122
329122
329122
329122
329122
329122
329122
329122
329122
329122
329122
329131
329131
329131
329131
329131
329131
329131
329131
329131
329131
329131
329187
329187
329187
329187
329187
329187
329187
329187
329187
329187
329187
329187
329187
329187
329187
329187
329187
329379
329379
329663
329663
329663
329663
329663
329663
329663
329663
329663
329663
329663
329663
329723
329723
329723
329723
329723
329723
329723
329723
329723
329723
329723
329723
329723
329723
329723
329723
329723
329723
329723
330090
330090
330090
330090
330090
330090
330090
330090
330090
330090
330090
330090
330090
330540
330540
330540
330746
330746
330746
330746
330895
330895
330895
330895
330895
330895
330895
330895
330895
330895
330895
330895
330895
331325
331325
331325
331325
331325
331325
331512
331512
331512
331512
331512
331512
331512
331512
331512
331512
331512
331512
331512
331512
331512
331512
331822
331822
331822
331822
331822
331822
331913
331913
331913
331913
331913
331913
331913
331913
331913
331913
332518
332518
332518
332518
332518
332518
332518
332518
332518
332518
332518
332518
332593
332593
332593
332593
332593
332593
332593
332593
332593
332593
332593
332593
332593
332593
332593
332593
332782
332782
332782
332782
332805
332805
332805
332805
332805
332805
332805
332805
332805
332805
332805
332805
332805
332805
332805
332882
332882
332882
332882
332882
332882
332882
332882
332882
332882
332882
332882
332882
333110
333110
333110
333110
333110
333110
333110
333110
333110
333110
333110
333110
333110
333110
333110
333110
333110
333134
333134
333134
333134
333134
333134
333184
333184
333184
333184
333184
333184
333184
333184
333184
333184
333184
333184
333184
333184
333184
