10214 500000
67095
67095
67095
67095
67095
67095
67095
67095
67095
67095
67095
67095
67095
67095
67095
67095
67095
67095
67095
67095
67752
67752
67752
67752
67752
67752
67752
67752
67752
67752
67752
67752
67752
67752
67812
67812
67812
67812
67812
67812
67812
67812
67812
67812
67812
67812
67812
67812
67812
67812
67812
67812
68129
68129
68129
68129
68129
68129
68129
68129
68129
68129
68129
68129
68129
68129
68129
68129
68143
68143
68143
68143
68143
68143
68143
68143
68143
68143
68143
68143
68301
68301
68301
68301
68301
68301
68301
68301
68301
68301
68301
68770
68770
69109
69109
69109
69109
69109
69109
69109
69109
69252
69252
69252
69252
69252
69252
69252
69252
69252
69252
69252
69252
69588
69588
69588
69588
69588
69588
69588
69588
69588
69588
69588
69588
69588
69588
69588
69588
70009
70009
70009
70009
70009
70009
70009
70009
70990
70990
70990
70990
70990
70990
71018
71018
71018
71018
71018
71018
71018
71018
71018
71018
71018
71018
71018
71018
71018
71298
71298
71298
71298
71298
71298
71298
71298
71298
71298
71298
71298
71298
71298
71298
71298
71298
71298
71298
71377
71630
71630
71630
71630
71630
71630
71630
71630
71630
71630
71630
71630
72186
72186
72186
72186
72186
72186
72186
72186
72186
72186
72186
72186
72186
72186
72186
72186
72186
72685
72685
72685
72695
72695
72695
72695
72695
72695
72695
72695
72695
72695
72695
72772
72772
72772
72772
72772
72772
72772
72772
72772
72772
72836
72836
72836
72836
72836
72836
72836
72836
72836
72836
72836
72836
72836
72987
72987
72987
72987
72987
72987
72987
72987
72987
72987
72987
72987
72987
72987
73206
73206
73206
73336
73336
73336
73336
73336
73336
73336
73336
73336
73336
73336
73336
73336
73336
73336
73336
73336
74126
74126
74126
74126
74126
74126
74126
74142
74142
74142
74142
74142
74142
74142
74142
74196
74196
74196
74196
74196
74196
74196
74196
74196
74196
74196
74196
74196
74884
74884
74884
74884
74884
74884
74884
74918
74918
74918
75095
75095
75095
75095
75095
75095
75095
75095
75095
75095
75095
75095
75095
75135
75135
75135
75135
75135
75135
75135
75135
75135
75135
75135
75554
75554
75554
75554
75554
75554
75554
76164
76164
76164
76164
76164
76164
76164
76164
76164
76164
76164
76164
76164
76164
76341
76341
76341
76341
76341
76341
76341
76341
76341
76375
76375
76576
76794
76794
76794
76794
76794
76794
76794
76794
76794
76939
76939
76939
76939
77054
77054
77054
77054
77054
77054
77054
77054
77105
77105
77105
77105
77105
77105
77105
77105
77105
77105
77105
77105
77105
77105
77105
77105
77105
77105
77785
77785
77785
77785
77785
77954
77954
77954
77954
77954
77954
77954
77954
77954
77954
77954
77954
77954
78303
78303
78303
78303
78303
78303
78303
78303
78303
78303
78569
78569
78569
78768
78768
78768
78768
78768
78768
78768
78768
78768
78768
78768
79426
79426
79426
79426
79426
79426
79426
79426
79426
79562
79562
79562
79562
79562
79562
79562
79562
79562
79562
79562
79562
79562
79562
79562
79562
79562
79562
79571
79571
79571
79571
79571
79571
79571
79571
79571
79571
79571
79571
79571
80014
80014
80014
80014
80014
80014
80014
80014
80014
80014
80014
80014
81258
81258
81258
81258
81258
81258
81258
81258
81258
81258
81258
81258
81258
81258
81258
81258
81258
81272
81272
81272
81272
81272
81308
81334
81334
81334
81334
81841
81841
81841
81841
81841
81841
81841
82087
82087
82087
82087
82087
82087
82087
82087
82087
82087
82087
82087
82131
83058
83058
83058
83058
83058
83058
83058
83058
83058
83058
83058
83058
83058
83058
83058
83058
83576
83576
83576
83576
83576
83576
83576
83576
83576
83576
83576
83576
83576
83576
83576
83576
83576
83576
83576
83938
84008
84008
84008
84008
84008
84013
84013
84013
84013
84013
84013
84013
84013
84013
84013
84013
84013
84013
84013
84013
84013
84013
84043
84043
84043
84043
84043
84043
84043
84043
84043
84043
84043
84043
84043
84043
84043
84043
84043
84043
84043
84090
84090
84090
84090
84090
84090
84090
84090
84090
84090
84090
84090
84090
84090
84128
84128
84128
84128
84128
84128
84128
84128
84128
84128
84128
84128
84128
84128
84128
84128
84128
84128
84520
84520
84520
84520
85185
85185
85511
85511
85511
85771
85771
85771
85771
85771
85771
85771
85771
85771
85771
85771
85771
85771
85771
85771
85771
85771
85771
85966
85966
85966
85966
85966
85966
85966
85966
85966
85966
85966
85966
85966
85966
85966
85966
85966
86111
86165
86165
86165
86165
86165
86165
86165
86165
86165
86165
86413
86413
86413
86413
86413
86413
86466
86466
86466
86466
86466
86466
86466
86466
86527
86527
86527
86558
86558
86558
86558
86558
86574
86574
86574
86574
86574
86574
86574
86574
86574
86574
86574
86574
86574
87108
87108
87108
87108
87108
87108
87108
87108
87108
87108
87108
87108
87108
87108
87108
87108
87108
87429
87429
87688
87688
88073
88073
88073
88073
88113
88113
88303
88303
88309
88309
88309
88309
88309
88309
88309
88309
88309
88309
88309
88309
88309
88570
88570
88570
88570
88570
88570
88570
88570
88570
88570
88570
88570
88570
88858
88858
89045
89045
89045
89045
89045
89045
89140
89140
89140
89140
89140
89140
89140
89140
89140
89341
89341
89341
89341
89377
89377
89377
89377
89377
89377
89377
89377
89377
89377
89377
89377
90167
90167
90167
90167
90167
90177
90177
90483
90483
90483
90483
90483
90661
90661
90661
90661
90661
90661
90661
90661
90661
90661
90661
90661
90664
90664
90664
90664
90664
90664
90664
90664
90664
90664
90664
90664
90664
90664
90664
90664
90664
91088
91088
91088
91088
91088
91088
91088
91088
91088
91088
91088
91088
91088
91268
91268
91268
91268
91268
91268
91268
91268
91268
91268
91268
91268
91268
91268
91268
91268
91268
91268
91268
91504
91504
91504
91504
91504
91504
91504
91504
91504
91504
91504
91504
91504
91504
91504
91515
91515
91515
91719
91719
91719
91719
91719
91719
91719
91719
91719
91719
91719
91719
91719
91719
91719
91719
91719
91903
91903
91903
91903
91903
91903
91903
91903
91903
91903
91903
91903
91903
92259
92259
92259
92259
92259
92259
92259
92259
92259
92259
92259
92259
92259
92259
92259
92259
92359
92359
92359
92359
92359
92359
92482
92482
92482
92482
92482
92482
92482
92482
92482
92824
92824
92824
92824
92824
92824
92824
92824
92824
92824
92824
92824
92824
92824
92942
92942
92942
92942
92942
92942
92942
92942
92942
92942
92942
92942
92942
92942
93175
93175
93175
93175
93175
93175
93175
93175
93175
93175
93175
93175
93175
93199
93199
93199
93199
93199
93199
93199
93199
93257
93257
93257
93257
93257
93257
93257
93257
93257
93257
93257
93257
93742
93742
93742
93742
93742
93742
93742
93742
93742
93742
93763
93763
93763
93763
93763
93763
93763
93763
93763
93763
93763
93763
93763
93763
93763
93763
93763
93763
93763
93763
93814
93814
94041
94041
94041
94041
94041
94041
94041
94197
94197
94197
94197
94197
94197
94245
94245
94245
94245
94245
94245
94245
94245
94245
94245
94245
94245
94245
94245
94245
94245
94245
94245
94245
94494
95039
95039
95039
95039
95039
95039
95039
95039
95039
95119
95119
95119
95119
95355
95355
95355
95355
95355
95355
95355
95355
95355
95355
95355
95355
95543
95543
95543
95543
95543
95543
95543
95543
95543
95543
95543
95543
95712
95712
95712
96403
96403
96403
96403
96403
96403
96403
96403
96403
96403
96403
96403
96403
96799
96799
96799
96799
96799
96799
97413
97413
97413
97413
97413
97413
97413
97413
97413
97413
97413
97516
97516
97516
97516
97516
97516
97516
97516
97516
97516
97516
97516
97516
97516
97609
97609
97609
97609
97609
97609
97609
97609
97609
97609
97609
98298
98298
98298
98298
98298
98298
98298
98298
98298
98298
98298
98298
98298
98551
98551
98551
98551
98551
98551
98551
98551
98551
98551
98551
98551
98551
98551
98551
98551
98551
98551
98551
98551
98572
98572
98572
98572
98572
98572
98572
98572
98572
98572
98572
98572
98572
98572
98706
98706
98706
98706
98706
98706
98954
98954
98954
98954
98954
98954
98954
98954
98954
98954
98954
98954
99492
99492
99492
99492
99492
99710
99710
99710
99710
99710
99710
99710
99710
99710
99710
99710
99710
99710
99827
99827
99827
99827
99827
99827
99827
99827
99827
99827
99827
99827
99827
99827
99827
99827
99827
99827
99827
99827
100104
100104
100104
100104
100111
100111
100111
100111
100111
100111
100111
100191
100191
100191
100191
100191
100191
100191
100191
100191
100191
100191
100191
100191
100465
100465
100465
100465
100465
100465
100465
100465
100482
100482
100482
100482
100482
100482
100482
100482
100482
100482
100482
100482
100482
100482
100482
100482
100482
100482
100482
100814
101124
101124
101124
101124
101124
101124
101124
101124
101124
101124
101124
101124
101124
101124
101124
101124
101124
101124
102153
102153
102861
102861
102861
102861
102861
102861
102861
102861
102861
102861
102861
102861
102861
102861
102903
102903
102903
102903
102903
102903
102903
102903
102903
102903
103188
103188
103188
103188
103188
103188
103188
103188
103188
103188
103188
103188
103188
103188
103188
103188
103188
103188
103365
103365
103365
103365
103365
103365
103365
103374
103374
103374
103374
103374
103374
103374
103374
103374
103374
103374
103374
103374
103374
103374
103718
103718
103882
103882
103882
103882
103882
103882
103882
103882
103882
103882
103954
103954
103954
103954
103954
103954
103954
103954
103954
103954
103954
103954
103954
103966
103966
103966
103966
103966
103966
104377
104377
104377
104377
104377
104377
104377
104377
104377
104561
104561
104561
104561
104561
104561
104561
104561
104561
104582
104582
104582
104582
104582
104643
104643
104643
104659
104659
104659
104659
104659
104659
104659
104659
104659
104659
104659
104659
104659
104659
104659
104659
104659
104659
104659
104659
104904
104904
104904
104904
104904
104904
104904
104904
104904
104904
104904
104904
104904
104904
104904
104904
104904
104904
104954
104954
104954
104954
104954
104954
104954
104954
104954
104954
104954
104954
104954
104954
104954
104954
104954
104954
104954
104954
105166
105166
105166
105166
105166
105166
105166
105166
105166
105166
105166
105336
105336
105336
105336
105336
105336
105336
105336
105336
105336
105336
105336
105336
105336
105336
105336
105336
105336
105571
105571
105571
105571
105571
105571
105571
105571
105571
105571
105571
105571
105577
105577
105577
105577
105577
105973
105973
105973
105973
105973
105973
105973
105973
105973
105973
105973
105973
105973
105973
105973
105973
105973
105973
105973
105992
105992
105992
105992
105992
105992
105992
105992
105992
105992
105992
105992
105992
105992
105992
105992
105992
105992
105992
105992
106315
106315
106315
106315
106315
106315
106315
106315
106315
106315
106315
106315
106315
106315
106315
106315
106315
106315
106315
106460
106460
106460
106460
106460
106460
106475
106475
106475
106697
106697
106697
107799
107799
107799
107799
107799
107799
107799
107799
107799
107799
107799
107883
107883
107883
107883
107883
107883
107883
107883
107883
108873
108873
108873
108873
108873
108873
108873
108873
108873
109517
109517
109517
109520
109520
109520
109520
109520
109520
109520
109520
109520
109520
109694
109694
109694
109694
109694
109694
109694
109694
109694
109694
109694
109694
109694
109694
109694
109694
109694
109694
110380
110834
110834
110834
110834
110834
110834
110834
110834
111433
111433
111433
111433
111433
111433
112054
112054
112054
112054
112054
112054
112054
112054
112054
112054
112054
112054
112054
112054
112054
112054
112132
112132
112132
112132
112132
112132
112132
112132
112132
112132
112132
112132
112132
112132
112132
112132
112132
112317
112317
112317
112317
112317
112317
112317
112317
112317
112317
112317
112317
112317
112317
112327
112327
112327
112327
112327
112327
112327
112327
112327
112511
112511
112511
112511
112511
112511
112511
112767
112767
112767
112767
112767
112767
112767
112767
112767
112767
112963
112963
112963
112963
113233
113409
113409
113409
113409
113409
113409
113409
113409
113409
113894
113894
114047
114047
114047
114047
114047
114047
114047
114047
114047
114047
114047
114047
114047
114047
114047
114047
114047
114126
114126
114126
114126
114126
114126
114126
114126
114126
114126
114126
114126
114416
114416
114416
114416
114416
114590
114590
114590
114590
114996
114996
114996
114996
114996
114996
114996
114996
114996
114996
114996
114996
114996
115307
115307
115462
115462
115462
115462
115462
115462
115462
115462
115462
115462
115462
115462
115462
115462
115462
115462
115462
115462
115462
115949
115949
115949
115949
115949
115949
115949
115949
115949
115949
115949
115949
115949
116211
116211
116211
116211
116211
116211
116211
116465
116729
116729
116729
116729
116729
116729
116729
116729
116729
116729
116854
116854
116854
116854
116854
116854
116854
116854
116854
116854
117675
117675
117675
117675
117675
117675
117675
117675
117675
117675
117675
117675
117675
117675
117675
117675
117675
117675
117675
117675
118158
118158
118430
118430
118430
118430
118430
118430
118430
118430
118430
118430
118430
118430
118430
118430
118430
118725
118725
118725
118725
118848
118848
118848
118848
118848
118848
118848
118848
118894
118894
118894
118894
118894
118894
118894
119244
119244
119244
119244
119274
119274
119274
119274
119274
119274
119274
119274
119274
119274
119274
119274
119274
119274
119274
119274
119274
119274
119274
119274
119326
119326
119326
119326
119326
119326
119326
119326
119326
119326
119326
119326
119326
119326
119326
119326
119326
119326
119326
119326
119637
119637
119637
119637
119637
119637
119637
119637
119637
119637
119637
119637
119637
119637
119637
119637
119637
119637
119637
120076
120076
120076
120076
120076
120076
120076
120076
120076
120076
120076
120076
120076
120311
120311
120311
120311
120311
120311
120311
120311
120311
120508
120508
120508
120508
120508
120508
120508
120508
120508
120508
120508
120508
120508
120508
120508
120508
120508
120508
120607
120607
120607
120607
120607
120607
120607
120607
120607
120607
120607
120607
120607
120607
120607
120607
120607
120628
120628
120628
120628
120628
120628
120628
120628
120628
120628
120628
120628
120628
120628
120628
120628
120628
120628
120628
120646
120646
120646
120646
120646
120646
120646
120646
120646
120646
120649
120649
120649
120649
120649
120649
120649
120649
120649
120649
120649
120649
120649
120649
120649
120649
120783
120783
120783
120783
120783
120783
120783
120783
120783
120783
120783
120783
120783
120783
121294
121294
121294
121294
121294
121294
121294
121294
121294
121294
121294
121368
121368
121368
121368
121368
121368
121368
121368
121368
121368
121368
121368
121368
121368
121368
121368
121368
121368
121392
121392
121392
121392
121392
121392
121392
121392
121392
121392
121392
121392
121510
121510
121510
121510
121510
121578
121578
121578
121578
121578
121578
121578
121578
121578
121578
121578
121578
122230
122230
122230
122230
122230
122230
122230
122230
122230
122230
122251
122251
122251
122251
122251
122251
122327
122327
122327
122327
122390
122390
122390
122390
122390
122390
122390
122390
122390
122390
122390
122592
122592
122592
122592
122592
122592
122592
122592
122592
122592
122592
122592
122592
122592
122592
122592
122592
122592
122722
122722
122722
122722
122722
122722
122722
122722
122722
122722
122722
122722
122722
122722
122722
122722
122930
123207
123207
123207
123207
123207
123207
123207
123207
123219
123472
123472
123472
123472
123472
123472
123472
123472
123472
123472
123472
123472
123472
124083
124083
124083
124083
124083
124083
124083
124083
124083
124083
124083
124083
124083
124083
124112
124112
124139
124139
124139
124139
124139
124139
124139
124203
124203
124203
124203
124203
124203
124203
124203
124203
124203
126095
126095
126095
126095
126095
126095
126451
126451
126451
126451
126451
126451
126451
126451
126451
126451
126451
126451
126451
126451
126451
126451
126451
126451
126451
126497
126497
126497
126497
126497
126497
126497
126497
126497
126497
126724
126724
126724
126724
126724
126724
126724
126724
126724
126724
126724
126724
126724
126724
126724
127522
127522
127522
128435
128435
128435
128435
128435
128435
128435
128435
128435
128435
128435
128435
128435
128435
128435
128435
128435
128435
128528
128528
128528
128528
128696
128696
128696
128696
128696
128696
128696
128696
128696
128696
128696
128701
128701
128701
128701
128701
128701
128701
128701
128701
128701
128701
128701
128701
128701
128701
128701
128701
128701
128701
128701
128725
128725
128725
128725
128725
128725
128725
128725
128725
128725
128725
128725
128725
128725
128725
128725
128725
129135
129135
129135
129135
129135
129135
129135
129135
129135
129135
129135
129135
129135
129135
129135
129135
129135
129135
129135
129135
129687
129687
129687
129687
129687
129687
129687
129687
129687
129744
129744
129744
129744
129744
129744
129744
129744
129744
129744
129744
129744
129744
129744
129744
129744
129744
129744
129952
129952
129952
129952
129952
129952
129952
129952
129952
129952
129952
130188
130188
130188
130188
130188
130188
130188
130188
130188
130188
130188
130188
130188
130188
130188
130188
130188
130188
131332
131515
131515
131515
131515
131515
131515
131515
131515
131515
131515
131515
131515
131515
131515
131515
131515
132976
132976
132976
132976
132976
132976
132976
132976
132976
133052
133186
133186
133186
133186
133186
133186
133186
133186
134728
134728
134728
134728
134728
134728
134728
134728
134728
134728
134728
134728
134728
134728
134728
134820
134820
134820
134820
134820
134820
134820
134820
134820
134820
134820
134820
134820
134820
134820
134820
134820
134820
134820
135342
135342
135342
135435
135435
135435
135435
135435
135435
135435
135435
135435
135435
135435
135474
135474
135474
135474
135474
135474
135474
135474
135474
135474
135474
135474
135847
135847
135847
135847
135847
135847
135847
135847
135847
135847
135847
135847
135847
135847
136269
136269
136269
136269
136269
136475
136475
136475
136475
136475
136475
136475
136475
136475
136475
136475
136475
136475
136475
136617
136617
136617
136617
136617
136617
136617
136617
136617
136617
136702
136702
136702
136702
136702
136702
136702
136702
136702
136702
136702
136702
136702
136702
136702
136702
136702
136702
136702
136702
137116
137116
137116
137116
137116
137116
137116
137116
137116
137116
137116
137116
137116
137116
137116
137116
137116
137116
137116
137116
137155
137155
137155
137155
137297
137297
137297
137297
137297
137297
137297
137297
137297
137297
137297
137297
137297
137624
137624
137624
137624
137624
137624
137624
137624
137725
137725
137725
137725
137725
137725
137725
138685
139150
139150
139150
139150
139150
139150
139150
139150
139150
139150
139150
139150
139150
139150
139150
139150
139612
139612
139612
139612
139612
139612
139612
139612
139612
139612
139612
139612
139612
139612
139612
140172
140172
140172
140172
140172
140172
140172
140172
140172
140172
140172
140172
140172
140172
140234
140234
140234
140234
140234
140234
140234
140234
140234
140234
140348
140348
140348
140348
140348
140348
140348
140348
140348
140348
140348
140348
140485
140485
140485
140485
140485
140485
140485
140485
140485
140485
140485
140485
140485
140485
140485
140485
140485
140485
140485
140485
140532
140532
140532
140532
140532
140532
140532
140568
140568
140568
140568
140568
140568
140568
140568
140568
140568
140568
140568
140568
140568
140568
140568
140568
140568
140709
140709
140709
140709
140799
140799
140799
140799
140799
140799
140799
140799
140799
140799
140799
141936
141936
141936
141936
141936
141936
141936
141936
141936
141936
141936
141936
141936
141936
141981
141981
141981
141981
141981
141981
141981
141981
141981
141981
141981
141981
141981
142209
142209
142209
142209
142209
142209
142209
142209
142209
142209
142482
142482
142482
142482
142482
142482
142516
142516
142516
142516
142914
143001
143001
143001
143001
143001
143001
143001
143001
143001
143001
143001
143001
143001
143001
143001
143001
143001
143384
143384
143384
143384
143384
143384
143384
143384
143384
143384
143384
143384
143384
143384
143384
143384
143384
143544
143544
143544
143544
143544
143544
143544
143544
143544
143544
143544
143544
143544
144163
144163
144163
144163
144163
144163
144163
144163
144163
144163
144163
144163
144163
144163
144772
144772
144772
144772
144772
144772
144772
144772
144772
144772
144772
144772
144772
144772
144772
144772
144772
144772
144772
145380
145380
145380
145380
145380
145380
145380
145380
145631
145631
145631
145631
145631
145631
145631
145631
145631
145631
145631
145631
145631
145631
145689
145689
145689
146508
146508
146508
146508
146508
146592
146592
146592
146592
146592
146592
146592
146592
146592
146592
146592
147110
147110
147110
147110
147110
147110
147111
147111
147111
147111
147111
147111
147111
147111
147111
147111
147111
147374
147374
147374
147374
147374
147451
147451
147451
147451
147451
147451
147451
147468
147468
147468
147468
147468
147468
147492
147492
147492
147492
147492
147492
147492
147492
147492
147492
147492
147976
147976
147976
147976
147976
147976
147976
148519
148519
148519
148519
148519
148519
148519
148521
148521
148521
148521
148521
148545
148545
148545
148545
148545
148545
148545
148545
148545
148545
148545
148545
148641
148641
148641
148641
148641
148641
148641
148641
148641
148641
148641
148641
148641
148641
148641
148958
148958
148958
148958
148958
149120
149120
149120
149120
149120
149120
149120
149120
149120
149120
149120
149120
149120
149120
149120
149120
149120
149120
149120
149120
150381
150381
150381
150381
150381
150381
150381
150381
150381
150381
150381
150381
150381
150381
150381
150381
150381
150381
150439
150439
150439
150439
150439
150439
150439
150439
150439
150439
150439
150439
150439
150439
150439
150439
150439
150439
150439
150583
150583
150583
150583
150583
150627
150627
150627
150627
150627
150627
150627
150627
150627
150627
150627
150627
150627
150627
150627
150627
150627
150627
150627
150686
150686
150686
150686
150686
150686
150686
150686
150686
150686
150686
152038
152038
152038
152038
152038
152038
152038
152038
152845
152845
152845
152845
152845
152845
152845
152845
152845
152845
152845
152845
152845
152845
152845
152845
152845
152845
152845
153327
153327
153327
153327
153327
153327
153327
153327
153327
153327
153327
153429
153429
154165
154165
154165
154165
154165
154165
154165
154165
154165
154165
154165
154165
154165
154165
154165
154165
154165
154165
154165
154165
154387
154387
154387
154387
154387
154387
154387
154387
154387
154387
154387
154387
154387
154387
155169
155169
155169
155169
155517
155517
155517
155517
155517
155517
155517
155517
155517
155517
155517
155517
155517
155517
155517
155517
155517
155517
155517
156377
156377
156377
156377
156424
156424
156424
156424
156424
156424
156424
156424
156424
156424
156424
156538
156538
156538
156538
156538
156538
156538
156538
156538
156538
156538
156538
156538
156538
156538
156538
156538
156538
156538
156538
156669
156669
156669
156669
156669
156669
156669
156669
156669
156669
156669
156669
156669
156895
156895
157473
157473
157473
157473
157473
157473
157473
157473
157523
157523
157523
157523
157523
157523
157523
157523
157523
157523
157523
157523
157523
157523
157523
157523
157523
157523
157563
157563
157563
157563
157563
157563
157563
157573
157573
157573
157573
157573
157573
157573
157573
157573
157573
157573
157573
157573
157573
157910
157910
157910
157910
157910
157910
157910
157910
157910
157910
157910
157910
157910
158150
158150
158150
158150
158150
158150
158150
158150
158150
158494
158532
158532
158532
158532
158532
158532
158532
158532
158532
158793
158793
158793
158793
158793
158793
158793
158793
158793
158793
158793
158793
158793
158793
158793
158793
158886
158886
158886
158886
158886
158886
158886
158933
158933
158933
158933
158933
158933
158933
158933
158933
158933
158936
158936
158936
159140
159140
159140
159140
159140
159140
159140
159140
159140
159140
159140
159140
159140
159140
159140
159140
159140
159140
159140
159400
159400
159400
159400
159400
159400
159400
159400
159400
159400
159400
159400
159400
159400
159400
159859
159859
159859
159859
159859
159859
159859
159859
159859
159859
159859
159859
159897
159897
159897
160300
161038
161038
161038
161038
161038
161038
161038
161038
161038
161038
161038
161038
161038
161038
161038
161038
161038
161038
161038
161428
161428
161428
161428
161428
161428
161428
161428
161428
161428
161428
161428
161428
161459
161459
161459
161459
161459
161459
161459
161459
161853
161853
161853
161853
161853
161853
161853
161853
161853
161853
161853
161853
161853
161853
161853
161853
161853
161853
161853
162064
162064
162457
162457
162457
162457
162457
162457
162457
162457
162457
162457
162457
162817
162817
162817
162817
162817
162817
162817
162817
162817
162817
162817
162817
162817
162817
162817
162817
162817
163668
163668
163668
163668
163668
163668
163668
163668
163668
163668
163668
163668
163668
163668
163668
163668
163668
163668
163668
163668
164198
164198
164198
164198
164198
164198
164198
164198
164629
164629
164629
164629
164721
164721
164721
164721
164721
164721
164721
164721
164721
164721
164721
164721
164721
164721
164721
165041
165041
165041
165041
165041
165163
165163
165163
165163
165163
165163
165163
165163
165163
165163
165163
165163
165163
165163
165163
165163
165163
165163
165163
165352
165352
165352
165352
165352
165352
165352
165352
165352
165352
165352
165352
165352
165352
165352
165352
165540
165540
165540
165540
165546
165546
165546
165546
165546
165546
165546
165546
165546
165546
165546
165546
165546
165546
165546
165546
165606
165606
165606
165606
165606
165606
165606
165606
165606
165606
165606
165606
165606
165606
165606
165606
165606
166386
166386
166386
166386
166425
166425
166425
166425
166425
166425
166425
166425
166425
166425
166425
166425
166425
166425
166425
166425
166425
166425
166425
166425
166595
166595
166595
166595
166595
166595
166595
166595
166595
166595
166595
166595
166595
166595
166595
166595
166595
166595
166595
166877
166877
166877
166877
166877
167188
167188
167188
167188
167188
167188
167188
167188
167188
167188
167188
167188
167188
167188
167188
167188
167188
167188
167188
167328
167328
167328
167328
167328
167328
167328
167328
167328
167328
167328
167375
167375
167375
167375
167375
167375
167375
167375
167375
167375
167375
167375
167375
167375
167375
167375
167375
167636
167636
167636
167636
167636
167636
167636
167636
167636
168361
168361
168361
168361
168361
168361
168361
168361
168361
168361
168361
168361
168361
168361
168361
168361
168636
168636
168636
168636
168636
168636
168636
168636
168636
168636
168636
168636
168636
168636
168636
168696
168696
168696
168696
168696
168696
168696
168696
168696
168696
168696
168696
168696
168696
168696
168696
168696
168745
168745
168745
168745
168745
168745
168745
168745
168745
168745
168745
168745
168745
168745
168745
168745
169260
169260
169260
169260
169260
169260
170137
170137
170137
170137
170137
170137
170137
170137
170137
170137
170137
170137
170137
170137
170137
170137
170151
170151
170151
170550
170550
170550
170550
170550
170611
170611
170611
170611
170611
170611
170611
170611
170611
170611
170611
170611
170611
170611
170611
170611
170611
170611
170611
170662
170662
170662
170662
170662
170662
170662
171089
171089
171089
171089
171396
171396
171396
171396
171396
171396
171396
171396
171396
171396
171752
171752
171752
171752
171752
171752
171752
171752
171752
171752
171752
171752
171752
171752
172252
172252
173006
173006
173006
173715
173715
173715
173715
173715
173715
173715
173715
173715
173715
173715
173715
173715
173715
173715
173715
174046
174046
174046
174046
174046
174046
174046
174046
174046
174046
174046
174046
174046
174046
174046
174144
174144
174144
174144
174144
174144
174144
174345
174345
174345
174345
174345
174345
174595
174595
174595
174595
174595
174595
174595
174595
174595
174595
174595
174595
174595
174663
174663
174663
174663
174663
174663
174663
174863
174863
174863
174863
174863
174863
174863
174863
174863
174863
174863
174863
174863
174863
175111
175111
175111
175111
175111
175111
175111
175111
175111
175111
175111
175111
175111
175111
175111
175391
175391
175391
175391
175391
175391
175391
175391
175391
175391
175440
175440
175440
175440
175440
175440
175440
175440
175829
175829
175829
175829
175829
175829
175829
175829
175829
175829
175971
176030
176030
176030
176030
176030
176030
176119
176119
176119
176119
176119
176119
176119
176119
176119
176119
176119
176119
176162
176162
176162
176162
176162
176162
176162
176162
176162
176162
176162
176162
176162
176162
176162
176162
176162
176162
176162
176327
176327
176546
176546
176546
176546
176546
176546
176546
176546
176546
176546
176546
176546
176546
176546
176546
176546
176546
176784
176784
176784
176794
176794
176794
176794
176794
176794
176794
176794
176794
176794
176794
176794
176794
176794
176794
176799
176799
176799
176799
176799
176799
176799
176799
176799
176799
176799
176799
177105
177105
177105
177105
177105
177105
177105
177235
177235
177235
177235
177235
177235
177235
177235
177235
177235
177235
177235
177235
177235
177235
177235
177298
177298
177298
177298
177415
177415
177415
177415
177415
177415
177415
177415
177415
177693
177693
177693
177693
177693
177693
177693
177693
177693
177693
177693
177693
177693
177693
177693
177693
177693
177899
177899
177899
177899
177899
177899
177899
177899
177899
177899
177899
177899
177920
177920
177920
177920
177920
178538
178538
178538
178538
178538
178538
178538
178538
178538
178538
178538
178538
178538
178717
178717
178717
179119
179119
179119
179119
179119
179119
180053
180053
180053
180053
180053
180053
180053
180053
180053
180053
180083
180083
180083
180083
180154
180154
180154
180154
180348
180348
180348
180678
180678
180678
180678
180678
180678
180678
180678
180678
180678
180678
180744
180744
180744
180744
180744
180744
180744
180744
180744
180744
180744
180744
180744
180744
180744
180744
180744
180744
180815
180815
180815
180815
180815
180815
180815
180815
180815
180815
180815
180815
180815
180815
180857
180857
180857
180857
180857
180857
180857
180857
180857
180857
180857
180857
180857
181135
181135
181142
181142
181142
181142
181142
181142
181142
181142
181142
182312
182312
182312
182312
182312
182312
182312
182312
182312
182471
182471
182471
182471
182720
182720
182720
182720
182720
182720
182757
182757
182757
182757
182757
182757
182757
182757
182757
182757
182757
182859
182859
182859
182859
182965
182965
182965
182965
182965
182965
182965
182965
182965
182965
182965
182965
182965
182965
182965
182965
182965
182965
182965
183399
183399
183399
183399
183399
183399
183399
183399
183399
183399
183399
183399
183399
183399
183399
183399
183399
183399
183399
183399
183774
183774
183774
183774
183774
183774
183774
183774
183774
183774
183774
183774
183774
183774
183774
183774
183774
183958
183958
183958
183958
183958
183958
183958
183958
183958
183958
183958
183958
183958
183958
183958
183958
183958
183958
183958
183958
184035
184035
184035
184035
184035
184035
184035
184035
184035
184035
184035
184035
184035
184035
184035
184035
184035
184203
184203
184203
184203
184203
184203
184230
184230
184391
184391
184391
184391
184391
184391
184391
184391
184391
184391
184391
184391
184532
184532
184532
184532
184532
184532
184532
184722
184736
184801
184801
184801
184801
184801
184801
184801
184801
184801
184801
184801
184801
184801
184801
184801
184801
184801
185939
185939
185939
185939
185939
185939
185939
185939
185939
185939
185939
185939
185939
185939
185939
185939
185939
185939
185988
185988
185988
185988
186593
186593
186593
186593
186593
186593
186593
186593
186593
186593
186593
187196
187196
187196
187196
187196
187683
187683
187683
187683
187683
187683
187683
187683
187683
187683
187683
187683
187683
187764
187764
187764
187764
187764
187764
187764
187764
187764
187764
187764
187764
187764
188070
188070
188070
188070
188070
188070
188070
188070
188070
188070
188389
188389
188389
188389
188389
188389
188389
188389
188389
188389
188389
188770
188770
188770
188770
188770
188770
188770
188770
188770
188770
188770
188770
188770
188770
188770
188770
188770
188770
189340
189340
189340
189340
189340
189340
189340
189513
189513
189513
189513
189513
189513
189513
189513
189513
189513
189513
189513
189513
189513
189513
189513
189513
189513
189513
189684
189684
189684
189684
189684
189684
189684
189684
189684
189684
189684
189684
189684
189696
189696
189696
189696
189696
189696
189696
189696
189696
189696
189696
189696
189696
189696
189696
189696
189696
189696
189733
189733
189733
189733
189733
189733
189733
189733
189733
189733
189733
189733
189733
189733
189733
189733
189733
189944
189944
189944
189944
189944
189944
189944
189944
189944
189944
191166
191166
191166
191166
191166
191166
191166
191166
191166
191166
191166
191203
191463
191463
191463
191463
191463
191463
191463
191463
191463
191463
191463
191463
191463
191463
191463
191463
191463
191463
191463
191972
191972
191972
192182
192182
192182
192182
192182
192182
192182
192215
192215
192215
192779
192779
192779
192779
192807
192807
192807
192807
192807
192807
192807
192807
192807
193168
193168
193168
193231
193231
193231
193231
193231
193231
193231
193231
193231
193231
193231
193316
193316
193316
193316
193316
193316
193316
193316
193401
193496
193917
194034
194034
194034
194034
194034
194034
194034
194034
194034
194034
194034
194034
194034
194034
194034
194034
194034
194034
194034
194043
194104
194104
194104
194104
194104
194104
194104
194104
194104
194104
194104
194104
194104
194104
194104
194104
194104
194104
194104
194104
194587
194587
194587
194587
194587
194587
194587
194587
194587
194587
194587
194587
194587
194587
194587
194587
194587
194587
194587
194587
194817
194817
194817
194817
194817
194817
194817
194817
194817
194817
194817
194859
194859
194859
194859
194859
194859
194859
194859
194859
194949
194949
194949
194949
194949
194949
194949
195881
195881
195881
195881
195881
195881
196314
196314
196314
196314
196314
196314
196314
196314
196314
196314
196314
196314
196314
196314
196314
196314
196314
196439
196439
196439
197393
197393
197393
197393
197393
197393
197393
197791
197791
197791
197791
197791
197791
197791
197791
197791
197791
197791
197924
197924
197924
197924
197924
197924
197924
197924
197924
197924
198222
198222
198222
198304
198304
198304
198304
198304
198304
198304
198304
198693
198693
198693
198693
198693
198693
198701
199256
199256
199559
199559
199559
199733
199757
199757
199757
199757
199757
199757
199926
199926
199926
199926
200007
200007
200007
200007
200514
201150
201150
201150
201150
201150
201150
201150
201150
201150
201150
201150
201150
201150
201150
201150
201150
201150
201150
201150
201347
201347
201347
201347
201347
201347
201347
201347
201347
201347
201347
201347
201347
201347
201347
201347
201347
201347
202002
202002
202002
202002
202002
202002
202002
202002
202002
202002
202002
202002
202002
202002
202002
202340
202340
202340
202340
202340
202340
202340
202340
202340
202340
202340
202340
202340
202852
202852
202852
202852
202852
202852
203130
203169
203169
203169
203169
203277
203277
203277
203277
203277
203277
203277
203277
203277
203277
203277
203277
204675
204675
204675
204675
204675
204675
204675
204918
204918
204918
204918
204931
204931
204931
205328
205356
205356
205356
205356
205356
205356
205356
205356
205356
205356
205356
205356
205356
205356
205356
205356
205356
205356
205409
205409
205409
205409
205409
205409
205409
205409
205409
205409
205409
205409
205415
205415
205415
205415
205415
205415
205415
205415
205454
205454
205454
205454
205454
205454
205454
205454
205454
205454
205454
205454
205454
205454
205454
205454
205454
205454
205454
205717
205717
205717
205717
205717
205717
205758
205758
205758
205758
205758
205758
205758
205928
205928
205928
205928
205928
205928
205928
205928
205928
205928
205928
205928
205928
205928
205928
205928
206363
206363
206363
206363
206363
206363
206363
206363
206363
206363
206363
206363
206597
206597
206597
206597
206597
206597
206597
206597
206597
206667
206667
206667
206667
206667
206667
206667
206667
206667
206667
206667
206667
206667
206667
206667
206667
206667
206860
206860
206860
206860
206860
206860
206860
206860
206860
206860
206860
206895
206895
206895
206895
206895
206895
206895
206895
206895
206895
206895
208883
208883
208883
208883
208883
208883
209038
209038
209038
209038
209038
209038
209038
209038
209038
209038
209038
209038
209038
209038
209038
209038
209038
209038
209038
209038
209052
209052
209052
209052
209052
209052
209699
209699
209699
209699
209699
209699
209699
209699
209699
209699
209699
209699
209699
209699
209699
209699
209699
210197
210197
210197
210197
210197
210197
210197
210197
210197
210197
210197
210228
210228
210228
210228
210228
210228
210228
210228
210228
210228
210228
210495
210495
210495
210551
210551
210551
210551
210551
210551
210551
210551
210551
210551
210551
210551
210551
210551
210551
210551
210551
210804
210804
210804
210804
211292
211292
211292
211292
211292
211292
211292
211292
211292
211292
211292
211292
211292
211292
211292
211292
211292
211292
211292
211292
211974
211974
211974
211974
211974
211974
211974
211974
211974
211974
211974
211974
211974
211974
211974
212015
212015
212319
212319
212319
212319
212319
212319
212319
212319
212319
212319
212319
212319
212319
212498
212498
212582
212582
212582
212582
212582
212582
212582
212582
212582
212582
212582
212582
212702
212702
212702
212702
212702
212702
212702
212702
212702
212702
212702
212702
212702
212702
212702
212702
212702
212702
212702
213056
213056
213935
213935
213935
213935
213935
213935
213935
213935
213935
213935
213935
213935
213935
213935
213935
213935
214107
214107
214107
214107
214107
214107
214107
214107
214107
214107
214107
214107
214107
214107
214173
214173
214173
214173
214173
214173
214173
214173
214173
214173
214173
214173
214173
214173
214173
214551
215340
215340
215340
215417
215417
215417
215417
215417
215417
215417
215417
215417
215417
215417
215417
215417
215417
215418
215418
215418
215418
215418
215418
215418
215431
215431
215431
215431
215431
215431
215431
215431
215431
215431
215431
215431
215431
215431
215431
215431
215984
215984
215984
215984
215984
215984
216315
216315
216315
216315
216315
216315
216315
216315
216315
216315
216315
216315
216315
216315
216315
216949
216949
216949
216949
216949
216949
216949
216949
216949
216949
216949
216949
216949
216949
216949
216949
216949
216949
217115
217330
217330
217330
217330
217330
217330
217330
217330
217330
217330
217509
217509
217509
217509
217509
217509
217509
217509
217509
217509
217509
217509
217781
217781
217781
217781
217781
217925
217925
217925
217925
217925
217925
217925
217925
217925
217925
217925
217925
217925
217925
217925
217925
217925
218328
218328
218328
218328
218328
218481
218481
218481
218481
218481
218481
218481
218481
218481
218481
218481
218481
219109
219109
219109
219109
219109
219109
219109
219109
219109
219109
219109
219109
219109
219795
219795
219857
219898
219898
219898
219898
219898
219898
219898
219898
219898
219898
219898
219898
219898
220935
220935
220935
220935
220935
221312
221312
221312
221312
221486
221486
221486
221486
221486
221486
221486
221486
221486
221486
221486
221486
221486
221486
221486
221502
221502
221502
221502
221502
221502
221502
221502
221502
221502
221502
221502
222143
222143
222143
222143
222143
222143
222143
222143
222143
222143
222143
222143
222143
222143
222143
222143
222143
222143
222143
222212
222212
222212
222212
222212
223017
223017
223017
223085
223085
223085
223085
223085
223085
223085
223085
223085
223085
223085
223298
223298
223298
223298
223298
224231
224231
224231
224689
224689
224689
224689
224689
224689
224689
224689
224689
224689
224689
224689
224689
224689
224689
224689
224831
224831
224831
224831
225168
225168
225168
225168
225178
225178
225178
225178
225178
225178
225178
225178
225178
225178
225178
225197
225197
225197
225197
225197
225197
225197
225197
225197
225197
225197
225197
225197
225272
225272
225285
225285
225285
225285
225383
225383
225383
225383
225383
225383
225383
225383
225383
225383
225383
225805
226178
226178
226178
226178
226178
226178
226178
226178
226178
226178
226227
226227
226227
226227
226227
226227
226227
226227
226227
226227
226227
226227
226227
226227
226227
226227
226227
226307
226307
226307
226307
226307
226307
226307
226307
226307
226555
226555
226555
226907
226907
226907
226907
226907
226907
226907
226907
226907
226907
226907
226907
226907
226907
226907
227008
227008
227008
227008
227008
227008
227008
227008
227008
227008
227008
227008
227115
227115
227115
227115
227115
227115
227115
227115
227115
227115
227115
227115
227115
227115
227115
227115
227115
227115
227343
227343
227343
227343
227343
227343
227343
227343
227343
227343
227343
227343
227343
227343
227343
227504
227504
227504
227504
227504
227504
227504
227504
227504
227504
227504
227504
227504
227504
227504
227504
227504
227504
227504
227575
227575
227693
227693
227693
227693
227693
227693
227693
227693
227693
227693
227693
227693
227693
227693
227693
227693
227693
227693
227693
228394
228394
228394
228394
228394
228394
228394
228394
228394
228394
228394
228394
228394
228394
228394
228394
228394
228394
228394
228403
228403
228403
228403
228403
228403
228403
228403
228403
228403
228403
228403
228608
228608
228608
228608
228608
228608
228608
228608
229220
229220
229220
229220
229220
229220
229220
229220
229220
229220
229220
229220
229742
229742
229742
229742
229742
229742
229752
229752
229752
229752
229752
229752
229752
229752
229752
229752
229752
229752
229752
229752
229752
229752
229752
229752
230367
230367
230392
230392
230392
230392
230392
230392
230392
230392
230392
230392
230392
230392
230392
230392
230392
230392
230392
230392
230392
230392
230710
230710
230710
230710
230832
230832
230832
230832
230832
230832
230832
230832
230832
230832
230832
230832
230832
230832
230832
230832
230832
230832
230832
231137
231137
231137
231137
231137
231137
231137
231137
231137
231137
231138
231138
231138
231138
231138
231138
231138
231717
231717
231717
231717
231717
231717
232467
232467
232467
232467
232467
232467
232467
232556
232556
232556
232556
232556
232556
232556
232556
232556
232556
232556
232556
232556
232556
232556
232805
232805
232805
232805
232805
232805
232805
232805
232805
232805
232805
232805
232805
232805
232805
232805
232805
232805
232805
233015
233015
233015
233015
233015
233015
233015
233015
233015
233015
233015
233015
233015
233015
233377
233377
233377
233377
233377
233377
233377
233377
233377
233377
233377
233377
233377
233377
233377
233377
233377
233377
233377
233377
233915
233915
233915
234062
234062
234062
234380
234380
234380
234380
234380
234380
234380
234380
234380
234380
234380
234380
234380
234380
234380
234380
234498
234498
234498
234498
234498
234498
234498
234498
234498
234498
234498
234498
234498
234498
234498
234498
234498
234498
236217
236217
236217
236217
236217
236217
236217
236230
236230
236230
236230
236230
236230
236230
236230
236230
236230
236230
236233
236233
236233
236233
236233
236233
236233
236233
236233
236233
236233
236233
236233
236233
236925
236925
236925
236925
236925
236943
236943
236943
236943
236943
236943
236943
236943
236943
236943
236943
236943
236943
236943
236943
236943
236943
236982
236982
236982
236982
237535
237535
237535
237535
237535
237535
237535
237535
237535
237535
237535
237535
237535
237535
238027
238027
238027
238027
238027
238027
238027
238027
238027
238027
238027
238027
238027
238108
238108
238108
238108
238108
238108
238108
238108
238108
238108
238108
238192
238192
238192
238192
238192
238192
238192
238192
238192
238192
238192
238192
238192
238285
238285
238886
238886
238886
238886
238886
238886
238886
238886
238886
238886
238886
238886
239215
239215
239215
239215
239215
239215
239215
239215
239215
239215
239215
239215
239215
239215
239215
239545
239545
239545
239545
239545
239545
239545
239545
239545
239545
239545
239545
239545
239545
239545
239545
239545
239545
239549
239549
239549
239549
239549
239549
239549
239549
239549
239549
239549
239549
239549
239549
239549
239762
239762
239762
239762
239762
239762
240036
240036
240036
240036
240036
240036
240036
240036
240036
240036
240120
240120
240120
240120
240120
240120
240120
240120
240120
240120
240120
240120
240120
240120
240120
240120
240120
240120
240202
240202
240202
240202
240202
240202
240202
240202
240202
240202
240202
240202
240202
240253
240492
240492
240492
240492
240492
240492
240492
240492
240492
240492
240587
240587
240587
240587
240587
240587
241057
241057
241057
241057
241057
241867
241867
241867
241867
241867
241867
241867
241867
241867
241867
241867
241867
241867
241867
241867
241867
241867
241867
241867
242022
242022
242022
242022
242022
242022
242022
242022
242022
242022
242022
242022
242022
242022
242022
242022
242256
242256
242256
242256
242256
242369
242369
242369
242369
242369
242369
242369
242369
242369
242369
242369
242786
242786
242786
242786
242786
242786
242786
242786
242786
242786
242786
242786
242786
242786
242786
242903
242903
242903
242903
242903
242903
242903
242903
242903
242903
242903
242903
242903
242903
242903
242903
242903
242903
243198
243198
243198
243198
243198
243198
243198
243198
243198
243198
243198
243198
243198
243198
243198
243198
243511
243511
243511
243511
243511
243511
243511
243511
243511
243511
243511
243511
243511
243511
243511
243511
243965
243965
243965
243965
243965
243965
243965
243965
243965
243965
243965
243965
243965
243965
244034
244034
244034
244034
244034
244034
244239
244239
244239
244239
244239
244239
244239
244239
244371
244371
244371
244371
244371
244371
244371
244371
244371
244371
244371
244371
244371
244371
244371
244371
244371
244371
244371
244371
244482
244482
244597
244597
244597
244597
244597
244724
244724
244724
244724
244724
244835
244835
244835
244835
244835
244835
244835
244835
244835
244835
244835
244835
244835
244835
244835
244835
244835
244835
244835
244835
245724
245724
245724
245724
245724
245724
246257
246257
246257
246257
246257
246257
246257
246257
246257
246257
246257
246257
246257
246257
246257
246257
246768
246768
246768
246768
246768
246768
246768
246768
247011
247011
247011
247011
247011
247011
247051
247051
247051
247051
247051
247051
247051
247051
247051
247051
247051
247096
247096
247096
247096
247096
247096
247096
247096
247096
247096
247134
247134
247134
247134
247134
247134
247446
247532
247532
247532
248173
248173
248173
248173
248173
248173
248173
248173
248173
248173
248173
248173
248173
248173
248173
248173
248173
248173
248226
248226
248226
248226
248226
248226
248226
248226
248226
248226
248226
248226
248226
248226
248226
248226
248246
248246
248246
248246
248246
248246
248246
248246
248455
248455
248455
248455
248455
248455
248498
248498
248498
248498
248498
248498
248498
248498
248498
248498
248498
248498
248752
248752
248752
248752
248752
248752
248752
248773
248773
248773
248773
248773
248773
248773
248773
248773
248855
248855
248855
248855
248855
248855
248855
248855
249172
249172
249172
249172
249172
249172
249172
249172
249172
249172
249172
249570
249570
249570
249570
249570
249570
249570
249570
249669
249669
249669
249669
249669
249669
249669
249669
249669
249669
249669
249669
249669
249669
249669
249669
249833
249833
249833
249833
249833
249833
249833
249833
249833
249833
249833
249833
249833
249833
249833
249833
249833
249833
250073
250073
250073
250073
250073
250073
250073
250146
250146
250267
250515
250515
250515
250515
250515
250515
250515
250515
250515
250515
250515
250515
250515
250515
250515
250515
250515
250844
250844
250844
250844
250844
250844
250844
250844
250844
250844
250844
250983
250983
250983
250983
250983
250983
250983
251100
251100
251100
251100
251100
251100
251100
251100
251100
251100
251100
251100
251100
251100
251100
251100
251100
251100
251100
251100
251752
251752
251752
251752
251752
251752
251752
251752
251836
251836
251836
251836
251836
251836
251836
251836
251836
251836
251836
251836
251836
251836
251836
251836
251836
252241
252241
252241
252241
252241
252241
252241
252241
252241
252241
252243
252243
252243
252243
252243
252516
252516
252516
252516
252516
252516
252516
252879
252879
252879
252879
252879
253045
253045
253045
253045
253045
253045
253045
253045
253045
253045
253045
253045
253045
253045
253045
253045
253045
253045
253045
253045
253195
253195
253195
253195
253195
253195
253195
253195
253195
253195
253652
253652
253652
253652
253652
253652
253652
253652
253652
253652
253731
253731
253731
253731
253731
253731
253731
253731
253731
253731
253731
253731
253731
253731
253731
253731
253731
254024
254024
254024
254024
254024
254024
254024
254024
254024
254024
254024
254024
254024
254024
254024
254310
254310
254310
254310
254310
254310
254310
254471
254471
254471
254471
254615
254615
254615
254615
254615
254615
254615
254615
254615
254615
254615
254615
254615
254615
254615
254615
254889
254889
254889
254931
254931
254931
255199
255199
255199
255199
255199
255199
255199
255199
255199
255199
255199
255199
255199
255632
255632
255632
255632
255632
255632
255632
255632
255693
255693
255693
255693
255693
255693
255693
255693
255693
255693
255693
255693
255693
255693
255693
255693
255693
255693
256189
256189
256189
256189
256189
256189
256189
256189
256189
256189
256189
256189
256189
256189
256189
256189
256189
256189
256189
256640
256640
256640
256640
256640
256640
256640
256640
256640
256640
256640
256640
256808
256808
256808
256808
256808
256808
256808
256808
256808
256808
256844
256844
256844
256844
256844
257187
257187
257187
257187
257187
257187
257187
257187
257187
257187
257336
257336
257336
257336
257336
257336
257336
257336
257336
257336
257336
257336
257336
257336
257336
257336
257336
257643
257643
257643
257643
257643
257643
257643
257643
257643
257986
257986
258204
258204
258204
258204
258204
258204
258204
258204
258204
258204
258204
258430
258430
258430
258430
258430
258430
258430
258430
258430
258430
258430
258430
258430
258430
258430
258430
258430
258430
258440
258440
258440
258440
258440
258440
258592
258592
258592
258592
258592
258592
258592
259158
259158
259158
259158
259158
259158
259158
259158
259158
259158
259158
259158
259158
259158
259240
259240
259240
259240
259240
259240
259240
259240
259240
259240
259240
259240
259240
259240
259241
259241
259241
259241
259241
259241
259241
259296
259296
259296
259296
259296
259296
259296
259296
259296
259296
259296
259296
259296
259296
259296
259296
259296
259296
259296
259477
259477
259477
259797
259797
259797
259797
259797
259797
259797
259797
259797
259797
259797
259797
259797
259797
259797
259797
259797
259847
259904
259904
260183
260183
260183
260183
260183
260183
260337
260337
260337
260337
260337
260337
260337
260337
260337
260337
260337
260337
260337
260337
260337
260337
260337
260337
260659
260659
260659
260659
260659
260659
260659
260659
260659
260659
260659
260659
260659
260659
260659
260659
260659
260659
260659
260875
260875
260875
260875
260875
260875
260875
260875
260943
260943
260943
260943
260943
260943
260943
260943
260943
261107
261149
261149
261149
261149
261149
261149
261149
261149
261149
261149
261149
261149
261149
261149
261149
261149
261149
261579
261671
261671
261671
261671
261671
261671
261671
261671
261671
262283
262283
262283
262411
262411
262411
262411
262411
262411
262411
262411
262411
262411
262750
262750
262750
262905
262905
262905
262905
262905
262905
262905
262905
262905
262905
262926
262926
262926
262926
262926
262926
262926
262926
263040
263040
263040
263040
263040
263040
263040
263040
263040
263040
263040
263040
263040
263040
263040
263040
263040
263040
263040
263245
263245
263245
263245
263259
263259
263259
263259
263259
263259
263259
263259
263259
263259
263259
263259
263259
263259
263259
264247
264247
264247
264247
264247
264247
264247
264247
264247
264247
264247
264247
264247
264247
264247
264247
264247
264247
264247
264461
264461
264461
264461
264461
264820
264820
264820
264820
264820
264820
264820
264820
264820
264820
264820
264820
264820
265347
265347
265347
265347
265347
265347
265464
265464
265464
265464
265464
265464
265464
265464
266333
266333
266333
266333
266333
266333
266434
266434
266434
266434
266434
266434
266434
266434
266434
266763
266763
266763
267415
267415
267415
267415
267738
267738
267738
267738
267738
267738
267738
267738
267738
267738
267738
267738
267738
267881
267881
267881
267881
267881
267881
267881
267881
267881
267881
267881
267942
267942
267942
267942
267942
267942
267942
267942
267942
267942
267942
267942
267942
267942
267942
267942
267942
267942
267944
267944
267944
267944
267944
267944
267944
267944
267944
267944
267944
267944
267944
267944
268189
268189
268189
268189
268189
268189
268438
268438
268438
268438
268438
268438
268475
268475
268475
268475
268475
268475
268475
268475
268475
268475
268475
268475
268475
268475
268475
268475
268475
268475
268475
268709
268873
268873
268873
268873
268873
268873
268873
268873
268873
268873
268873
268873
268873
268873
268873
268873
268873
268873
268873
268873
268937
268937
268937
268937
268937
268937
268937
268937
268937
268937
269179
269179
269179
269179
269179
269179
269179
269260
269260
269260
269260
269260
269260
269260
269260
269260
269310
269310
269310
269310
269310
269493
269493
269493
269493
269493
269493
269493
269493
269493
269493
269493
269493
269987
269987
269987
269987
269987
269987
269987
269987
269987
269987
269987
269987
270133
270133
270299
270299
270299
270299
270299
270299
270299
270299
270299
270299
270299
270299
270299
270299
270299
270299
270299
270299
270299
270299
271658
271658
271658
271658
271820
271820
271910
271910
271910
271910
271910
272175
272175
272175
272175
272175
272175
272175
272175
272175
272175
272175
272499
272499
272499
272537
272689
272689
272689
272689
272689
272689
272689
272689
273073
273073
273073
273073
273073
273073
273073
273073
273073
273679
273679
273679
273679
273679
273679
273679
273679
273679
273679
273679
275128
275128
275128
275128
275853
275853
275853
275853
276078
276078
276171
276171
276171
276171
276171
276171
276171
276171
276171
276171
276171
276171
276171
276171
276171
276214
276214
276214
276214
276214
276511
276511
276511
276511
276511
276511
276511
276511
276511
276511
276902
276902
276902
276902
276902
276902
276902
276902
276902
276902
276902
276902
276902
276902
276902
276902
277161
277161
277161
277161
277161
277161
277161
277161
277161
277161
277161
277161
277161
277161
277161
277161
277161
277161
277161
277248
277248
277248
277248
277248
277248
277248
277248
277248
277752
278214
278214
278214
278214
278214
278214
278214
278214
278214
278214
278214
278214
278214
278214
278214
278214
278214
278475
278475
278475
278475
278475
278475
278475
278475
278475
278475
278475
278475
278475
278475
278475
278475
278475
278475
278475
278475
278539
278539
278539
278539
278539
278539
278539
278539
278539
278539
278539
278539
278539
278539
278960
278960
278960
278960
278960
278960
278960
279018
279018
279341
279341
279341
279341
279341
279341
279382
279382
279391
279391
279391
279391
279391
279391
279391
279391
279391
279391
279857
279857
279857
279857
279857
279857
279857
279857
279857
279857
279857
279857
279857
279857
279857
279857
279857
279857
279857
280118
280118
280118
280118
280118
280118
280118
280118
280118
280118
280118
280118
280118
280118
280273
280273
280273
280273
280273
280273
280273
280273
280570
280570
280570
280570
280570
280570
280570
280570
280570
280570
280570
280570
280570
280570
280570
280570
280570
280570
281010
281010
281010
281010
281010
281010
281010
281010
281010
281173
281173
281173
281173
281173
281173
281173
281173
281201
281201
281201
281201
281201
281201
281201
281201
281201
281201
281201
281201
281201
281211
281211
281211
281211
281211
281211
281211
281211
281211
281211
281211
281211
281221
281221
281221
281221
281221
281221
281221
281221
281221
281221
281221
281221
281221
281221
281221
281221
281221
281221
281221
281221
281495
281495
281495
281569
281569
281569
281569
281569
281569
281569
281569
281569
281658
281658
281658
281658
281658
281658
281773
281773
281773
281773
281773
281773
281773
281773
281773
281773
281773
281773
281773
281773
281773
281773
281938
281938
281938
281938
281938
281938
282126
282333
282333
282333
282333
282333
282333
282407
282407
282407
282407
282407
282407
282407
282407
282407
282407
282407
282410
282451
282451
282451
282451
282451
282451
282451
282451
282451
282451
282451
282451
282451
282584
282584
282584
282584
282850
282850
282850
282850
282850
282850
282850
282850
282850
282850
282850
282850
282850
282850
282850
282850
282850
282850
282850
282850
282948
282948
282948
282948
282948
282948
282948
282948
283405
283405
283405
283405
283405
283815
283815
283815
283815
283815
283815
283815
283815
283815
283815
283815
283815
283815
284116
284116
284116
284116
284116
284116
284116
284116
284116
284116
284116
284116
284116
284116
284116
284521
284521
284521
284521
284521
284521
284521
284521
284884
284884
284884
284884
284884
284884
285049
285049
285064
285069
285069
285069
285069
285069
285069
285069
285069
285069
285069
285069
285069
285069
285176
285176
285176
285176
285176
285176
285193
285193
285193
285278
285278
285278
285462
285462
285462
285462
285462
285462
285462
285555
285555
285555
285555
285555
285555
285555
285555
285555
285555
285555
285555
285555
285555
285555
285555
285555
285555
285940
285940
285940
285940
285940
285940
285940
285940
286204
286204
286204
286204
286210
286210
286210
286210
286210
286210
286210
286210
286950
287236
287236
287236
287236
287236
287236
287236
287236
287236
287246
287246
287246
287246
287313
287313
287313
287313
287313
287313
287313
287313
287313
287313
287313
287313
288091
288091
288091
288091
288091
288091
288091
288091
288091
288091
288091
288091
288091
288091
288091
288091
288091
288091
288091
288583
288583
288855
288855
288855
288855
288855
288855
288855
288855
288855
288855
288855
288855
288855
288855
288855
288855
289016
289016
289016
289016
289261
289261
289341
289341
289341
289341
289341
289341
289341
289341
289341
289341
289341
289341
289341
289639
289639
289639
289639
289639
289639
289639
289639
289639
289639
289639
289639
289996
290026
290026
290026
290026
290026
290026
290026
290026
290026
290026
290026
290026
290026
290026
290400
290400
290400
290400
290400
290400
290400
290400
290400
290400
290400
290400
290400
290400
290400
290578
290578
290578
290578
290578
290578
290578
290578
290926
290926
290926
290926
290926
290926
290926
290926
290926
290926
290926
290926
290926
291181
291181
291181
291181
291181
291181
291181
291181
291181
291181
291181
291181
291207
291207
291207
291207
291207
291207
291207
291207
291207
291207
291207
291207
291207
291207
291207
291207
291207
291207
291207
291207
291226
291226
291226
291226
291226
291226
291226
291226
291226
291226
291226
291226
291226
291226
291226
291596
291596
291596
291596
291596
291596
291596
291596
291596
292104
292104
292104
292104
292104
292104
292104
292104
292104
292104
292104
292104
292104
292104
292104
292845
292845
292845
292845
292845
292845
292852
292852
292852
292852
292852
292852
292852
292852
292852
292852
292852
292852
292852
292852
292852
292852
293122
293122
293122
293122
293122
293122
293122
293122
293122
293122
293122
293122
293122
293122
293122
293122
293141
293141
293141
293141
293141
293278
293278
293278
293278
293278
293278
293278
293278
293278
293278
293278
293278
293278
293278
293278
293278
293278
293606
293606
293606
293606
294144
294144
294144
294144
294144
294144
294144
294144
294144
294144
294144
294144
294144
294144
294144
294144
294226
294573
294573
294573
294573
294573
294573
294573
294573
294573
294573
294573
294573
294573
294573
294573
294573
294573
294573
294573
294573
294600
294600
294600
294600
294600
294600
294720
294720
294720
294720
294720
294720
294720
294720
294720
294720
294720
294720
294720
294816
294816
294816
294816
294816
294816
294816
294816
294816
294816
294816
294816
294816
294816
294816
294850
294850
294850
294850
294850
294850
294850
294850
294850
294850
294850
294850
294850
294850
294856
294903
294903
294903
294903
294903
294903
294903
294903
294903
294903
294903
294903
294903
294903
294903
294903
294903
294903
294903
295141
295141
295141
295155
295155
295155
295155
295155
295155
295155
295155
295155
295155
295155
295155
295155
295155
295155
295155
295155
295155
295155
295525
295525
295525
295525
295525
295525
295525
295525
295525
295525
295525
295525
295745
295745
295745
295745
295745
295745
295745
295745
295745
295745
295745
295745
295745
295745
295745
295745
296024
296024
296024
296024
296024
296024
296024
296024
296024
296572
296572
296572
296572
296572
296572
296572
296572
296572
296572
296572
296572
296572
296572
296767
296767
296767
296767
296767
296767
296767
296767
296767
296767
296767
296767
296767
296767
296767
296767
296767
296767
296767
297040
297040
297040
297040
297040
297040
297040
297040
297040
297040
297040
297040
297040
297040
297040
297585
297585
297585
297585
297585
297585
297585
297585
297585
297585
297585
297585
297585
297585
297585
297585
297585
297648
297648
297648
297648
297648
297648
297648
297648
297648
297648
297648
297648
297648
297648
297648
297648
298170
298170
298170
298170
298170
298170
298170
298170
298170
298170
298170
298170
298170
298170
298170
298170
298211
298211
298211
298211
298211
298211
298211
298211
298722
298722
298722
298722
298722
298722
298722
298722
298722
298722
298722
298722
299318
299318
299318
299318
299318
299318
299318
299318
299318
299318
299318
299357
299357
299357
299357
299357
299357
299357
299357
299357
299357
299357
299357
299357
299357
299378
299562
299562
299562
299562
299562
299883
299883
299883
299883
299883
299883
299883
299883
299883
299883
299883
299883
299892
299892
299892
299892
299892
299892
299892
299892
299892
299892
299892
299892
299892
300078
300078
300078
300078
300078
300078
300078
300078
300427
300427
300427
300427
300427
300427
300427
300427
300427
300427
300427
300427
300427
300427
300427
300427
300427
300427
300584
300584
300584
300584
300584
300584
300584
300584
300584
300584
300584
300584
300584
300584
300729
300729
300729
300729
300729
300729
300729
300772
300772
300772
300772
300931
300931
300931
301000
301000
301000
301000
301000
301000
301000
301301
301301
301301
301301
301301
301301
301301
301301
301301
301301
301301
301301
301301
301369
301369
301369
301369
301369
301369
301369
301369
301369
301504
301504
301504
301504
301504
301504
301504
301504
301504
301504
301504
301504
301504
301714
301714
301714
301714
301714
301714
301714
301714
301714
301714
301726
302728
302728
302728
302728
302728
302728
302728
302728
302728
302728
302728
302728
302728
302728
302728
302730
302730
302730
302730
302730
302730
302730
302730
302730
302730
302730
302730
302730
302730
302730
302730
302730
302730
302730
302924
302924
302924
302924
302924
302928
302928
302928
303362
303362
303362
303362
303362
303362
303362
303362
303362
303362
303362
303362
303362
303433
303433
303433
303433
303433
304125
304125
304125
304125
304125
304125
304125
304125
304125
304125
304125
304125
304125
304125
304125
304125
304125
304125
304324
304324
304324
304324
304324
304324
304324
304396
304396
304396
304396
304396
304396
304396
304396
304396
304396
304396
304396
304396
304396
304396
304396
304664
304664
304664
304664
304664
304716
304716
304716
304716
304716
304716
304716
304716
304716
304716
304946
304946
304946
304946
304946
304946
304946
304946
305067
305067
305067
305067
305067
305067
305067
305067
305067
305067
305067
305067
305067
305067
305067
305067
305067
305067
305067
305543
305543
305543
305598
305598
305598
305598
305598
305598
305598
305598
305598
305598
305598
305598
305598
305598
305598
305598
305598
305598
305623
305623
305623
305623
305623
305623
305623
305623
305623
305623
305623
305623
305623
305984
305984
305984
305984
305984
305984
305984
305984
305984
305984
305984
305984
305984
306005
306005
306008
306008
306008
306008
306008
306008
306008
306008
306008
306008
306008
306008
306008
306171
306171
306171
306171
306171
306171
306171
306436
306436
306436
306436
306436
306436
307668
307668
307668
307668
307668
307668
307668
307668
307668
307668
307668
307668
307668
307668
307668
307668
307760
307760
307760
307760
307760
307760
307760
307760
307760
308077
308077
308077
308077
308077
308077
308077
308077
308077
308077
308077
308077
308077
308077
308077
308077
308077
308097
308097
308097
308097
308097
309022
309022
309413
309413
309413
309413
309413
309413
309413
309413
309413
309413
309413
309413
309413
309413
309413
309413
309501
309501
309946
309946
309946
309946
309946
309946
309946
309946
309946
309946
310643
310643
310643
310643
310643
310643
310643
310643
310643
310643
310643
310643
310721
310721
310721
310721
310721
310721
311436
311436
311436
311506
311506
311506
311506
311506
311506
311647
311647
311647
311647
311647
311647
311647
311647
311892
312190
312190
312190
312190
312190
312190
312190
312190
312190
312190
312190
312190
312190
312190
312190
312190
312190
312214
312214
312214
312214
312214
312214
312214
312214
312214
312214
312214
312214
312214
312214
312214
312214
312214
312214
312214
312471
312471
312471
312471
312471
312471
312471
312471
312471
312471
312471
312673
312673
312673
312673
312673
312673
312673
312673
312673
312673
312673
312673
312673
312673
312673
312673
312673
312673
312673
312947
312947
312947
312947
312947
312947
312947
312947
312947
312947
312947
313917
313917
313917
313917
314164
314164
314319
314319
314319
314319
314319
314319
314319
314319
314319
314319
314319
314319
314319
314319
314319
314319
314319
314319
314319
314881
314881
314881
314881
314881
314881
314881
314881
314881
314881
314881
314881
314881
314881
314881
314881
314881
314881
314881
314929
314929
314929
314929
314929
314929
314929
314929
314975
314975
314975
314975
314975
314975
314975
316394
316394
316394
316394
316394
316394
316394
316394
316394
316394
316394
316394
316394
316394
316394
316394
316462
316462
316462
316462
316462
316462
316462
316462
316462
316462
316462
316462
317073
317073
317073
317073
317073
317073
317073
317073
317073
317073
317473
317473
317473
317473
317473
317473
317473
317473
317473
317473
317473
317473
317473
317473
317473
317473
317473
317481
317481
317481
317481
317481
317481
317481
317481
317481
317481
317481
317481
317481
317481
317481
317481
317549
317549
317549
317549
317549
317549
317549
318819
318819
318819
318819
318819
319456
319456
319456
319456
319456
319456
319456
319456
319456
319456
319456
319456
319456
319456
319484
319484
319484
319484
319484
319484
319484
319484
319484
319484
319484
319484
319484
319484
319484
319484
319484
319484
319484
319484
319823
319823
319823
319823
319823
320050
320050
320050
320050
320050
320050
320050
320050
320050
320050
320050
320050
320050
320050
320394
320394
320394
320394
320394
320394
320394
320394
320394
320394
320483
320483
320483
320483
320483
320483
320483
320483
320483
320483
320483
320483
320801
320801
320801
320801
320801
320801
320801
320801
320801
320801
320801
321432
321432
321432
321432
321432
321432
321432
321432
321432
321432
321432
321432
321432
321530
321530
321530
321530
321530
321530
321530
321530
321530
321530
321569
321569
321569
321569
321569
321569
321569
321569
321569
321754
321754
321754
321754
321754
321754
321754
321754
321754
321754
321754
321754
321940
321940
322179
322179
322179
322179
322179
322179
322179
322179
322179
322293
322293
322293
322293
322293
322293
322293
322293
322293
322293
322293
322441
322522
322522
322522
322522
322522
322522
322522
322522
323202
323202
323202
323202
323202
323202
323202
323202
323202
323202
323202
323202
323278
323278
323278
323278
323278
323278
323278
323278
323278
323278
323278
323278
323278
323278
323278
323278
323278
323278
323278
323410
323410
323410
323410
323410
323410
323410
323739
323739
323739
323739
323739
323739
323739
323739
323739
323739
323739
323739
323739
323739
323739
323739
323739
323739
323739
324360
324360
324360
324360
324360
324360
324360
324360
324360
324360
324360
324360
324360
324360
324360
324360
324360
324360
324360
324859
324859
325017
325233
325233
325233
325233
325233
325233
325233
325233
325233
325233
325233
325233
325233
325254
325254
325254
325254
325254
325254
325254
325254
325254
325254
325254
325254
325254
325259
325259
325680
325680
325680
325680
325680
325799
325799
325799
325799
325799
325799
325799
325799
325799
325799
325799
325799
326057
326057
326057
326057
326057
326057
326057
326057
326057
326057
326057
326057
326057
326057
326057
326057
326057
326057
326057
326057
326729
326729
326729
326729
326729
326729
326729
326729
326729
326729
326729
326729
326729
326729
326729
326729
326729
326729
326729
327589
327589
327589
327589
327589
327589
327589
327589
327589
327589
327589
327589
327589
327875
327875
327875
327875
327875
327875
327875
327875
327875
327875
327875
327875
327875
327875
327875
327875
327875
327875
327899
327899
327899
327899
327899
327899
327899
327899
327899
327899
328021
328021
328021
328021
328021
328021
328021
328021
328021
328021
328021
328021
328021
328021
328021
328021
328021
328021
328021
328068
328068
328068
328068
328068
328068
328068
328068
328068
328068
328068
328068
328068
328068
328068
328068
328068
328068
328068
328737
328737
328737
328737
328737
328737
328737
328737
328737
328737
328737
328737
328737
328737
328737
328737
328737
328798
328798
328798
328798
328798
328798
328798
328798
328798
329099
329099
329099
329099
329099
329099
329099
329099
329099
329099
329099
329099
329099
329099
329132
329132
329132
329132
329132
329132
329132
329132
329132
329132
329132
329137
329137
329137
329137
329137
329137
329137
329137
329137
329137
329137
329137
329137
329137
329137
329137
329137
329137
329137
329137
329535
329535
329535
329535
329535
329535
329535
329535
329535
329535
329535
329535
329535
329535
329535
329579
329579
329579
329579
329579
329579
329579
330146
330391
330391
330391
330391
330391
330432
330432
330432
330432
330432
330432
330432
330432
330432
330432
330432
330432
330432
330432
330432
330673
330673
330673
330673
330673
331531
331531
331531
331531
331531
331531
331531
331531
331531
331531
331531
331531
331531
331531
331559
331559
331738
331738
331738
331738
331777
331777
331777
331777
331777
331777
331777
331777
331777
331777
332014
332014
332014
332014
332014
332014
332014
332014
332014
332569
332569
332569
332569
332569
332569
332569
332569
332569
332569
332569
332569
332569
332569
332569
332569
332569
332569
332639
332845
332845
332845
332845
332845
332845
332845
332845
332845
332845
333089
333089
333089
333089
333089
333089
333089
333089
333130
333130
333130
333130
333130
333130
333130
