10697 500000
66761
66761
66761
66761
66761
66761
66761
66761
66761
66761
66761
66761
66761
66761
66761
66761
66761
66761
66761
66851
66851
66851
66851
66851
66851
66851
66851
66851
66851
66851
66851
66851
66851
66851
66851
66851
66956
66956
66956
66956
66956
66956
66956
66956
66956
66956
66956
66956
66956
66956
66956
67530
67530
67552
67552
67552
67552
67552
67552
67552
67552
67552
67552
67552
67552
67552
67552
67552
67552
67552
67552
67621
67621
67621
67621
67621
67621
67621
67621
67621
67621
67621
67752
67752
67752
67752
67752
67752
67752
67752
67752
67752
67752
67752
67752
67752
67752
67752
67752
67752
67752
67752
67974
67974
67974
67974
67974
67974
67974
67974
67974
67974
68011
68011
68011
68011
68011
68011
68071
68071
68071
68071
68071
68071
68071
68071
68071
68071
68513
68513
68513
68513
68997
68997
68997
68997
68997
68997
68997
69084
69084
69084
69084
69084
69169
69360
69360
69360
69360
69360
69360
69360
69970
69970
69970
69970
69970
69970
69970
70459
70459
70459
70459
70459
70459
70459
70459
70459
70459
70459
70531
70531
70899
70899
70899
70899
70899
70899
70899
70899
70899
70899
70899
70899
70899
70899
70899
70899
70899
70899
70899
71223
71223
71223
71223
71223
71223
71223
71223
71223
71223
71223
71223
71223
71223
71223
71223
71585
71585
71585
71585
71585
71585
71585
71585
71585
71585
71585
71585
71585
71585
71585
71585
71585
71585
71585
71585
71839
71839
71839
71839
71839
71876
71876
71876
71876
72765
72765
72765
72765
72765
72765
72765
72765
72765
72765
72765
72765
72765
72765
72765
72765
72765
73728
73728
73728
73728
73728
73728
73728
73728
73728
73728
73728
73728
73728
73853
73853
73853
73853
73853
73853
73853
74217
74217
74217
74217
74217
74577
74577
74577
74577
74577
74577
74577
74577
74577
74577
74577
75067
75067
75067
75067
75067
75067
75067
75067
75067
75425
75425
75425
75425
75425
75425
75425
75425
75425
75425
75425
75425
75425
75425
75425
75425
75425
75425
75425
75425
75482
75482
75482
75482
75482
75482
75482
75482
75635
75635
75635
75635
75635
75635
75635
75635
75635
75635
75635
75635
75635
75635
75635
75635
75635
75635
76258
76258
76258
76258
76258
76258
76258
76258
76258
76258
76258
76258
76258
76258
76258
76258
76258
76258
76258
76258
76280
76280
76280
76280
76280
76280
76280
76280
76280
76280
76280
76280
76280
76280
76280
76280
76280
76371
76371
76371
76371
76371
76371
76371
76371
76371
76371
76371
76371
76371
76371
76371
76371
76371
76371
76371
76746
76746
76746
76746
76746
76746
76746
76746
76746
76746
76746
76746
76974
76974
76974
76974
76974
76974
76974
76974
76974
76987
76987
76987
76987
76987
76987
76987
76987
76987
76987
76987
76987
76987
77024
77024
77024
77024
77024
77024
77024
77024
77024
77024
77024
77024
77024
77024
77745
77745
77745
78067
78067
78067
78067
78067
78067
78067
78067
78067
78067
78067
78067
78067
78902
78902
78902
78902
78902
78902
78902
78902
78902
78902
78902
78902
78902
78902
78902
78902
78902
78902
78902
79081
79081
79081
79081
79081
79081
79081
79081
79081
79081
79081
79081
79081
79081
79081
79081
79081
79081
79081
79209
79209
79209
79403
79403
79403
79403
79403
79403
79403
79403
79756
79756
79756
79756
79756
79756
79847
79847
79847
79847
79847
79847
79847
79847
79847
79847
79847
79994
79994
79994
79994
79994
79994
79994
79994
79994
79994
79994
79994
79994
79994
79994
79994
80081
80081
80081
80081
80197
80197
80197
80197
80197
80197
80197
80197
80197
80197
80197
80197
80197
80197
80256
80256
80256
80256
80256
80256
80256
80256
80256
80522
80522
80522
80522
80522
80522
80522
80522
80522
80522
80544
80544
80544
80544
80544
80544
80544
80544
80544
80544
80544
80544
80544
80544
80544
80544
80544
80678
80678
80678
80678
80678
80678
80678
80678
80678
80678
80678
80678
80678
80678
80678
80678
81371
81371
81371
81371
81371
81371
81371
81371
81371
81703
81703
81703
81703
81703
81703
81703
81703
81703
81703
81703
81703
81703
81703
81703
81703
81703
81703
81703
81703
81874
81874
81874
81874
81874
81874
81874
81874
81874
81874
81874
81874
81874
81874
81874
81874
81874
81874
81874
81904
81904
81904
81904
81904
81904
81904
81904
81904
81904
81904
81904
81904
81904
81904
81904
81904
81904
81904
81904
81984
81984
81984
81984
81984
81984
81984
81984
81984
81984
81984
82111
82111
82111
82111
82111
82111
82111
82111
82111
82111
82111
82111
82162
82162
82162
82162
82162
82162
82162
82337
82337
82337
82337
82337
82337
82337
82337
82337
82337
82337
82624
82624
82624
82624
82624
82624
82624
82624
82624
82624
82624
82624
82691
82691
82691
82691
82691
82691
82691
82691
82691
82691
82691
82691
82691
82691
82691
82691
83020
83020
83020
83020
83020
83020
83020
83020
83020
83020
83020
83020
83020
84233
84233
84233
84233
84233
84233
84233
84233
84233
84456
84456
84456
84456
84456
84456
84642
84642
84642
84642
84642
84642
84642
84642
84642
84642
84642
84642
84642
84642
84642
85287
85368
85403
85403
85403
85403
85403
85403
85403
85403
85403
85403
85403
85403
85403
85403
85403
85403
85403
85722
85862
85862
85862
85862
85862
85862
85862
85862
85862
85862
85862
85862
85862
85862
85862
85883
85883
85883
85883
85883
85883
85883
85883
85883
85883
85883
85883
85908
85908
85911
85911
85911
85911
85911
85911
85911
85911
85911
85911
85911
85911
85911
85911
85911
86128
86128
86128
86128
86128
86128
86128
86128
86128
86128
86128
86207
86207
86207
86207
86207
86207
86207
86207
86207
86207
86207
86207
86262
86316
86316
86316
86316
86316
88144
88144
88144
88144
88144
88144
88144
88144
88144
88144
88144
88144
88144
88144
88144
88144
88144
88144
88216
88216
88315
88315
88315
88315
88315
88315
88315
88315
88315
88315
88315
88315
88315
88315
88315
88315
89254
89254
89254
89254
89254
89254
89254
89254
89254
89254
89254
89254
89254
89254
89254
89254
89254
89254
89254
89254
89492
89492
89492
89492
89492
89492
89492
89492
89492
89492
89492
89492
89492
89492
89697
89697
89697
89697
89697
89697
89697
89697
89697
89697
89697
89697
89697
89697
89697
89697
89697
89697
89697
89950
89950
89950
89950
89950
89950
89950
89950
89950
89950
89950
89950
89950
89950
89950
89950
89985
89985
89985
90215
90215
90215
90215
90215
90215
90215
90215
90215
90215
90215
90215
90215
90215
90215
90535
90535
90535
90535
90535
90535
90535
90535
90535
90535
90535
90535
90535
90535
90535
91844
91844
91844
91844
91844
91844
91844
92011
92011
92011
92011
92011
92011
92697
92697
92697
92697
92697
92697
92697
92697
93385
93385
93385
93385
93385
93385
93385
93385
93385
93385
93385
93512
93512
93512
93512
93512
93556
93556
93556
93556
93556
93556
93556
93556
93556
93556
93556
93556
94211
94211
94211
94211
94211
94655
94655
94655
94655
94655
94655
94655
94655
94655
94655
94655
94655
94655
94655
95510
95510
95510
95510
95510
95510
95510
95510
95510
95510
95510
95510
95510
95510
95510
95510
95510
95510
95793
95793
95793
95793
95793
95793
95793
95793
95793
95793
95793
95793
95793
95793
95793
95793
95793
95793
95793
95793
96121
96121
96121
96121
96121
96121
96121
96121
96121
96121
96121
96121
96121
96121
96121
96260
96260
96260
96260
96260
96260
96260
96260
96260
96260
96260
96260
96260
96260
96260
96260
96740
96740
96740
96740
96740
96740
96750
96750
96750
96750
96750
96750
96750
96750
96750
96750
96750
96750
96750
96750
96750
96750
96750
96750
96870
96870
96870
96870
96870
96870
96870
96870
96870
96870
96870
96870
96870
96870
97212
97212
97212
97212
97212
97212
97212
97212
97212
97212
97212
97212
97212
97212
97212
97212
97212
97212
97212
97248
98003
98003
98003
98003
98003
98003
98003
98003
98003
98003
98003
98291
98295
98295
98318
98318
98318
98318
98318
98597
98597
98597
98597
98597
98597
98597
98597
98597
98597
98597
98597
98597
98597
98874
98874
98874
98874
98874
98874
98874
98874
98874
98874
98874
98946
98946
98946
98946
98946
98946
98946
98946
98946
98946
98946
98946
98953
98953
98953
98953
98953
98953
98953
98953
98953
98953
98953
98953
98953
98953
98953
98953
98953
98953
98953
98953
98987
98987
98987
98987
98987
98987
98987
98987
98987
98987
99053
99053
99053
99053
99053
99053
99181
99181
99193
99193
99193
99193
99385
99385
99385
99385
99385
99385
99385
99385
99385
99385
99385
99385
99385
99400
99400
99400
99400
99400
99400
99400
99472
99472
99472
99472
99472
99472
99472
99472
99472
99472
99472
99472
99472
99472
99472
99472
99472
99491
99491
99491
99491
99491
99491
99491
99491
100605
100605
100605
100605
100605
100605
100605
100605
100605
100605
100605
100605
100605
100605
100605
100605
100605
100632
100632
100632
100632
100632
100632
100632
101156
101156
101156
101156
101156
101156
101156
101156
101156
101156
101156
101178
101178
101178
101178
101178
101178
101178
101178
101178
101178
101178
101178
101178
101250
101250
101250
101250
101250
101250
101250
101250
101250
101250
101250
101250
101250
101250
101250
101250
101250
101250
101250
102158
102158
102158
102158
102158
102158
102158
102158
102158
102158
102158
102158
102158
102158
102158
102158
102158
102158
102297
102297
102297
102297
102297
102297
102297
102297
102297
102297
102297
102297
102297
102297
102297
102367
102389
102389
102389
102389
102389
102389
102389
102389
102389
102389
102389
102389
102389
102769
102769
102769
102769
102769
102769
102769
102769
102769
102769
102769
102769
102922
102922
102922
102922
102922
102922
102922
102922
102922
102922
103165
103165
103213
103213
103213
103213
103213
103213
103623
103623
103623
103623
103623
103623
103623
103993
103993
103993
103993
103993
103993
103993
103993
103993
103993
103993
105162
105162
105162
105162
105162
105162
105162
105162
105162
105172
105172
105172
105172
105172
105172
105172
105172
105172
105172
105172
105445
105675
105675
105675
105675
105675
105675
105675
105675
105675
105675
105675
105675
105675
105675
105675
105675
105675
105742
105742
105742
105742
105742
105742
105742
105909
105909
105909
105909
105909
105909
105909
105909
105909
105909
105909
105909
105909
105909
105909
105909
105909
105961
105961
105961
105961
105961
105961
105961
105961
105961
105961
106183
106359
106359
106359
106359
106359
106359
106694
106694
106694
106694
106694
106694
106694
106694
106694
106694
106947
106947
106947
106947
106947
106947
106947
106947
106947
106947
106947
106947
106947
106947
106947
106947
106947
106947
106947
107390
107390
107390
107390
107390
107390
107390
107390
108036
108036
108036
108036
108036
108066
108066
108066
108066
108066
108066
108066
108066
108066
108066
108066
108066
108066
108066
108087
108087
108087
108087
108087
108087
108087
108087
108087
108087
108087
108087
108087
108087
108087
108260
108260
108260
108260
108260
108260
108554
108554
108554
108554
108820
108820
108820
108820
108820
108820
108820
108820
108991
108991
108991
108991
108991
108991
108991
108991
108991
108991
108991
108991
108991
108991
108991
109004
109004
109004
109004
109004
109004
109004
109004
109004
109004
109004
109004
109004
109004
109004
109004
109004
109004
109004
109004
109183
109183
109183
109183
109183
109183
109183
109183
109183
109183
109183
109183
109183
109183
109475
109475
109475
109475
109475
109475
109475
109475
109475
109475
109475
109475
109475
109475
109475
109756
109756
109756
109756
109756
109756
109756
109756
109756
109756
109756
109756
109756
109756
109756
109756
109756
109756
109756
110143
110143
110143
110261
110261
110261
110261
110261
110261
110261
110261
110261
110261
110261
110414
110414
110414
110414
110414
110414
110414
110414
110414
110414
110414
110414
110414
110414
110414
110414
110532
110532
110532
110532
110532
110532
110532
110532
110532
110532
110532
110584
110584
110584
110584
110584
110584
110584
110584
110584
110584
110584
110584
110584
110584
110584
110584
110584
110584
110619
110619
110619
110619
110619
110619
110619
110619
110619
110619
110678
110678
110864
110864
110864
110864
110864
110864
110864
111301
111301
111301
111301
111301
111301
111301
111301
111301
111301
111301
111793
111793
111793
111793
111793
111793
111793
111793
111793
112565
112565
112565
112565
112565
112565
112565
112565
112565
112565
112565
112565
112565
112565
112565
112565
112565
112565
112565
112565
112823
112823
112823
112823
112823
112823
112823
112823
112823
112823
112823
112823
112823
112823
112823
112908
112908
112908
112908
112908
112908
112908
112908
112908
112908
112908
112908
112908
112908
112908
112908
112908
112908
113070
113070
113070
113070
113070
113443
113443
113443
113443
113443
113443
113443
113443
113443
113443
113443
113443
113443
113443
113443
113443
113443
113443
113443
113819
113819
113819
113819
113819
113819
113819
113819
113819
113819
113819
113819
113856
113856
114148
114148
114148
115501
115501
115501
115501
115501
115501
115501
115501
115501
115501
115501
115501
115501
115501
115727
115727
115727
115727
115727
115727
115727
115727
115727
115727
115727
115727
115727
116191
116191
116191
116191
116191
116940
116940
116940
116940
116940
116940
117048
117048
117068
117068
117068
117068
117068
117068
117068
117068
117068
117068
117068
117068
117068
117255
117255
117255
117255
117255
117255
117854
117854
117854
117854
117854
117854
117854
117854
117854
117854
117854
117854
117854
117854
117854
117854
118190
118190
118190
118190
118190
118195
118195
118195
118195
118195
118195
118206
118206
118206
118206
118206
118256
118256
118256
118256
118256
118256
118256
118256
118256
118256
118256
118256
118256
118256
118256
118256
118256
118256
118273
118273
118273
118273
118273
118273
118273
118273
118273
118273
118273
118273
118273
118273
118273
118273
118997
118997
118997
118997
118997
118997
118997
118997
118997
118997
118997
118997
118997
118997
118997
118997
118997
119479
119479
119479
119479
119479
119479
119479
119479
119479
119479
119479
119479
119479
119479
119479
119479
119605
119605
119605
119605
119605
119605
119605
119605
119605
119605
119810
119810
119810
120625
120625
120625
120625
120625
120625
120625
120625
120625
120625
120625
120625
120625
120625
120625
120625
121254
121254
121254
121254
121254
121254
121254
121254
121254
121254
121254
121254
121405
121405
122289
122289
122289
122289
122289
122602
122602
122602
122602
122602
122602
122602
122602
122602
122602
122602
122819
122819
122819
122819
122819
122819
122819
122819
122819
122819
122819
122819
122819
122819
122819
122819
122819
122819
122819
122819
123528
123528
123528
123528
123528
123528
123528
123528
123528
123528
123528
123528
123528
123528
123528
123528
123715
123715
123715
123715
123715
123715
123715
123715
123715
123715
123715
123715
123715
123715
123715
124626
124626
124626
124626
124626
124626
124626
124626
124626
124626
124626
124626
124626
124626
124626
124626
124626
124626
124626
124958
124958
124958
124958
124958
124958
125028
125124
125400
125400
125400
125400
125400
125400
125400
125400
125400
125611
125728
125728
125728
125728
125728
125728
125728
125728
125728
125728
125728
125728
125933
125933
125933
125933
125933
125933
125933
125933
125933
125933
125933
125933
125933
125933
126397
126397
126397
126445
126445
126445
126445
126445
126445
126445
126445
126445
126445
126445
126445
126445
126445
126445
126445
126445
126890
126890
126890
126890
126949
126949
126949
126949
126949
126949
126949
127097
127097
127097
127097
127233
127233
127233
127233
127233
127233
127233
127233
127233
127233
127233
127233
127233
127233
127233
127233
127233
127233
127233
127233
127382
127382
127382
127382
127382
127382
127382
127382
127382
127382
127382
127382
127382
127382
127382
127382
127382
127382
127382
127382
127730
127730
127730
127730
127730
127730
127793
127793
127793
127793
128434
128434
128434
128495
128495
128495
128495
128495
128879
128879
128950
128950
128950
128950
128950
128950
128950
128950
128950
128950
128950
128978
128978
128978
128978
128978
128978
128978
128978
128978
128978
128978
128978
128978
128978
128978
128978
129208
129208
129208
129208
129208
129208
129208
129208
129208
129208
129208
129208
129208
129208
129710
129710
129710
129710
129710
129710
129710
129710
129710
129710
129710
129710
129710
129710
129710
129710
129710
129710
129710
129748
129748
129748
129748
129748
129748
129748
129748
129748
129748
129748
129748
129748
129748
129748
129748
130057
130057
130057
130057
130057
130057
130057
130057
130057
130057
130057
130057
130057
130057
130057
130057
130057
130057
130066
130066
130066
130066
130066
130066
130066
130066
130066
130066
130066
130066
130066
130066
130066
130066
130066
130066
130066
130193
130193
130193
130193
130193
130193
130193
130193
130193
130193
130606
130606
130606
130606
130606
130606
130606
130606
130606
130606
130606
130606
130606
130606
130606
130606
130606
130606
130606
130703
130703
130703
130703
130703
130703
130703
130703
130703
130703
130703
130703
130703
130703
130703
130703
130703
130703
130703
130703
130866
130866
131252
131252
131252
131252
131252
131259
131414
131414
131414
131414
131414
131414
131414
131414
131414
131414
131414
131414
131414
131414
131414
131414
131414
131414
131414
131518
131518
131518
131518
131518
131518
131518
131518
131518
131518
131518
131518
131518
131518
131518
131518
131518
132395
132498
132498
132498
132498
132498
132498
132498
132498
132498
132498
132498
132498
132498
132498
132498
132498
132498
132498
132498
132498
132777
132777
132777
132777
132777
132777
132777
133066
133066
133066
133066
133066
133066
133066
133066
133066
133066
133066
133066
133230
133230
133230
133230
133230
133230
133230
133230
133230
133375
133375
133375
133375
133375
133375
133375
133375
133375
133375
133375
133375
133375
133375
133375
133375
133375
133375
133375
133842
133842
133842
133842
133842
133950
133950
133950
133950
133950
133950
133950
133950
133950
133950
133950
133950
133950
133950
133950
133950
133950
133950
133950
133950
134048
134048
134048
134048
134048
134048
134048
134048
134048
134149
134149
134149
134149
134352
134352
134352
134352
134352
134352
134352
134352
134352
134352
134352
134352
134352
134409
134409
134409
134409
134409
134409
134409
134409
134409
134409
134409
134409
134409
134409
134409
134409
134515
134515
134515
134515
134515
134515
134515
134515
134983
134983
134983
134983
134983
134983
134983
134983
135102
135102
135102
135102
135102
135102
135102
135367
135367
135569
135569
135569
135569
135569
135569
135569
135569
135569
135569
135569
135569
135569
136231
136231
136231
136231
136471
136471
136471
136471
136471
136471
136471
136885
136885
136885
136885
136885
136885
136885
136885
137338
137338
137338
137338
137338
137403
137403
137403
137403
137403
137403
137403
137403
137403
137403
137403
137403
137403
137657
137657
137657
137657
137657
137657
137657
137657
137705
137705
137705
137705
137705
137705
137705
137705
137793
137793
137793
137793
137793
137793
137793
137793
137793
138034
138034
138034
138034
138034
138233
138233
138233
138233
138233
138233
138233
138233
138233
138233
138233
138233
138233
138233
138267
138267
138267
138267
138267
138267
138267
138267
138512
138512
138512
138512
138512
138898
138898
138898
138898
138898
138898
138898
138898
138898
138898
138898
138898
138898
138898
138898
138898
138898
138946
138946
138946
138946
138946
138946
138946
138946
139334
139334
139710
140009
140009
140009
140009
140009
140009
140009
140009
140305
140305
140305
140305
140305
140305
140305
140305
140305
140305
140305
140305
140305
140305
140715
140715
140715
140715
140715
140715
140715
140715
140715
140715
140715
140715
140871
140871
140871
140871
140871
140871
140871
140871
140871
140871
140871
140871
141513
141513
141513
141513
141513
141513
141513
141513
141513
141513
141513
141715
141715
141715
141715
141715
141715
141715
141715
141715
141715
141812
141812
141812
141812
141812
141812
141812
141812
141812
141812
141812
141812
141812
141812
141812
141812
141812
142075
142075
142197
142197
142197
142197
142197
142197
142197
142197
142197
142197
142197
142197
142197
142197
142524
142524
142524
142611
142611
142611
142611
142611
142611
142611
142611
142611
142611
142611
142611
142611
142611
142611
142611
142750
142750
142750
142750
142750
143129
143267
143267
143267
143267
143267
143267
143267
143267
143267
143267
143267
143267
143267
143267
143267
143267
143267
143267
143454
143454
143454
143454
143454
143454
143454
143454
143454
143454
143454
143454
143454
143454
143454
143454
143454
143454
143454
143454
143504
143504
143504
143504
143504
143504
143504
143504
143504
143504
143504
143504
143504
143504
143504
143504
143504
143504
143504
143504
143674
143674
143674
143674
143674
143674
143674
143674
143674
143674
143845
143845
143845
143845
143845
143845
143845
143845
143859
143859
143859
143859
143859
143859
143859
143859
143859
143859
143859
143859
143859
143859
143859
143859
143859
143859
143874
143874
143874
143874
143874
143874
143874
143874
143874
143874
143874
143874
144104
144104
144104
144104
144104
144104
144104
144104
144104
144104
144104
144104
144104
144138
144138
144138
144138
144138
144138
144138
144138
144138
144138
144138
144138
144216
144216
144216
144216
144216
144216
144216
144216
144216
144216
144216
144216
144216
144636
144636
144636
144636
144636
144636
144636
144636
144636
144636
144636
144636
144636
144636
144636
144636
144636
144636
144786
144786
144786
144786
144786
144786
144786
144786
144786
144786
144813
144813
144813
144813
144813
144813
144813
144813
144813
144813
144813
145020
145020
145020
145020
145020
145020
145020
145020
145020
145020
145020
145020
145020
145020
145020
145204
145204
145204
145204
145204
145204
145204
145204
145204
145204
145204
145204
145204
145204
145204
145204
145204
145408
145408
145408
145408
145408
145408
145408
145408
145408
145453
145511
145511
145511
146007
146007
146007
146007
146007
146007
146007
146007
146007
146007
146007
146007
146007
146007
146007
146898
146898
146898
147599
147599
147599
147599
147599
147599
147599
147599
147635
147635
147635
147635
147635
147635
147635
147635
147635
147635
147635
147671
147671
147671
147671
147671
147671
147671
147671
147671
147671
147671
147671
148123
148123
148123
148123
148123
148123
148123
148123
148123
148123
148123
148123
148123
148123
148123
148123
148123
148445
148445
148445
148445
148445
148445
148445
148810
148810
148810
148810
148810
148810
148810
148810
149404
149404
149404
149603
149603
149603
149603
149603
149603
149603
149717
149717
149717
149717
149717
149717
149717
149717
149717
149717
149717
149717
149717
149859
149859
149859
149859
149859
150183
150183
150183
150183
150183
150183
150183
150183
150183
150183
150183
150183
150183
150183
150183
150183
150183
150183
150183
150587
150587
150587
150587
150587
150644
150644
150644
150644
150644
150644
150644
150644
150644
150644
150644
150644
150644
150644
150764
150764
150764
150764
150764
150764
150764
150831
150831
150831
150831
150831
150831
150831
150831
150831
150831
150831
150831
150831
150831
150831
150831
150831
150831
150831
150831
150835
150835
150835
150835
150835
150835
150835
150835
150835
150835
150835
150835
150835
150835
150835
150835
150835
150835
150835
150886
150886
150886
150886
150886
150886
150886
150886
150886
150886
150886
150886
150886
150886
151183
151341
151341
151341
151344
151344
151344
151344
151344
151344
151344
151344
151344
151650
151650
151650
151650
151650
151650
151650
151650
151650
151650
151650
151650
151650
151650
151650
151650
151650
151650
151650
151676
151676
151676
151676
151676
151676
151676
151676
151676
151835
151835
151835
151835
151835
151835
151835
151835
151835
151858
151858
151858
151858
151858
151858
151858
151858
151858
151858
151858
151858
151858
151858
151934
151934
151934
151934
151934
151934
151934
151934
151934
151934
151934
151934
151934
151934
151934
152170
152170
152170
152170
152239
152239
152239
152239
152239
153072
153072
153072
153072
153072
153072
153072
153072
153072
153072
153072
153072
153079
153079
153079
153079
153079
153079
153079
153079
153079
153079
153079
153079
153079
153079
153079
153079
153079
153079
153079
153079
153195
153195
153195
153195
153195
153195
153195
153195
153195
153195
153195
153195
153195
153195
153195
153195
153195
153195
153195
153235
153235
153235
153683
153683
153683
153683
153683
153683
153683
153683
153683
153683
153683
153683
153683
153683
153683
153683
153683
153957
153957
153957
153957
153957
153957
153957
153957
153957
153957
153957
153957
154031
154031
154031
154031
154031
154031
154031
154031
154031
154031
154031
154301
154301
154301
154301
154301
154301
154301
154301
154301
154380
154380
154380
154380
154380
154380
154380
154380
154380
154380
154380
154380
155742
155742
155742
155742
155742
155742
155742
155859
155859
155859
155859
155859
155859
157593
157593
157593
157611
157987
157987
157987
157987
157987
157987
157987
157987
158616
158616
158616
158616
158728
158728
158728
158728
158728
158728
158728
158728
158728
158728
158728
158728
158728
158728
158728
158779
158779
158779
158779
158779
158779
158779
158779
158779
158779
158779
158779
158779
158779
158779
158779
158779
159052
159052
159052
159052
159052
159052
159052
159052
159052
159052
159052
159052
159052
159052
159052
159052
159052
159455
159455
159455
159455
159455
159827
159827
159827
159827
159827
159827
159827
159827
159827
159827
159827
159827
160282
160351
160476
160476
160476
160476
160476
160476
160476
160476
160476
160476
160476
160476
160476
160476
160476
160476
160476
160476
160476
160476
160659
160659
160662
160662
160662
160662
160662
160662
160662
160662
160662
160662
160662
160662
160662
160662
160662
160662
160880
160880
160880
160880
160880
160880
160880
160880
161112
161112
161112
161112
161112
161112
161112
161112
161112
161112
161112
161388
161388
161388
161388
161388
161388
161388
161388
161388
161388
161388
161388
161388
161388
161388
161388
161388
161388
161487
161487
161487
161487
161487
161487
161487
161487
161487
161487
161487
161487
161487
161487
161498
161498
161498
161498
161498
161498
161498
161498
161498
161498
161498
161498
161498
161498
161498
161498
162634
162634
162634
162634
162634
162707
162707
162707
163064
163064
163064
163064
163064
163064
163064
163064
163064
163064
163064
163064
163064
163064
163064
163064
163362
163362
163362
163362
163362
163362
163362
163362
163362
163362
163362
163362
163362
163362
163362
163362
163362
163362
163362
163362
163491
163491
163491
163491
163491
163491
163559
163559
163559
163559
163559
163559
163559
163559
163559
163559
163559
163559
163559
163559
163559
163559
163559
164652
164652
164896
164896
164896
164896
164896
164896
164896
164896
164896
164896
166081
166081
166081
166081
166081
166081
166081
166454
166454
166454
166454
166454
166454
166454
166454
166454
166454
166573
166573
166573
166573
166573
166573
166573
166573
166573
166573
166573
166573
166573
166573
166573
166573
166604
166604
166604
166604
166604
166604
166604
166604
166604
166604
166604
166604
167125
167125
167125
167125
167125
167125
167125
167125
167125
167125
167125
167125
167125
167125
167125
167147
167147
167147
167147
167147
167147
167147
167147
167408
167408
167408
167408
167408
167408
167408
167457
167457
167457
167457
167457
167457
167457
167457
167457
167457
167577
167577
167577
167577
167577
167577
167577
167698
167698
167698
167698
167698
167698
167698
167698
167698
167802
167802
167802
167802
167802
167802
167802
167802
167802
167802
167802
167802
167802
167802
167802
167802
167802
167940
167940
167940
167940
167940
167940
167940
167940
167940
167940
167940
167940
167940
167940
167940
167940
167940
167940
167940
167988
167988
167988
167988
167988
167988
167988
167988
167988
167988
167988
167988
167988
167988
167988
167988
168288
168288
168288
168288
168288
168288
168288
168288
168288
168288
168288
168288
168288
168288
168288
168288
168565
168565
168565
168565
168565
168565
168565
168565
168565
168565
168565
168565
168565
168565
168565
168664
168664
168766
168766
168766
168766
168766
168992
168992
168992
168992
168992
168992
168992
168992
168992
168992
168992
168992
168992
168992
168992
168992
168992
168992
168992
168992
169535
169535
169535
169739
169739
169739
169739
169739
169739
169739
169739
169739
169739
169739
169739
169739
169739
169739
169739
170992
170992
170992
170992
170992
170992
170992
170992
170992
170992
170992
170992
170992
170992
170992
170992
171095
171095
171095
171095
171095
171095
171095
171095
171095
171095
171095
171095
171132
171132
171132
171132
171132
171132
171132
171132
171462
171462
171462
171462
171462
171462
171462
171462
171600
171600
171600
171600
171600
171600
171600
171600
171600
171600
171600
171600
171600
171600
171600
171600
171600
171600
171600
171600
171640
171640
171640
171640
171640
171640
171640
171640
171640
171640
171640
171640
171640
171640
171640
171640
171640
171640
171640
172682
172682
172682
172682
172682
172682
172682
172682
172682
172682
173190
173190
173190
173190
173190
173190
173190
173190
173190
173190
173190
173190
173190
173190
173278
173278
173278
173278
173278
173278
173278
173278
173278
173278
173278
173278
173296
173296
173296
173296
173296
173380
173380
173380
173380
173380
173380
173380
173380
173380
173380
173380
173380
173380
173380
173380
173380
173380
174615
174615
174615
174615
174827
174827
174827
174827
174827
174827
174827
174827
174827
174827
174827
174827
174827
174827
174827
174827
174827
174827
174827
174827
175065
175065
175065
175065
175065
175065
175065
175065
175065
175065
175065
175065
175065
175065
175065
175065
175432
175432
175432
175432
175474
175474
175474
175474
175474
175474
175474
175474
175474
175474
175474
175474
175474
175627
175627
175627
175627
175627
175627
175627
175627
175627
175627
175627
175627
175627
175627
175627
175627
175776
176039
176039
176039
176039
176039
176039
176039
176039
176669
176669
176669
176669
176669
176669
176669
176669
176669
176669
176669
176669
176669
176669
176669
176669
176669
176669
176669
176800
176800
176800
176800
176800
176800
178033
178033
178033
178033
178033
178033
178033
178033
178033
178033
178033
178147
178147
178147
178147
178147
178147
178147
178147
178147
178855
178855
178855
178855
178855
178855
178855
178855
178855
178855
178855
178855
178855
178855
178855
178855
178855
178855
179427
179427
180263
180263
180263
180263
180263
180263
180761
180761
180761
180761
180761
180761
180761
180761
180953
180953
180953
180953
180953
180953
180953
180953
180953
180953
180953
180953
180953
181585
181585
181585
181585
181585
181585
181585
181585
181585
181585
181585
181585
181585
181585
182555
182555
183295
183295
183295
183295
183295
183295
183295
183295
183295
183295
183561
183561
183561
183561
183561
183581
183581
183581
183581
183581
183581
183581
183581
183581
183581
183581
183665
183665
183665
183665
183665
183665
183665
183665
183665
183665
183665
183665
183665
183665
183665
183665
183665
183665
183665
183665
183666
183666
183666
183666
183666
183666
183691
183691
183691
183691
183691
183691
183691
183691
183691
183691
184319
185121
185121
185121
185121
185121
185121
185121
185121
185121
185121
185121
185121
185121
185121
185121
185121
185318
185318
185318
185318
185318
185399
185399
185399
185399
185399
185399
185495
185495
185495
185495
185965
185965
185965
185965
185965
185965
185965
185965
185965
186027
186593
186915
186915
187095
187095
187095
187095
187095
187389
187389
187389
187389
187389
187389
187774
187774
187774
187774
187774
187774
187951
187951
187951
187951
187951
187951
187951
187951
187951
188019
188152
188152
188152
188152
188152
188152
188152
188152
188152
188152
188152
188152
188152
188320
188320
188320
188320
188320
188320
188320
188478
188478
188478
188478
188478
188478
188510
188510
188510
188762
188762
189318
189318
189318
189318
189318
189318
189318
189318
189318
189318
189318
189318
189318
189318
189318
189318
189616
189616
189616
189616
189616
189616
189616
189616
189616
189616
189616
189730
189730
189730
189730
189730
189730
189730
189730
189730
189730
189730
189730
189730
189730
189730
189730
189730
189730
189775
189775
189775
189775
189775
189775
189775
189775
189775
189775
190226
190226
190226
190226
190226
190226
190226
190226
190226
190226
190226
190226
190226
190226
190226
190226
190226
190226
190226
190523
190523
190523
190523
190523
190523
190523
190523
190523
190523
190523
190523
190596
190596
190596
190596
190596
190596
190596
190596
190596
190739
190739
190739
190739
190739
190739
190739
190739
190739
190739
190739
190739
190739
190739
190739
190739
190739
190739
191046
191046
191046
191046
191046
191046
191046
191046
191046
191046
191171
191471
191471
191471
191471
191471
191471
191471
191471
191502
191502
191502
191502
191502
191502
191502
191502
191502
191502
191502
192560
192560
192560
192560
192560
192560
192571
192571
192571
192571
192571
192571
192571
192571
192596
192596
192596
192797
192797
192797
192881
192881
192881
192881
192881
192881
192881
192881
192881
192881
192881
192881
192881
192881
192881
192881
192881
192881
192881
192881
193027
193027
193027
193027
193027
193027
194793
194793
195079
195079
195079
195079
195079
195079
195079
195079
195079
195079
195079
195079
195079
195079
195079
195316
195316
195316
195316
195316
195316
195316
195316
195316
195316
195331
195331
195331
195331
195331
195331
195331
195331
195331
195331
195331
195331
195331
195331
195608
195608
195608
195608
195608
195608
195886
195886
195886
195886
195886
195886
195886
195886
195912
195912
195912
195912
195912
195912
195912
195912
195912
195912
195912
195912
195912
195912
195912
195912
196069
196069
196069
196069
196582
196582
196582
196582
196582
196582
196903
196903
196903
196903
196903
196903
196903
196903
196903
196903
196903
196903
196903
196903
196903
196903
196903
196903
196903
196930
196930
196930
196930
196930
196930
196930
196930
197019
197019
197019
197019
197019
197019
197019
197019
197019
197019
197728
197728
197728
197728
197728
197728
197728
197728
197728
197728
197728
197728
197728
197728
197728
197728
197728
197728
197728
197728
198241
198241
198241
198241
198427
198427
198427
198427
198427
198427
198427
198427
198427
198427
198427
198427
198427
198427
198427
198427
198427
198813
198813
198813
198813
198829
198829
198829
198829
198829
198829
198829
198829
198829
198829
198829
198829
198829
198829
198829
198829
198829
198829
198829
198959
198959
198959
198959
198959
198959
199018
199018
199018
199018
199018
199018
199566
199566
199566
199566
199566
199566
199566
199566
199566
199793
199793
199793
199793
199894
199894
199894
199894
199894
199894
199894
199894
199894
199894
199894
199894
199894
200260
200260
200260
200260
200260
200260
200260
200260
200260
200260
200260
200260
200372
200372
200372
200372
200372
200372
200372
200372
200372
200424
200424
200424
200424
200424
200424
200424
200424
200424
200424
200424
200424
200424
200424
200424
200424
200424
200443
200443
200443
200443
200443
200443
200443
200443
200443
200443
200443
200443
200443
200535
200535
200535
200535
200535
200535
200535
200535
200535
200535
200535
200535
200535
200535
200535
200535
201429
201429
201429
201429
201429
201429
201429
201429
201429
201429
201429
201623
201623
201623
201623
201623
201623
201623
201623
201623
201623
201623
201623
201623
201623
201623
201623
201649
201649
201649
201649
201649
201649
201649
201649
201649
201649
202145
202145
202145
202145
202145
202206
202206
202206
202206
202206
202206
202206
202206
202244
202244
202244
202244
202244
202244
202244
202244
202244
202244
202244
202244
202443
202443
202443
202443
202443
202443
202443
202443
202443
202443
203072
203072
203072
203072
203072
203072
203072
203072
203072
203072
203072
203072
203072
203196
203196
203196
203196
203196
203196
203196
203196
203196
203196
203196
203196
203196
203196
203196
203196
203426
203426
203426
203426
203426
203426
203426
203426
203426
203426
203426
203426
203426
203426
203426
203426
203426
203426
203426
203724
203724
203724
203724
203724
204093
204093
204093
204093
204093
204093
204093
204496
204496
204496
204496
204496
204496
204496
204496
204496
204496
204496
204496
204496
204496
204496
204496
204496
204496
204496
204496
204775
204775
204775
204775
204775
204775
204775
204775
204775
204775
204775
204775
204775
204775
204775
204775
204775
205408
205408
205408
205408
205408
205408
205408
205408
205408
205408
205408
205408
205408
205408
205408
206233
206233
206233
206233
206233
206233
206233
206233
206233
206233
206233
206233
206233
206869
207666
207666
207666
207666
207666
207666
207666
207666
207666
207666
207802
207802
207802
207802
207802
207802
207802
207802
207802
207802
207802
207802
207883
207883
207883
207883
207883
207883
207883
207883
207883
207883
207883
207883
207883
207883
207883
207883
207883
207883
208541
208541
208541
208541
208862
208862
208862
208862
208862
208862
208862
208862
208862
208862
208862
208862
208862
208862
209069
209069
209069
209069
209069
209069
209069
209239
209239
209239
209239
209239
209239
209239
209239
209239
209647
209647
209647
209647
209647
209647
209647
209647
209829
209829
209917
209917
209917
209917
209917
209917
209917
209917
209917
209917
209917
209917
209917
209917
210056
210073
210073
210073
210073
210073
210073
210073
210073
210073
210073
210073
210073
210073
210073
210073
210073
210073
210073
210073
210073
210136
210136
210136
210136
210477
210477
210630
210630
210630
210745
210745
210745
210745
210745
210745
210745
210745
210745
210745
210745
210745
210745
210745
211023
211023
211023
211023
211023
211023
211023
211023
211464
211464
211464
211464
211464
211464
211464
211464
211464
211464
211464
211464
211464
211512
211512
211512
211512
211512
211512
211512
211512
211512
211512
211512
211512
211512
211512
211512
211567
211567
211567
211567
211567
211567
211567
211567
211567
211567
211567
211567
211973
211973
211973
211973
211973
211973
211973
211973
211973
211973
211973
211973
211973
211973
211973
211973
211973
211973
211973
212368
212368
212368
212368
212368
212368
212368
212368
212368
212368
212368
212576
212576
212576
212576
212576
212576
212576
212576
212576
212576
212576
212576
212576
212617
212617
212617
212617
212617
212617
212617
212617
212617
212617
212617
212617
212617
213055
213055
213055
213055
213055
213055
213055
213055
213055
213125
213125
213125
213125
213125
213125
213125
213125
213125
213125
213125
213125
213125
213125
213621
213621
213621
213621
213621
213621
213621
213621
213621
213621
213621
213621
213621
213621
213621
213621
213621
213621
213850
213850
213850
213850
213850
213850
213850
213850
214062
214062
214062
214062
214062
214062
214062
214062
214062
214062
214062
214062
214062
214062
214062
214427
214427
214427
214427
214549
214549
214549
214549
214549
214549
214549
214549
214549
214549
214549
214906
214906
214906
214906
214906
214906
214906
214906
214906
214906
214906
214906
214906
214906
214906
214906
214906
214906
214906
214906
215630
215630
215630
215630
215630
215630
215630
215630
215630
215630
215630
215630
215630
215630
215935
215935
215935
215935
215935
215935
215935
215935
215935
215935
215935
215935
215935
215935
215935
215935
215935
215935
215935
216056
216056
216056
216056
216056
216056
216056
216056
216056
216056
216056
216056
216056
216056
216056
216056
216116
216116
216116
216116
216143
216143
216143
216143
216143
216143
216143
216143
216143
216335
216335
216335
216335
216335
216335
216496
216496
216496
216496
216496
216496
216496
216496
216496
216496
216496
216496
217513
217513
217513
217513
217513
217513
217513
217513
217513
217513
217513
217513
217513
217513
217513
217513
217513
217513
217678
217678
217678
217678
217678
217678
217678
217678
217678
217678
217678
217678
217678
217678
217678
217678
217678
217678
218135
218135
218135
218135
218135
218135
218135
218135
218135
218135
218135
218135
218159
218159
218159
218159
218159
218159
218159
218159
218159
218289
218289
218547
218547
218547
218547
218547
218547
218547
218547
218547
218547
218547
218547
218547
218547
218547
218547
218547
218547
218827
218827
218860
218860
218860
218860
218860
218860
218860
218860
218860
218860
218860
218860
218860
218860
218860
218860
218860
218860
218865
218865
218865
219166
219169
219169
219169
219169
219169
219169
219169
219169
219169
219169
219169
219169
219643
219643
219643
219903
219903
219903
219903
219903
219903
219903
219903
219903
219964
219964
219964
219964
219964
220353
220353
220353
220353
220353
220353
220353
220353
220353
220353
220353
220353
220353
220510
220510
220510
220510
220510
220510
220510
220510
220510
220510
220510
220510
220510
220510
220510
220510
220510
220510
220510
220510
220818
220818
220818
220818
221252
221252
221252
221252
221252
221252
221252
221252
221252
221252
221252
221252
221392
221392
221392
221392
221392
221392
221392
221392
221392
221392
221392
221392
221392
221392
221392
221461
221461
221461
221461
221461
221461
221461
221461
221461
221461
221461
222425
222425
222425
222425
222425
222425
222425
222425
222425
222425
222425
222425
222425
222425
222425
222425
222436
222436
222436
222436
222436
222436
222436
222436
222436
222436
222436
222436
222436
222483
222483
222483
222483
222483
222483
222483
222483
222483
222613
222613
222613
222613
222613
222613
222613
222613
222613
222613
222613
222613
222613
222613
222613
222613
222613
222613
222613
222680
222680
222680
222680
222680
222680
222680
222680
222680
222680
222680
222680
222680
222743
222743
222743
222743
222743
222743
222743
222743
222743
222743
222743
222743
222743
223317
223317
223317
223317
223317
223317
223317
223317
223317
223317
223317
223317
223317
223317
223326
223326
223326
223326
223326
223326
223326
223326
223326
223576
223576
223576
223576
223576
223576
223576
223576
223576
223576
223576
223576
223576
223576
223576
223576
223576
223576
223576
223576
223631
223835
223835
223835
223835
223835
223835
223835
223835
223835
223835
223835
223835
223835
223835
223835
223835
223835
223835
223835
224145
224145
224145
224145
224145
224145
224145
224145
224145
224145
224145
224145
224225
224225
224241
224241
224241
224241
224449
224449
224449
224449
224449
224449
224449
224449
224449
224449
224449
224449
224449
224827
224827
224827
224827
224827
224827
224827
224827
224827
224827
224827
224827
224827
224998
224998
225053
225053
225053
225053
225053
225053
225053
225440
225440
225440
225440
225440
225440
225440
225440
225440
225440
225440
225440
225440
225440
225440
225811
225811
225811
225811
225811
225811
226150
226172
226172
226359
226359
226359
226359
226359
226359
226359
226359
226359
226359
226359
226359
226790
227302
227302
227302
227302
227302
227302
227302
227302
227302
227588
227588
227588
227588
227588
227588
227717
227717
227717
227717
227717
227717
227717
227717
227717
227717
227717
227982
227982
227982
227982
227982
227982
227982
227982
227982
228148
228148
228148
228148
228321
228321
228321
228321
228321
228321
228321
228321
228321
228321
228321
228321
228321
228448
228448
228448
228448
228448
228448
228448
228448
228448
228448
228448
228448
228448
228448
228448
228448
228448
228448
228448
228705
228705
228705
228705
228705
228705
228705
228705
228705
228705
228705
228705
228705
228705
228705
228939
228939
228939
228939
228939
228939
229041
229041
229041
229041
229041
229041
229041
229041
229041
229041
229041
229041
229041
229041
229041
229041
229041
229041
229041
229055
229055
229055
229055
229055
229055
229055
229146
229146
229146
229146
229146
229146
229146
229146
229146
229146
229146
229334
229334
229334
229334
229334
229334
229334
229334
229334
229334
229334
229334
229334
229666
229666
229666
229666
229666
229666
229666
229666
229666
229666
229666
229666
229666
229666
229666
229666
229666
229666
229772
229772
229772
229772
229772
229772
229772
229772
229772
229772
229772
229772
229772
229772
229772
229772
229852
229852
229852
229852
229852
229852
229852
229852
229852
229852
229852
229852
229852
229852
229852
229867
229867
229867
229867
229906
229906
229906
229906
230351
230351
230351
230358
230358
230358
230358
230358
230358
230358
230358
230358
230358
230358
230358
230358
230358
230358
230358
230358
230358
230358
230703
230703
230703
230703
230703
230703
230703
230703
230703
230703
230703
230703
230703
230703
230703
231332
231332
231332
231332
231332
231332
231332
231332
231674
231674
231674
231674
231674
231674
231674
231674
231674
231674
231674
231674
231674
231674
231674
231816
231816
231816
231816
231816
231816
231816
231816
231816
231816
231816
231816
231816
231816
231816
231816
231816
231816
232072
232072
232072
232804
232804
232804
232804
232804
232804
232804
232804
232804
232804
232804
232804
232804
232804
232804
233119
233119
233119
233119
233119
233119
233119
233256
233256
233256
233256
233256
233256
233256
233256
233256
233256
233256
233256
233256
233256
233256
233256
233256
233256
233614
233614
234169
234169
234169
234169
234169
234169
234169
234319
234319
234319
234319
234799
234799
234799
234799
234799
234799
234799
234799
234799
234799
234799
234799
234799
234799
235028
235028
235028
235028
235028
235028
235028
235028
235028
235028
235028
235028
235028
235028
235028
235028
235172
235172
235172
235172
235172
235172
235172
235172
235172
235172
235172
235172
235172
235172
235172
235440
235440
235440
235440
235440
235440
235440
235440
235440
235440
235440
235440
235620
235620
235620
235620
235620
235620
235620
235620
235620
235620
235620
235620
235620
235620
235620
235620
235620
235620
235620
235915
235915
235915
235915
235915
235915
235915
235915
235915
235915
235964
235964
235964
235964
235964
235964
236940
236940
237038
237038
237038
237038
237174
237174
237174
237174
237174
237174
237174
237174
237174
237174
237174
237174
237174
237174
237174
237174
237174
237174
237259
237259
237259
237259
237259
237259
237987
237987
237987
237987
237987
237987
237987
237987
237987
237987
237987
237987
237987
237987
237987
237987
237987
237987
237987
237992
237992
237992
237992
237992
237992
237992
237992
237992
237992
237992
237992
237992
238225
238225
238225
238225
238225
238225
238225
238225
238225
238225
238225
238225
238225
238225
238225
238299
238299
238299
238299
238299
238299
238299
238299
238299
238299
238299
238299
238299
238299
238299
239107
239107
239107
239107
239107
239107
239107
239107
239107
239107
239107
239107
239107
239107
239107
239254
239254
239254
239254
239254
239254
239254
239254
239254
239254
239254
239254
239254
239254
239254
239254
239254
239254
239298
239298
239298
239298
239298
239298
239948
239948
239948
240354
240354
240354
240354
240354
240354
240354
240962
241007
241007
241007
241007
241007
241007
241120
241120
241120
241120
241120
241120
241120
241120
241120
241120
241284
241284
241284
241284
241284
241284
241284
241284
241284
241284
241284
241284
241317
241317
241317
241317
241317
241568
241568
241568
241568
241568
241568
241568
241568
241568
241568
241568
241568
241568
241568
241568
241568
241568
241568
241587
241587
241587
241587
241587
241587
241587
241587
241587
241587
241587
241849
241849
241849
241849
241849
241849
241984
241984
241984
241984
241984
241984
241984
242106
242106
242106
242106
242106
242106
242106
242106
242106
242106
242106
242106
242106
242106
242106
242106
242106
242106
242106
242336
242336
242336
242336
242336
242336
242336
242336
242336
242360
242360
242360
242360
242360
242360
242360
242360
242360
242360
242360
242360
242360
242360
242360
242360
242360
242360
242418
242418
242418
242418
242418
242418
242418
242882
243068
243068
243068
243068
243068
243068
243068
243068
243068
243068
243068
243068
243068
243068
243094
243094
243094
243094
243094
243094
243094
243094
243094
243094
243094
243094
243094
243094
243094
243094
243896
243896
243896
243896
243896
243896
243896
243896
243896
243896
243896
244013
244013
244013
244013
244013
244013
244013
244013
244013
244013
244013
244013
244013
244013
244013
244158
244158
244158
244158
244158
244158
244158
244158
244158
244158
244158
244158
244158
244158
244158
244352
244352
244352
244352
244352
244352
244352
244352
244352
244352
244352
244674
244674
244674
244674
244674
244674
244674
244674
244674
244762
244762
244762
244762
245421
245421
245421
245421
245870
245870
245870
245870
245870
245870
245870
245870
245870
245870
245870
245870
245870
245870
245870
245870
245870
246616
246616
246767
246767
246767
246767
246767
246767
247640
247640
247640
247640
247640
247640
247640
247640
247640
247640
247640
247640
247640
247640
247640
247640
247761
247761
247761
247761
248144
248144
248144
248144
248203
248203
248203
248203
248203
248203
248203
248203
248203
248526
248526
248526
248526
248526
248526
248526
248526
248526
248526
248526
248526
248526
248526
248526
248526
248526
248918
248918
248918
249310
249310
249310
249310
249310
249310
249310
249310
249310
249310
249310
249310
249310
249310
249310
249310
249310
249310
249310
249682
249682
249682
249682
249682
249682
249682
249682
249682
249710
249710
249710
249710
249710
249710
249710
249710
249710
249710
249710
249710
249710
249710
249710
249970
249970
249970
250077
250077
250077
250077
250077
250077
250077
250077
250077
250077
250077
250077
250355
250392
250392
250392
250392
250392
250392
250392
250392
250392
250392
250392
250392
250392
250392
250392
250392
250392
250392
250392
250607
250607
250607
250607
250607
250607
250607
250607
250607
250607
250607
250607
250607
250607
250826
250826
250826
250826
250826
250826
250826
250826
250826
250826
250826
250826
250826
250826
250826
250826
250826
250871
250871
250871
250871
250871
250871
250871
250871
250871
250871
250871
250871
250871
250871
250871
250871
250871
250871
250871
251148
251148
251148
251148
251148
251148
251148
251148
251148
251148
251148
251148
251148
251148
251148
251148
251148
251148
251148
251148
252042
252042
252042
252042
252042
252042
252042
252042
252042
252042
252042
252042
252042
252042
252042
252042
252042
252042
252042
252205
252205
252205
252205
252205
252205
252289
252289
252289
252289
252289
252289
252289
252289
252289
252289
252289
252289
252289
252289
252564
252564
252564
252752
252752
252752
252752
252752
252752
252752
252752
252752
252752
252752
252760
252760
252760
252760
252760
252760
252760
252760
252760
252760
252760
252760
252760
252760
252760
252760
252760
252760
252760
253346
253346
253346
253346
253346
253346
253432
253432
253432
253432
253432
253432
253432
253432
253432
253735
253735
253735
253735
253735
253735
253735
253735
253735
254154
254154
254154
254154
254331
254331
254331
254331
254331
254331
254331
254331
254331
254331
254331
254331
254331
254331
254331
254442
254442
254442
254825
254825
254825
254825
254825
254825
254825
254825
254825
254825
254825
254989
254989
254989
254989
254989
254989
254989
254989
254989
254989
255265
255265
255265
255265
255265
255265
255265
255265
255265
255265
255265
255265
255265
255265
255265
255265
255265
255265
255265
255265
255401
255401
255401
255401
255401
255401
255401
255730
255730
255730
255730
255730
255730
255730
255730
255730
255730
255730
255730
255730
255730
255730
255730
255797
255797
255797
255797
255797
255797
255797
255797
255797
255797
255797
255797
255797
256229
256229
256229
256229
256229
256229
256229
256229
256229
256229
256229
256229
256229
256229
256229
256229
256229
256229
256246
256246
256246
256246
256246
256246
256246
256246
256246
256246
256246
256246
256246
256246
256246
256246
256246
256507
256507
256709
256709
256709
257107
257107
257107
257107
257107
257107
257107
257107
257107
257107
257107
257107
257107
257107
257107
257107
257777
258105
258105
258105
258105
258220
258220
258220
258220
258220
258220
258220
258220
258220
258220
258220
258220
258220
258220
258220
258220
258220
258220
258220
258795
258795
258795
258795
258795
258795
258795
258795
258795
258795
258795
258795
258795
258819
258819
258819
258819
258819
258819
258819
258819
258819
259326
259326
259326
259326
259326
259326
259326
259326
259326
259326
259326
259326
259326
259326
259326
259399
259399
259399
259399
259399
259399
259399
259399
259399
259540
259666
259666
259666
259666
259666
259666
259666
259666
259666
259666
259666
259666
259666
259954
259954
259954
259954
259954
259954
259954
259954
259954
259954
259954
260436
260436
260436
260436
260436
260436
260436
260436
260436
260436
260436
260436
260436
260436
260436
260436
260600
260600
260600
260600
260600
260600
260600
260600
260600
260600
260600
260600
260600
260600
260600
260600
260646
260646
260646
260646
260646
260646
260646
260663
260663
260663
260663
260663
260663
260663
260663
260663
260663
260663
260663
261168
261168
261168
261168
261168
261168
261168
261168
261168
261168
261168
261168
261168
261168
262297
262297
262297
262297
262297
262297
262297
262297
262297
262297
262297
262297
262297
262303
262303
262303
262303
262303
262303
262303
262303
262303
262303
262439
262439
262439
262439
262439
262439
262439
262439
262439
262481
262481
262481
262590
262590
262590
262590
262590
262590
262590
262590
262590
262590
262590
262590
262590
262590
262590
262590
262590
262590
262694
262694
262694
262694
262694
262694
263549
263549
263549
263549
263549
263549
263549
263549
263549
263549
263549
263791
263974
263974
263974
263974
263974
263974
263974
263974
263974
263974
263974
263974
263974
264038
264038
264038
264038
264038
264038
264038
264038
264038
264038
264038
264038
264038
264766
264766
264766
264766
264766
264766
264766
264766
264766
264766
264766
264914
264914
264914
264914
264914
264914
264914
264914
264914
264914
264914
264914
264914
264914
264914
264914
265077
265077
265077
265077
265077
265077
265077
265077
265077
265077
265488
265488
265488
265488
265488
265488
265488
265488
265488
265585
265585
265585
265585
265585
265585
265585
265585
265585
265585
265585
265585
265585
265585
265585
265585
265585
265585
265585
265900
265900
265900
265900
265900
265900
265900
265900
265900
265900
265900
265900
265900
265900
265900
265900
265900
265900
266061
266061
266061
266061
266061
266401
266401
266401
266401
266401
266401
266401
266401
266401
266401
266401
266401
266401
266401
266401
266456
266456
266456
266456
266456
266456
266456
266456
266456
266456
266456
266456
266456
266456
266456
266503
266503
266503
266503
266503
266503
266503
266503
266503
266503
266503
266968
266968
266968
266968
266968
266968
266968
266968
266968
266968
266968
266968
266968
266968
266968
266968
266968
267075
267075
267075
267075
267075
267075
267075
267075
267075
267075
267075
267075
267075
267097
267097
267097
267097
267097
267097
267097
267097
267361
267361
267361
267361
267361
267361
267361
267361
267383
267383
267383
267383
267383
267383
267383
267383
267383
267383
267383
267383
267383
267383
267383
267383
268166
268166
268166
268166
268166
268166
268166
268166
268166
268166
268166
268166
268166
268166
268166
268726
268726
268726
268726
268726
268726
268726
268726
268726
268726
268865
268865
268865
268865
268865
268865
268865
268865
268865
268865
268865
268865
268865
268865
268865
268865
268865
268865
269015
269015
269015
269017
269017
269017
269017
269017
269017
269017
269017
269017
269017
269017
269085
269085
269085
269085
269085
269085
269085
269085
269888
269888
269888
269888
269888
269888
269888
269888
269888
269888
269888
269888
269888
269888
269888
269888
270388
270388
270388
270388
270388
270388
270829
270829
270948
270948
270948
270948
270948
270948
270948
270948
270948
270948
270948
270948
270948
270948
270948
270948
270948
270948
270948
270948
271110
271110
271110
271110
271110
271110
271110
271110
271110
271110
271110
271110
271110
271110
271698
271698
271698
271698
271698
271698
271698
271698
271698
271698
271698
271821
271821
271821
271821
271821
271821
271821
271821
271821
271821
271821
271821
271821
271821
271821
271821
271821
271972
271972
271972
271972
271972
271972
271972
271972
271972
271972
271972
271972
271972
272080
272080
272080
272080
272080
272080
272080
272080
272080
272080
272080
272080
272080
272080
272080
272200
272200
272200
272200
272200
272200
272200
272200
272200
272200
272200
272200
272200
272200
272200
272200
272200
272200
272340
272340
272340
272340
272340
272340
272340
272340
272340
272340
272340
272340
272340
272340
272340
272340
272498
272498
272498
272498
272498
272498
272498
272498
272498
272498
272498
272498
272498
272498
272498
272498
272498
272895
272895
272895
272895
272895
272895
272895
272895
272895
272979
272979
273258
273258
273258
273258
273258
273258
273258
273258
273258
273258
273258
273542
273542
273542
273542
273542
273542
273542
273542
273542
273542
273756
273756
273756
273756
273756
273756
273756
273756
273756
273756
273756
273756
273756
273756
273756
273756
273756
273756
273953
273953
273953
273953
273953
273953
273953
273953
273953
273953
273953
273953
273953
273953
273953
273953
273974
273974
273974
273974
273974
274015
274015
274015
274015
274015
274015
274015
274015
274015
274015
274015
274015
274015
274015
274015
274015
274015
274015
274015
274375
274375
274375
274375
274375
274622
274622
274622
274622
274622
274622
274622
274622
274622
274622
274622
274622
274622
274622
274622
274622
274622
274622
274622
274622
275001
275001
275001
275001
275001
275001
275001
275001
275001
275001
275001
275105
275105
275105
275105
275105
275105
275105
275121
275121
275121
275121
275121
275121
275121
275121
275121
275121
275121
275121
275121
275121
275121
275121
275255
275255
275255
275255
275255
275255
275255
275255
275255
275255
275255
275255
275255
275255
275255
275255
275425
275425
275425
275425
275425
275425
275425
275706
275706
275706
275706
275706
275706
275706
275706
275706
275706
275706
275706
275706
275706
275733
275733
275733
275733
275733
275733
275733
275733
275733
275893
275893
275893
275893
275893
275893
275893
275893
275893
275893
275893
275893
275893
275893
275893
275893
275919
275919
275919
275937
275937
275937
275937
275937
275937
275937
275937
275937
275937
275976
275976
275976
275976
275976
275976
275976
275976
276082
276082
276082
276082
276082
276082
276082
276082
276082
276082
276082
276082
276082
276082
276082
276082
276082
276082
276082
276324
276324
276324
276324
276324
276324
276324
276324
276324
276324
276324
276324
276324
276324
276324
276976
276976
277308
277308
277308
277308
277308
277308
277497
277497
277497
277497
277497
277497
277497
277497
277497
277497
277497
277497
277497
277497
277755
277755
277755
277755
277755
277755
277755
277755
277755
277755
277755
277755
277755
277755
277755
277755
277755
277755
277755
277948
277948
277948
277948
277948
278574
278574
278574
278574
278574
278574
278775
278775
278775
278775
278775
278775
278775
278775
278775
278775
278775
278775
278775
278775
278775
278775
278775
278775
278775
278775
278777
278777
278777
278777
278777
278777
278777
278777
278777
278777
279072
279072
279072
279072
279138
279138
279138
279138
279138
279138
279138
279138
279138
279138
279138
279138
279138
279521
279521
279521
279608
279608
279608
279863
279863
279863
279863
279863
279863
279863
279863
279863
279863
279863
279863
279863
279863
279863
279881
279881
279881
279881
279881
279881
279881
279881
279881
279881
279881
279881
279881
279881
279881
279881
279881
279881
280162
280162
280162
280162
280162
280162
280162
280162
280162
280162
280162
280162
280162
280251
280251
280251
280251
280251
280251
280262
280262
280262
280262
280262
280262
280262
280262
280262
280262
280262
280262
280262
280368
280368
280368
280368
280368
280368
280368
280629
280629
280629
280629
280629
280629
280629
280629
280629
280629
280629
280629
280629
280629
280629
280629
280629
280629
280629
281450
281450
281450
281450
281450
281450
281450
281450
281450
281450
281450
281450
281567
281567
281567
281567
281567
281567
281567
281567
281567
281621
281621
281621
281621
281621
281621
281621
281621
281621
281621
281621
281621
281621
281621
281621
281774
281774
281774
281774
281902
281902
281902
281902
281902
282079
282409
282409
282409
282595
282595
282595
282595
282595
282595
282595
282595
282595
282595
282595
282595
282595
282595
282595
282714
282714
282714
282714
282714
282714
282714
282714
282714
282714
282741
282741
282741
282741
282741
282741
282741
282741
282741
282741
282741
282813
282813
282813
282813
282813
282813
282813
282813
282813
282813
282813
282920
282920
282920
282920
282920
282920
282920
282920
282920
282920
282920
282920
282920
282920
283204
283204
283204
283204
283204
283339
283339
283339
283339
283339
283339
283339
283339
283339
283339
283758
283758
283758
283758
283758
283758
283758
283758
283758
283758
283758
284235
284235
284235
284235
284235
284235
284235
284749
284749
284749
284749
284749
284749
284749
284749
284749
284749
284749
284749
284981
284981
284981
284981
284981
284981
284981
284981
284981
284981
284981
284981
284981
284981
284981
284981
285039
285039
285039
285039
285039
285039
285039
285039
285039
285039
285205
285205
285205
285205
285205
285205
285205
285205
285205
285205
285205
285205
285205
285205
285205
285205
285205
285242
285242
285242
285242
285242
285242
285242
285242
285242
285428
285728
285728
285728
285728
285728
285728
285728
285728
285728
285728
285728
285728
285728
285728
285728
285728
286334
286334
286334
286334
286334
286334
286334
286334
286334
286334
286334
286334
286334
286334
287560
287560
287560
287560
287560
287560
287560
287560
287560
287560
287560
287560
287560
287560
287560
287560
288515
288515
288515
288515
288515
288515
288515
288515
288515
288515
288515
288515
288515
288515
288515
288737
288737
288737
288737
288737
288737
288737
288737
288737
288737
288737
288737
288737
288737
288737
288737
288737
288737
288826
288826
288826
288826
288826
288826
288826
288826
288826
288826
288826
288826
288826
288826
289058
289072
289072
289072
289072
289072
289072
289072
289072
289072
289072
289072
289072
289072
289272
289272
289272
289272
289272
289272
289272
289272
289272
289479
289479
289479
289479
289479
289660
289660
289660
289660
290094
290094
290094
290094
290094
290094
290094
290094
290112
290112
290112
290112
290112
290112
290112
290525
290525
290525
290525
290525
290525
290525
290525
290753
290935
290935
290935
290935
290935
290935
291253
291253
291253
291253
291253
291253
291253
291253
291253
291253
291253
291253
291253
291253
291550
291550
291550
291550
291550
291550
291550
291550
291550
291550
291550
291550
291550
291550
291550
291682
292265
292265
292265
292265
292265
292265
292265
292265
292265
292265
292265
292265
292265
292576
292576
292576
292576
292576
293199
293199
293199
293199
293199
293199
293199
293448
293448
293448
293448
293448
293448
293448
293448
293448
293448
293448
293448
293448
293448
293448
293448
293448
293574
293574
293646
293646
293646
293646
293646
293646
293646
293646
293646
293646
293646
293646
293646
293646
293742
293742
293742
293742
293742
293742
293742
293787
293787
293787
293787
293787
293787
293787
293787
293787
293787
293787
293787
293787
293787
293787
293787
293787
293811
293811
293811
293811
293811
293811
293811
293811
293811
293811
293811
293811
293811
293811
293811
293811
293811
293811
293811
294604
294604
294604
294604
294604
294604
294604
294604
294604
294604
294604
294604
295067
295067
295067
295067
295067
295067
295067
295067
295067
295067
295067
295067
295067
295067
295569
295569
295569
295569
295569
295569
295569
295569
295569
295569
295569
295569
295569
295919
295919
295919
295919
295919
295919
295919
295919
295919
296163
296163
296392
296392
296392
296392
296392
296392
296392
296392
296392
296392
296392
296392
296392
296640
297048
297248
297248
297248
297248
297248
297248
297248
297248
297248
297248
297248
297248
297248
297269
297360
297360
297360
297360
297360
297360
297360
297360
297360
297360
297360
297360
297360
297360
297360
297371
297371
297371
297371
297371
297371
297371
297371
297371
297371
297371
297371
297371
297371
297371
297551
297551
297551
297551
297551
297551
297551
297551
297551
297551
297551
297551
297551
297551
297551
297551
297672
297672
297672
297672
297672
297672
297672
297672
297672
297672
297672
297672
297672
297672
297672
297672
297735
297735
297735
297735
297735
297735
297735
297735
297735
297735
297735
297735
297735
297735
297735
297735
297735
297823
297823
297823
297823
297823
297823
297823
297823
297823
297823
297823
297823
297823
297823
297823
297823
297823
297823
297823
297950
297950
297950
297950
297950
297950
297950
297950
297950
297950
297950
297950
297976
298044
298044
298044
298044
298227
298227
298227
298227
298227
298227
298227
298227
298227
298227
298227
298227
299404
299404
299404
299404
299404
299404
299404
299404
299404
299404
299404
299404
299404
299404
299404
299604
299604
299604
299604
299604
299604
300238
300238
300238
300238
300238
300238
300238
300238
300238
300238
300238
300238
300238
300238
300238
300238
300238
300238
300417
300417
300417
300417
300417
300417
300417
300417
300639
300789
300789
301513
301513
301513
301513
301513
301513
301513
301513
301513
301513
301513
301513
301513
301513
301513
301513
301513
301513
302340
302340
302340
302340
302340
302340
302340
302340
302340
302340
302340
302340
302340
302340
302340
302340
302393
302393
302393
302393
302393
302393
302393
302393
302414
302414
302414
302414
302414
302414
302414
302414
302414
302414
302414
302414
302414
302414
302414
302528
302528
302528
302528
302528
302528
302528
303523
303523
303523
303523
303523
303556
303556
303556
303556
303556
303556
303556
303556
303556
303556
303556
303578
303578
303578
303578
303578
303578
303578
303578
303578
303578
303578
303578
303578
303578
303578
303578
303578
303578
303578
303578
303998
303998
303998
303998
303998
303998
303998
303998
303998
303998
303998
303998
303998
303998
304042
304042
304042
304042
304042
304042
304042
304042
304042
304042
304042
304042
304042
304042
304042
304042
304042
304042
304042
304347
304347
304347
304347
304347
304347
304347
304347
304477
304477
304477
304477
304477
304477
304477
304477
304477
304477
304477
304881
304881
304881
304881
304881
304881
304881
304881
304881
304881
304899
304899
304899
304899
304899
304899
304899
304899
304899
304899
304899
304899
304899
304899
304899
304899
304899
304899
304899
304899
304923
304923
304923
304923
304923
304923
304923
304923
304923
304923
304923
304923
305688
305688
305688
305688
305688
305688
305688
305688
305688
305688
305688
305688
305688
305688
305688
305688
305813
305813
305813
305813
305813
305813
306262
306262
306262
306262
306262
306508
306508
306508
306933
306933
306933
306933
306933
306933
306933
306933
306933
306953
306953
306953
306953
306953
306953
306953
306953
306953
306953
306953
306953
306953
306953
307042
307042
307042
307042
307042
307042
307042
307042
307042
307042
307042
307042
307042
307042
307042
307042
307042
307042
307042
307103
307103
307103
307103
307103
307103
307103
307103
307103
307103
307103
307103
307103
307754
307754
307754
307754
307754
307754
307754
307785
307785
307785
307785
307785
307785
307785
307785
307785
307785
307785
307785
307785
307785
307785
307980
307980
307980
307980
307980
307980
307980
307980
307980
307980
307980
307980
307980
307980
307980
307980
307980
307980
308005
308005
308005
308005
308005
308005
308005
308005
308005
308005
308005
308005
308005
308005
308005
308005
308005
308005
308005
308005
308120
308120
308120
308348
308348
308348
308348
308348
308348
308348
308348
308348
308348
308402
308402
308415
308415
308415
308415
308415
309171
309171
309171
309171
309171
309171
309171
309171
309171
309171
309171
309171
309171
309171
309171
309171
309171
309171
309171
309480
309480
309480
309480
309480
309480
309480
309480
309480
309480
309480
309480
309480
309480
309480
309480
309480
309480
309480
309649
309649
309649
309649
309649
309649
309649
309649
309649
309649
309649
309649
309649
309649
309649
309649
309649
309649
309649
309708
309708
309708
309708
309708
309708
309708
309708
309708
309708
309708
309708
309708
309708
309708
309708
309708
310625
310625
310625
310625
310625
310625
310625
310625
310625
310625
310625
310625
310679
310679
310679
310679
310679
310679
310679
310679
310679
310679
310679
310679
310679
310679
310679
310679
310679
310679
310679
310679
310714
310714
310714
310714
310714
310714
310714
310714
310714
310714
310714
310833
310833
310833
310833
310833
310833
310833
310833
310833
310833
310833
310833
310833
310833
310833
310833
311170
311170
311170
311189
311189
311189
311189
311189
311189
311189
311189
311189
311189
311523
311523
311523
311523
311523
311523
311523
311523
311523
311523
311523
311523
311523
311644
311644
311644
311644
311644
311644
311644
311644
311644
311644
311740
311740
311740
311740
311740
311740
311740
311740
311740
311740
311740
311740
311740
311740
311740
311740
311740
311740
311740
311740
311862
311862
311862
312457
312457
312457
312457
312457
312457
312457
312457
312457
312457
312457
312457
312457
312457
312457
312457
312457
312669
312669
312669
312669
312669
312669
312669
312669
312669
312705
312705
312705
312705
312705
312705
312705
312705
312822
312822
312822
312822
312822
312822
312822
312822
312822
312822
312822
312923
312923
312923
312923
312923
312923
312923
312923
312923
312923
312923
313055
313055
313055
313055
313055
313055
313055
313135
313135
313135
313135
313135
313135
313135
313135
313135
313135
313609
313609
313609
313609
313609
313609
313609
313662
313662
313662
313662
313662
313662
313662
313662
313662
313662
313662
313662
313662
313662
313662
313662
313662
313662
313662
313755
313755
313755
313755
313755
313755
313755
313755
313755
313755
313755
313755
313755
313755
313755
313755
313755
313755
313755
313941
313941
313941
313941
313941
313941
313941
313941
313941
313941
313941
313941
313941
313941
313941
313941
313941
313941
313947
313947
313947
313947
313947
313947
313947
313947
313947
313947
313947
313947
314013
314013
314013
314013
314013
314013
314013
314013
314055
314055
314632
314632
314632
314632
314632
314632
314632
314632
314783
314783
314783
314783
314783
314783
314783
314783
314783
314783
314783
314783
314912
314912
314912
314912
314912
314912
314912
314912
314912
314912
314912
314912
314912
314912
314912
314912
314912
314912
314982
314982
314982
314982
314982
314982
314982
314982
314982
314982
314982
314982
314982
314982
314982
314982
314982
314982
316343
316343
316343
316343
316343
316343
316343
316343
316343
316343
316343
316343
316877
316877
316877
316877
316877
316877
316877
316877
317449
317449
317449
317449
317449
317449
317449
317449
317449
317449
317449
317449
317673
317673
317673
317673
317673
317673
317673
317673
317673
317673
317673
317673
317673
317673
317673
317673
317673
317673
317673
317772
317772
317772
317772
317772
317772
317867
317867
317867
317867
317867
317867
317867
317867
317867
317867
317867
317867
317867
317867
318244
318244
318244
318386
318386
318386
318386
318509
318509
318509
318509
318509
318509
318509
319335
319335
319335
319335
319335
319335
319335
319335
319335
319335
319335
319557
319558
319558
319558
319558
319558
319558
319558
319558
319558
319558
319558
319558
319558
319857
319857
320480
320480
320480
320480
320480
320480
320480
320480
320480
320480
320480
320480
320480
320480
320543
320543
320618
320618
320618
320618
320936
320936
320936
320936
320936
320936
320936
320936
320936
320936
321236
321236
321236
321236
321236
321236
321236
321236
321236
321236
321236
321236
321236
321236
321236
321429
321663
321663
321663
321663
321663
321663
321663
321663
321663
321663
321663
321663
321663
321663
321663
321663
321867
321867
321867
321867
321867
321867
321867
321867
321867
321867
321867
321867
321867
321867
321867
321867
321867
321867
321867
322234
322234
322234
322234
322234
322234
322234
322234
322234
322234
322234
322234
322234
322234
322234
322234
322234
322234
322783
322783
322783
322783
322783
322783
322783
322783
322783
322783
322783
323246
323246
323246
324032
324032
324032
324032
324032
324032
324032
324032
324032
324032
324032
324032
324032
324032
324032
324032
324032
324032
324032
324032
324193
324193
324193
324193
324193
324193
324193
324193
324193
324625
324625
324625
324625
324625
324625
324625
324625
324625
324625
324625
324625
324625
324625
324625
324625
324625
324625
324625
324625
325276
325276
325276
325276
325276
325276
325276
325276
325276
325276
325276
325276
325276
325276
325276
325276
325276
325276
325276
325276
325759
325759
325759
325759
325759
325759
325896
325896
325896
325896
325896
325896
325896
325896
325896
325896
326305
326305
326305
326305
326305
326305
326305
326305
326305
326305
326305
327004
327004
327004
327004
327004
327004
327004
327004
327004
327004
327211
327211
327211
327211
327211
327211
327211
327211
327318
327318
327318
327318
327318
327318
327318
327318
327318
327318
327318
327386
327386
327386
327386
327386
327386
327386
327386
327386
327386
327386
327386
327912
328430
328430
328430
328430
328430
328430
328430
328430
328430
328430
328430
328430
328430
328430
328430
328430
328430
328667
328667
328667
328667
328953
328953
328953
328953
328953
328953
328953
328953
328953
328953
328953
328953
328953
328953
328953
328953
328953
328953
328953
329698
329698
329698
329698
329698
329698
329698
329698
329698
329698
329836
329836
329836
329836
329836
329836
329836
329836
329836
330157
330157
330157
330157
330157
330335
330335
330335
330699
330699
330699
330699
330699
330699
330699
330699
330699
330699
330699
330699
330699
330699
330699
330699
330699
330699
331054
331054
331054
331054
331054
331054
331054
331054
331054
331054
331054
331054
331054
331054
331054
331054
331054
331054
331054
331054
331187
331187
331187
331187
331187
331187
331187
331187
331187
331187
331187
331312
331312
331312
331312
331596
331596
331596
331596
331596
331596
331596
331596
331596
331596
331596
331596
331596
331596
331596
331596
331596
331596
332096
332096
332096
332096
332096
332096
332155
332155
332155
332155
332155
332155
332155
332155
332155
332338
332338
332338
332338
332338
332338
332338
332338
332338
332338
332338
332338
332338
332338
332338
332338
332338
332338
332903
332903
332903
332903
332903
332903
332903
332903
332903
332903
332903
332903
332920
332920
332920
332920
332920
333027
333027
333027
333027
333027
333027
333027
333027
333027
333027
333027
333027
