10519 500000
67191
67191
67191
67191
67191
67191
67460
67460
67460
67460
67460
67460
67460
67460
67460
67460
67460
67460
67460
67460
67460
67460
67460
68085
68085
68085
68085
68085
68085
68085
68085
68085
68085
68085
68085
68338
68338
68338
68338
68338
68338
68338
68338
68338
68338
68338
68338
68353
68353
68353
68353
68353
68353
68353
68353
68353
68353
68353
68353
68411
68411
68411
68411
68411
68411
68411
68411
68411
68411
68411
68411
68411
69064
69064
69064
69102
69102
69102
69102
69102
69102
69102
69102
69102
69102
69102
69102
69102
69102
69102
69102
69102
69102
69102
69102
69284
69284
69284
69284
69284
69284
69284
69284
69284
69284
69284
69846
69846
69846
69846
69846
69846
69846
69846
69846
70262
70262
70262
70262
70393
70393
70660
70660
70660
70660
70660
70660
70660
70660
70660
70660
70660
70660
70660
70660
70660
70660
70660
70772
70772
70772
70772
70772
70772
70772
70772
70772
71067
71067
71067
71067
71067
71067
71067
71067
71067
71067
71067
71428
71428
71582
71582
71582
71582
71582
71582
71582
71582
71582
71582
71582
71582
71582
71582
71582
71582
71582
71582
71582
71582
71585
71585
71585
71585
71585
71585
71585
71585
71585
71585
71585
71585
71585
71585
72002
72002
72002
72002
72043
72043
72043
72043
72043
72043
72043
72043
72043
72043
72043
72043
72043
72043
72275
72275
72275
72355
72355
72355
72355
72355
72355
72355
72355
72355
72355
72922
72922
72922
72922
72922
72922
72922
72922
72922
72922
72922
73025
73025
73025
73025
73025
73025
73251
73251
73251
73251
73251
73251
73251
73251
73251
73251
73251
73561
73561
73561
73561
73561
73561
73561
73561
73561
73561
73561
73561
73561
73561
73561
73561
73561
73561
73561
73687
73687
73687
74153
74153
74153
74153
74153
74153
74153
74176
74176
74176
74176
74176
74176
74176
74176
74176
74176
74176
74176
74176
74176
74176
74176
74176
74270
74270
74270
74270
74270
74270
74885
74885
74885
74885
74885
74885
74885
74885
74885
74885
74885
74885
74885
74987
74987
75069
75069
75069
75069
75086
75086
75086
75086
75086
75086
75086
75086
75086
75086
75086
75601
75601
75601
75601
75601
75913
75913
75913
75913
75913
75913
75913
75913
75913
76133
76133
76367
76367
76367
76367
76367
76367
76367
76367
76367
76367
76367
76367
76367
76390
76390
76390
76390
76390
76390
76390
76390
76390
76390
76390
76390
76390
76390
76390
76390
76390
76390
76390
76390
76406
76406
76406
76406
76406
76406
76406
76406
76627
76627
76627
76627
76627
76627
76627
76627
76627
76627
76627
76627
76627
76627
76627
76627
76977
76977
76977
76977
76977
76977
76977
76977
76977
76977
76977
76977
76977
76977
76977
76977
77073
77073
77073
77073
77073
77073
77073
77102
77102
77102
77102
77102
77102
77102
77102
77102
77429
77679
77679
77679
77679
77679
77750
77750
77750
77750
77750
78752
78752
78752
78752
78752
78752
78752
78752
78752
78752
78752
78752
78752
78752
78752
78752
78752
78752
79497
79497
79497
79497
79497
79497
79497
79497
79497
79497
79497
79497
79500
79500
79569
79569
79569
79569
79569
79569
79569
79569
79836
79836
79836
79836
79836
79836
79836
79836
79836
79836
79836
79836
79836
79836
79836
79836
79867
79867
79867
79867
79867
79867
79867
79867
79867
79867
79867
79867
79867
79867
79867
79938
79938
79938
79938
79961
79961
79961
79961
79961
79961
79961
79961
80259
80290
80290
80290
80290
80290
80290
80290
80290
80290
80290
80352
80380
80380
80380
80380
80380
80380
80380
80588
80696
80696
80733
80733
80733
80733
80733
80733
80733
80733
80733
80733
80733
80733
80733
81349
81349
81349
81349
81349
81349
81349
82692
82692
82692
82692
82692
82692
82728
82728
82728
82728
82728
82728
82728
82728
82728
82728
82728
83086
83086
83086
83086
83086
83086
83086
83086
83086
83086
83086
83086
83086
83086
83086
83086
83086
83134
83134
83134
83134
83134
83134
83134
83134
83134
83134
83134
83134
83134
83134
83134
83134
83134
83177
83177
83177
83177
83177
83177
83177
83177
83177
83177
83177
83177
83177
83177
83177
83177
83252
83252
83252
83252
83252
83252
83252
83252
83252
83252
83252
83252
83252
83252
83252
83252
83672
83672
83672
83672
83802
83802
83802
83802
83802
83802
84728
84728
84728
84728
84728
84728
84728
84728
84931
84931
84931
85488
85488
85488
85488
85488
85488
85488
85488
85488
85533
85533
85533
85533
85533
85533
85533
85533
85533
85533
85533
85533
85533
85533
85843
85843
85843
85843
85843
85843
85843
85843
85843
85843
85843
85843
85843
86294
86294
86294
86294
86294
86294
86294
86294
86294
86294
86294
86416
86416
86416
86416
86416
86416
86416
86457
86457
86457
86457
86457
86457
86627
86627
86627
86627
86627
87338
87338
87373
87373
87373
87627
87627
87627
87627
87627
87627
87627
87627
87881
87881
87881
87881
87881
87881
87881
87881
87886
87886
87886
87886
87886
87886
87886
87886
87886
87886
87886
87886
87886
87886
87886
88384
88384
88384
88384
88384
88384
88384
88384
88384
88384
88384
88384
88384
88384
88384
88632
88632
88632
88766
88766
88766
88766
88766
90031
90389
90389
90389
90389
90389
90389
90389
90389
90389
90389
90389
90389
90389
90389
90389
90523
90523
90523
90523
90523
90523
90523
90523
90523
90617
90617
90617
90617
90617
90617
90617
90617
90617
90617
90617
90617
90617
90617
90617
90617
90617
90757
90757
90757
90757
90757
90757
90757
91316
91316
91316
91316
91316
91316
91316
91316
91316
91316
91316
91316
91316
91316
91316
91316
91316
91316
91316
91803
91803
91803
91803
91803
91803
91803
91803
91803
91803
91803
91803
91803
91803
91803
91803
91803
92008
92008
92008
92008
92008
92008
92008
92008
92008
92008
92008
92008
92028
92028
92028
92028
92028
92028
92028
92028
92028
92329
92329
92329
92329
92329
92329
92329
92329
92329
92329
92329
92329
92329
92329
92329
92329
92329
92512
92512
92512
92512
92512
92512
92512
92512
92512
92512
92512
92512
92512
92512
92512
93223
93223
93223
93223
93223
93223
93223
93548
93548
94011
94011
94011
94011
94011
94011
94011
94011
94011
94011
94011
94011
94011
94011
94011
94102
94102
94102
94105
94105
94105
94105
94105
94105
94105
94105
94105
94105
94105
94105
94105
94105
94105
94105
94105
94209
94209
94209
94209
94209
94405
94405
94405
94405
94405
94405
94405
94405
94405
94467
94467
94467
94467
94467
94467
94467
94467
94730
94730
94730
94730
94919
94919
94919
94919
94919
94919
94919
94919
94919
94919
94919
94919
94919
94919
94919
94919
94919
94919
94919
95510
95510
95510
95510
95510
95510
95723
96357
96357
96357
96357
96357
96357
96357
96357
96357
96357
96357
96357
96357
96357
96357
96357
96357
96357
96357
96700
96700
96700
96700
96700
96700
96700
96700
96700
96700
96700
96700
96700
96700
96700
96700
97374
97374
97374
97374
97374
97374
97374
97374
97766
97766
97766
97766
97766
97766
97766
97766
97766
97766
97766
97766
97766
97766
97766
98134
98134
98134
98134
98134
98134
98134
98134
98134
98134
98134
99186
99186
99186
99186
99186
99186
99186
99186
99186
99186
99186
99186
99186
99186
99204
99723
99723
99723
99723
99723
99723
99723
99723
99723
99723
99723
99723
99723
99723
99723
99723
99723
99723
99900
99900
99900
99900
99900
99900
99900
99900
99900
99900
99900
99900
99900
99900
99900
99900
99900
99900
100184
100184
100184
100184
100184
100184
100184
100256
100256
100256
100256
100256
100256
100256
100256
100256
100256
100256
100256
100256
100256
100256
100308
100451
100451
100451
100451
100451
100451
100451
100451
100451
100451
100451
100451
100451
100451
100451
100451
100451
100451
100451
100451
100534
100534
100534
100534
100534
100534
100534
100534
100534
100534
100534
100534
100534
100534
100534
100764
100764
100764
100764
100764
100764
100764
100764
100764
100764
100764
100764
100764
100764
100764
100764
100764
100764
100764
100811
100811
100811
100811
100811
100811
100811
100811
100811
100811
100811
100811
100811
100811
100811
101096
101096
101096
101096
101096
101096
101096
101169
101169
101169
101169
101169
101169
101169
101169
101169
101169
101169
101169
101169
101169
101220
101220
101220
101220
101220
101220
101220
101220
101220
101220
101220
101220
101220
101220
101494
101494
101494
101494
101494
101494
101494
101494
101494
101494
101494
101494
101494
101927
101927
101927
101927
101927
101927
101927
101927
101927
101927
101927
101927
101927
101927
101927
101927
101927
101927
101993
101993
101993
101993
101993
101993
102288
102288
102288
102288
102288
102288
102288
102288
102288
102288
102288
102288
102288
102288
102288
102288
102613
102613
102613
102613
102613
102613
102613
102613
102613
102613
102613
102613
102613
102613
102613
102613
102664
102664
102664
102664
102664
102664
102664
102779
102779
102779
102779
102779
102779
102779
102779
102779
102779
102779
102779
103161
103161
103161
103161
103479
103479
103479
103479
103479
103479
103479
103479
103479
103479
103479
103479
103479
103569
103569
103569
103569
103624
103624
103624
103624
103624
103624
103624
103624
103624
103624
103624
103624
103624
103624
103624
103624
103867
103867
103867
103867
103867
103867
103921
103921
103921
103921
103921
103921
103921
103921
103921
104431
104431
104431
104431
104431
104431
104431
104431
104431
104431
104431
104431
104431
104431
104431
104431
104431
104431
104469
104469
104469
104469
104469
104469
104735
104735
104735
104735
104735
104735
104735
104735
104735
104735
104735
104735
104735
104735
104735
104735
104735
104735
104735
104916
104916
104916
104916
104916
104916
104916
104916
105026
105026
105026
105026
105026
105026
105069
105069
105069
105069
105069
105069
105069
105069
105469
105469
105469
105469
105541
105541
105541
105541
105541
105541
105541
105541
105541
105541
105541
105541
105541
105541
105541
105541
105541
105593
105593
105593
105593
105593
105593
105593
105593
105593
105593
105593
105593
105593
105593
105593
105593
105597
105597
105597
105597
105597
105597
105597
105597
105597
105597
105597
105597
105597
105973
105973
105973
105973
105973
105973
105973
105973
105973
105973
105973
105973
105973
105973
105973
105973
105973
105973
106000
106000
106000
106000
106000
106000
106000
106000
106202
106202
106202
106202
106202
106202
106202
106202
106202
106620
106620
106620
106620
106620
106620
106620
106620
106620
106620
106620
106620
106620
106620
106620
106620
106620
106620
106620
106819
106819
106819
106819
106819
106819
106819
106819
106819
106860
106860
106860
106860
106860
106860
106860
106860
106860
106860
106956
106956
106956
106956
106956
106956
106956
106956
106956
106956
106956
106956
106956
106956
106956
106956
106956
107276
107276
107276
107276
107276
107276
107276
107276
107276
107276
107276
107276
107276
107276
107276
107276
107276
107359
107359
107359
107359
107359
107359
107359
107529
107529
107529
107529
107529
107529
107529
107529
107529
107529
107529
107529
107529
107529
107529
107529
107529
107529
107529
107529
107652
107652
107652
107652
107652
107652
107652
107652
107652
107652
107652
107652
107652
107652
107652
107872
107872
107872
107872
107872
107872
107872
107919
107919
107919
107919
107919
107919
107919
107919
107919
107919
107919
107919
107919
107919
107919
107919
108010
108010
108010
108010
108010
108010
108010
108010
108010
108010
108010
108010
108010
108010
108010
108010
108010
108010
108010
108010
108338
108338
108338
108338
108338
108338
108338
108498
109438
109438
109438
109438
109438
109438
109438
109438
109438
109438
109438
109438
109488
109488
109488
109488
109488
109488
109488
109488
109488
109488
109488
109488
109488
109488
109488
109488
109488
109561
109561
109561
109561
109561
109561
109561
109561
109561
109561
109561
109561
109767
109767
109767
109767
109767
109767
109767
109767
109767
109767
109767
109767
109767
109767
109767
109767
109767
109767
109767
109767
109820
109820
109820
110541
110541
110541
110541
110541
110541
110541
110541
110541
110541
110541
110693
110693
110693
110693
111076
111076
111076
111076
111076
111076
111076
111076
111076
111076
111076
111076
111076
111097
111097
111097
111097
111097
111097
111097
111097
111097
111097
111097
111097
111097
111465
111465
111465
111465
111465
111465
111465
111465
111465
111465
111465
111465
111465
111610
111610
111610
111610
111610
111610
111610
112194
112194
112194
112194
112194
112221
112221
112221
112221
112221
112221
112221
112221
112221
113221
113221
113221
113221
113221
113221
113221
113221
113221
113221
113264
113264
113264
113264
113264
113264
113264
113264
113264
113264
113264
113264
113264
113264
113264
113264
113264
113264
113448
113448
113574
113574
113574
113574
113574
113574
113574
113574
113574
113574
113574
113574
113574
113574
113676
113676
113676
113676
113676
113676
113676
113676
113676
113676
113676
113676
113676
113676
113676
113990
113990
114197
114197
114197
114197
114197
114197
114197
114197
114197
114197
114197
114197
114197
114197
114438
114438
114438
114438
114438
114438
114438
114438
114438
114438
114438
114438
114438
114438
114706
114706
114706
114706
114706
114706
114706
114706
114706
114706
114706
114899
114899
114899
114899
115137
115137
115137
115137
115137
115137
115137
115137
115137
115137
115137
115137
115486
115486
115486
115486
115486
115486
115504
115504
115504
115504
115504
115504
115504
115504
115504
115504
115504
115504
115504
115504
115504
115504
115504
115504
115504
115504
115523
115523
115523
115523
115523
115523
115523
115523
115523
115523
115523
115523
115523
115523
115523
115523
115523
115523
115523
115523
115671
115671
115671
115671
115671
115671
115671
115671
115671
115671
115671
115671
115671
115671
115671
116043
116043
116043
116261
116261
116261
116261
116261
116261
116261
116261
116261
116261
116261
116261
116261
116261
116261
116261
116284
116284
116303
116303
116303
116303
116303
116303
116303
116303
116303
116303
116303
116303
116303
116937
116937
116937
116937
116937
116937
116937
116937
116937
116937
117394
117394
117394
117394
117394
117394
117394
117394
117394
117394
117394
117394
117394
117394
117394
117394
117513
117513
117513
117513
117513
117513
117513
117732
117732
117732
117732
117732
117732
117732
117732
117732
117732
117732
117732
117732
117732
117732
117732
117732
117732
117732
117732
117735
117735
117735
117986
117986
117986
117986
117986
117986
117986
117986
117986
117986
117986
117986
117986
117986
117986
117986
117986
118032
118032
118032
118032
118032
118032
118178
118178
118178
118178
118178
118178
118178
118178
118178
118178
118178
118178
118178
118178
118260
118645
118645
118645
118645
118645
118645
118645
118645
118645
118692
118692
118692
118692
118692
118692
118692
118692
118692
118692
118692
118692
118726
118726
118726
118726
118726
118726
118726
118726
118726
118726
118726
118726
118726
119269
119269
119269
119269
119269
119269
119269
119269
119269
119269
119269
119269
119269
119269
119269
119269
119269
119269
119307
119307
119307
119307
119307
119307
119307
119307
119307
119307
119307
119307
119307
119631
119631
119631
119631
120079
120079
120079
120079
120079
120079
120079
120079
120367
120367
120367
120367
120367
120367
120367
120367
120459
120459
120468
120468
120468
120468
120468
120468
120468
120468
120468
121051
121051
121051
121051
121051
121051
121051
121062
121140
121140
121140
121140
121140
121140
121140
121140
121140
121140
121140
121323
121323
121323
121323
121323
121323
121719
121719
121719
121719
121719
121719
121719
121719
122001
122001
122001
122001
122001
122001
122001
122001
122015
122015
122015
122015
122015
122015
122015
122015
122015
122015
122015
122015
122015
122015
122015
122015
122039
122039
122039
122039
122039
122039
122039
122039
122039
122039
122039
122039
122039
122039
122039
122039
122039
122039
123075
123075
123075
123075
123075
123075
123795
123795
123795
123795
123795
123795
123795
123795
124041
124041
124041
124041
124041
124041
124415
124415
124415
124477
124477
124477
124477
124477
124586
124586
124586
124586
124586
124586
124586
124676
124676
124676
124676
124676
124676
124676
124676
124676
124676
124676
124676
124676
124676
124676
124676
124676
124676
125183
125183
125183
125183
125183
125183
125183
125183
125183
125183
125183
125183
125183
125183
125183
125183
125766
125766
125766
125766
125766
125766
125766
125766
125766
125766
125766
126354
126354
126354
126354
126354
126354
126354
126354
126354
126354
126354
126354
126354
126354
126354
126354
126354
126354
126354
126390
126390
126390
126390
126390
126390
126702
126702
126702
126702
126702
127040
127040
127040
127040
127040
127040
127040
127040
127090
127090
127090
127090
127090
127090
127090
127130
127130
127130
127130
127130
127130
127130
127130
127130
127130
127130
127130
127130
127130
127130
127130
127130
127130
127130
127208
127208
127208
127208
127208
127208
127208
127208
127208
127208
127208
127208
127208
127208
127208
127208
127208
127208
127208
127360
127360
127360
127360
127360
127360
127360
127360
127360
127360
127360
127360
127360
127360
127360
127360
127360
127360
127615
127615
127615
127615
127615
127615
127615
127615
127615
127728
127789
127789
127789
127789
127789
127789
127789
127789
127789
127789
127789
127789
127789
127789
127789
127789
127789
127789
127789
127789
128027
128027
128027
128027
128027
128027
128027
128027
128050
128050
128137
128137
128137
128137
128137
128137
128137
128137
128137
128137
128137
128137
128137
128137
128137
128137
128137
128137
128137
128163
128163
128163
128163
128163
128163
128163
128163
128163
128163
128163
128163
128163
128163
128163
128163
128307
128307
128307
128307
128307
128307
128307
128307
128307
128307
128307
128307
128307
128307
128424
128424
128424
128424
128424
128424
128424
128424
128424
128424
128424
128424
128424
128424
128424
128424
128464
128464
128464
128464
128464
128464
128464
128464
128464
128464
128464
128464
128464
128464
128464
128464
128681
128681
128681
128681
128681
128681
128681
128681
128681
128681
128819
128819
128819
128819
128819
128819
128819
128819
128819
128819
128819
128819
128819
128819
128819
128819
128819
128819
129067
129067
129067
129067
129067
129067
129067
129067
129067
129067
129067
129140
129821
129821
129821
129821
129821
129821
129821
129821
129821
129821
129821
129821
129821
129821
130096
130096
130096
130096
130096
130096
130096
130096
130096
130096
130442
130442
130442
130442
130442
130442
130442
130442
130442
130442
130442
130442
130442
130442
130442
130442
130442
130634
130634
130634
130634
130634
130634
130634
130634
130634
130634
130634
130634
130634
130634
130634
130947
130947
130947
130947
131017
131017
131017
131017
131017
131017
131017
131044
131044
131044
131044
131044
131044
131044
131044
131044
131044
131044
131109
131109
131109
131109
131109
131109
131109
131109
131109
131109
131109
131109
131109
131109
131109
131109
131109
131109
131109
131506
131506
131506
131506
131521
131521
131521
132127
132127
132127
132127
132127
132127
132127
132127
132127
132127
132127
132127
132127
132127
132582
132582
132598
132598
132598
132598
132598
132598
132598
132598
132598
132598
132598
132598
132598
132598
132598
132598
132598
132598
132598
132598
134403
134403
134403
134403
134403
134403
134403
134403
134403
134403
134445
134445
134445
134445
134445
134619
134619
134619
134619
134619
134619
134619
134619
134619
134619
134619
134619
134619
134814
134814
134814
134814
134814
134890
134890
134890
134890
134890
134890
134890
134890
134890
134890
134890
134890
134890
134890
134890
134906
134906
134906
134906
134906
134906
134906
134906
134906
134906
134906
134906
134906
134906
134906
134906
135487
135487
135487
135487
135487
135487
135487
135487
135487
135487
135487
135487
135488
135488
135488
135488
135488
135488
135488
135488
135488
135488
135598
135598
135598
135598
135598
135598
135598
135598
135598
135598
135598
135598
135598
135598
135631
135631
135631
135631
135631
135631
135631
135631
135631
135631
135631
135938
135938
135938
135938
135938
135938
135938
135938
135938
135938
135938
135938
135938
135938
135938
136049
136049
136049
136049
136049
136049
136049
136049
136049
136681
136681
136952
136952
136952
136952
136952
136952
136952
136952
136952
136952
136952
136952
136952
136952
136952
136952
136952
136952
136952
136952
136957
136957
136957
136957
136957
136957
136957
136957
136957
136957
136957
136957
136957
136957
136957
136957
136957
136957
136957
136957
137005
137005
137005
137005
137005
137005
137005
137005
137005
137005
137005
137005
137005
137005
137005
137005
137005
137005
137005
137005
137073
137073
137073
137073
137073
137073
137073
137073
137073
137073
137073
137073
137129
137129
137129
137129
137129
137129
137129
137129
137129
137129
137129
137129
137129
137129
137129
137129
137129
137129
137129
137129
137196
137196
137196
137196
137196
137196
137196
137196
137196
137196
137196
137196
137310
137310
137310
137310
137310
137310
137310
137310
137310
137310
137310
137310
137310
137310
137310
137310
137768
137768
137768
137768
137768
137768
137768
137768
137768
137768
137768
137768
137768
137768
137768
137768
137768
137806
138359
138359
138359
138359
138359
138359
138359
138359
139589
139589
139589
139589
139589
139589
139589
139589
139589
139589
139589
139589
139589
139589
139589
139589
139589
139589
139589
139589
139656
139656
139656
139656
139656
139656
139656
139656
139656
139897
139897
139897
139897
139897
139897
139897
139897
139897
139962
139962
139962
139962
139962
139962
139962
139962
139962
139962
139962
139962
139962
139962
139962
139962
139962
139962
140206
140206
140206
140206
140206
140206
140206
140206
140206
140206
140206
140206
140206
140206
140798
140798
140798
140798
140798
141402
141402
141402
141402
141402
142198
142198
142198
142198
142198
142198
142198
142198
142198
142198
142198
142198
142198
142198
142198
142198
142198
142198
142198
142448
142448
142448
142448
142448
142448
142448
142448
142544
142544
142544
142544
142544
142544
142544
142544
142544
142544
142544
142544
142544
142544
142544
142544
142544
142544
142544
142544
142604
142604
142604
142604
142604
142604
142604
142604
142604
142604
142604
142604
142604
142604
142604
142604
142604
142604
142621
142621
142621
142621
142621
142621
142621
142621
142621
142621
143438
143438
143438
143438
143438
143438
143438
143438
143438
143438
144334
144334
144334
144666
144666
144666
144666
144666
144666
144666
144666
144666
144666
144666
144666
144818
144818
144818
144818
144818
144818
144818
144818
144818
144818
144818
144818
144818
145589
145589
145589
145589
145589
145589
145589
145589
145589
145589
145589
145589
145589
145589
145589
145589
145589
145589
145589
145621
145621
145621
145621
145621
145621
145678
145678
145678
145678
145839
145839
145839
145839
145839
145839
145839
145839
145839
145839
145839
145839
145839
145839
145839
145839
146281
146281
146281
146281
146281
146281
146281
146281
146281
146281
146281
146281
146281
146281
146511
146511
146511
146511
146511
146511
146511
146511
146511
146511
146511
146637
146637
146637
146637
146637
146637
146637
146637
146637
146774
146774
146774
146774
146774
146774
146774
146774
146774
146774
146774
146774
146774
146774
146774
146774
146774
146774
146774
146774
146840
146840
146840
146840
146840
146840
146840
146840
146840
146840
146840
146840
146840
146840
146840
146840
146879
146879
146879
146879
146879
146879
146879
146879
146879
146879
146879
146879
146879
146946
146946
146946
146946
146946
146946
146946
146946
146946
146946
146946
146946
146946
146946
146946
146946
146946
146946
147254
147254
147254
147254
147254
147254
147254
147330
147330
147434
147434
147434
147434
147434
147434
147434
147434
147434
147434
147434
147434
147434
147434
147434
147434
147434
147511
147511
147511
147511
147590
147590
147590
147590
147590
147644
147644
147644
147644
147644
147645
147645
147645
147645
147645
147645
147645
147645
147645
147645
147645
147645
147645
147645
147645
147645
147645
147645
147817
147817
147817
147817
147817
147817
147817
147817
147817
147817
147817
147817
147817
147817
147817
148060
148060
148060
148060
148060
148060
148060
148060
148060
148060
148060
148184
148184
148184
148184
148184
148184
148184
148184
148184
148184
148184
148184
148184
148184
148184
148184
148556
148556
148556
148556
148556
148556
148920
148920
148920
148920
148920
148920
148920
148920
148920
148920
148920
148920
148920
148920
148920
148920
148920
148920
148920
148920
149308
149308
149308
149308
149308
149308
149308
149308
149308
149308
149308
149308
149308
149308
149308
149308
149308
149308
149308
149352
149352
149352
149352
149352
149352
149352
149352
149352
149352
149352
149352
149352
149352
149352
149352
149442
149442
149442
149442
149442
149442
149442
149442
149442
149442
149442
149442
149442
149442
149442
149837
149837
150330
150330
150330
150330
150330
150330
150330
150330
150330
150330
150330
150330
150330
150330
150330
150330
150330
150330
150461
150461
150461
150461
150791
150791
150791
150791
150791
150791
150791
150791
150948
150948
150948
150948
150948
150948
150948
150948
150948
150948
150948
150948
150948
150948
151471
151471
151471
151471
151471
151471
151471
151471
151471
151471
151471
152354
152354
152354
152354
152354
152354
152641
152641
152641
152641
152641
152649
152649
152649
152649
152649
152649
152649
152649
152649
152649
152649
152649
152649
152649
152649
152649
152649
152649
153030
153030
153030
153085
153085
153085
153085
153085
153085
153085
153085
153085
153085
153085
153085
153085
153091
153091
153091
153091
153091
153091
153091
153091
153091
153091
153376
153376
153376
153376
153376
153376
153376
153376
153376
153376
153376
153376
153376
153376
153666
153666
153666
153666
153666
153666
153666
153666
153666
153666
153666
153666
153666
153666
153666
153666
153666
153666
153900
153900
153900
153900
153900
153900
153900
153900
153900
153900
153900
153900
153900
153900
153900
154231
154231
154231
154231
154231
154231
154231
154231
154231
154231
154231
154231
154231
154231
154231
156055
156055
156055
156055
156207
156207
156207
156207
156207
156207
156207
156207
156207
156207
156207
156207
156207
156207
156207
156207
156207
156207
156207
156327
156327
156327
156327
156327
156327
156327
156327
156580
156580
156580
156580
156580
156580
156580
156580
156580
156580
156580
156580
156580
156580
156580
156580
156580
156580
156583
156583
156583
156583
156583
156583
156583
156583
156583
156583
156951
156951
156951
156951
156951
156951
156951
156951
156951
156951
156951
156951
156951
156951
157392
157392
157392
157392
157392
157477
157477
157477
157477
157477
157477
157477
157477
157477
157477
157477
157477
157477
157477
157672
157672
157672
157672
157672
157672
157672
157672
157672
157672
157672
157672
157672
157672
157672
157672
157672
157672
157672
157681
157681
157681
157681
157681
157681
157681
157843
157843
157843
157843
157843
157843
157843
157843
157843
157843
157843
157843
157925
157925
157925
157925
157925
157925
158017
158017
158017
158198
158198
158198
158198
158198
158198
158198
158198
158198
158198
158198
158198
158198
158198
158198
158523
158523
158523
158523
158523
158523
158523
158523
158523
158523
158523
158523
158523
158523
158523
158523
158528
158528
158528
158528
158528
158528
158528
158666
158666
158666
158666
158771
158771
158771
158771
158771
158771
158771
158771
158771
158771
158771
158771
158771
158771
158771
158844
158844
158844
158844
158844
158844
158844
158844
158844
158844
158844
158844
158868
158868
158868
158868
158868
158868
158868
158868
158868
158868
158868
158868
158868
158868
158868
158868
158868
158868
158868
158868
159011
159011
159011
159011
159011
159011
159011
159011
159011
159011
159011
159304
159304
159304
159494
159494
159494
159494
159494
159685
159685
159685
159685
159685
159685
159685
159685
159685
159685
159685
159685
159685
159685
159685
159685
159685
159685
160070
160070
160070
160070
160070
160244
160244
160244
160244
160244
160244
160244
160244
160244
160694
160694
160730
160730
160730
160730
160730
160730
160730
161097
161097
161097
161097
161097
161097
161097
161097
161097
161097
161097
161097
161097
161097
161097
161097
161097
161097
161097
161719
161719
161719
161719
161719
161719
161719
161719
161719
161719
161719
161719
161719
161719
161719
161868
162063
162063
162603
163043
163043
163043
163043
163043
163043
163043
163043
163043
163043
163107
163107
163107
163107
163107
163107
163107
163107
163107
163107
163107
163107
163107
163107
163107
163107
163107
163314
163314
163314
163829
163829
163829
164106
164106
164106
164106
164106
164106
164106
164106
164106
164106
164106
164106
164153
164199
164199
164199
164199
164199
164199
164199
164199
164296
164296
164296
164296
164296
164296
164296
164751
164751
164751
164751
164751
164751
164751
164751
164751
164751
164751
164751
164751
164751
164751
164751
164751
165635
165635
165635
165635
165635
165635
165635
165635
165635
165635
165635
165821
165821
165821
165821
165821
165821
165821
165821
165821
165821
165821
165821
165821
165821
165821
165821
165821
165946
165946
165946
165946
165946
165946
165946
166207
166207
166207
166936
166936
166936
166936
166936
166936
166936
166936
166936
166936
166936
166936
166936
166936
166936
166936
166936
166936
167442
167442
167442
167442
167442
167442
167442
167442
167442
167442
167442
167537
167537
167537
167537
167537
167537
167537
167537
167537
167537
167537
167537
167537
167537
167537
167537
168081
168081
168081
168081
168081
168081
168081
168081
168081
168081
168081
168081
168081
168081
168081
168081
168081
168081
168180
168180
168180
168180
168180
168180
168180
168180
168180
168180
168180
168180
168180
168180
168180
168234
168234
168234
168234
168234
168234
168234
168234
168234
168234
168234
168664
168664
168664
168664
168664
168664
168664
168664
168664
168664
168664
168664
168664
168664
168664
168664
168664
168664
168664
168664
169320
169320
169320
169320
169320
169396
169396
169396
169396
170005
170005
170005
170005
170005
170005
170005
170005
170005
170855
170855
170855
170855
170855
170855
170855
170855
170855
170855
170855
170855
170855
170855
170855
170855
170855
170855
170855
170855
170870
170870
170870
170870
170870
170870
170870
170870
170870
170870
170870
170870
170870
170870
171265
171265
171265
171265
171265
171790
171790
171790
171790
171790
171790
171790
171790
172095
172095
172095
172095
172095
172095
172095
172095
172095
172095
172095
172095
172095
172095
172215
172215
172215
172215
172215
172215
172215
172215
172215
172215
172215
172215
172215
172330
172330
172330
172330
172330
172330
172330
172330
172330
172519
172519
172519
172519
172519
172519
172519
172519
172519
172519
172519
172519
172519
172632
172632
172632
172632
172880
172880
173052
173052
173052
173052
173052
173052
173052
173052
173052
173052
173052
173052
173052
173052
173376
173376
173376
173376
173376
173376
173376
173376
173376
173376
173376
173376
173376
173376
173376
173376
173376
173376
174352
174352
174352
174352
174352
174352
174352
174352
174352
174352
174352
174352
174352
174352
174352
174352
174352
174408
174408
174408
174408
174408
174408
174408
174408
174740
174740
174740
174740
174740
174740
174740
174740
174740
174740
174740
174740
174740
174740
174740
174740
174740
174740
174740
174765
174765
174765
174765
174765
174765
174765
174765
174765
174765
174941
174941
174941
174941
174941
175576
175576
175576
175576
175576
175576
175576
175576
175576
175576
175576
175576
175576
175576
175576
175576
175576
175576
175576
175576
175626
175626
175626
175751
175751
175751
175751
175751
175751
175751
175751
175751
175934
175934
175934
175934
175934
175934
175934
175934
175934
175934
175934
175934
175934
175934
175934
175934
175934
176190
176190
176190
176190
176190
176190
176190
176190
176190
176190
176190
176190
176190
176208
176208
176208
176208
176208
176208
176208
176208
176208
176208
176208
176208
176208
176285
176285
176285
176285
176285
176285
176285
177036
177036
177036
177036
177036
177544
177544
177544
177544
177544
177544
177544
177544
177544
177544
177544
177605
177605
177605
177605
177605
177605
177605
177605
177605
177605
177605
177790
177790
177790
177790
177790
177790
177790
177790
177790
177790
177790
177790
177790
177790
177790
177790
177790
177790
177790
177866
177866
177866
177866
177866
177866
177866
177866
177866
177866
178156
178156
178156
178156
178156
178156
178399
178399
178399
178399
178399
178399
178399
178399
178399
178399
178399
178399
178399
178399
178399
178399
178414
178414
178414
178414
178414
178414
178414
178414
178414
178414
178414
178414
178414
178414
178414
178414
178427
178427
178427
178822
178822
178822
178822
178822
178822
178822
178822
178822
178822
178822
178822
178822
178822
179709
179709
179709
179709
179709
179709
179709
179709
179709
179709
179709
179709
179709
179709
179709
179709
180678
180678
180678
180678
180678
180678
180678
180678
180980
180980
180980
180980
181265
181265
181265
181265
181365
181365
181365
181365
181365
181578
181578
181578
181578
181578
181732
181732
181732
181732
181732
181732
181732
181732
181732
181732
181732
181732
181822
181822
181822
181822
181822
181822
181822
181822
181822
181822
181822
181822
181822
181822
181822
181822
181822
181822
181822
181822
182343
182343
182343
182343
182343
182343
182343
182343
182343
182343
183644
183644
183644
183644
183644
183644
183644
183644
183644
183644
183644
183644
183644
183644
183644
183874
183874
183874
183874
183874
183874
183874
183874
183874
183874
183874
183874
183874
183874
183874
183874
183874
183874
183907
184003
184003
184003
184003
184003
184003
184003
184003
184003
184003
184003
184003
184321
184321
184321
184321
184321
184321
184321
184321
184321
184321
184321
184321
184321
184321
184321
184684
184684
184684
184684
184684
184684
184684
184684
184684
184684
184684
184684
184684
184684
184684
184684
184952
184952
184952
184952
184952
184952
184952
184952
184952
184952
184952
184952
184952
184952
184952
185093
185093
185093
185093
185093
185093
185093
185093
185093
185093
185484
185484
185484
185484
185484
185484
185484
185484
185484
185484
185484
185484
186168
186168
186168
186168
186168
186168
186168
186168
186168
186168
186168
186356
186356
186356
186356
186356
186356
186356
186356
186356
186356
186356
186356
186356
186356
186356
187031
187031
187436
187436
187436
187436
187436
187436
187436
187436
187436
187436
187436
187436
187436
188058
188058
188058
188058
188090
188090
188090
188090
188090
188090
188090
188090
188090
188090
188090
188090
188090
188090
188090
188090
188484
188484
188484
188484
188484
188484
188484
188484
188484
188484
188649
188649
188649
188649
188649
188649
188693
188693
188693
188769
188769
188769
188769
188769
188769
189692
189692
189692
189692
189692
189692
189753
189991
189991
189991
189991
189991
189991
189991
189991
189991
189991
189991
189991
190035
190035
190035
190035
190100
190100
190100
190100
190100
190100
190100
190326
190326
190326
190326
190326
190326
190326
190326
190326
190326
190489
190489
190489
190489
190489
190489
190489
190489
190489
190489
190489
190903
191461
191599
191599
191599
191599
191599
191599
191599
191599
191599
192001
192001
192001
192001
192001
192001
192001
192001
192001
192001
192001
192001
192001
192001
192001
192001
192001
192001
192001
192001
192297
192297
192297
192297
192512
192512
192512
192512
192512
192512
192512
192512
192512
192512
192512
192512
192512
192512
192512
192512
192512
192512
192512
192512
193060
193060
193060
193060
193060
193060
193060
193060
193060
193060
193060
193060
193060
193060
193441
193441
193441
193441
193441
193441
193441
193441
193441
193441
193441
193441
193441
193441
193441
193441
193441
193666
193666
193666
193666
193666
193666
193666
193666
193666
193666
193666
193666
193745
193745
193745
193745
193745
193745
193745
193745
193745
193745
193745
193745
193745
193745
193745
193745
193745
193745
194800
194800
194800
194800
194800
194800
194800
194800
194800
194800
194800
194800
194869
194869
196370
196370
196370
196370
196370
196370
196370
196370
196370
196370
196370
196370
196370
196370
196370
196370
196370
196370
196370
196664
196664
196664
196664
196664
196664
196664
196664
196664
196664
196664
196664
196664
196664
196664
196664
196991
196991
196991
196991
196991
196991
197189
197189
197189
197189
197189
197189
197189
197189
197189
197189
197189
197189
197189
197189
197189
197189
197612
197612
197612
197612
197612
197612
197699
197699
197699
197699
197699
197699
197699
197710
197710
197710
197710
197710
197710
197710
197710
197710
197710
197710
197710
197710
197710
197710
197710
197710
197710
197710
197710
198158
198158
198158
198158
198158
198158
198158
198158
198158
198158
198158
198158
198158
198168
198168
198168
198168
198168
198168
198168
198168
198168
198168
198168
198168
198168
198168
198168
198168
198168
198225
198225
198225
198225
198225
198225
198225
198225
198225
198225
198225
198225
198225
198225
198225
198225
198354
198354
198354
198354
198354
198354
198354
198354
198354
199167
199167
199167
199167
199167
199167
199167
199167
199167
199167
199167
199167
199167
199340
199340
199340
199340
199340
199340
199370
199370
199370
199370
199370
199370
199370
199370
199370
199509
199509
199509
199839
200038
200038
200038
200038
200038
200038
200038
200038
200038
200214
200214
200214
200214
200214
200214
200214
200214
200214
200214
200214
200214
200214
200214
200214
200214
200580
200580
200580
200580
200580
200580
200580
200580
200580
200580
200580
200580
200580
200580
200580
200580
201156
201156
201156
201156
201156
201156
201156
201156
201298
201298
201298
201298
201298
201298
201298
201298
201298
201314
201314
201314
201314
201314
201314
201455
201455
201455
201455
201455
201455
201455
201455
201455
201455
201455
201455
201455
201455
201455
201455
201455
201455
201455
201455
201556
201556
201556
201556
201556
201556
201556
201556
201556
201556
201556
201556
201556
201556
201556
201556
201556
201556
201556
201556
201677
201677
201677
201677
201677
201677
201677
201677
201677
201677
201677
201677
201677
201677
201677
201677
201677
201677
201677
201931
201931
201931
201931
201931
201931
201931
201931
201931
201931
202445
202445
202445
202445
202445
202445
202445
202548
202548
202548
202548
202548
202548
202548
202548
202548
202548
202548
202548
202548
202548
202548
202548
202548
202548
202548
202548
202632
202632
202632
202632
202632
202632
202632
202632
202632
202632
202632
202632
202750
202750
202750
202750
203352
203352
203352
203352
203352
203352
203352
203352
203352
203352
203352
203352
203352
203352
203352
203352
203352
204500
204500
204500
204500
204500
204500
204500
204500
204646
204646
204646
204646
204646
204646
204646
204646
204646
204646
204646
204646
204646
204646
204646
204646
204646
204646
204646
204943
204943
204943
204943
205133
205133
205133
205420
205509
205509
205509
205509
205509
205509
205738
205738
205738
205738
205738
205738
205738
205738
205738
205738
205738
205738
205738
205738
205738
205738
205738
205738
205785
205785
205785
205785
205785
205785
205785
205785
205785
205785
205785
205785
205785
205785
205785
205785
205785
205785
205785
205785
206644
206651
206651
206651
206651
206653
206653
206653
206985
206985
206985
206985
206985
206985
206985
206985
206985
206985
206985
206985
206985
206985
206985
206985
206985
206985
208579
208579
208579
208579
208579
208579
208579
208579
208579
209310
209412
209412
209412
209412
209412
209412
209412
210288
210288
210288
210288
210288
210288
210288
210288
210288
210288
210288
210288
210288
210288
210288
210288
210288
210288
210398
210398
210398
210729
210729
210729
210729
210729
211410
211410
211410
211410
211410
211410
211410
211410
211410
211410
211410
211410
211410
211410
211410
211410
211990
211990
211990
211990
211990
212081
212081
212081
212081
212081
212081
212081
212081
212081
212081
212502
212502
212502
212502
212502
212502
212502
212502
212502
212502
212621
212621
212621
212621
212621
212621
212621
212621
212621
212621
212621
212621
212621
212621
212621
212621
212621
212623
212623
212623
212623
212623
212623
212623
212623
212623
212623
212623
212623
212623
212623
212623
212623
213389
213389
213389
213389
213389
213389
214015
214015
214015
214015
214015
214015
214015
214015
214015
214015
214015
214015
214015
214015
214046
214046
214046
214046
214046
214046
214511
214511
214511
214511
214511
214511
214511
214511
214511
214511
214511
214511
214511
214511
214511
214511
214511
214511
214511
214511
214706
214706
214706
214706
214706
214706
214706
214706
214706
214706
214706
214715
214715
214715
214715
214715
214715
214715
214715
214715
214715
214715
214715
214715
214715
214715
214715
214715
214715
214715
214795
214795
214795
214795
214795
214795
214795
214795
214795
214795
215089
215089
215089
215089
215089
215089
215089
215089
215089
215089
215089
215089
215148
215201
215201
215201
215201
215201
215201
215201
215201
215201
215201
215201
215201
215201
215201
215201
215201
215744
215744
215744
215744
215744
215744
215744
215779
215779
215779
215779
215779
215779
215779
215779
215779
215779
215779
215779
215779
215779
215779
215779
215779
215779
215779
215779
216341
216341
216341
216341
216341
216341
216341
216341
216341
216341
216341
216341
216341
216341
216360
216360
216360
216360
216360
216360
216360
216360
216360
216461
216461
216461
216461
216461
216461
216461
216461
216461
216461
216461
216461
216461
217193
217193
217193
217379
217379
217379
217379
217379
217379
217379
217379
217379
217379
217379
217379
217379
217897
217897
217897
217897
217897
217897
218048
218048
218048
218048
218048
218048
218048
218048
218048
218357
218357
218357
218357
218357
218357
218357
218357
218357
218357
218357
218357
218357
218357
218357
218464
218464
218464
218464
218464
218464
218464
218464
218464
218464
218464
218464
218464
218464
218464
218464
218568
219046
219046
219046
219046
219046
219046
219046
219046
219046
219046
219046
219046
219046
219046
219046
219046
219046
219046
219424
219424
219424
219424
219424
219424
219424
219424
219424
219775
219775
219775
219775
219775
219775
219775
219775
219826
219826
219826
219826
219826
219826
219826
219826
220195
220195
220195
220310
220310
220310
220310
220310
220310
220310
220310
220310
220410
220410
220410
220410
220410
220410
220596
220596
220596
220596
220596
220596
220596
220596
220767
220767
220767
220767
220767
220767
220767
220804
220804
220804
220804
220804
220804
220804
220804
220804
220804
220804
220804
220804
221070
221070
221070
221070
221399
221399
221399
221399
221399
221399
221399
221399
221399
221399
221399
221399
221399
221399
221428
221428
221428
221428
221428
221428
221428
221428
221428
221428
221428
221428
221428
221428
221747
221747
221747
221747
221747
221747
221747
221747
221747
221747
221747
221747
221747
221900
221900
221900
221900
221900
221900
221900
221900
221900
221900
221900
221900
221900
221900
221900
221900
222285
222285
222285
222285
222285
222285
222285
222285
222285
222285
222285
222285
222285
222285
222285
222285
222285
222285
222285
222599
222599
222599
222599
222599
222599
222599
222599
222599
222599
222599
222599
222599
222604
222604
222604
222604
222604
222604
222604
222604
223001
223144
223144
223144
223209
223209
223209
223209
223209
223209
223209
223209
223209
223209
223209
223209
223209
223209
223209
223209
223438
223438
223438
223438
223438
223438
223438
223491
223491
223491
223491
223491
223491
223491
223491
223491
223491
223491
223491
223565
223565
223565
223565
223565
223565
223565
223565
223565
223565
223565
223565
223565
223565
223565
223565
223565
223565
223648
223648
223648
223648
223648
223648
224006
224006
224006
224006
224006
224006
224006
224006
224006
224006
224006
224006
224006
224006
224006
224006
224006
224006
224006
224006
224255
224255
224255
224255
224255
224255
224255
224255
224255
224255
224255
224255
224255
224255
224255
224255
224255
224255
224255
224255
224631
224631
224631
224631
224631
224631
224631
224631
224631
224631
224631
224631
224631
224631
224631
224631
224631
224631
224631
224631
224653
224653
224653
224653
224653
224653
224653
224653
224653
224653
224653
224653
224653
224653
224653
224653
224653
224705
224705
224705
224705
224705
224705
224705
224705
224705
224705
224716
224716
224716
224716
224716
224716
224716
224716
224716
224716
224716
224716
224716
224716
224716
224716
224716
224716
224716
224728
224728
224728
224728
224728
224728
224728
224829
224829
224829
224829
224829
224829
224829
224829
224829
224829
224829
224829
224829
224829
224829
224829
224829
225294
225294
225294
225294
225294
225419
225419
225419
225419
225419
225419
225419
225419
225419
225419
225419
225419
225419
225419
225419
225419
225419
225419
225419
225419
225558
225558
225558
225558
225558
225558
225789
225789
225789
226059
226059
226059
226059
226059
226077
226077
226077
226077
226077
226194
226194
226194
226194
226194
226194
226194
226194
226194
226194
226194
226194
226194
226381
226381
226381
226381
226381
226381
226381
226944
226944
226944
226944
226944
226944
226980
226980
226980
226980
226980
227094
227094
227094
227094
227094
227094
227094
227094
227094
227094
227094
227094
227094
227094
227094
227094
227436
227436
227436
227848
227848
227848
227848
227848
227848
227848
228178
228178
228178
228178
228178
228178
228178
228178
228178
228178
228178
228178
228178
228178
228178
228178
228178
228178
228223
228223
228223
228223
228223
228223
228223
228223
228223
228223
228223
228223
228223
228223
228223
228223
228223
228223
228688
228688
228688
228688
228688
228688
228688
228688
228688
228688
228688
228688
228688
228688
228688
228812
228812
228812
228812
228812
228812
228812
228812
228812
228812
228812
228895
229261
229261
229261
229261
229261
229261
229261
229261
229261
229261
229261
229261
229261
229261
229261
229285
229285
229285
229285
229285
229285
229285
229285
229397
229397
229397
229397
229397
229538
229538
229538
229538
229538
229538
229538
229631
229631
229631
229631
229631
229631
229631
229631
229631
229631
229631
229631
229690
229690
229690
229690
229896
229896
229896
229896
229896
229896
229896
229896
229896
229896
229896
229896
229896
229896
229896
230290
230290
230290
230290
230290
230290
230290
230290
230290
230290
230290
230290
230290
230290
230290
230290
230290
230290
230290
230290
230308
230308
230308
230308
230308
230308
230308
230308
230308
230308
230308
230308
230333
230333
230333
230333
230333
230333
230333
230333
230333
230333
230333
230333
230333
230333
230333
230333
230348
230348
230348
230348
230348
230348
230348
230348
230348
230348
230348
230348
230348
230348
230348
230348
230663
230663
230663
230663
230663
230663
230663
230663
230663
230663
230663
230663
230663
230663
230663
230663
230663
230663
230689
230689
230689
230689
230689
230689
230689
230689
230689
230689
230689
230689
231097
231097
231097
231322
231322
231322
231322
231322
231322
231322
231322
231322
231322
231322
231322
231322
231566
231566
231566
231566
231566
231566
231566
231566
231674
231674
231674
231674
231674
231674
231674
231674
231674
231674
231674
231674
231674
231674
231674
231674
231674
231853
231853
231853
231853
231853
231853
231853
231853
231853
231853
231853
231853
231853
231853
231853
231853
231853
231853
231853
232007
232007
232007
232007
232007
232095
232095
232095
232095
232095
232095
232095
232095
232095
232095
232095
232095
232095
232095
232095
232409
232409
232409
232409
232409
232409
232409
232409
232409
232409
232620
232620
232620
232620
232620
232706
232706
232706
232706
232706
232706
232706
232706
232706
232706
232706
232706
232998
232998
232998
232998
232998
232998
232998
232998
232998
232998
232998
232998
233093
233093
233093
233093
233093
233093
233093
233093
233093
233093
233093
233093
233213
233213
233213
233528
233528
233528
233528
233528
233528
233528
233528
233528
233528
233528
233528
233528
233528
233528
233528
233528
233528
233800
233800
233800
233800
233800
233800
233822
233822
233822
233822
233822
233822
233822
233827
233827
233827
233827
233827
233827
233827
233827
233827
233827
233827
233827
234777
234777
234777
234777
234777
234777
234777
234777
234777
234777
234777
234777
234777
234777
234777
234777
234777
234777
235602
235602
235602
235602
235602
235602
235602
235602
235884
235884
235884
235884
236494
236494
236494
236494
236494
236494
236494
236651
236651
236651
236651
236651
236651
236651
236651
236651
236651
236651
236651
236651
236651
236651
236651
236651
236651
236651
236651
236843
236843
236843
236843
236843
236843
236843
236843
236843
236843
236843
236843
236843
236843
236843
236843
236843
238046
238046
238046
238046
238046
238046
238046
238046
238046
238046
238046
238046
238046
238046
238046
238046
238046
238046
238046
238046
238077
238077
238077
238077
238077
238077
238077
238077
238077
238077
238077
238077
238077
238077
238077
238077
238077
238496
238496
238496
238496
238496
238496
238496
238496
238496
238496
238496
238496
238496
238496
238496
238496
238496
238496
238496
238496
238560
238560
238560
238560
238560
238560
238644
238644
238644
238644
238644
238644
238644
238644
238644
238644
238644
238644
238644
238811
238811
238811
238811
238811
238811
238811
238811
238811
238811
238811
238811
238811
238811
238811
238811
238811
238811
238811
239486
239486
239486
239486
239486
239486
239486
239486
239486
239486
240130
240130
240130
240250
240250
240250
240250
240250
240250
240250
240250
240250
240250
240250
240250
240250
240250
240250
240250
240250
240250
240577
240577
240577
240577
240577
240693
240693
240693
240693
240693
240693
240693
240693
240817
240817
240817
241870
241870
241870
241870
241870
241870
241870
241870
241870
241870
243069
243069
243069
243069
243069
243157
243157
243157
243157
243157
243157
243157
243157
243157
243157
243405
243405
243405
243405
243523
243523
243523
243523
243523
243523
243523
243523
243523
243523
243523
243523
243523
243523
243523
243523
243523
243750
243750
243750
243750
243750
243750
243750
243750
244743
244743
244743
244743
244743
244743
244743
244968
245219
245219
245219
245219
245219
245219
245219
245219
245219
245219
246006
246006
246006
246006
246006
246006
246006
246006
246006
246006
246006
246006
246006
246006
246006
246006
246006
246006
246092
246092
246092
246092
246092
246092
246092
246092
246092
246092
246092
246092
246092
246092
246092
246092
246092
246162
246162
246162
246162
246162
246162
246162
246162
246162
246162
246401
246401
246401
246401
246401
246401
246401
246401
246401
246401
246401
246401
246401
246401
246401
246985
246985
246985
246985
246985
246985
246985
246985
246985
246985
246985
246985
246985
246985
246985
247044
247044
247044
247044
247044
247044
247044
247044
247044
247044
247044
247044
247044
247044
247079
247079
247272
247272
247272
247272
247272
247272
247272
247272
247272
247272
247272
247272
247272
247548
247548
247548
247548
247548
247548
247548
247548
247548
247548
247548
247548
247548
247548
247548
247570
247570
247570
247570
247570
247570
247570
247570
247570
247570
247570
247570
247570
247570
247570
248347
248382
248382
248382
248382
248382
248382
248382
248382
248382
248382
248600
248600
248600
248600
248600
248600
248600
248600
248600
248600
248600
248600
248600
248600
248600
248600
248600
248600
248600
248600
248677
248677
248677
248677
248677
248677
248677
248677
248677
248677
248677
249122
249122
249122
249122
249122
249122
249122
249122
249122
249122
249122
249517
249517
249517
249517
249517
249517
249517
249517
249517
249517
249517
249517
249517
249517
249560
249560
249676
249676
249676
249676
249676
249676
249676
249676
249676
249676
249676
249676
249676
249676
249676
249676
249676
249676
249888
249888
249888
249888
249888
249938
249938
249938
249938
249938
249938
249938
249938
249938
249938
249938
249938
249938
249938
249938
249938
249938
249938
249938
250012
250012
250012
250012
250012
250012
250012
250092
250150
250150
250150
250150
250150
250150
250150
250150
250150
250150
250150
250150
250150
250752
250752
250752
250752
250752
251269
251269
251269
252028
252028
252028
252028
252028
252028
252028
252028
252028
252028
252028
252028
252028
252248
252248
252248
252248
252248
252248
252248
252248
252248
252248
252248
252248
252411
252411
252411
252411
252411
252411
252411
252411
252441
252441
252441
252441
252441
252441
252441
252490
252490
252490
252490
252490
252490
252490
252490
252490
252490
252490
252490
252490
252490
252490
252490
252672
252672
252672
252672
252672
252881
252881
252881
252881
252881
252881
252881
252881
252881
253253
253943
253943
253943
253943
254278
254278
254278
254278
254278
254278
254278
254278
254278
254278
254278
254278
254278
254278
254278
254278
254481
254481
254481
254481
254481
254481
254481
254481
254481
254481
254481
254481
254609
254609
254609
254609
254609
254609
254609
254609
254609
254609
254609
254609
254609
254856
254856
254856
254856
254856
254856
254856
254856
254856
254856
254856
254856
254856
254935
255091
255091
255091
255320
255477
255477
255477
255477
255477
255477
255477
255477
255477
255477
255477
255477
255477
255477
255477
255477
255477
255477
255477
255587
255587
255587
255587
255587
255587
255587
255587
255587
255587
255587
255587
255587
255587
255587
255587
255860
255860
255860
255860
255860
255860
256700
256700
256700
256700
256700
256700
256700
256700
256700
256885
256885
256885
256885
256885
256885
256885
256885
256990
256990
257166
257166
257166
257166
257166
257166
257166
257166
257166
257166
257166
257166
257166
257387
257387
257387
257387
257387
257387
257387
257506
257506
257506
257506
257506
257506
257506
257506
257506
257506
257506
257506
257506
257506
257506
257520
257520
257520
257520
257520
257520
257520
257520
257520
257976
257976
257976
257976
257976
257976
257976
258249
258249
258249
258249
258249
258249
258612
258612
258612
258612
258896
258896
258896
258896
258896
258896
258896
258896
258896
259010
259010
259010
259010
259010
259010
259010
259010
259010
259010
259010
259010
259010
259010
259010
259140
259140
259140
259140
259140
259140
259222
259222
259222
259222
259222
259222
259222
259222
259304
259304
259304
259304
259304
259304
259304
259304
259329
259329
259329
259329
259329
259329
259329
259329
259329
259329
259329
259329
259329
259329
259329
259329
259329
259329
259329
259360
259360
259360
259360
259360
259360
259360
259360
259360
259360
259360
259360
259360
259360
259360
259360
259360
259474
259769
259769
259769
259769
259769
259769
259769
259769
260014
260014
260014
260014
260014
260014
260014
260014
260014
260299
260299
260299
260299
260299
260415
260415
260415
260415
260415
260415
260415
260415
260415
260415
260415
260415
260415
260415
260415
260674
260674
260674
260674
260674
260674
260674
260674
260674
260674
260674
260674
260674
260674
260674
260674
260674
261137
261137
261137
261137
261137
261137
261137
261137
261137
261137
261306
261306
261375
261375
261375
261375
261375
261375
261375
261375
261375
261375
261375
261375
261375
261375
261375
261375
261375
261375
261375
261375
261549
261549
261549
261551
261551
261551
261551
261551
261551
261551
261551
261551
261551
261551
261612
261612
261612
261612
261612
261612
261612
261612
261621
261621
261621
261621
261621
261621
261621
261621
261621
261621
261621
261672
261672
261672
261672
261672
261672
261672
261672
261672
261672
261674
261674
261674
261674
261674
261674
261674
261674
261674
261674
261674
261674
261674
261674
261674
261674
261674
261674
261674
261846
261846
261846
261846
261846
261846
261846
261846
261846
261846
261846
261846
261846
261846
262501
262501
262501
262501
262501
262501
262501
262501
262501
262501
262501
262501
262501
262501
262531
262837
262837
262837
262837
262837
262837
262837
262837
262837
262837
262837
262837
262837
262837
262837
262837
262953
263555
263555
263555
263555
263555
263555
263555
263555
263555
263555
263605
263605
263605
263605
263605
263605
263605
263605
263605
263605
263605
263605
263605
263605
263605
263605
263605
263605
263605
263642
263642
263642
263642
263642
263642
263642
264056
264056
264056
264056
264056
264056
264056
264056
264056
264056
264056
264056
264056
264402
264402
264402
264402
264768
264768
264768
264768
264768
264768
264768
264768
264768
264768
264768
264768
264768
264768
264768
264768
264951
264951
264951
265423
265423
265680
265680
265680
265680
265680
265777
266152
266152
266152
266152
266152
266152
266152
266152
266391
266656
266656
266656
266656
266656
266831
266831
266831
266831
266831
267095
267095
267095
267095
267095
267095
267095
267095
267095
267095
267095
267095
267095
267095
267095
267095
267095
267217
267570
267570
268313
268313
268313
268313
268313
268313
268313
268313
268313
268313
268514
268514
268514
268514
268514
268514
268514
268514
268514
268514
268514
268514
268514
268514
268852
268852
268852
268852
268852
268852
268852
269005
269005
269005
269005
269452
269452
269452
269452
269452
269452
269452
270217
270217
270217
270217
270217
270217
270217
270217
270217
270217
270217
270217
270217
271301
271390
271390
271390
271390
271390
271390
271390
271390
271390
271763
271763
271839
271839
271839
271839
271839
271839
271839
271839
271839
271839
272160
272160
272160
272160
272160
272160
272160
272160
272160
272160
272160
272160
272160
272160
272160
272160
272160
272160
272165
272165
272165
272165
272165
272165
272165
272165
272165
272165
272165
272165
272165
272803
272803
272803
272803
272803
272803
272803
272803
272803
272803
273497
273497
273497
273497
273497
273497
273497
273497
273497
273497
273693
273693
273693
273693
273867
273867
273867
273867
273867
273867
273867
273867
273867
273867
273867
273867
273867
274117
274117
274117
274117
274117
274117
274117
274117
274117
274117
274117
274117
274117
274117
274117
274117
274117
274117
274117
274202
274202
274202
274202
274202
274202
274202
274202
274202
274202
274202
274202
274202
274202
274202
274202
274202
274202
274268
274268
274268
274268
274268
274268
274268
274268
274268
274268
274322
274322
274322
274322
274322
274322
274322
274322
274322
274322
274322
274322
274322
274322
274322
274322
274346
274346
274589
274589
274589
274589
274589
274589
274589
274721
274721
274721
274721
274721
274721
274721
274721
274721
274721
274721
274721
274721
274721
274721
274721
274721
274721
274721
275661
275661
275661
275661
275661
275661
275661
275661
275661
275737
275737
275737
275737
275737
275812
275812
275812
275812
275812
275812
275812
275812
275911
275911
275911
275911
275911
275911
275911
275911
275911
275911
275911
275911
275911
276293
276293
276293
276293
276293
276293
276664
276664
276664
276664
276664
276664
276664
276664
276664
276664
276664
276664
276664
276664
276664
276664
276664
277299
277299
277299
277299
277299
277299
277299
277299
277299
277299
277299
277299
277299
277299
277299
277347
277347
277347
277347
277347
277347
277347
277347
277347
277347
277347
277585
277585
277585
277603
277603
277603
277603
277603
277603
277603
277603
277603
277603
277603
277603
277603
277603
277603
278127
278127
278127
278127
278127
278127
278127
278127
278127
278127
278127
278127
278127
278127
278127
278127
278127
278127
278127
278160
278160
278399
278399
278399
278399
278399
279119
279119
279119
279119
279252
279252
279252
279252
279252
279252
279283
279283
279283
279283
279651
279651
279651
279651
279651
279651
279651
279651
279651
279922
279922
279922
279922
279922
279922
279922
279922
279922
279922
279922
279922
279922
279922
280134
280134
280134
280134
280134
280134
280134
280134
280134
280134
280134
280134
280134
281112
281112
281112
281112
281112
281112
281112
281112
281112
281112
281112
281112
281112
281189
281189
281189
281189
281189
281189
281189
281189
281189
281189
281189
281189
281189
281189
281189
281189
281189
281189
281189
281189
281267
281267
282011
282011
282011
282011
282105
282105
282105
282105
282105
282105
282105
282105
282105
282105
282105
282105
282105
282105
282221
282221
282221
282221
282221
282221
282221
282221
282221
282221
282221
282221
282221
282221
282221
282299
282299
283029
283029
283029
283029
283029
283029
283029
283029
283029
283029
283029
283029
283029
283029
283029
283029
283029
283029
283029
283657
283657
283657
283657
283657
283657
283657
283657
283657
283657
283657
283657
283657
283657
283657
283766
283766
283766
283766
283766
283766
283766
283766
283766
283766
283766
283766
283766
283766
283766
283766
283766
283766
283911
284037
284037
284037
284147
284147
284147
284376
284376
284376
284648
284648
284648
284648
284648
284648
284648
284648
284648
284648
285009
285009
285009
285009
285009
285009
285009
285009
285009
285009
285009
285009
285009
285552
285552
285552
285552
285552
285552
285552
285552
285552
285552
285552
285552
285552
285552
285552
285552
285552
285552
285552
285922
285922
285922
285922
285922
285922
285922
285922
285922
285922
285922
285922
285922
285922
285922
285922
285922
286200
286200
286200
286200
286200
286200
286200
286200
286200
286200
287359
287359
287359
287359
287359
287359
287359
287359
287359
287359
287359
287359
287359
287380
287380
287380
287380
287380
287380
287380
287380
287380
287380
287380
287380
287380
287380
287380
287380
287532
287532
287532
287532
287532
287532
287532
287532
287532
287532
287532
287532
287532
287532
287532
287532
287532
287532
288341
288341
288341
288341
288341
288341
288341
288341
288341
288341
288341
288341
288341
288341
288341
288341
288341
288341
288341
288341
288490
288490
288490
288490
288490
288490
288847
288847
288847
288847
288855
288855
288855
288863
288863
288863
288863
288863
289645
289645
289645
289645
289645
289645
289645
289645
289645
289645
289645
289945
289945
290026
290026
290026
290026
290026
290026
290026
290026
290026
290443
290443
290628
290628
290628
290628
290628
290628
290628
290628
290915
290915
290915
290915
290915
290915
290915
290915
290915
290915
290915
290915
290915
290915
290915
290915
290915
290915
290915
291139
291139
291139
291139
291139
291139
291139
291139
292224
292224
292224
292224
292224
292224
292224
292224
292224
292224
292224
292224
292224
292224
292224
292224
292224
292921
292921
292921
292921
293217
293217
293217
293217
293217
293217
293217
293217
293217
293217
293217
293217
293217
293217
293217
293556
293556
293556
293556
293556
293556
293647
293647
293647
293647
293647
293647
293647
293647
293647
293647
293859
293859
294102
294102
294102
294102
294102
294102
294527
294527
294527
294527
294527
294527
294527
294527
294527
294527
294527
294527
294527
294527
294527
294748
294748
294748
294748
294748
294748
294748
294748
295293
295293
295293
295293
295293
295293
295293
295293
295293
295293
295293
295293
295452
295452
295452
295452
295452
295452
295452
295452
295452
295452
295452
295452
295452
295534
295534
295534
295534
295534
295534
295534
295534
295534
295534
295534
295823
295823
295823
295823
295823
295823
295823
295823
295823
295823
295823
295823
295823
295823
295823
295823
295823
295848
295848
295848
295848
295848
295848
295848
295848
295848
295848
295848
295848
295848
295848
295848
295848
295848
295848
295848
295848
296191
296434
296434
296434
296434
296434
296434
296434
296434
296434
296434
296434
296434
296434
296434
296522
296522
296522
296522
296522
296522
296522
296522
296522
296522
296522
296522
296522
296957
296957
296957
296957
296957
296957
296957
296957
296957
296957
296957
296957
296957
296957
296957
296957
297119
297119
297119
297119
297119
297119
297119
297119
297119
297119
297119
297119
297119
297119
297119
297119
297125
297125
297125
297125
297125
297125
297125
297125
297125
297125
297125
297125
297656
297656
297656
297656
297656
297656
297656
297656
297656
297656
297656
297656
297656
297656
297656
297656
297656
297702
297702
297702
297702
297702
297702
297702
297760
298118
298118
298118
298118
298715
298715
298715
298715
298715
298778
298778
298778
298778
298849
298849
298849
298849
298849
298849
298849
298849
298849
298849
298849
298849
298849
298849
298849
298849
298849
299020
299020
299020
299020
299020
299108
299108
299108
299108
299108
299108
299108
299108
299108
299108
299108
299141
299141
299141
299141
299141
299141
299141
299141
299141
299141
299141
299141
299251
299251
299251
299251
299251
299251
299251
300041
300041
300041
300041
300041
300041
300041
300041
300081
300169
300169
300169
300169
300169
300169
300169
300169
300169
300169
300169
300169
300169
300169
300169
300169
300169
300299
300299
300299
300299
300299
300299
300299
300299
300299
300299
300299
300405
300405
300405
300405
300405
300405
300405
300405
300405
300405
300405
300405
300405
300694
300694
300694
300694
300694
300694
300694
300694
300694
300694
300694
301091
301091
301091
301091
301091
301374
301374
301374
301374
301502
301502
301502
301502
301502
301502
301694
301694
301694
301694
301694
301694
301694
301694
301694
301694
301906
301906
301906
301906
301906
301906
301906
301906
301906
301906
301906
301906
301906
301906
301906
301906
301906
301906
301906
301909
301909
301909
301909
301909
301909
301909
302388
302388
302388
302388
302388
302388
302388
302480
302480
302480
302480
303253
303253
303253
303253
303253
303253
303253
303253
303253
303253
303253
303253
303471
303471
303471
303471
303471
303471
303471
303471
303471
303471
303471
303471
303471
303471
303471
303471
303471
303471
303471
303471
303586
303586
303586
303586
303586
303586
303586
303586
303586
303586
303586
303586
303586
303586
303586
304076
304076
304076
304076
304076
304076
304076
304076
304076
304076
304076
304122
304122
304122
304122
304122
304122
304122
304122
304122
304122
304122
304122
304122
304122
304122
304122
304122
304122
304310
304310
304310
304310
304310
304310
304310
304310
304310
304310
304310
304380
304380
304380
304380
304380
304380
304380
304380
304380
304380
304380
304380
304537
304537
304537
304537
304537
304537
304537
304537
304564
304564
304564
304564
304564
304564
304564
304564
304564
304564
304564
304564
304564
304564
304564
304564
304564
305197
305197
305197
305197
305197
305197
305197
305197
305197
305197
305197
305197
305197
305197
305197
305197
305544
305987
305987
305987
305987
305987
306008
306008
306008
306008
306008
306008
306008
306008
306008
306008
306008
306008
306008
306008
306008
306008
306008
306008
306043
306364
306364
306364
306364
306364
306364
306364
306364
306704
306704
306704
306704
306704
306704
306704
306861
306861
306861
306861
306861
306861
307383
307383
307383
307383
307383
307383
307383
307383
307383
308019
308019
308019
308019
308019
308019
308019
308019
308019
308019
308019
308019
308019
308019
308019
308019
308019
308091
308091
308091
308091
308216
308216
308216
308216
308216
308216
308216
308216
308216
308216
308216
308216
308216
308216
308216
308394
308394
308394
308394
308394
308394
308394
308394
308394
308394
308394
308394
308394
309385
309385
309385
309385
309385
309385
309385
309385
309385
309385
309793
309793
309793
309793
309793
309793
310411
310411
310411
310411
310746
310746
310746
310746
310746
310746
310746
310746
310746
310746
310746
310746
310746
310746
310746
310746
310746
310746
310746
310746
310882
310882
310882
310882
310882
310882
310882
310882
310882
310882
311365
311365
311365
311365
311458
311458
311458
311458
311458
311458
311458
311458
311458
311760
311760
311760
311760
311760
311760
311760
311760
311760
311760
311760
311760
311760
311760
311760
311760
311760
311760
311760
312141
312141
312141
312141
312141
312141
312141
312141
312141
312141
312141
312141
312141
312141
312141
312141
312417
312417
312417
312546
312546
312546
312546
312546
312546
312546
312546
312588
312588
312588
312588
312588
312588
312588
312588
312588
312588
312588
312588
312588
312588
312588
312588
312609
312609
312609
312609
312609
312609
312609
312829
312829
312829
312829
312829
312829
312829
312829
312829
312829
312829
312829
312829
312829
312829
312829
312829
313349
313349
313349
313349
313349
313349
313349
313349
313349
313349
313349
313349
313349
313552
313552
313552
313552
313552
313552
313552
313552
313552
313552
313552
313552
313552
313552
313552
313552
313552
313552
313711
313711
313711
313711
313711
313711
313711
313711
313711
313711
313711
313711
313711
313711
313711
313711
313771
313771
313771
313771
313771
313771
313982
314648
314648
314838
314838
314838
314838
314838
314838
314838
314838
314838
314838
314838
314838
315349
315349
315349
315349
315349
315349
315349
315349
315349
315349
315349
315349
315349
315349
315349
315349
315349
315452
315452
315473
315473
315473
315473
315473
315473
315473
315473
315473
315473
315491
315491
315491
315491
315491
315491
315491
315491
315491
315491
315491
315491
315491
315491
315491
315491
315913
316141
316141
316141
316141
316141
316141
316141
316141
316141
316141
316141
316141
316141
316141
316141
316141
316141
316141
316141
316141
316237
316237
316237
316237
316237
316237
316237
316237
316237
316237
316237
316237
316237
316237
316237
316516
316516
316516
316516
316516
316583
316583
317423
317423
317423
317423
317423
317423
317423
317423
317423
317423
317423
317423
317581
317581
317581
317581
317581
317581
317581
317581
317581
317581
317581
317581
317581
317581
317581
317581
317581
317581
318462
318462
318462
318462
318462
318462
318462
318462
318462
318462
318462
318462
318462
318462
318462
318462
319393
319393
319393
319393
319393
319393
319393
319393
319393
319393
319393
319393
319393
319393
319393
319393
319393
319393
319393
319587
319587
319587
319587
319587
319587
319587
319587
319587
319587
319587
319587
319587
319587
319587
319587
319587
319587
320101
320101
320101
320101
320101
320101
320101
320101
320287
320287
320287
320287
320287
320287
320287
320620
320979
320979
320979
320979
321138
321138
321138
321138
321138
321138
321443
321443
321443
321443
321443
321443
321443
321443
321443
321443
321443
321443
321443
321443
321443
321443
321443
321443
321776
321776
321776
321776
321776
321776
321776
321776
321776
321776
321776
321776
321776
321776
321776
321776
321776
321776
321896
321896
321896
321896
321896
321896
321896
321896
321896
321896
321896
321896
321896
321896
322011
322011
322011
322011
322011
322011
322011
322011
322011
322011
322011
322011
322176
322176
322176
322176
322176
322176
322176
322176
322176
322176
322176
322176
322176
322977
322977
322977
322977
322977
322977
322977
322977
322977
322977
322977
322977
323196
323196
323196
323196
323196
323196
323196
323196
323196
323196
323196
323196
323196
323196
323196
323196
323278
323278
323278
323278
323278
323278
323278
323278
323278
323278
323278
323278
323278
323278
323278
323278
323278
323278
323278
323278
323921
323921
323921
323921
323921
323921
323921
323921
323921
323921
323921
323921
323921
323921
323921
323921
323921
323921
323944
323944
323944
323944
323944
324070
324070
324070
324070
324070
324070
324070
324070
324070
324070
324070
324162
324162
324162
324162
324162
324162
324162
324162
324162
325290
325290
325290
325290
325290
325290
325290
325290
325290
325290
325763
325763
325763
325763
325763
326249
326249
326249
326249
326249
326249
326509
326509
326509
326509
326509
326740
326740
326740
326740
326740
326740
326740
326740
326740
326740
326740
326740
326740
326740
326740
326740
326740
327250
327250
327250
327250
327250
327250
327250
327250
327250
327250
327250
327250
327250
327250
327250
327250
327250
327578
327578
327578
327578
327578
327578
327578
327578
327578
327578
327578
327578
327578
327578
327578
327578
327578
327578
327674
327674
327674
327674
327674
327674
327682
327682
327682
327682
327682
327682
327682
327682
327682
327682
327682
327682
328064
328064
328064
328064
328064
328064
328378
328436
328436
328436
328436
328436
328436
328436
328436
328436
328436
328436
328436
328436
328436
328436
328436
328436
328523
328523
328523
328523
328523
328523
328567
328567
328567
328567
328567
328567
328567
328567
328567
328567
328567
328567
328567
328567
328567
328567
328567
328567
329396
329396
329396
329714
329714
329714
329714
329714
329714
329714
329714
329714
329714
329714
329714
329714
329714
329714
329714
329714
329714
330223
330223
330223
330223
330223
330223
330223
330223
330223
330223
330223
330257
330257
330257
330257
330257
330257
330257
330257
330257
330257
330650
330650
330650
330650
330650
330650
330669
330669
330669
330669
330669
330669
330669
330669
330669
330669
330669
330669
330669
330669
330669
330669
330669
330669
330690
330868
330868
330868
330868
330868
330868
331348
331348
331348
331348
331348
331348
331348
331348
331348
331348
331348
331348
331348
331348
331348
331349
331349
331349
331349
331386
331386
331386
331386
331386
331386
331386
331386
331386
331386
331386
331386
331386
331386
331386
331386
331611
331611
331611
331611
331611
331611
331611
331611
331611
331611
332188
332188
332188
332188
332188
332188
332188
332188
332188
332188
332188
332188
332188
332188
332188
332188
332188
332188
332188
332723
332723
332723
332723
332723
332723
332723
332723
332723
332723
332723
332723
332723
332723
332867
332867
332867
332867
332867
332867
332867
333151
333151
333151
333151
333188
333188
333188
333188
333188
333188
333188
333188
333188
333188
333188
333303
333303
333303
333303
333303
333303
333303
333303
333303
333303
333303
333303
333303
333303
333303
333303
333303
333303
333303
