10699 500000
66718
66718
66718
66718
66718
66718
66718
66718
66718
66718
66718
66718
66718
66718
66718
66718
66718
66853
66853
67378
67378
67378
67378
67378
67378
67378
67378
67378
67378
67378
67378
67378
67378
67378
67378
67378
67378
67378
67378
67707
67707
67707
67707
67707
68015
68015
68015
68015
68364
68364
68364
68364
68364
68364
68364
68364
68364
68364
68364
68364
68364
69458
69458
69458
69458
69564
69564
69564
69793
69793
69793
69793
69793
69793
69793
69793
69793
69793
70028
70028
70028
70028
70028
70028
70028
70028
70028
70028
70028
70028
70028
70526
70526
70526
70526
70526
70526
70526
70526
70526
70618
70618
70618
70618
70618
70618
70618
70618
70618
70618
70618
70618
70729
70729
70729
70729
70729
70729
70729
70729
70729
70729
70729
70729
70729
70729
70729
70729
70729
70729
70729
70866
70866
71042
71042
71042
71042
71096
71096
71096
71096
71096
71096
71177
71177
71177
71177
71177
71177
71177
71177
71177
71177
71177
71177
71177
71206
71206
71206
71206
71206
71206
71206
71206
71206
71361
71361
71361
71361
71361
71361
71361
71361
71361
71361
71361
71361
71361
71673
71673
71673
71673
71673
71673
71673
71673
71673
71673
71673
71673
71673
71673
71673
71673
71673
71673
72204
72204
72204
72204
72204
72204
72204
72204
72204
72204
72204
72204
72204
72204
72204
72204
72204
72204
72223
72223
72223
72223
72223
72223
72223
72223
72223
72553
72553
72553
72553
72553
72553
72553
72553
72780
72780
72780
72780
72780
72780
72780
72780
72780
72780
72780
72780
73004
73004
73004
73004
73004
73004
73004
73004
73004
73004
73004
73136
73136
73136
73136
73136
73136
73136
73136
73136
73136
73136
73136
73136
73136
73136
73136
73136
73758
73758
73758
73758
73758
73758
73758
73758
73758
73758
73758
73758
73758
73758
73758
73758
73758
73758
74293
74293
74293
74293
74293
74293
74293
74293
74293
74293
74293
74293
74293
74293
75112
75112
75112
75112
75112
75112
75112
75112
75112
75112
75112
75112
75112
75112
75112
75112
75349
75349
75349
75349
75349
75349
75349
75349
75349
75349
75349
75349
75349
75349
75349
75349
75693
75693
75693
75693
75693
75693
75693
75693
75693
75693
75693
75693
75693
75861
75861
75861
75861
75861
75861
75861
75861
75861
75861
75861
76230
76230
76230
76230
76230
76230
76230
76230
76230
76230
76230
76230
76230
76230
76230
76230
76230
76230
76230
76230
76553
76553
76553
76553
76553
76553
76553
76553
76553
76553
76553
76553
76553
76553
76553
76553
76553
76553
76553
76668
76668
76668
76668
76668
76668
76668
76668
76668
76668
76668
76668
76668
76668
76668
76668
76668
76668
76668
76668
76985
76985
76985
76985
76985
76985
76985
77063
77063
77063
77063
77063
77063
77063
77063
77063
77063
77308
77308
77308
77308
77308
77308
77308
77308
77308
77308
77308
77308
77441
77441
77441
77441
77441
77441
77441
77441
77441
77441
77441
77441
78408
78408
78408
78408
78408
78408
78408
78408
78466
78466
78466
78466
79359
79359
79359
79359
79359
79359
79359
79359
79359
79359
79359
79359
79359
79359
79359
79359
79359
79824
79824
79824
79824
79824
79824
79824
79824
79824
79824
79824
79824
79824
79824
79824
79824
79824
79824
79898
79898
79898
79898
79898
79898
79898
79898
79898
79898
79898
79898
79898
79944
79944
79944
79944
79944
79944
80173
80173
80173
80173
80173
80173
80173
80173
80173
80173
80501
80501
80501
81072
81072
81072
81072
81072
81072
81072
81072
81072
81072
81072
81099
81099
81099
81099
81099
81099
81099
81099
81099
81099
81494
81494
81494
81494
81494
81494
81494
81494
81494
81494
81494
81494
81494
81494
81494
81494
81494
81582
81774
81774
81774
81774
81774
81774
81774
81774
81774
81774
81774
81774
81774
82140
82140
82140
82140
82140
82140
82140
82140
82140
82140
82140
82140
82140
82140
82140
82140
82140
82140
82140
82299
82299
82299
82299
82299
82299
82299
82299
82299
82299
82299
82299
82299
82299
82299
82299
82299
82406
82406
82426
82426
82426
82426
82426
82426
82426
82426
82426
82426
82426
82426
82426
82426
82426
82426
82426
82426
82426
82426
82584
82584
82825
82825
83057
83057
83057
83057
83057
83057
83057
83057
83057
83057
83057
83057
83057
83057
83057
83057
83057
83057
83057
83057
83167
83167
83167
83167
83167
83167
83167
83167
83167
83167
83167
83167
83167
83167
83167
83526
83705
83705
83705
83705
83705
83705
83705
83705
83705
83705
83705
83705
83705
83705
83705
83705
83705
83705
83705
83999
83999
84263
84263
84263
84263
84263
84751
84751
84751
84751
84751
84751
84751
84751
84751
84751
84751
84751
84751
84751
85007
85007
85007
85008
85008
85008
85008
85008
85008
85008
85008
85008
85008
85008
85008
85008
85008
85490
85490
85490
85490
85490
85490
85490
85567
85567
85567
85567
85567
85567
85567
85567
85567
85567
85567
85567
85567
85567
85567
85644
85956
85956
85956
85956
85956
85956
85956
85956
85956
85956
85956
85956
85956
85956
85956
85956
85956
85956
86013
86013
86013
86013
86013
86013
86013
86013
86013
86013
86013
86013
86013
86013
86013
86013
86013
86013
86056
86056
86056
86056
86056
86056
86056
86056
86056
86056
86056
86056
86056
86056
86056
86056
86056
86619
86619
86619
86619
86619
86619
86619
86619
86619
86619
86619
86619
86619
86739
86739
86739
86739
86990
86990
86990
86990
86999
86999
86999
86999
86999
87414
87414
87414
87414
87414
87414
87414
87414
87414
87414
87414
87414
87414
87414
87414
87414
87414
87657
87657
87657
87657
87657
88068
88068
88068
88068
88068
88068
88068
88068
88068
88068
88068
88068
88068
88068
88068
88068
88378
88378
88378
88378
88378
88378
88378
88378
88378
88378
88568
88568
88568
88568
88568
88568
88568
88568
88568
88568
88568
88568
88568
88568
88568
88568
88568
88568
88568
88796
88796
88796
88796
88796
88796
88796
88796
88796
88796
88796
88796
88796
88796
88796
88796
88796
88932
88932
88932
88932
88932
88932
88932
88932
88932
88932
88932
89121
89121
89121
89121
89121
89121
89121
89121
89121
89121
89121
89121
89269
89269
89269
89269
89269
89269
89269
89269
89802
89802
89802
89802
89802
89802
89802
89802
89802
89802
89802
89802
89802
89802
89802
89802
89939
89939
89939
89939
89939
89939
89939
89939
89939
89939
90712
90712
90712
90712
90712
90712
90712
90712
90712
90712
90712
90712
90712
90712
90712
90712
90712
91258
91258
91258
91258
91258
91258
91258
91258
91258
92015
92259
92259
92259
92259
92259
92259
92259
92259
92259
92259
92259
92259
92259
92259
92259
92259
92259
92259
92555
92555
92555
92555
92555
92555
92555
92555
92555
92555
92555
92555
92555
92555
92555
92977
92977
92977
92977
92977
92977
92977
92977
92977
92977
92977
92977
92977
92977
92977
92977
92977
92977
92977
92977
93056
93056
93056
93056
93056
93056
93056
93056
93056
93116
93116
93116
93116
93116
93116
93116
93116
93116
93116
93116
93116
93116
93116
93116
93116
93116
93116
93123
93123
93123
93123
93123
93123
93308
93308
93308
93308
93308
93308
93308
93308
93308
93308
93308
93308
93308
93308
93308
93308
93502
93502
93502
93502
93502
93502
93502
93611
93611
93611
93611
93611
93611
93611
93611
93611
93611
93611
93611
93611
93611
93611
93611
93611
93611
93611
93611
94313
94313
94313
94313
94313
94313
94313
94313
94313
94313
94313
94545
94545
94545
94545
94545
94545
94545
94545
94545
94545
94545
94545
94545
94545
94545
94545
94545
94545
94937
94937
94937
94937
94937
94937
94937
94937
94937
94937
94937
95011
95011
95011
95011
95011
95011
95011
95011
95088
95088
95088
95088
95088
95088
95088
95088
95088
95088
95088
95419
95419
95419
95419
95419
95419
95419
95419
95419
95419
95419
95419
95419
95419
95419
95419
95419
95419
95419
96167
96167
96167
96167
96167
96167
96167
96167
96167
96167
96227
96227
96227
96227
96227
96227
96227
96227
96227
96227
96227
96227
96227
96227
96227
96227
96227
96385
96385
96385
96385
96385
96385
96385
96385
96385
96385
96385
96385
96385
96385
96385
96591
96591
96591
96831
96831
96831
96831
96831
96831
96831
96831
96831
97147
97147
97147
97147
97147
97147
97147
97147
97147
97147
97147
98542
98542
98542
98542
98542
98542
98542
98547
98547
98547
98547
98547
98547
98547
98547
98547
98547
98547
98548
98548
98548
98548
98548
98548
98548
98548
98548
98548
98548
98605
98605
98605
98605
98605
98605
98605
98605
98605
98605
98605
98605
98605
98605
98605
98605
98605
98605
98605
98605
98653
98653
98653
98653
98653
98653
98653
98653
98653
98653
98653
98653
98653
98653
98797
98797
99113
99113
99113
99113
99113
99113
99113
99113
99113
99113
99113
99113
99113
99488
99488
99488
99488
99488
99488
99488
99488
99488
99488
99488
99488
99488
99488
99488
99488
99488
99488
99701
99701
99701
99701
99701
99701
99701
99701
99701
99701
99701
99701
99701
99788
99788
99788
99788
99788
99788
99788
99788
100419
100419
100419
100419
100419
100419
100419
100419
100419
100419
100419
100419
100419
100419
100419
100864
100864
100864
100864
100864
100864
100864
100864
100864
100864
100871
100871
100871
100871
100871
100871
100871
100871
100871
100871
100871
100871
100871
100871
100871
100871
100871
100871
100871
101055
101055
101055
101055
101055
101055
101055
101055
101055
101055
101055
101055
101055
101055
101055
101055
101617
101617
101617
101653
101653
101653
101653
101653
101653
101653
101653
101749
101749
101749
101749
101749
101749
101749
101749
101749
101749
101749
101749
101749
101749
101749
101749
101749
102062
102062
102062
102062
102062
102062
102062
102062
102062
102062
102062
102062
102137
102137
102137
102137
102137
102137
102137
102137
102137
102137
102137
102137
102137
102137
102137
102137
102737
102737
102737
102737
102737
102737
102737
102737
102737
102737
102737
102737
102737
102958
102958
102958
102958
102958
102958
102958
102958
102958
102958
102958
102958
102958
102958
102958
102958
102958
102958
103227
103227
103227
103227
103227
103227
103227
103227
103227
103227
103227
103227
103227
103227
103227
103227
103227
103227
103227
103227
103950
103950
103950
103950
103950
103950
103950
103950
103950
103950
103950
103950
103950
103950
103950
103950
103950
103950
103950
103958
103958
103958
103958
103958
103958
103958
103958
103958
103958
103958
103958
103958
103958
103958
103958
103958
103993
103993
103993
103993
103993
103993
103993
103993
103993
103993
103993
104165
104165
104165
104165
104165
104165
104165
104165
104165
104165
104165
104165
104165
104165
104350
104350
104350
104350
104350
104350
104350
104350
104350
104350
104350
104350
104350
104350
104350
104350
104350
104350
104450
104450
104450
104450
104450
104450
104450
104450
104450
104450
104450
104450
105328
105328
105328
105328
105328
105328
105380
105380
105380
105380
105380
105380
105380
105380
105380
105380
105380
105380
105515
105515
106073
106073
106073
106073
106073
106073
106073
106073
106073
106073
106073
106073
106073
106166
106166
106166
106166
106166
106166
106166
106166
106166
106166
106166
106166
106166
106166
106166
106341
106341
106341
106341
106341
106341
106341
106341
106341
106341
106341
106341
106341
106341
106341
106341
106557
106557
106557
106557
106557
106557
106557
106557
106557
106557
106557
106557
106557
106557
106557
106557
106557
106557
106557
106589
106589
106589
106589
106589
106589
106589
106589
106589
106589
106589
106589
106589
106589
106589
106589
107042
107042
107042
107042
107042
107042
107042
107042
107042
107042
107042
107042
107042
107042
107042
107042
107042
107042
107042
107042
107582
107582
107582
107582
107582
107582
107582
107582
107582
107582
107582
107582
107582
107582
107582
107582
107582
107582
107582
107582
107734
107734
107734
107734
107734
107734
107734
107734
107734
107734
108333
108333
108333
108333
108333
108333
108333
108333
108333
108333
109062
109062
109062
109062
109062
109062
109062
109062
109062
109062
109062
109062
109062
109062
109062
109062
109062
109062
109666
109666
109666
109666
109666
109666
109666
109666
109666
109666
109666
109666
109666
109666
109666
109666
109666
109666
109941
109941
109941
109941
109941
109941
109941
109941
109941
109941
109941
109941
109941
109941
109941
109941
109958
109958
109958
109958
109958
109958
110292
110292
110292
110292
110292
110376
110376
110376
110376
110376
110376
110376
110376
110376
110376
110376
110376
110376
110376
110376
110651
110651
110651
110651
110651
110651
110651
110651
110798
110798
110798
110798
110798
110798
110798
110798
110798
110798
110798
110798
110798
110798
110798
110798
110850
110850
110850
110850
110850
110850
110909
110909
110909
110909
110909
110909
111242
111242
111242
111242
111242
111242
111413
111413
111413
111413
111413
111413
111413
111413
111413
111413
111413
111413
111413
111413
111413
111413
111413
111413
111417
111417
111417
111417
111417
111417
111417
111417
111417
111417
111417
111516
111516
111516
111516
111516
111516
111516
111516
111516
111516
111516
111516
111516
112203
112203
112203
112203
112203
112203
112203
112203
112203
112203
112203
112203
112203
112204
112204
112204
112204
112204
112204
112204
112204
112204
112204
112204
112204
112204
112204
112438
112438
112438
112438
112438
112438
112438
112438
112438
112438
112780
112780
112780
112780
112780
112780
112780
112780
112780
112780
112780
112780
112780
112780
112780
112780
112780
112780
113556
113556
113682
113682
113682
113682
113682
113682
113682
113682
113682
113682
113682
114069
114069
114069
114069
114366
114366
114366
114366
114366
114366
114366
114366
114366
114369
114369
114369
114369
114715
114897
114897
114897
114897
114897
114897
114897
114897
115182
115218
115218
115218
115218
115218
115218
115218
115218
115218
115218
115218
115218
115218
115218
115218
116534
116534
116534
116534
116534
116534
116534
116534
116534
116534
116534
116534
116534
116534
117238
117238
117549
117549
117549
117549
117549
117549
117549
117549
117549
117549
117787
117787
117787
117787
117787
117787
117787
117787
117787
117787
117787
117787
117787
117787
117787
117787
117978
117978
117978
117978
117978
117978
117978
117978
117978
118045
118045
118045
118045
118045
118045
118045
118045
118045
118045
118045
118257
118257
118257
118257
118257
118257
118257
118257
118257
118257
118257
118257
118257
118257
118575
118575
118575
118575
118575
118575
118575
118575
118575
118575
118575
118575
118575
119039
119039
119039
119039
119039
119039
119039
119039
119039
119039
119039
119388
119388
119388
119388
119388
119388
119388
119388
119388
119388
119388
119388
119388
119388
119388
119388
120345
120345
120345
120345
120345
120345
120345
120345
120345
120345
120428
120428
120459
120459
120459
120459
120459
120459
120459
120459
120459
120732
120732
120732
120732
120732
120732
120732
120732
120732
120732
120732
120732
120732
120732
120732
120732
120732
120732
120732
120732
120844
120844
120844
120844
120844
120844
120844
120844
120844
120844
120927
120927
121241
121241
121241
121241
121241
121241
121241
121241
121241
121241
121241
121241
121241
121241
121286
121286
121286
121286
121286
121286
121286
121286
121286
121443
121443
121443
121443
121443
121443
121443
121443
121443
121443
121443
121443
122127
122127
122127
122479
122479
122479
122479
122479
122479
122479
122479
122479
122479
122479
122479
122479
122479
122479
122479
122721
122721
122721
122721
122721
122721
122721
122721
122721
122721
122721
122721
122721
122721
123119
123119
123119
123119
123119
123119
123119
123119
123119
123119
123119
123119
123119
123119
123119
123738
123738
123738
123738
123738
123997
123997
123997
123997
123997
123997
124476
124476
124476
124476
124476
124476
124476
124476
124476
124476
124476
124476
124916
124916
124916
124916
124916
124916
124916
124916
124916
124916
124916
124916
124916
124916
124916
126041
126041
126041
126041
126041
126041
126041
126041
126041
126041
126041
126041
126097
126097
126097
126097
126097
126097
126097
126097
126097
126097
126097
126097
126097
126097
126097
126134
126134
126134
126134
126660
126960
126960
126960
126960
126960
126960
126960
126960
126960
126960
126960
126960
126960
127346
127346
127346
127346
127346
127346
127563
127563
127563
127563
127563
127563
127563
127563
127563
127563
127563
127563
127681
127681
127681
127681
127681
127681
127681
127681
127681
127681
127681
128582
128582
128582
128582
128582
128582
128582
128582
128582
128582
128603
128603
128603
128603
128603
128603
128603
128603
128603
128603
128603
128603
129051
129051
129051
129051
129051
129051
129051
129051
129051
129051
129051
129051
129051
129051
129663
129663
129663
129663
129663
129663
129663
129663
129663
129663
129663
129663
129663
129663
129663
129682
129682
129682
129682
129682
129851
129851
129851
129851
129851
129851
129851
130079
130079
130079
130079
130079
130079
130079
130079
130079
130079
130079
130079
130079
130107
130107
130107
130107
130107
130107
130107
130107
130107
130107
130107
130107
130107
130107
130107
130107
130107
130562
130562
130562
130562
130562
130562
130562
130562
130562
130562
130562
130562
130562
130562
130562
130598
130598
130598
130598
130598
130598
130598
130598
130598
130598
130598
130598
130598
130598
130598
131210
131210
131210
131210
131210
131210
131210
131210
131210
131210
131210
131210
131210
131210
131210
131210
131210
131210
131351
131351
131351
131351
131351
131388
131388
131388
131388
131388
131388
131388
131388
131388
132046
132046
132046
132141
132141
132141
132141
132141
132891
132891
132891
132891
132891
132891
132891
132891
132990
132990
132990
132990
132990
132990
132990
132990
132990
132990
132990
132990
132990
132990
133118
133118
133118
133118
133118
133118
133118
133118
133118
133118
133118
133118
133118
133118
133118
133118
133118
133118
133118
133207
133207
133207
133207
133207
133207
133207
133207
133207
133207
133207
133207
133207
133389
133389
133389
133389
133389
133389
133389
133389
133389
133389
133389
133389
133389
133389
133389
133616
133616
133616
133616
133616
133616
133616
133616
133616
133826
133826
133826
133826
133826
133826
133826
133826
133826
133855
133855
133855
133855
133855
133855
133855
133855
133855
133855
133855
133855
133855
133855
133855
133855
133855
133855
133855
134201
134201
134201
134201
134201
134201
134201
134201
134201
134201
134201
134201
134224
134224
134224
134224
134224
134224
134224
134224
134224
134224
134224
134224
134224
134426
134426
134426
134426
134426
134426
134426
134426
134426
134426
134490
134748
134748
134748
134748
134748
134748
134748
134748
134748
134748
134748
134748
134748
134748
134748
134748
134748
134748
135087
135087
135087
135087
135087
135087
135087
135087
135087
135777
135777
135777
135777
135777
135777
135777
135777
135777
135777
135777
135777
135777
135777
135777
135777
135777
136500
136500
136500
136500
136500
136500
136500
136500
136500
136500
136500
136500
136500
136500
136500
136500
136500
136500
136529
136529
136529
136529
136529
136529
136529
136529
136529
136529
136529
136529
136529
136529
136529
136529
137293
137293
137293
137293
137293
137293
137348
137348
137348
137348
137348
137348
137348
137348
137348
137348
137348
137348
137348
138256
138256
138256
138256
138256
138256
138256
138256
138256
138256
138256
138256
138256
138256
138451
138451
138451
138451
138451
138451
138451
138451
138451
138451
138451
139023
139023
139023
139023
139023
139023
139023
139023
139023
139023
139023
139023
139023
139023
139023
139023
139023
139023
139249
139249
139249
139249
139311
140005
140005
140005
140005
140005
140005
140005
140005
140005
140005
140005
140005
140005
140005
140005
140005
140005
140005
140005
140005
140100
140100
140100
140100
140100
140100
140100
140100
140100
140100
140183
140183
140183
140183
140183
140183
140183
140785
140785
140785
140785
140785
140785
140785
140785
140785
140785
140785
140785
140785
140785
140785
140785
140785
141411
141411
141411
141411
141411
141411
141411
141411
141411
141411
141411
141411
141411
141411
141411
142833
142833
142833
142833
142833
142833
142833
142833
142833
142833
142833
142833
142967
142967
142967
142967
143028
143028
143028
143058
143058
143058
143058
143058
143336
143336
143336
143336
143336
143336
143336
143336
143336
143336
143336
143336
143436
143436
143436
143436
143436
143436
143742
143742
143742
143742
143742
143742
143742
143742
143742
143742
143742
143742
143742
143742
143742
143742
143742
143742
143742
143948
143948
143948
143948
143948
143969
143969
143977
143977
143977
143977
144050
144050
144050
144050
144050
144050
144050
144050
144050
144050
144050
144050
144050
144050
144050
144050
144050
144367
144367
144418
144418
144418
144418
144418
144418
144418
144418
144418
144418
144418
144418
144418
144418
144418
144418
144418
144458
144458
144458
144458
144458
144458
144458
144458
144458
144458
144458
144458
144458
144892
144892
144892
144892
144892
144892
144892
144957
144957
144957
144957
144957
144957
144962
144962
144962
144962
144962
144962
144962
144962
144962
144962
144962
145267
145267
145267
145267
145267
145267
145267
145267
145267
145267
145267
145267
145267
145384
145384
145384
145384
145384
145384
145384
145384
145384
145384
145384
145384
145384
145384
145384
145384
145384
145384
145384
145384
145388
145388
145388
145388
145388
145388
145388
145388
145561
145561
145561
145561
145561
145561
145561
145561
145561
145561
145775
145783
145783
145783
145783
145783
145783
145783
145783
145783
145783
145783
145783
145783
145783
145783
145783
145783
145783
145783
146124
146124
146124
146124
146124
146124
146124
146124
146124
146124
146124
146124
146124
146124
146124
146124
146124
146146
146146
146146
146146
146146
146146
146146
146146
146146
146146
146146
146339
146339
146339
146339
146339
146339
146339
146339
146339
146339
146339
146339
146339
146339
146339
146339
146544
146544
146544
146544
146544
146544
146544
146544
146544
146544
146544
146544
146544
146544
146544
146544
146544
146544
146544
146544
147102
147102
147102
147102
147102
147102
147102
147102
147102
147102
147102
147102
147102
147102
147102
147102
147102
147102
147102
147180
147180
147814
147814
147814
147814
147904
147904
147904
147904
147904
147904
147904
147904
147904
147904
147904
147904
147904
148021
148021
148021
149038
149038
149038
149038
149038
149038
149038
149038
149038
149218
149218
149218
149218
149218
149218
149218
149218
149218
149218
149218
149218
149218
149218
149218
149218
149218
149218
149218
149243
149243
149243
149243
149243
149243
149243
149243
149243
149243
149243
150021
150021
150021
150021
150021
150021
150021
150021
150021
150021
150021
150021
150021
150021
150124
150124
150124
150124
150124
150124
150124
150317
150317
150799
150799
150799
150799
150799
150799
150799
150799
150799
150799
150799
150799
151250
151250
151250
151250
151250
151250
151250
151250
151250
151250
151250
151250
151719
151719
151719
151719
151719
151719
151719
151719
151719
152106
152106
152106
152106
152106
152106
152106
152106
152106
152106
152106
152106
152106
152106
152106
152106
152106
152106
152106
152106
152390
152390
152390
152390
152390
152390
152390
152390
152390
152390
152390
152390
152474
152474
152474
152474
152474
152635
152635
152635
152635
152635
152635
152635
152635
152635
152635
152635
152635
152635
152635
152916
152916
152916
152916
152916
152916
152916
152916
152916
152916
152916
152916
152916
152916
152916
152916
152916
153286
153286
153286
153286
153286
153286
153286
153286
153286
153286
153286
153286
153286
153286
153286
153286
153286
153286
153286
153286
153367
153367
153367
153367
153367
153367
153367
153367
153367
153367
153367
153367
153367
153367
153367
153367
153367
153367
153367
153367
153450
153450
153450
153450
153450
153450
153450
153450
153450
153450
153450
153450
153450
153450
153450
153450
153450
153465
153465
153465
153465
153465
153465
153465
153465
153465
153465
153465
153465
153465
153465
153465
153465
153465
153465
153465
153528
153528
153528
153528
153528
153528
153528
154154
154154
154154
154154
154154
154154
154154
154154
154154
154154
154154
154154
154154
154154
154154
154154
154154
154897
154897
154897
154897
154897
154897
154897
154897
154897
154897
154897
154897
154897
154897
154897
154897
154897
154897
155008
155008
155008
155008
155008
155008
155008
155008
155008
155008
155008
155008
156856
156856
156856
156856
156856
156856
156856
156856
156856
156856
156946
156946
156946
156946
156946
156946
157335
157335
157335
157335
157387
157387
157589
157589
157589
157589
157589
157589
157589
157589
157589
157589
157589
157712
157712
157712
157712
157712
157712
157712
157712
157712
157712
157712
157712
157712
157712
157712
157712
157761
157761
157761
157761
157761
157761
157761
157761
157761
157761
157761
157761
157779
157779
157779
157779
157779
157779
157779
157779
157779
157779
157779
157779
157779
157779
157779
157779
157779
157779
157779
158482
158482
158482
158482
158482
159451
159451
159691
159691
159691
159691
159691
159691
159691
159691
159691
159691
159691
159691
159691
159691
159691
159691
159766
159766
159766
159766
159766
159766
159766
159766
159766
159766
159766
159766
159819
159819
159819
159819
159819
159819
159819
159819
159819
159819
159943
159943
159943
160123
160220
160220
160220
160220
160220
160220
160220
160220
160556
160556
160556
160556
160556
160556
160556
160556
160556
160556
160556
160556
160556
160556
160556
160780
160780
160780
160780
160780
160780
160780
160780
160780
160780
160780
160910
160910
160910
160910
160910
160910
160910
160910
160910
160910
160910
160910
160910
160910
160910
160910
160910
160910
160910
160910
161369
161369
161369
161369
161369
161369
161369
161369
161369
161369
161369
161369
161369
161369
161369
161369
161369
161369
161369
161538
161538
161538
161538
161538
161538
161538
161538
161538
161538
161538
161538
161538
161538
161538
161538
161538
162060
162060
162060
162060
162060
162060
162060
162060
162060
162060
162060
162060
162341
162341
162376
162376
162376
162376
162376
162376
162376
162376
162376
162376
162376
162499
162499
162499
162499
162499
162499
162499
162499
162499
162499
163150
163150
163150
163150
163150
163150
163150
163150
163150
163179
163179
163179
163179
163220
163220
163220
163220
163220
163220
163220
163220
163220
163220
163220
163220
163220
163220
163220
163220
163220
163220
163846
163846
163846
163846
163846
163846
163846
163846
163846
163846
163846
163846
163846
163846
163846
163846
163846
164002
164002
164008
164008
164008
164008
164008
164008
164008
164008
164008
164008
164008
164008
164008
164008
164077
164077
164077
164077
164077
164077
164077
164077
164077
164077
164077
164077
164077
164077
164078
164078
164078
164078
164078
164078
164078
164078
164078
164555
164555
164555
164555
164555
164555
164555
164555
164555
164555
164555
164555
164555
164555
164555
164555
164555
164555
164555
164667
164667
164667
164667
164667
164667
164667
164667
164667
164667
164667
164722
164722
164722
164722
164722
164722
164722
164722
164722
164722
164722
164722
164722
164722
164722
164722
164722
164722
164722
164723
164723
164723
164723
164723
164723
164723
164723
164723
164723
164723
164723
164723
164723
164723
164723
164723
165211
165211
165211
165211
165211
166348
166348
166348
166348
166348
166348
166348
166348
166348
166348
166348
166348
166348
166348
166348
166348
166348
166348
166348
166745
166745
166745
166745
166745
166745
166745
166745
166745
166745
166745
166745
166745
166745
166777
166777
166777
166777
166777
166777
166777
166777
166777
166777
166777
166777
166777
166777
166800
166993
166993
166993
166993
166993
166993
166993
167139
167139
167139
167139
167139
167139
167139
167139
167139
167139
167303
167303
167303
167303
167303
167303
167303
167303
167303
167303
167303
167303
167437
167437
167437
167437
167437
167437
167437
167437
167437
167437
167437
167437
167437
167437
167437
167445
167445
167445
167445
167445
167445
167445
167445
167445
167445
167445
167445
167445
167798
167798
167798
167798
167798
167798
167798
167798
167798
167798
167798
167798
167798
167798
167798
167855
167855
167855
168011
168011
168011
168011
168011
168011
168011
168011
168011
168011
168011
168011
168011
168011
168011
168011
168011
168011
168011
168102
168102
168102
168102
168102
168102
168102
168102
168102
168102
168102
168102
168102
168102
168102
168102
168152
168152
168152
168152
168152
168653
168653
168653
168653
168653
168653
168653
168653
168653
168653
168653
168653
168653
168722
168722
168722
168722
168722
168722
168722
168722
168870
168870
168878
168878
168878
168878
169325
169325
169325
169325
169513
169540
169540
169540
169540
169540
169540
169540
169540
169540
169540
170437
170437
170437
170437
170437
170488
170488
170488
170488
170488
170488
170488
170488
170648
170648
170648
170648
170648
170648
170648
170648
170648
170648
170648
170648
170648
170648
170648
170733
170733
170733
170733
170733
170733
170733
170733
170733
170733
170733
170735
170735
170735
170735
170735
170735
170735
170735
170735
170735
170745
170745
170745
170745
170745
170745
170745
170745
170745
170745
170821
170821
170821
170821
170821
170821
170821
170821
170821
170821
170821
170821
170821
170821
170821
170821
170992
170992
170992
170992
170992
170992
170992
170992
170992
171263
171263
171263
171263
171263
171263
171263
171263
171437
171437
171437
171437
171437
171437
171437
171437
171609
171609
171710
171710
171710
172310
172310
172310
172310
172310
172310
172310
172310
172310
172310
172310
172310
172310
172310
172310
172310
172310
172359
172359
172359
172359
172359
172359
172359
172359
172359
172359
172359
172359
172359
172359
172359
172359
172359
172359
172564
172564
172564
172564
172610
172610
172610
172610
172610
172610
172610
172610
172610
172610
172610
172610
172610
172610
172610
172610
173176
173176
173247
173247
173247
173247
173247
173247
173247
173247
173247
173247
173247
173247
173247
173247
173247
173247
173247
173247
173247
173247
173292
173292
173292
173292
173292
173314
173314
173314
173314
173314
173314
173314
173314
173314
173314
173314
173314
173579
173579
173579
173579
173579
173579
173579
173579
173579
173579
173579
173579
173579
173579
173579
173579
173579
173815
173815
173815
173815
173815
173815
173815
173815
173815
174024
174024
174024
174024
174024
174024
174024
174024
174024
174024
174024
174024
174284
174284
174284
174284
174284
174284
174284
175443
175443
175443
175443
175443
175443
175443
175443
175443
175443
175443
175443
175443
175443
175443
175443
175443
175443
175443
175796
175796
175796
175796
175796
175796
175796
175796
175796
175796
175796
175796
175823
175823
175823
175823
175823
175823
175913
175913
175913
175913
176156
176156
176156
176200
176200
176200
176200
176200
176200
176200
176200
176200
176200
176200
176200
176200
176442
176442
176442
176442
176442
176442
176442
176442
176442
176442
176442
176451
176451
176761
176761
176761
176761
176761
176761
176761
176761
177063
177063
177063
177063
177063
177063
177063
177063
177063
177063
177063
177063
177063
177063
177063
177063
177063
177063
177067
177067
177067
177067
177067
177067
177067
177067
177067
177067
177067
177067
177067
177394
177394
177394
177394
177394
177394
177394
177394
177394
177394
177394
177394
177394
177394
177394
177394
177394
177394
177394
177503
177503
177503
177533
177533
177533
177533
177533
177533
177533
178336
178336
178336
178336
178336
178336
178336
179085
179085
179085
179085
179085
179085
179085
179085
179085
179085
179085
179085
179085
179085
179085
179411
179411
179411
179411
179411
179411
179411
179411
179411
179738
179738
179738
179738
179738
179738
179738
179738
179738
179738
179738
179738
179738
179738
179738
179738
179738
179738
179738
179738
179782
179782
179782
179782
179782
180322
180322
180322
180322
180322
180322
180322
180322
180322
180322
180322
180322
180322
180322
180322
180322
180322
180322
180505
180505
180505
180589
180589
180589
180589
180589
180589
180589
180589
180589
180589
180589
180589
180589
180589
180589
180589
180589
180589
180589
180693
180693
180693
180693
180693
180693
180693
180693
181652
181652
181652
181652
181652
181652
181652
181803
181803
181803
181803
181803
181803
181803
181803
181803
181803
181803
181803
181907
181907
181907
181907
181907
181907
181907
181907
182056
182056
182056
182056
182056
182056
182056
182056
182056
182056
182056
182056
182056
182056
182056
182056
182108
182108
182108
182108
182108
182108
182108
182108
182108
182108
182108
182108
182108
182108
182108
182108
182164
182164
182164
182164
182566
182566
182566
182566
182566
182566
182566
182566
182566
182566
182566
182566
182566
182566
182566
183081
183081
183081
183081
183081
183081
183081
183081
183081
183081
183081
183081
183081
183081
183081
183081
183081
183081
183081
183529
183529
183529
183529
183529
183529
183529
183529
183529
183640
183640
183640
183640
183640
183640
183640
183640
183640
183640
183640
183640
183640
183844
183844
183844
183844
183844
183844
183844
183844
183844
183844
183844
183846
183846
183846
184220
184220
184220
184220
184220
184220
184220
184593
184593
184593
184593
184593
184593
184593
184593
184593
184593
184593
184944
184944
184944
184944
184944
184944
184944
185018
185018
185018
185321
185321
185321
185321
185321
185321
185321
185321
185321
185321
185321
185321
185321
185321
185321
185321
185685
185685
185912
185912
185912
185912
185912
185912
185912
185912
185912
185964
185964
185964
185964
185964
185964
185964
185964
185964
185964
185964
185964
185964
185964
185964
185964
185964
185964
186066
186066
186587
186587
186587
186587
186587
186587
186587
186587
186587
186587
186587
186587
186587
186587
186587
186587
186587
186587
186587
186587
186663
186663
186663
186663
186663
186663
186794
186794
186794
186794
186794
186794
186794
186794
186794
186794
186794
186794
186794
186794
186794
187204
187204
187204
187204
187204
187204
187204
187204
187204
187204
187303
187303
187303
187303
187303
187303
187303
187303
187355
187355
187355
187355
187355
187355
187355
187437
187437
187437
187437
187693
187693
187693
187693
188116
188116
188116
188116
188116
188116
188116
188116
188116
188116
188116
188116
188116
188116
188116
188116
188258
188258
188258
188258
188258
188258
188258
188258
188258
188258
188258
188258
188258
188258
188258
188258
188258
188258
188258
188258
188375
188375
188375
188375
188375
188375
188375
188375
188377
188377
188377
188377
188377
188377
188377
188377
188377
188377
188377
188377
188377
189172
189172
189172
189172
189172
189172
189172
189172
189172
189172
189172
189921
189921
189921
189921
190056
190056
190056
190056
190056
190056
190056
190056
190056
190056
190056
190056
190056
190056
190056
190056
190056
190512
190512
190512
190512
190767
191491
191491
191491
191491
191491
191491
191491
191491
192519
192519
192519
192519
192727
192727
192727
192727
192730
192730
192730
192730
192730
192730
192730
192730
192797
192938
192938
192938
192938
192938
192938
192938
192938
192938
192938
192938
192938
192938
192938
192938
192938
193656
193656
193656
193656
193656
193656
193656
193656
193769
193769
193769
193769
193769
193769
193769
193769
193769
193769
193769
193769
193769
193769
193954
193954
193954
193954
193954
193954
194250
194250
194250
194250
194250
194250
194250
194250
194250
194250
194250
194250
194250
194250
194250
194250
194250
194250
194431
194431
194431
194431
194431
194431
194431
194431
194431
194431
194431
194431
194431
194497
194497
194497
194497
194497
194629
194629
194876
194876
194876
194876
194876
194876
194876
194876
194876
194876
194876
194876
194876
194876
194876
195112
195112
195112
195112
195687
195687
195687
195687
195687
195687
195687
195687
195687
195687
195687
196168
196168
196168
196168
196168
196168
196168
196168
196168
196168
196168
196168
196857
196857
196857
196857
196857
196857
196857
196857
196857
197064
197064
197064
197064
197064
197131
197131
197131
197131
197131
197131
197131
197131
197131
197131
197131
197131
197131
197131
197131
197131
197131
197131
197131
197131
197545
197545
197545
197545
197545
197545
197545
197825
197874
197874
197874
197874
197874
197874
197874
197874
197874
197874
197874
198215
198215
198215
198215
198215
198215
198215
198215
198459
198459
198459
198459
198459
198459
198459
198459
198459
198459
198459
198483
198483
198483
198483
198483
198483
198483
198483
198483
198483
198483
198483
198483
198483
198483
198483
198586
198586
198586
198586
198586
198586
198586
198586
198586
198586
198586
198586
198586
198586
198586
198586
198586
198586
198727
198727
198727
198727
198727
198935
198935
198935
198935
198935
198935
198935
198935
199175
199175
199175
199175
199175
199175
199175
199175
199175
199175
199175
199175
199175
199175
199265
199265
199265
199265
199265
199265
199265
199265
199265
199265
199265
199321
199524
199524
199524
199524
199524
199524
199524
199524
199524
199524
200060
200060
200060
200218
200218
200218
200218
200218
200218
200218
200218
200218
200218
200218
200218
200218
200218
200218
200218
200218
200331
200810
200810
200810
200810
200810
200810
200810
200810
200810
200810
200810
200810
200810
200810
200810
200810
200810
200810
200810
201523
201523
201523
201523
201523
201523
201523
201949
201949
201949
201949
201949
202265
202265
202265
202265
202624
202624
202624
203074
203074
203074
203074
203074
203074
203074
203074
203074
203074
203074
203074
203074
203074
203074
203074
203074
203074
203074
203074
203476
203476
203476
203476
203516
203516
203516
203516
203516
203516
203670
203670
203670
203670
203925
203925
203925
203925
203925
203925
203925
203925
203925
203925
204167
204167
204167
204167
204167
204167
204167
204167
204167
204167
204167
204167
204167
204167
204167
204167
204167
204167
204167
204889
204981
204981
205441
205441
205441
205441
205441
205441
205546
205546
205546
205546
205546
205546
205965
205965
205965
205965
205965
206342
206342
206342
206342
206342
206342
206342
206342
206342
206342
206342
206342
206342
206342
206342
206342
206342
206342
206342
206905
206905
206905
206905
206905
206905
207404
207404
207404
207404
207404
207404
207404
207404
207404
207404
207404
207404
207404
207404
207404
207404
207404
207404
207404
207404
207479
207479
207479
207479
207479
207479
207479
207479
207479
207479
207490
207490
207490
207490
207490
207490
207490
207490
207490
207490
207490
207490
207490
207490
207490
207564
207564
207564
207588
207588
207646
207646
207646
207646
207646
207646
207646
207646
207646
207646
207646
207646
208470
208470
208470
208470
208470
208470
208470
208470
208470
209155
209155
209155
209155
209155
209155
209155
209155
209155
209155
209155
209155
209155
209155
209155
209249
209249
209249
209249
209249
209249
209249
209249
209249
209249
209296
209296
209296
209296
209296
209296
209296
209296
209296
209296
209329
209329
209329
209329
209329
209329
209329
209329
209426
209426
209426
209426
209426
209426
209426
209426
209654
209654
209654
209654
209654
209654
209654
209654
209654
209654
209654
209654
209654
210084
210084
210084
210084
210084
210084
210084
210084
210272
210272
210272
210272
210272
210272
210272
210411
210411
210411
210534
210534
210534
210534
210534
210534
210534
210534
210534
210534
210534
210534
210534
210534
210534
210534
210674
210674
210674
210674
210674
210674
210730
210730
210730
210730
210730
210730
210730
210730
210730
210730
210730
210730
210730
210730
210850
210850
210850
210850
210850
210850
210850
210850
210850
210850
211017
211017
211017
211017
211017
211017
211017
211017
211017
211017
211017
211017
211017
211017
211017
211123
211123
211286
211286
211286
211286
211286
211286
211286
211286
211286
211286
211286
211286
211286
211286
211286
211286
211335
211335
211335
211335
211427
211427
211427
211427
211427
211427
211427
211427
211427
211427
211427
211427
211427
211427
211427
211427
211427
211427
212676
212676
212676
212676
213013
213013
213013
213013
213013
213013
213013
213013
213013
213013
213013
213013
213013
213013
213332
213332
213332
213332
213332
213332
213332
213332
213584
213584
213672
213672
213672
213759
213759
213759
213759
213759
213759
213759
213759
213759
213759
213759
213759
213759
214420
214420
214420
214420
214420
214420
214420
214420
214420
214420
214420
214420
214420
214546
214546
214546
214546
214546
214546
214546
214546
214546
214546
214546
214546
214546
215167
215167
215167
215167
215349
215349
215349
215349
215349
215349
215349
215349
215349
215349
215349
215349
215349
215843
215843
215843
215843
215843
215843
215843
215843
215928
215928
215928
215928
215928
215928
215928
215974
215974
215974
215974
215974
215974
215987
215987
215987
215987
215987
215987
215987
215987
216282
216282
216282
216282
216282
216282
216282
216282
216386
216386
216386
216386
216386
216386
216386
216386
216386
217142
217142
217142
217142
217142
217142
217317
217320
217320
217320
217320
217446
217446
217446
217446
217446
217446
217446
217446
217446
217446
217446
217446
217446
217446
217446
217446
217446
217446
217446
217446
217543
217543
217543
217543
217543
217543
217543
217543
217543
217543
217543
217543
217624
217624
217624
217624
217624
217624
217624
217624
217624
217961
217961
217961
218110
218110
218110
218110
218110
218110
218110
218110
218110
218110
218110
218110
218110
218110
218154
218154
218154
218154
218154
218154
218448
218448
218448
218448
218448
218448
218448
218448
218448
218448
218448
218448
218448
218448
218448
218448
218448
218448
218448
218448
218540
218540
218540
218540
218540
218540
218540
218540
218540
218540
218540
218540
218540
218540
218540
218540
218540
218540
218540
218540
218629
218629
218674
218674
218674
218674
218674
218674
218674
218674
218674
218674
218674
218674
218674
218674
218674
218674
219230
219230
219230
219230
219230
219230
219230
219230
219230
219230
219230
219230
219230
219230
219230
219230
219374
219374
219374
219374
219374
219374
219374
219374
219374
219374
219374
219374
219665
219665
219665
219665
219665
220453
220453
220453
220453
220453
220453
220453
220453
220453
220453
220453
220453
220453
220453
220453
220453
220579
220579
220579
220579
220579
220579
220579
220579
220579
220579
220579
220987
220987
220987
221566
221566
221987
221987
221987
221987
221987
221987
221987
221987
221987
222199
222199
222666
222666
223541
223541
223541
223553
223553
223761
223761
223761
223761
223761
223761
223761
223761
223761
223761
223761
223761
223761
223761
223761
223761
223761
223761
223761
223982
223982
223982
223982
223982
223982
223982
223982
223982
223982
223982
223982
223982
223982
223982
223982
224010
224010
224010
224010
224010
224010
224010
224402
224402
224402
224402
224402
224402
224402
224402
224402
224402
224402
224888
224888
224888
224888
224888
224888
224888
224888
224888
224888
225294
225294
225294
225294
225294
225294
225294
225294
225294
225294
225631
225631
225631
225631
225631
225631
225631
225631
225631
225631
225631
225631
225631
225706
225706
225856
225856
225856
225856
225856
225856
225856
225856
225856
226619
226619
226619
226619
226619
226949
226949
226949
226949
226949
227135
227135
227135
227135
227135
227135
227135
227416
227416
227416
227416
227514
227514
227514
227514
227514
227514
227514
227514
227540
227540
227540
227540
227540
227540
227540
227540
227540
227540
227540
227540
227540
227540
227540
227540
228134
228134
228134
228356
228356
228356
228356
228422
228422
228422
228422
228422
228422
228422
228422
228422
228422
228422
228422
228422
228422
228422
228422
228422
228422
228422
229145
229145
229145
229145
229145
229145
229145
229145
229145
229145
229145
229145
229145
229145
229145
229145
229334
229334
229334
229334
229334
229334
229334
229334
229334
229334
229334
229334
229709
229709
229709
229709
229709
229709
229709
229709
229709
229709
229709
229709
229709
229709
229902
229902
229902
229902
229902
230101
230101
230101
230101
230101
230101
230101
230101
230101
230101
230101
230243
230243
230243
230243
230243
230243
230243
230243
230243
230243
230384
230384
230384
230384
230384
230384
230384
230384
230384
230505
230505
230505
230505
230505
230505
230505
230505
230505
230505
230505
230843
230843
230843
230843
230843
230843
230843
230843
230843
230843
230843
230843
230843
231289
231289
231289
231289
231289
231289
231319
231576
231576
231576
231576
231576
231576
231576
231576
231576
231576
231576
231576
231576
231576
231576
231962
231962
232210
232210
232210
232210
232210
232210
232210
232210
232210
232210
232210
232210
232210
232210
232210
232210
232210
232210
232210
232538
232538
232538
232538
232538
232538
232538
232538
232538
232538
232538
234165
234283
234283
234283
234283
234283
234283
234283
234283
234283
234283
234283
234283
234283
234283
234632
234632
234632
234632
234632
234632
234632
234632
234632
234632
234632
234632
234632
234632
234906
234906
234906
234906
234906
234906
234906
234906
234906
234906
235107
235374
235374
235374
235374
235374
235374
235374
235374
235528
235528
235528
235528
235528
236501
236501
236501
236501
236501
236501
236501
236501
236501
236501
236501
236501
236501
236501
236501
236501
236501
236501
236501
236501
236507
236507
236507
236605
236605
236605
236670
236670
236670
236670
236670
236670
236670
236670
236670
236670
236670
236670
236670
236670
236670
237169
237169
237169
237169
237169
237169
237169
237169
237169
237169
237169
237229
237229
237229
237229
237229
237229
237229
237229
237229
237229
237229
237229
237229
237229
237229
237229
237573
237573
237573
237573
237573
237573
237573
237573
237573
237573
237594
237594
237594
237594
237594
237594
237594
237594
237594
237594
237594
237594
237594
237594
237594
237594
237594
237748
237748
237748
238648
238648
238648
238648
238648
238648
238648
238648
238648
238648
238648
238648
238648
238648
238648
238648
238648
238648
238648
238836
238836
238836
238836
238836
238836
238836
238849
238849
238849
238849
238849
238849
238849
238849
238849
238849
238849
238849
238849
238849
238849
238942
238942
238942
238942
238942
238942
238942
238942
238942
238942
238942
238942
238942
238942
238942
238942
238942
239056
239056
239056
239056
239056
239056
239080
239080
239080
239080
239080
239080
239080
239080
239080
239080
239080
239080
239080
239080
239080
239080
239080
239140
239140
239140
239140
239140
239140
239140
239140
239140
239140
239140
239140
239140
239140
239140
239140
239140
239140
239140
239241
239241
239241
239241
239241
239241
239241
239241
239241
239241
239241
239241
239241
239241
239241
239241
239241
239241
239832
239832
239832
239832
239832
239832
239832
239832
239832
239832
239832
239832
239832
239832
239832
240149
240149
240149
240149
240149
240202
240202
240202
240202
240202
240202
240202
240202
240202
240202
240202
240202
240202
240202
240202
240202
240202
240362
240362
240362
240362
240484
240484
240484
240484
240484
240484
240484
240484
240484
240484
240484
240484
240484
240484
240484
240530
240530
240530
240530
240530
240530
240530
240530
240530
240530
240530
240530
240530
240530
240530
240530
240530
240530
240664
240664
240664
240664
240664
240664
240664
240664
240664
240664
240664
241382
241382
241382
241382
241382
241382
241382
241382
241382
241382
241382
241382
241382
241382
241382
241382
241382
241577
241577
241577
241577
241577
241577
241577
241577
241577
241577
241577
241577
241577
241577
241577
241577
241577
241797
241797
241797
241797
241797
241891
241891
241891
241891
241891
241891
241891
241891
241891
241891
242103
242103
242103
242103
242103
242103
242103
242103
242103
242103
242103
242103
242103
242103
242103
242103
242103
242103
242191
242191
242191
242191
242191
242191
242191
242191
242191
242191
242191
242191
242191
242191
242191
242191
242191
242365
242365
242365
242365
242365
242365
242365
242365
242365
242365
242365
242528
242528
242528
242528
242528
242528
242528
242528
242528
242528
242528
242528
242528
242528
242684
242684
242866
242866
242866
242866
242866
242866
242866
242866
242866
242866
243172
243172
243172
243172
243172
243172
243172
243239
243239
243239
243239
243239
243239
243239
243239
243239
243318
243318
243318
243318
243318
243318
243318
243318
243318
243318
243318
243318
243318
243318
243318
243318
243318
243318
243366
243366
243366
243366
243366
243366
243366
243366
243366
243366
243366
243366
243366
243366
243366
243366
243366
243366
243366
243366
243820
243820
243820
243820
243820
243820
243820
243820
243820
243820
243820
243820
243820
243820
244420
244420
244420
244420
244420
244420
244420
244420
244420
244420
244420
244420
244503
244503
244503
244503
244503
244503
244698
244698
244698
244698
244698
244698
244698
244698
244698
244698
244842
244842
244842
244842
244842
244842
244842
244842
244842
244842
244842
244876
244876
244876
244876
244876
244876
244876
244876
244876
244876
244876
244876
244876
244876
244876
244876
244876
244876
244876
244915
244915
244915
244915
244915
244915
244915
244915
244915
244915
244915
244915
244915
244915
244915
244915
244915
244915
244915
244915
244926
245686
246231
246231
246231
246231
246231
246231
246231
246231
246231
246231
246231
246231
246231
246783
246783
246783
246783
246783
246783
246783
246783
246783
246783
246783
246783
246783
246783
246783
246783
246783
246783
246783
247976
247976
247976
247976
247976
247976
247976
247976
247976
247976
248186
248186
248186
248186
248186
248186
248284
248284
248284
248284
248284
248284
248284
248284
248284
248284
248284
248510
248685
248685
248685
248685
248685
248685
248685
248685
248685
248685
248685
248685
248685
248685
248685
248685
248996
248996
248996
248996
248996
249144
249144
249144
249144
249144
249144
249144
249144
249144
249144
249144
249144
249144
249144
249144
249144
249144
249144
249258
249258
249258
249525
249525
249525
249525
249525
249525
249525
249525
249525
249525
249525
249525
249525
249525
249525
249525
249525
249530
249530
249530
249530
249530
249530
249530
249530
249530
249530
249530
249530
249530
249530
249569
249569
249569
249892
249892
249892
249892
249892
249892
249892
249892
249892
249892
249892
249892
249892
249892
249892
249892
249892
249892
250086
250086
250086
250086
250086
250086
250208
250208
250208
250208
250208
250208
250208
250208
250208
250208
250208
250208
250208
250208
250208
250208
250208
250208
250208
250609
250609
250609
250619
250619
250619
250619
250619
250619
250619
250619
250619
250619
250619
250619
250619
250619
250619
250740
250740
250740
250740
250740
250740
250740
250740
250740
250740
250740
250740
250740
250740
250740
250740
250740
250740
250740
251349
251349
251349
251349
251349
251349
251349
251349
251349
251349
251349
251458
251458
251458
251458
251458
251458
251458
251458
251458
251458
251838
252396
252396
252396
252396
252396
252396
252396
252396
252396
252396
252396
252396
252396
252396
252809
252809
252809
252809
252809
252809
252809
252809
252809
252809
252809
252809
252809
252809
252809
252809
252809
252809
252809
253196
253196
253196
253196
253196
253196
253196
253196
253196
253433
253433
253433
253465
253465
253465
253465
253465
253564
253564
253564
253564
253564
253564
253564
253579
253579
253790
253790
253790
253790
254206
254206
254206
254206
254206
254206
254206
254206
254206
254206
254206
254206
254206
254206
254493
254493
254493
254493
254493
254493
254493
254493
254493
254493
254493
254493
254493
254493
254493
254493
254493
254493
255210
255210
255345
255345
255345
255345
255345
255345
255345
255345
255345
255345
255430
255430
255430
255430
255430
255430
255430
255430
255430
255430
255430
255430
255430
255430
255430
255430
255430
255701
255701
255701
255701
255701
255701
255701
255701
255701
255701
255701
255701
255701
255701
255701
255701
255701
255701
255704
255704
255704
255704
255704
255704
256189
256189
256189
256189
256189
256189
256189
256189
256189
256189
256189
256189
256189
256339
256339
256339
256339
256339
256339
256339
256339
256339
256339
256339
256339
256339
256339
256339
256417
256417
256677
256677
256677
256677
256677
256677
256677
256677
256677
256677
256793
256793
256793
256793
256793
256793
256793
256878
256878
256878
256878
256878
256878
256878
256878
256878
256878
256878
256878
257036
257036
257036
257367
257367
257367
257367
257367
257367
257367
257367
257367
257367
257367
257367
257367
257367
257367
257367
257367
257367
257367
257379
257379
257379
257379
257379
257379
257379
257379
257379
257379
257379
257379
257379
257379
257379
257379
257379
257637
257637
257637
257637
257642
257642
257642
257642
257642
257642
257642
257642
257642
257642
257726
257726
257726
257726
257726
257726
257726
257726
258375
258375
258375
258375
258375
258375
258375
258375
258375
258375
258935
258935
258935
258935
258935
258935
258935
258935
258935
258935
258935
258935
258935
258935
258935
258935
258935
259308
259308
259308
259308
259308
259308
259308
259308
259308
259563
259563
259563
259671
259671
259671
259672
259936
259936
259936
259936
259936
259936
259936
259936
259936
259936
259936
259936
259936
259973
259973
259973
259973
259973
259973
260000
260000
260000
260000
260000
260000
260000
260000
260000
260000
260000
260000
260000
260000
260000
260000
260000
260000
260092
260092
260092
260092
260226
260226
260226
260226
260226
260226
260226
260226
260226
260226
260226
260292
260292
260292
260292
260292
260292
260292
260292
260292
260292
260292
260292
260292
260292
260292
260292
261938
261938
261938
261938
261938
261938
261938
261938
261938
261938
261938
262132
262132
262132
262132
262132
262132
262132
262132
262132
262132
262132
262132
262132
262132
262618
262618
262618
262618
262618
262618
262618
262618
262618
262713
262713
262713
262713
262713
262713
262713
262713
262713
262713
262713
262713
262713
262713
262713
262713
263070
263070
263070
263070
263070
263401
263401
263401
263401
263401
263401
263401
263401
263401
263401
263489
263700
263700
263700
263700
263700
263700
263700
263700
263700
263700
263700
263700
263700
263700
263700
263854
263854
263854
263854
263854
263854
263854
264082
264082
264082
264082
264082
264082
264082
264439
264439
264439
264439
264439
264439
264439
264439
264439
264439
264439
264439
264439
264439
264439
264439
264439
264439
264575
264575
264575
264575
264575
264575
264575
264575
264575
264575
264575
264575
264575
264575
264575
264575
264575
264614
264614
264614
264614
264614
264614
264614
264614
264768
264768
264768
264768
264771
264771
264771
264771
264771
264771
264771
264771
264771
264771
264771
264885
264885
264885
264885
264885
264885
264885
265414
265414
265414
265414
266160
266160
266160
266160
266160
266160
266160
266160
266160
266160
266160
266160
266160
266160
266160
266160
266160
266160
266160
266160
266161
266161
266161
266161
266161
266161
266161
266161
266204
266204
266204
266204
266204
266204
266204
266204
266592
266592
266592
266592
266592
266592
266592
266592
266592
266592
266592
266592
266592
266592
266798
266798
266798
266798
266798
266798
266798
266798
266798
266798
266798
266798
266798
266798
266798
266798
266798
266798
266798
267130
267130
267130
267130
267130
267137
267137
267137
267137
267137
267137
267137
267137
267137
267137
267137
267137
267137
267137
267137
267137
267137
267137
267137
267137
267501
267501
267501
267501
267501
267501
267501
267501
267545
267545
267545
267545
267545
267545
267545
267545
267545
267545
267545
267545
267720
267720
267720
267720
267720
267720
267720
267720
267720
267720
267720
267720
267720
267720
267720
267720
267720
267720
267720
267720
267786
267786
267786
267786
267786
267786
267786
267786
267786
268168
268168
268168
268168
268168
268168
268168
268168
268168
268531
268531
268531
268531
268531
268531
268531
268531
268531
268531
268859
268859
268859
268859
268859
268859
268859
268859
268859
269170
269170
269170
269170
269501
269501
269501
269501
269501
269501
269501
269501
269501
269501
269501
269501
269501
269501
269940
269940
269940
269940
269940
270045
270045
270045
270045
270045
270045
270045
270254
270254
270254
270438
270438
270438
270438
270438
270438
270438
270503
270503
270503
270503
270503
271610
271610
271610
271610
271610
271610
271610
271610
271610
271610
271610
271610
271610
271610
271610
271853
271853
271853
271853
271853
271853
271853
271853
271853
271853
271853
271853
271863
271863
271863
271863
271863
271863
271877
271877
271877
271877
271877
271877
271877
271877
271877
271877
271877
271877
271877
271877
271877
271877
271877
271877
271877
271877
271907
271907
272023
272023
272023
272023
272023
272023
272023
272023
272133
272133
272133
272133
272133
272133
272133
272620
272620
272620
272620
272620
272620
272620
272620
272620
272620
272620
272620
272620
272632
272632
272632
272632
272632
272632
272632
272632
272632
272632
272632
272632
272985
272985
272985
272985
272985
272985
272985
272985
272985
273619
273619
273619
273619
273619
273619
273619
273619
273660
273660
273660
273660
273660
273660
273660
273660
273660
273660
273660
273660
273660
273660
273660
273660
274831
274831
274831
274831
275163
275163
275163
275163
275163
275163
275163
275163
275163
275558
275558
275558
275558
275558
275558
275558
275558
275558
275558
275558
275558
275558
275558
275558
275874
275874
275874
275874
275874
275874
275874
275874
275874
275874
275874
275874
275874
275874
275964
275973
275973
275973
275973
275973
275973
275973
275973
275973
275973
275973
275973
275980
275980
276058
276058
276058
276058
276058
276058
276058
276058
276058
276058
276058
276341
276341
276341
276341
276341
276341
276341
276341
276341
276341
276341
276341
276341
276341
277100
277100
277100
277100
277100
277100
277100
277106
277106
277106
277106
277106
277106
277106
277106
277106
277106
277106
277106
277106
277106
277106
277106
277106
277303
277303
277303
277303
277303
277303
277303
277303
277303
277303
277303
277303
277303
277303
277303
277303
277303
277303
277341
277341
277341
277572
277572
277572
277572
277572
277572
277572
277572
277572
277572
277572
277572
277572
277572
277572
277572
277572
277572
277574
277574
277574
277574
277574
277574
277574
277574
277574
277574
277574
277574
277574
277574
277574
277574
277646
277646
277646
277646
277646
277646
277646
277646
277646
277646
277646
277646
277646
277646
277646
277646
277646
278125
278125
278125
278125
278125
278224
278224
278224
278224
278224
278224
278224
278224
278224
278224
278224
278224
278224
278224
278356
278356
278356
278356
278356
278356
278356
278356
278356
278356
278356
278356
278356
278356
278977
278977
278977
278977
278977
278977
278977
278977
278977
278977
278977
278977
278977
278977
278977
279024
279024
279024
279024
279024
279024
279441
279441
279441
279441
279441
279441
279441
279745
279745
279745
279927
279927
279927
279927
279927
279927
279927
279927
279927
280224
280224
280224
280224
280224
280224
280224
280224
280224
280224
280224
280224
280224
280685
280685
280685
280685
280685
280685
280685
280685
280685
280685
280685
280685
280685
280685
280685
280685
280685
280685
280685
280760
280760
280760
280760
280760
280760
280760
281610
281610
281610
281610
281610
281610
281610
281610
281610
281610
281610
281647
281647
281647
281647
281647
281647
281647
281647
281647
281647
281647
281647
281697
281697
281697
281697
281697
281697
281697
281697
281697
281697
281697
282944
282944
282944
282944
282944
282944
282944
282944
282944
282944
282944
283167
283167
283167
283167
283167
283167
283167
283167
283770
283770
283770
283770
283770
283770
283770
283770
283770
283770
283770
283770
283770
284169
284169
284169
284169
284169
284169
284169
284169
284169
284169
284169
284169
284169
284169
284169
284209
284209
284209
284209
284209
284209
284209
284209
284209
284209
284209
284209
284209
284209
284209
284209
284209
284209
284209
284209
284435
284435
284435
284435
284435
284435
284435
284435
284435
284435
284435
284435
284435
284435
284435
284644
284644
284644
284644
284644
284644
284644
284644
284644
284644
284644
284644
284644
284644
284644
284644
284691
284691
284691
284691
284691
284691
284691
284691
284691
284691
284691
284691
284691
284691
284803
284803
284803
284803
284803
284803
284803
284803
284803
284803
284803
284803
284803
284803
284803
284803
284803
284803
285574
285574
285574
285574
285871
285871
285871
285871
285871
285871
285871
285871
285871
285871
285871
285871
285871
285871
285871
286102
286102
286102
286102
286102
286102
286102
286102
286102
286228
286228
286228
286228
286228
286228
286228
286228
286228
286228
286228
286228
286228
286228
286228
286228
286228
286228
286228
286228
286597
286597
286597
286597
286597
286597
286597
286597
286597
286597
286597
286597
286597
286597
286597
286597
286597
286698
286698
286698
286698
286698
286698
286698
286698
286698
286698
286698
286698
286698
286698
286698
286698
286698
286698
286698
286698
286863
287010
287010
287010
287010
287010
287010
287010
287010
287010
287010
287010
287010
287010
287010
287010
287010
287010
287010
287010
287010
287175
287175
287175
287175
287175
287175
287175
287175
287175
287175
287419
287419
287419
287419
287419
287419
287419
287419
287632
287632
287632
287632
287632
287632
287632
287632
287632
287632
287632
287632
287632
287632
287632
287637
287637
287637
287637
287637
287637
287637
287637
287637
287637
287637
287637
287637
287637
287637
287637
287637
287848
287848
287848
287848
287848
287848
287848
287848
287848
287848
287848
287959
287959
287959
287959
287959
287959
287959
287959
287959
287959
287959
288105
288480
288480
288480
288480
288480
288480
288480
288480
288480
288480
288480
288480
288480
288497
288497
288497
288497
288497
288497
288497
288497
288497
288497
288497
288497
288497
288497
288497
288497
288497
288497
288497
288557
288557
289228
289228
289228
289228
289228
289228
289228
289228
289228
289228
289228
289228
289228
289228
289228
289228
289228
289228
289369
289369
289369
289369
289369
289369
289369
289369
289369
289369
289369
289369
289369
289369
289369
289369
289369
289369
289369
289495
289495
289495
289495
289859
289859
289859
289859
289859
289859
289859
289859
289859
289859
289859
289859
289859
289859
289859
289953
289953
289953
289953
289953
289953
289953
289953
289953
289953
289953
289953
290046
290046
290046
290046
290046
290046
290046
290046
290046
290046
290046
290046
290227
290227
290227
290227
290227
290227
290227
290488
290488
290488
290488
290488
290488
290488
290488
290488
290488
292231
292231
292231
292231
292231
292231
293413
293413
293737
293737
293737
293737
293737
293737
293737
293737
293737
293737
293737
293737
293737
293737
293940
293940
293940
293940
293940
293940
293940
293940
294047
294047
294047
294047
294047
294047
294047
294047
294047
294047
294047
294182
294182
294182
294182
294182
294182
294182
294182
294182
294182
294245
294245
294245
294245
294245
294245
294245
294245
294245
294245
294245
294245
294245
294245
294245
294245
294245
294284
294435
294435
294435
294435
294435
294435
294662
294662
294662
294662
294662
294662
294662
294662
295276
295276
295276
295276
295276
295276
295276
295276
295276
295276
295276
295276
295276
295276
295276
295276
295276
295276
295276
295276
295609
295609
295910
295910
295910
295910
295910
295910
295910
295910
295910
295910
295910
295910
295910
295910
295910
296060
296060
296060
296060
296060
296060
296060
296060
296060
296060
296060
296060
296060
296060
296060
296060
296219
296219
296219
296219
296219
296219
296219
296219
296219
296219
296413
296623
296623
296623
296623
296623
296623
296623
296623
296623
296735
296735
296735
296735
296735
296735
296735
296735
296735
297350
297350
297350
297350
297350
297350
297350
297350
297350
297350
297350
297350
297350
297350
297350
297886
297886
297886
297886
297886
297886
297932
297932
297932
297932
297987
297987
297987
297987
297987
297987
297987
297987
297987
298451
298451
298451
298451
298451
298451
298451
298451
298451
298451
298451
298451
298451
298451
298451
298451
298451
298451
298451
298471
298471
298471
298471
298471
298471
298471
298471
298471
298471
298471
298471
298471
298471
298471
298471
298471
298719
298719
298719
298719
299406
299406
299406
299406
299406
299406
299406
299406
299406
299406
299406
299406
299406
299443
299443
299443
299443
299443
299443
299443
299443
299443
299443
299471
299471
299471
299471
299471
299471
299471
299471
299471
299471
299937
299937
299937
299937
299937
299937
299937
299937
300110
300110
300110
300110
300110
300427
300427
300427
300427
300427
300427
300427
300427
300427
300427
300427
300427
300462
300462
300462
300462
300462
300462
300462
300462
300462
301126
301126
301126
301126
301126
301126
301304
301304
301304
301304
301304
301304
301304
301304
301304
301304
301304
301304
301304
301304
301304
301304
301304
301304
301304
301304
301415
301415
301415
301415
301415
301415
301619
301619
301619
301619
301619
301619
302364
302364
302364
302364
302364
302364
302364
302364
302913
302913
302913
302913
302913
302913
302913
302913
302913
302913
302913
302913
302913
302913
302913
302913
302913
302913
302913
302913
303007
303007
303007
303007
303007
303007
303007
303007
303007
303007
303007
303007
303007
303007
303007
303007
303007
303007
303007
303007
303129
303129
303129
303129
303129
303129
303248
303248
303248
303248
303248
303248
303248
303248
303248
303248
303248
303267
303267
303267
303267
303267
303267
303267
303267
303267
303267
303267
303267
303267
303267
303267
303267
303267
303267
303267
303544
303544
303813
303813
303813
303813
303813
303813
303813
303813
303813
303813
303813
303813
303813
303813
303813
303813
303813
303813
304235
304235
304235
304235
304235
304235
304235
304235
304235
304560
304560
304560
304560
304560
304560
304560
304560
304560
304560
304607
304607
304607
304607
304607
305069
305069
305069
305069
305069
305069
305069
305069
305069
305597
305597
305723
305723
305723
305723
305723
305723
305723
305723
305723
305723
305723
305723
305723
306832
306832
306832
306832
306832
306832
306832
306832
306832
306832
307723
307723
307723
307723
307723
307723
307723
308005
308005
308005
308005
308005
308005
308005
308005
308005
308005
308005
308005
308005
308005
308005
308005
308005
308005
308005
308042
308042
308042
308042
308042
308042
308042
308042
308042
308095
308095
308095
308095
308095
308095
308095
308095
308095
308095
308095
308095
308095
308341
308341
308341
308341
308341
308341
308341
308341
309064
309064
309064
309064
309064
309064
309064
309064
309064
309064
309064
309064
309064
309064
309064
309064
309064
309064
309064
309064
309857
309857
309857
309857
309857
309857
309857
309857
309857
309857
309857
309857
309857
309916
309916
309916
309916
309916
309916
309916
309916
309916
309986
309986
309986
309986
309986
309986
309986
309986
309986
309986
309986
310008
310008
310008
310008
310008
310008
310008
310040
310040
310040
310040
310040
310040
310040
310040
310040
310040
310040
310040
310040
310040
310040
310040
310040
310235
310235
310235
310235
310235
310235
310235
310235
310235
310235
310235
310235
310295
310295
310295
310623
310623
310623
310623
310623
310623
310623
310623
310623
310623
310623
310623
310623
310623
310623
310623
310623
310623
310623
311039
311039
311039
311039
311039
311039
311039
311039
311039
311039
311039
311039
311039
311039
311072
311072
311072
311072
311072
311072
311072
311072
311072
311072
311072
311072
311072
311212
311212
311212
311212
311212
311212
311212
311212
311212
311212
311212
311212
311212
311285
311285
311285
311285
311285
311285
311285
311285
311285
311285
311285
311285
311285
311285
311285
311285
311302
311302
311302
311302
311302
311302
311302
311302
311302
311302
311302
311302
311302
311302
311302
311302
311302
311302
311499
311499
311514
311620
311620
311620
311951
311951
311951
311951
311951
311951
312145
312145
312145
312145
312145
312145
312145
312145
312145
312145
312145
312145
312145
312145
312145
312145
312423
312423
312423
312423
312423
312423
312423
312423
312423
312423
312423
312423
312423
312423
312423
312423
312903
312903
312903
312903
312903
312903
312903
312903
312903
312903
312903
312903
312903
312903
312903
312918
312918
312918
313210
313210
313210
313210
313210
313210
313210
313210
313210
313210
313345
313345
313345
313345
313345
313345
313345
313345
313345
313345
313345
313345
313345
313345
313345
313345
313345
313345
313345
313345
313787
313787
313787
313787
313787
313787
313787
313787
313787
313787
313787
313787
313787
313787
313787
314064
314064
314064
314064
314064
314064
314064
314131
314131
314131
314131
314131
314507
314507
314507
314507
314507
314507
314507
314688
314688
314688
314688
314688
314688
314688
314688
314688
314688
314717
314717
314717
314717
314717
314717
314717
314717
314717
314717
314717
314717
314717
314717
314820
314820
314820
314820
314820
314820
314820
314820
314820
314820
314820
314820
315153
315153
315153
315153
315320
315320
315320
315320
315320
315320
315320
315320
315320
315320
315873
315873
315873
315873
315873
315873
315873
315873
315873
315873
315873
315873
315873
315873
315873
315873
315873
315873
315873
316125
316125
316125
316125
316125
316125
316125
316125
316125
316125
316125
316125
316125
316125
316125
316125
316549
316549
316549
316549
316549
316549
316549
316549
316549
316549
316549
316549
316549
316549
316549
316549
316549
316549
316549
316549
317213
317213
317213
317213
317213
317213
317213
317213
317213
317213
317213
317213
317213
317213
317213
317213
317471
317471
317471
317471
317471
317471
317471
317471
317471
317471
317471
317471
317471
317507
317507
317507
317507
317507
317507
317507
317507
317507
317507
317654
318116
318116
318116
318116
318116
318116
318116
318116
318116
318116
318116
318116
318116
318188
318188
318188
318188
318188
318188
318188
318188
318188
318188
318188
320020
320214
320214
320214
320214
320214
320214
320214
320214
320214
320214
320214
320214
320214
320214
320214
320214
320241
320241
320241
320241
320241
320241
320241
320404
320404
320404
320404
320404
320404
320404
320404
320404
320404
320404
320404
320404
320404
320404
320404
320404
320591
320591
320591
320591
320591
320591
320591
320591
320591
320591
320591
320591
320591
320591
320591
320591
320591
320591
320591
320674
321252
321252
321252
321252
321252
321252
321252
321252
321252
321252
321483
321483
321483
321483
321483
321483
321483
321483
321483
321483
321483
321523
321523
321523
321523
321523
321523
321523
321523
321614
321614
321614
321614
321614
321614
321614
321614
321614
321614
321614
322309
322309
322309
322309
322309
322309
322309
322309
322309
322309
322309
322309
322309
322309
322595
322595
322595
322595
322595
322595
322595
322595
322595
322595
322595
322595
322595
322595
322595
322595
322595
322833
322833
322833
322833
322833
322833
322833
322833
322999
322999
322999
322999
323197
323197
323197
323197
323197
323197
323197
323197
323231
323231
323231
323231
323247
323247
323247
323247
323247
323247
323247
323247
323247
323247
323290
323290
323290
323290
323290
323290
323290
323290
323290
323290
323290
323458
323458
323458
323458
323458
323458
323458
323458
323458
323458
323458
323458
323458
323458
323458
323458
323458
323707
323707
323707
323707
323739
323739
323739
323739
323739
323739
323739
323739
323739
323739
324147
324147
324147
324147
324147
324147
324147
324147
324261
324261
324261
324261
324261
324261
324261
324261
324261
324261
324261
324261
324261
324261
324261
324261
324261
324287
324287
324287
324287
324287
324287
324287
324287
324287
324287
324287
324287
324287
324287
324287
324287
324287
324421
324421
324421
324421
324421
324421
324421
324421
324421
324421
324421
324507
324507
324507
324507
324507
324516
324516
324516
324516
324516
324516
325304
325304
325304
325304
325304
325304
325304
325304
325304
325304
325304
325304
325304
325304
325304
325304
325304
325304
325516
325516
325596
325596
325596
325596
325596
325596
325596
325596
325596
325596
325596
325596
325596
325596
325596
325596
325596
325596
325596
325596
325863
325863
325863
325863
325863
325863
325863
325863
325863
325863
325863
326043
326043
326043
326043
326043
326043
326043
326043
326043
326043
326043
326043
326043
326043
326043
326557
326557
326557
326557
326557
326557
326557
326557
326557
326557
326557
326728
326728
326728
326728
326728
326728
326728
326728
326728
326728
326728
326728
326728
326728
326728
326752
326752
326752
326752
326752
326752
326752
326752
326752
326752
326752
326752
326752
326752
326752
326752
326752
327036
327036
327036
327036
327036
327036
327036
327036
327036
327036
327036
327036
327036
327093
327093
327705
327705
327705
327705
327705
327705
327705
327705
327705
327705
327705
327705
327705
327705
327705
327705
327891
327891
327891
327891
327891
327891
327891
327891
327891
327891
327891
327891
327891
327891
327891
327891
328329
328329
328329
328329
328329
328329
328832
328832
328832
328832
328832
328832
328832
328832
328832
328832
328832
328832
328832
328832
328832
328832
328832
328832
328832
328832
329107
329107
329107
329107
329107
329127
329127
329127
329127
329127
329127
329134
329134
329134
329134
329134
329134
329134
329134
329134
329134
329134
329134
329165
329165
329165
329165
329165
329165
329165
329165
329165
329165
329165
329165
329165
329165
329486
329486
329486
329486
329486
329486
329486
329486
329486
329486
329583
329583
329583
329805
329805
329805
329805
329805
329805
329805
329805
329805
329805
329805
329805
329805
329805
329805
329993
329993
329993
329993
329993
329993
329993
329993
329993
329993
329993
329993
330164
330164
330164
330164
330164
330164
330164
330164
330164
330164
330164
330164
330164
330164
330164
330164
330164
330164
330283
330283
330283
330283
330283
330283
330283
330283
330292
330292
330292
330292
330292
330292
330292
330292
330292
330292
330292
330292
330292
330528
330528
330528
330546
330546
330546
330546
330546
330546
330546
330546
330546
330546
330546
330546
330546
330546
330546
330546
330546
330546
330551
330551
330551
330551
330551
330598
330598
330598
330598
330598
330598
330598
330598
330598
330598
330598
330598
330598
330598
331015
331015
331015
331015
331015
331015
331015
331015
331015
331015
331015
331015
331015
331015
331665
331665
331665
331665
331665
331665
331665
331665
331665
331665
331665
331665
331665
331665
331665
331665
331665
331941
331941
331941
331941
331941
331941
331973
331973
331973
331973
331973
331973
331973
331973
331973
331973
331973
331973
331973
331973
331973
332259
332259
332259
332259
333187
333187
333187
333187
333187
333187
333317
333317
333317
333317
333317
333317
333317
