10706 500000
66698
66698
66698
66698
66698
66698
66698
66698
66698
66698
66698
66698
66698
66698
66770
66770
66770
66770
66770
66770
66770
66770
66770
66770
66770
66824
66824
66824
66824
66824
66824
66824
66824
66824
66824
66824
66824
66824
66824
66824
66824
66824
66824
66824
66824
67158
67158
67158
67158
67158
67158
67158
67158
67158
67158
67158
67158
67158
67158
67158
67158
67690
67690
67690
67690
67690
67690
67690
67690
67690
67690
67690
67690
67690
67690
67690
67719
67719
67719
67719
67719
67719
67719
67719
67719
67719
67719
67719
67719
67719
67719
67719
67719
67743
67743
67743
67743
67743
67743
68080
68080
68080
68080
68080
68080
68080
68080
68080
68080
68080
68080
68080
68080
68080
68080
68080
68080
68080
68107
68107
68107
68107
68107
68107
68107
68107
68107
68107
68107
68107
68107
68107
68107
68107
68107
68198
68198
68198
68198
68198
68198
68198
68198
68719
68719
68719
68719
68816
68816
68816
68816
68816
68816
68816
69001
69001
69001
69001
69001
69001
69001
69001
69035
69035
69035
69035
69035
69440
69440
69440
69440
69440
69440
69440
69440
69440
69440
69440
69440
69440
69440
69440
69440
69440
69440
69440
69440
69547
69547
69547
69547
69547
69547
69547
69547
69547
69547
69547
69547
69547
69547
69547
69600
69600
69600
69600
69600
69600
69600
69600
69600
69600
69600
69600
69600
69600
69600
69600
69600
69600
69600
69600
69627
69627
69627
69627
69829
69829
69829
69829
69829
69829
69829
69829
69829
69829
69829
69829
69829
69986
69986
69986
69986
69986
69986
69986
69986
69986
69986
69986
69986
69986
69986
69986
69986
69986
70742
70742
70742
70742
70742
70742
70742
71024
71024
71024
71024
71024
71024
71024
71024
71024
71024
71024
71024
71024
71024
71024
71024
71024
71024
71024
71024
71633
71633
71633
71695
71695
71695
71695
71695
71899
71899
71899
71899
71899
71899
71899
71899
71899
71899
72139
72139
72139
72139
72139
72139
72139
72139
72139
72139
72139
72139
72139
72139
72139
72564
72564
72564
72564
72564
72564
72564
72564
72564
72564
72564
72564
72564
72564
72564
72564
73744
73744
73744
73744
73744
73744
73744
73744
73744
73744
73744
73806
73806
73806
73806
73806
73806
73833
73833
74650
74650
74650
74650
74650
74650
74650
74650
74650
74650
74650
74650
74650
74650
74650
74650
74650
74650
74650
74651
74651
74651
74651
74651
74651
74664
74664
74664
74664
74686
74686
74686
74686
74686
74686
74686
74686
74686
74686
74686
74686
74686
74686
74686
74686
74686
74686
74816
74816
74816
74816
74816
74816
74926
74926
74926
74926
74926
74926
74926
74926
74926
74926
74926
74926
74926
74926
74926
74926
74926
75267
75267
75267
75267
75267
75267
75267
75267
75267
75267
75267
75267
75267
75267
75267
75267
75267
75443
75443
75495
75495
75495
75495
75495
75495
75495
75534
75534
75534
75534
75558
75558
75558
75558
75558
75558
75558
75688
75688
75688
75688
75688
75688
75688
75688
75688
75766
75766
75766
75766
75766
75766
75766
75766
75766
75766
75766
75766
75766
75766
75766
75766
75766
76030
76030
76030
76030
76030
76030
76030
76030
76030
76030
76030
76030
76820
76820
76820
76820
76820
76820
76820
76945
76945
76945
76945
76945
76945
76945
76945
76945
76945
76945
76945
76945
76945
76945
76945
76945
76978
76978
76978
76978
76978
76978
76978
76978
76978
76978
76978
76978
76978
76978
77455
77455
77455
77455
77455
77455
77455
77455
77455
77455
77455
77455
77455
77455
77455
77455
77693
77693
77693
77693
77693
77693
77693
77693
77693
77693
77693
77693
77861
77861
77861
77861
77861
77861
77861
77913
77913
77957
78491
78837
78837
78837
78837
78837
78837
78837
78837
78837
78837
78837
78837
78837
78837
78837
78837
78837
79152
79152
79152
79152
79536
79536
79536
79536
79536
79536
79536
79851
79851
79851
79851
79851
79851
79851
79851
79851
79851
79851
79851
79851
79851
79851
79873
79873
79873
79873
79873
79873
79873
79873
79873
79873
79873
79945
79945
79945
79945
79945
79945
79945
79945
79945
80124
80124
80124
80124
80124
80124
80124
80124
80124
80124
80124
80124
80124
80124
80124
80124
80124
80124
80124
80124
80429
80429
80429
80429
80429
80504
80504
80504
80504
80504
80504
80504
80504
80504
80504
80504
80504
80504
80504
80504
80504
80504
80504
80504
80504
81312
81636
81636
81636
81636
81636
81636
81636
81636
81636
81636
81636
81636
81636
81636
81636
81636
81636
81636
82767
82767
82767
82767
82767
82767
82767
83030
83030
83030
83030
83030
83030
83030
83030
83030
83030
83030
83030
83030
83030
83030
83030
83030
83030
83735
83735
83924
83924
83924
83924
83924
83924
83924
83924
83924
84715
84715
84715
84715
84715
84715
84715
84715
84715
84715
84715
84715
84715
84715
84715
84715
84715
84715
84732
84732
84732
84732
84732
84732
84732
84732
84732
84732
84732
84732
84732
84732
84732
84732
84732
85109
85109
85109
85109
85109
85109
85109
85109
85109
85109
85109
85109
85109
85255
85255
85759
85759
85759
85759
85828
85828
85828
85828
85828
85828
85828
86121
86121
86121
86121
86121
86121
86121
86121
86121
86615
86615
86615
86615
86615
86615
86615
86615
86615
86615
86763
86763
86763
86763
86763
86763
86763
86763
86763
86763
86763
86763
86763
86763
86763
86941
86941
86941
86941
86941
86941
86941
86941
86941
86941
87036
87036
87036
87036
87036
87036
87036
87036
87036
87036
87036
87645
87645
87645
87645
87645
87645
87645
87645
87645
87645
87645
87645
87645
87645
87645
87645
87645
87994
87994
87994
87994
87994
87994
87994
87994
87994
88174
88174
88174
88174
88174
88174
88174
88174
88174
88174
88174
88174
88213
88213
88213
88213
88213
88727
88727
88727
88727
88727
88727
88727
88727
88762
88762
88762
88762
88762
88762
88762
88762
88762
88762
88762
88762
88762
89998
89998
89998
89998
90474
90474
90474
90474
90474
90474
90474
90474
90474
90474
90474
90474
90474
90474
90474
90474
90474
90474
90474
90490
90490
90490
90490
90490
90490
90490
90490
90490
90490
90490
90544
90544
90544
90544
90544
91084
91084
91084
91084
91084
91084
91084
91084
91084
91084
91084
91128
91128
91128
91128
91128
91128
91128
91128
91128
91128
91128
91128
91287
91287
91287
91287
91287
91287
91287
91287
91287
91287
91287
91287
91287
91287
91287
91287
91287
91287
91287
91287
91582
91582
91582
91582
91582
91582
91582
91582
91582
91582
91582
91590
91590
91590
91590
91590
91590
91590
91590
91590
91590
91590
91736
91736
91736
91736
91736
91736
91736
91736
91736
91736
92612
92612
92612
92612
92612
92612
92612
92612
92612
92612
92612
92612
92612
92612
92612
92612
92612
92612
93265
93504
93504
93504
93504
93504
93504
93504
93504
93504
93504
93504
93504
93759
93838
94106
94106
94106
94106
94106
94106
94106
94106
94106
94106
94106
94106
94106
94106
94106
94106
94314
94314
94314
94314
94314
94314
94314
94314
94314
94314
94314
94314
94314
94314
94314
94314
94314
94314
94497
94497
94497
94497
94497
94497
94497
94497
94497
94497
94497
94497
94497
94497
94497
94497
94497
94497
94497
94881
94881
94881
94881
94881
94881
94881
94883
94883
94883
94883
94883
94883
94883
94883
94883
94883
94883
94883
94883
94883
94883
94883
94883
94883
94883
95120
95544
95544
95544
95544
95544
95544
95544
95544
95544
95544
95544
95544
95544
95544
95544
95544
95544
95544
95544
95791
95791
95791
95791
95791
95791
95791
95791
95791
95814
95814
95814
95814
95814
95814
95814
95814
95814
95814
95814
95816
95816
95816
95816
95816
95816
95816
95816
95816
96028
96028
96028
96028
96028
96028
96028
96838
96838
96838
96838
96838
96838
96838
96838
96838
96838
97352
97352
97352
97352
97352
97352
97352
97352
97352
97352
97352
97352
97352
97352
97352
97352
97352
98109
98109
98109
98109
98109
98109
98109
98728
98728
98728
98728
98728
98728
98728
98728
98728
98728
98728
98728
98728
98728
98728
98728
99076
99076
99076
99076
99076
99076
99076
99076
99150
99150
99150
99150
99150
99150
99150
99150
99150
99150
99150
99150
99150
99150
99928
99928
99928
99928
99928
99928
99928
99928
99928
99928
99928
99928
99928
99928
99928
99928
99928
99928
99928
99967
99967
99967
99967
100466
100466
100466
100466
100466
100466
100466
100466
100466
100466
100466
100466
100466
100620
100620
100620
100620
100620
100620
100620
100620
100620
100620
100620
100620
100620
100620
100620
100620
100620
100620
100673
100673
100673
100673
100673
100673
100673
100673
100673
100673
100673
101070
101070
101555
101555
101555
101555
101555
101555
101555
101555
101555
101555
101555
101555
101555
101555
101656
101964
101964
101964
101964
101964
101964
101964
101964
101964
101964
101964
101964
101964
102232
102232
102232
102588
102588
102588
102588
102588
102588
102588
102705
102705
102705
102705
102705
102705
102705
102705
102705
102981
102981
102981
102981
102981
102981
102981
103196
103196
103196
103196
103196
103196
103196
103196
103196
103196
103196
103196
103196
103196
103196
103196
103196
103196
103196
103197
103197
103197
103197
103197
103542
103542
103551
103551
103551
103551
103551
103551
103551
103551
103551
103551
103560
103560
103560
103560
103560
103560
103560
103560
103560
103560
103560
103560
103560
103560
103560
103560
103560
103560
103560
103560
103875
103875
103875
103875
103875
103875
103875
103875
103875
103875
103875
103875
103875
104187
104187
104187
104187
104187
104187
104187
104187
104187
104187
104187
104187
104187
104390
104390
104390
104390
104390
104390
104390
104390
104390
104390
104390
104390
104390
104390
104390
104390
104390
104956
104956
104956
104956
104956
104956
104956
104956
104956
104956
104956
104956
104956
104956
104956
105389
105389
105389
105389
105389
105389
105389
105389
105389
105389
105389
105389
105389
105389
105389
105389
106407
106407
106407
106407
106407
106407
106407
106407
106407
106407
106407
106407
106407
106407
106407
106407
106407
106407
106407
106465
106465
106465
106465
106465
106465
106465
106465
106465
106465
106465
106465
106465
106465
106465
106465
106465
106465
106465
106940
106940
106940
106940
106940
106940
106940
106940
106940
106940
106940
106940
106940
106940
106940
106940
106940
107535
107535
107535
107535
107535
107563
107563
107563
107563
107563
107563
107563
107563
107563
107563
107563
107563
107563
107563
107563
107751
107751
107751
107751
107751
107751
107751
107751
107751
107751
107751
107751
107751
107751
107751
107751
107751
107751
107751
107969
107969
107969
107969
107969
107969
107969
107969
107969
107969
107969
107969
107969
107969
107969
107969
107969
107969
107969
107969
107995
107995
107995
108125
108125
108125
108125
108125
108125
108125
108125
108125
108125
108125
108561
108561
108561
108561
108561
108561
108561
108561
108561
108561
108561
108561
108561
108561
108561
108561
108561
108561
108610
108610
108610
108610
108610
108610
108610
108610
108610
108610
108610
108610
108610
108610
108610
108610
108610
108610
108610
108689
108689
108689
108689
108689
109016
109016
109016
109016
109016
109016
109016
109016
109016
109016
109016
109016
109016
109016
109016
109016
109016
109279
109279
109279
109279
109279
109279
109576
109576
109576
109576
109576
109962
109962
109962
109962
109962
109962
109962
109962
109962
109962
109962
109962
109962
109962
109962
110094
110094
110094
110094
110377
110377
110485
110485
110485
110485
110485
110485
110485
110485
110485
110485
110485
110485
110485
110591
110591
110591
110591
110591
110591
110591
110591
110591
110591
110591
110591
110591
110591
110591
110591
110591
110591
110591
110591
110743
110743
110743
110743
110743
110743
110743
110743
110743
110743
110743
110743
110743
110743
110743
110743
110743
110743
110987
110987
110987
110987
110987
110987
110987
110987
110987
110987
110987
110987
110987
110987
110987
110987
110987
111455
111455
111455
111455
111498
111498
111498
111594
111594
111594
111594
111594
111594
111594
111594
111594
111594
111783
111783
111783
111783
111783
111783
111783
112018
112018
112018
112018
112018
112018
112018
112018
112018
112126
112126
112574
112574
112574
112574
112574
112777
112777
112788
112788
112788
112788
112788
112788
112788
112788
112788
112788
112788
112788
112788
112788
112788
112788
112788
112788
112788
112788
113461
113461
113461
113461
113461
113461
113461
113461
113461
113461
113461
113461
113461
113461
113461
113461
113461
113881
113881
113881
113906
113906
113906
113906
113906
113906
113906
113906
113906
113906
113906
113906
113965
113965
113965
113965
113965
113965
113965
113965
113965
113965
113965
113965
113965
113965
113965
113965
114621
114621
114621
114621
114621
114621
114621
114621
114621
114621
114621
114621
114621
114621
114621
114621
114621
114629
114629
114629
114629
114629
114629
114629
114629
114629
114629
114629
114644
114644
114644
114644
114644
114644
114644
114644
114644
114644
114644
114644
114660
114660
114660
114660
114660
114660
114660
114660
114660
114660
114660
114660
115750
116121
116121
116121
116121
116121
116121
116121
116121
116121
116121
116121
116378
116378
116378
116378
116378
116378
116378
116378
116378
116378
116378
116378
116378
116498
116498
116498
116498
116498
116498
116498
116498
116498
116498
116498
116498
116498
116498
116502
116502
116502
116502
116502
116502
116502
116502
116502
116502
116502
116502
116502
116745
116745
116745
116745
116745
116745
116745
116745
116745
116745
117220
117508
117508
117758
117758
117758
117758
117758
117758
117758
118006
118006
118006
118006
118006
118006
118006
118006
118006
118006
118006
118006
118006
118006
118006
118343
118343
118343
118343
118343
118343
118363
118363
118363
118363
118363
118363
118363
118363
118363
118363
118363
118363
118363
118363
118363
118363
118710
118710
118710
118710
118710
118710
118997
118997
118997
118997
118997
118997
118997
119779
119779
119779
119779
119779
119779
119779
119779
119779
119779
119779
119779
119779
119779
119779
119779
119779
119779
119787
119787
119787
119787
119787
119787
119787
119787
119787
119787
119787
119787
119787
119787
119787
119927
119927
119927
119927
119927
119927
119927
119927
119927
119927
119927
119927
119927
119927
119927
119927
119927
119927
119927
120019
120019
120019
120019
120019
120019
120019
120019
120019
120236
120545
120545
120545
120545
120545
120545
120545
120545
120545
120545
120545
120545
120545
121228
121228
121228
121248
121248
121248
121371
121371
121779
121779
121779
121779
121779
121779
121779
121779
121779
121779
121779
121779
121779
121779
121902
121902
121902
121902
121907
121907
121907
121907
121907
121907
121907
121907
121907
121907
121907
121907
121907
121907
121981
121981
121981
121981
121981
121981
121981
121981
121981
121981
121981
121981
121981
121981
121981
121981
121981
121981
122097
122097
122097
122097
122097
122097
122854
122854
122854
122854
122854
122854
122854
122854
122854
122881
122881
122881
122881
122881
122881
122881
122881
122881
122881
122881
122881
122881
122881
122881
122881
122881
122881
123132
123132
123132
123132
123132
123132
123132
123132
123132
123132
123132
123132
123132
123132
123132
123132
123132
123218
123218
123218
123218
123218
123218
123218
123218
123218
123218
123218
123218
123218
123218
123218
123218
123218
123218
123218
123697
123697
123697
123697
123697
123697
123697
123697
123697
123697
123697
123697
123697
123697
123697
123867
123867
123867
123867
123867
123867
124006
124006
124006
124006
124006
124006
124006
124006
124006
124006
124006
124006
124006
124006
124006
124006
124006
124121
124121
124121
124121
124121
124121
124121
124121
124121
124121
124426
124426
124426
124426
124426
124426
124426
124426
124426
124426
124426
124426
124426
124426
124587
124587
124587
124587
124587
124587
124587
124587
124587
124587
124587
124587
124587
124587
124587
124587
124587
124587
124587
124587
125845
125845
125845
125845
125845
126050
126050
126050
126050
126050
126050
126050
126050
126050
126050
126050
126050
126050
126050
126050
126050
126080
126080
126080
126080
126080
126080
126080
126080
126080
126685
126685
126685
126685
126685
126685
126685
126685
126685
126685
126685
126685
126685
126685
126717
126717
126717
126847
126847
126847
126847
126847
126847
126847
126847
126847
126847
126847
126847
126847
126938
127571
127615
127615
127615
127615
127615
128546
128546
128788
128788
128788
128788
128788
128788
128788
128788
128788
128788
129366
129366
129366
129366
129366
129366
129366
129366
129366
129376
129376
129376
129471
129471
129471
129471
129471
129606
129606
130036
130036
130036
130036
130036
130036
130036
130036
130036
130036
130081
130081
130081
130081
130081
130081
130124
130390
130390
130688
130688
130688
130688
130688
130688
130688
130688
130688
130688
130688
130688
130688
130688
130688
130688
130688
130688
130688
131120
131120
131120
131120
131120
131120
131120
131120
131120
131120
131367
131367
131367
131367
131367
131367
131367
131367
131753
131753
131753
131753
131753
131753
131753
131753
132407
132407
132407
132407
132407
132407
132407
132407
132407
132407
132407
132440
132440
132440
132440
132440
132440
132440
132440
132440
132440
132440
132440
132440
132440
132440
132440
132918
132918
132918
132918
132918
133130
133130
133130
133130
133130
133130
133130
133130
133130
133130
133130
133162
133162
133162
133380
133380
133380
133380
133380
133380
133380
133380
133380
133380
133380
133380
133380
133380
133619
133619
134246
134246
134246
134246
134246
134246
134246
134246
135266
135266
135266
135266
135266
135266
135266
135266
135266
135266
135559
135559
135559
135559
135559
135559
135559
135559
135773
135773
135773
135773
135773
135773
135773
135773
135773
135773
135773
135773
135773
135908
135908
135908
135908
135908
135908
135908
135908
135908
136474
136474
136474
136474
136474
136474
136474
136474
136474
136474
136474
136474
136474
136474
136474
136474
136474
136540
136540
136540
136540
136540
136540
136540
136540
136680
136680
136680
136680
136680
136680
136680
136781
136781
136781
136781
136781
136781
136781
136781
136781
136781
136781
136781
136781
136781
136781
136781
136781
136781
136821
136821
136821
136821
136821
136847
136969
136969
136969
136969
136969
136969
136969
136969
136969
136969
136969
136969
136969
136969
136969
136969
136969
136969
136969
136969
137700
137700
137700
137700
137700
137700
137700
137700
137700
137700
137700
138115
138115
138115
138115
138115
138115
138115
138115
138115
138115
138115
138115
138115
138115
138115
138115
138145
138145
138145
138145
138145
138145
138145
138145
138145
138145
138145
138145
138145
138145
138145
138145
138145
138281
138281
138281
138281
138281
138281
138281
138281
138281
138281
138281
138281
138281
138281
138281
138281
138281
138281
138281
138281
138756
138756
138756
138756
138756
138756
138756
138756
138756
138756
138756
138756
138756
138756
138756
138756
138756
138756
138756
138756
138988
138988
138988
138988
138988
138988
138988
139201
139201
139201
139201
139201
139201
139201
139201
139201
139201
139201
139201
139201
139201
139201
139201
139201
139201
139209
139209
139209
139209
139209
139209
139209
139209
139209
139209
139209
139209
139209
139209
139209
139209
139209
139209
139209
139342
139342
139342
139342
139342
139342
139342
139342
139342
139342
139342
139342
139342
139342
139342
139342
139342
139453
139453
139453
139453
139453
139453
139453
139453
139453
139453
139453
139453
139453
139453
139453
139453
139517
139517
139517
139517
139517
139517
139517
139517
139517
139517
139517
139517
139517
139517
139517
139517
139517
139517
139517
140378
140378
140378
140378
140378
140378
140378
140378
140378
140378
140378
140378
140378
140378
140378
140537
140537
140537
140537
140537
140537
140537
140623
140623
140623
140623
140623
140623
140623
140623
140623
140623
140623
140911
140911
140911
140911
140911
140911
140911
140911
140911
140911
140911
140911
140911
140911
140911
140911
140911
140911
140911
141308
141308
142148
142148
142148
142148
142148
142148
142148
142148
142148
142148
142148
142148
142666
142666
142666
142666
142666
142666
142666
142666
142666
142666
142666
142666
142666
142666
142667
142667
142667
142667
142667
142667
142667
142667
142667
142742
142742
142742
142742
142742
142742
142742
142742
142742
142742
142742
142742
142742
142742
142742
142742
142742
142845
142845
142845
142845
142845
142845
142845
143004
143004
143004
143004
143004
143004
143004
143004
143075
143075
143075
143075
143451
143451
143451
143451
143451
143772
143772
143772
143772
143772
143772
143772
143772
143772
143772
143772
143772
143772
143772
143772
143772
143772
143772
144010
144010
144204
144204
144204
144204
144204
144204
144204
144204
144217
144217
144217
144217
144257
144257
144257
144257
144257
144257
144257
144257
144257
144257
144336
144336
144336
144336
144336
144336
144336
144336
144336
144336
144336
144336
144560
144560
144560
144560
144560
144560
144560
144560
144560
144762
144762
144762
144762
144762
144762
144762
144762
144762
144762
144762
144762
144767
144767
144767
144767
144767
144767
145138
145138
145138
145138
145138
145138
145138
145138
145138
145138
145138
145377
145377
145596
145596
145596
145596
145596
146035
146035
146035
146035
146035
146035
146035
146035
146035
146035
146035
146035
146377
146377
146377
146377
146377
146377
146377
146377
146377
146377
146377
146377
146551
146551
146551
146551
146551
146551
146551
146551
146551
146551
146551
146552
146552
146552
146552
146552
146552
146552
146552
146552
146552
146552
146552
146552
146552
146552
147100
147100
147100
147100
147100
147146
147146
147146
147146
147146
147146
147797
147797
147878
147878
147878
147878
147878
147878
147878
147878
147878
147878
147878
147878
147878
147878
147878
147878
147878
147878
147878
147946
147946
147946
147946
147946
147946
147946
147946
147946
147946
147965
147965
147965
147965
147965
147965
147965
147965
147965
147965
147965
147965
148319
148319
148319
148319
148458
148458
148458
148458
148458
148458
148458
148458
148458
148458
148458
148797
148797
148797
148797
148797
148797
148797
148797
148797
148797
148797
148797
148797
148797
148797
148797
148797
148797
148797
148924
148924
148924
148924
148924
148924
148924
148924
148924
148924
148924
148924
148924
148924
149044
149044
149044
149044
149044
149044
150026
150026
150026
150026
150026
150026
150026
150026
150026
150026
150026
150026
150026
150026
150026
150026
150026
150193
150193
150193
150193
150193
150193
150193
150193
150193
150193
150193
150250
150250
150250
150250
150250
150250
150250
150250
150338
150338
150338
150338
150338
150338
150338
150338
150338
150338
150338
150338
150338
150352
150352
150352
150694
150694
150694
150694
150694
150694
150694
150694
150694
150694
150694
150694
150694
150903
150903
150903
150903
150903
150903
150903
150903
150903
151040
151040
151040
151040
151040
151128
151128
151309
151309
151309
151309
151309
151309
151309
151309
151309
151309
151309
151309
151430
151430
151430
151430
151430
151430
151430
151430
151430
151430
151430
151430
151430
151430
151430
151452
151452
151452
151452
151452
152371
152371
152371
152371
152371
152371
152371
152371
152371
152371
152371
152371
152371
152371
152371
152371
152371
152371
152371
152371
152655
152655
152655
152655
152655
152655
152655
152655
152655
152655
153362
153362
153362
153362
153362
153362
153362
153362
153402
153608
153608
153608
153608
153608
153608
153608
153608
153608
153608
153608
153608
153785
153785
153785
153785
153785
153785
153785
153785
153785
153785
153785
153785
153785
153785
153785
153785
153785
153785
153785
154342
154342
154342
154342
154671
154671
154671
154671
154671
154671
154671
154671
154671
154671
154856
154856
154856
155024
155024
155024
155024
155024
155024
155024
155024
155024
155024
155024
155024
155024
155024
155202
155202
155202
155202
155202
155202
155202
155202
155202
155202
155202
155202
155202
155202
155202
155202
155202
155202
155202
155202
155735
155735
155735
155735
155735
155735
155735
155735
155735
155735
155735
155735
155735
155735
155735
155735
155735
155735
155735
155903
155903
155903
155903
155903
155903
155903
155903
155903
155903
155903
155903
155903
155903
155903
155903
155903
155903
156553
156553
156553
157085
157085
157085
157085
157085
157085
157085
157085
157085
157085
157085
157085
157085
157085
157120
157120
157120
157120
157120
157439
157439
157439
157439
157439
157785
157785
157856
157856
157856
157856
157856
157856
157856
157856
157856
157856
157856
157856
157856
157856
157856
157856
157856
157856
157856
157856
158047
158047
158047
158047
158047
158047
158047
158047
158525
158525
158525
158525
158525
158525
158525
158525
158525
158525
158525
158525
158525
158525
158525
158525
158525
158525
158525
158525
158662
158662
158662
158662
158662
158662
158662
158662
158662
158662
158662
158662
158662
158662
158662
158662
158662
158662
158662
158662
158718
158718
158718
158718
158718
158718
158718
158718
158718
158718
158718
158718
158718
158718
158718
158718
158718
158718
158871
158871
158871
158871
158871
158871
158871
158871
158871
158871
158871
158871
158871
159152
159152
159152
159152
159152
159152
159152
159152
159152
159152
159152
159152
159152
159152
159152
159152
159503
159503
159503
159503
159503
159503
159503
159503
159503
159503
159503
159503
159503
159503
159503
159503
159920
159920
159920
159920
159920
159920
159920
159920
159920
160125
160125
160125
160125
160125
160125
160125
160214
160214
160260
160260
160260
160260
160260
160260
160260
160260
160260
160260
160260
160260
160260
160260
160260
160260
160260
160482
160482
160482
160482
160482
160482
160482
160482
160482
160482
160482
160482
160482
160482
160482
160482
160532
160532
160532
160532
160532
160532
160532
160532
160532
160532
160532
160532
160818
160818
160818
160818
160818
160818
160818
160818
160818
160818
160818
160818
161066
161066
161066
161066
161066
161066
161066
161066
161168
161168
161168
161168
161168
161168
161168
161168
161168
161168
161168
161168
161168
161168
161168
161168
161168
161458
161458
161458
161458
161458
161458
161458
161458
161458
161458
161458
161458
161458
161458
161458
161458
161458
161478
161478
161478
161478
161478
161478
161478
161606
161606
161606
161606
161606
161606
161606
161606
161606
161606
161606
161606
161606
161606
161745
161745
161745
161745
161745
161745
161745
161745
161745
161745
161745
161745
161745
161745
161855
161855
161855
161855
161855
161855
161855
161855
161963
161963
161963
161963
162260
162260
162260
162260
162260
162260
162260
162260
162260
162260
162260
162260
162260
162260
162260
162260
162512
162512
162512
162512
162512
162512
162512
162512
162512
162512
162512
162512
162512
162512
162512
162512
162512
162512
162616
162616
162616
162616
162616
162616
162616
162616
162616
162616
162616
162616
162616
162616
163255
163255
163255
163255
163255
163255
163255
163255
163255
163255
163255
163255
163255
163255
163255
163255
163291
163562
163562
163562
163562
163562
163562
163562
163562
163562
163562
163562
163562
163606
163606
163606
163606
163606
163606
163606
163606
163606
163606
163606
163606
163606
163606
163606
163606
163606
163606
163606
163653
163653
163653
163653
163653
163653
163653
163653
163653
163653
163653
163653
163653
163653
163653
163653
163653
164727
164727
164727
164727
164727
164727
164727
164727
164727
164727
164727
164727
164727
164727
164727
164727
164727
164727
164727
164727
164913
164913
164913
164913
165270
165270
165270
165270
165270
165270
165270
165270
165270
165270
165270
165270
165270
165270
165270
165270
165270
165270
165451
165451
165451
165451
165451
165451
165451
165451
165451
165590
165590
165590
165590
165590
165590
165590
165590
165590
165590
165590
165882
165882
165882
165882
165882
165882
165882
165882
165882
165882
165882
165882
165882
165882
166269
166269
166269
166269
166269
166375
166375
166375
166375
166375
166375
166375
166375
166375
166375
166375
166375
166763
166763
166763
166763
167822
167822
168352
168510
168510
168510
168510
168510
168510
168510
168510
168989
168989
168989
168989
168989
168989
168989
168989
168989
168989
168989
168989
168989
168989
168989
169589
169589
169589
169589
169589
169589
169589
169589
169589
169589
169589
169589
169589
169589
169589
169589
169589
169589
169967
169967
169967
170089
170089
170089
170089
170089
170089
170295
170295
170501
170501
170501
170501
171090
171090
171090
171090
171583
171583
171583
171583
171583
171583
171583
171583
171583
171583
171583
171583
171583
171583
171583
171583
172041
172041
172041
172041
172041
172041
172041
172041
172041
172041
172041
172041
172041
172515
172515
172515
172515
172515
172515
172515
172515
172515
172515
172515
172515
172515
172515
172515
172515
172515
172515
172515
172515
172546
172546
172546
172546
172546
172546
172546
172546
172546
172546
172546
172546
172639
172639
172639
172639
172744
172744
172744
172744
172744
172744
172744
172744
172744
172744
172744
172744
172744
172744
172744
172744
172744
172744
172744
172744
173013
173013
173013
173013
173013
173013
173013
173013
173013
173302
173302
173302
173302
173302
173302
173302
173302
173302
173302
173302
173302
173302
173302
173302
174160
174160
174160
174160
174160
174160
174160
174232
174232
174232
174232
174232
174232
174232
174232
174232
174232
174232
174232
174232
174232
174248
174248
174248
174248
174437
174437
174437
174437
174437
174437
174437
174437
174437
174437
174437
174437
174550
174550
174550
174550
174550
174550
174550
174550
174550
174550
174550
174550
174550
175448
175448
175448
175448
175448
175448
175448
175448
175448
175448
175448
175448
175448
175448
175448
175617
175617
175617
175617
175617
175617
175617
175617
175617
175617
175617
175617
175617
175617
175617
175617
175617
175882
175882
175882
175882
175882
175882
175882
175882
175882
175882
175882
175882
175882
175882
175882
175882
175882
175882
175882
175882
176212
176212
176212
176458
176458
176458
176458
176458
176458
176659
176659
176659
176659
176659
176659
177198
177198
177198
177198
177198
177198
177198
177198
177198
177198
177198
177198
177198
177198
177198
177198
177198
177198
177269
177269
177269
177269
177313
177313
177313
177313
177313
177313
177313
177313
177313
177313
177313
177313
177313
177313
177313
177313
177313
177313
177313
177368
177368
177368
177368
177368
177368
177368
177368
177368
177368
177368
177368
177368
177368
177368
177368
177368
177368
177496
177496
177496
177496
177496
177496
177496
177496
177496
177496
177496
177496
177496
177496
177496
177496
177496
177870
177870
177870
177870
177870
177870
177870
177870
177870
177870
177870
177870
178353
178353
178353
178353
178353
178353
178353
178353
178353
178353
178353
178353
178353
178353
178353
178353
178353
178353
178745
178745
178745
178745
178745
178745
178745
178745
178745
178745
178745
178745
178745
178745
178745
178820
178820
178820
178820
178820
178820
178820
178820
178820
178820
178820
179365
179365
179365
179365
179365
179365
179365
179365
179365
179365
179365
179365
179365
179365
179365
179365
179909
179909
179909
179909
179971
179971
179971
179971
179971
179971
179971
179971
179971
179971
179971
179971
179971
179971
179992
179992
179992
179992
179992
179992
179992
180153
180153
180153
180153
180153
180153
180153
180153
180153
180153
180153
180163
180163
181263
181263
181263
181263
181405
181405
181405
181616
181616
181616
181616
181616
181616
181616
181616
181616
181616
181616
181616
181616
181616
181861
181861
181861
181861
181861
181861
181861
181861
181861
181861
181861
181861
181861
181861
181861
181861
182118
182118
182118
182118
182118
182118
182664
182664
182664
182664
182664
182664
182664
182777
182777
182777
182777
182777
182777
182777
182777
182777
182777
182777
182777
183422
183422
183422
183422
183422
183422
183422
183422
183422
183422
183422
183422
183422
183436
183436
183436
183436
183436
183436
183436
183436
183436
183436
183436
183436
183436
183436
183436
183436
183436
183436
183436
183436
183495
183495
183495
183495
183495
183495
183495
183495
183495
183495
183495
183495
183495
183495
183495
183495
183495
183740
183740
183740
183740
183740
183740
183740
183740
183740
183740
183740
183740
183740
183740
183740
183740
183740
183802
183802
183802
183802
183802
183802
183802
183802
183802
183802
183802
183802
184141
184298
184298
184298
184298
184298
184484
184484
184484
184484
184484
184484
184484
184484
184484
184484
184484
184484
184484
184484
184484
184484
184484
184484
184520
184520
184520
184520
184520
184520
184520
184520
184520
184520
184520
184520
184520
184662
184662
184662
184662
184662
184662
184662
184662
184662
184662
184663
184663
184663
184663
184663
184663
184663
184663
184663
184663
184678
184678
184678
184678
184678
184678
184678
184678
184678
184678
184678
184678
184678
184981
184981
184981
184981
184981
184981
184981
184981
184981
184981
184981
184981
184981
184981
184981
184981
184981
184981
184981
185054
185054
185054
185054
185054
185076
185076
185076
185076
185076
185096
185096
185096
185096
185096
185096
185096
185096
185096
185096
185096
185096
185096
185096
185096
185096
185096
185096
185096
185395
185395
185395
185395
185395
185395
185395
185395
185395
185395
185395
185395
185395
185395
185395
185583
185583
185583
185583
185583
185583
185583
185583
185583
185583
185944
185944
185944
185944
185944
185944
185944
186055
186055
186055
186428
186428
186428
186428
186428
186428
186428
186428
186428
186428
186428
186428
186428
186428
186428
186428
186428
186444
186444
186444
186444
186444
186891
186891
186891
186891
186891
186891
186891
186891
186891
186967
186967
186967
186967
186967
186967
186967
186967
186967
186967
186967
186967
186967
186967
186967
186967
186967
186967
186967
187071
187071
187071
187071
187071
187071
187071
187071
187071
187349
187349
187349
187349
187349
187349
187349
187349
187349
187349
187349
187349
187349
187349
187349
187349
187349
187405
187405
187405
187405
187405
187405
187405
187405
187405
187405
187405
187405
187405
187405
187405
187405
187405
187551
187551
187551
187551
187843
187843
187843
187843
187843
187843
187843
187843
187843
187843
187843
187843
187843
187843
187843
187843
187843
187843
187843
187843
188499
188499
188499
188499
188499
188499
188984
188984
188984
188984
190966
190966
190966
190966
190966
190966
190966
190966
191512
191512
191512
191512
191649
191649
191649
191879
191879
191879
191879
191879
191879
191879
191879
191879
191879
191879
191879
191879
191879
191879
191879
191879
192234
192376
192376
192376
192376
192376
192376
192376
192765
192765
192765
192765
193444
193444
193444
193444
193444
193444
193444
193444
193444
193444
193444
193444
193444
193444
193565
193565
193565
193565
193565
193565
193565
193565
193565
193565
193565
193565
193856
193856
193856
193856
193856
193856
193856
193856
193856
193856
193856
193856
193856
193856
193856
193856
193856
193856
193856
193856
194080
194080
194080
194508
194508
194508
194508
194508
194526
194526
194526
194526
195695
195695
195695
195695
195695
195695
195695
195695
195695
195695
195695
195695
195695
195695
195695
196028
196028
196028
196028
196028
196028
196028
196028
196028
196028
196028
196028
196028
196028
196028
196028
196028
196028
196028
196028
196177
196177
196177
196177
196177
196177
196177
196177
196177
196177
196177
196177
196177
196177
196177
196177
197101
197101
197101
197101
197101
197101
197101
197101
197101
197101
197101
197101
197101
197101
197247
197247
197247
197247
197247
197247
197247
197247
197247
197247
197247
197247
197247
197247
197247
197247
197247
197287
197287
197287
197287
197287
197287
197287
197287
197287
197287
197287
197287
197287
197287
197287
197287
197287
197558
197558
197558
197558
197558
197558
197558
197558
197558
197558
197558
197558
197558
197558
197558
197558
198359
198359
198359
198359
198359
198669
198669
198669
198669
198871
198871
198871
198871
198871
198871
198871
198892
198892
198892
198892
198892
198892
198892
198892
198892
198892
198892
198906
198906
198906
198906
198906
198906
198906
198906
198906
198953
198953
198953
198953
198953
198953
198953
198953
198953
198953
199045
199045
199045
199045
199045
199045
199376
199376
199376
200023
200023
200023
200023
200023
200023
200023
200023
200023
200023
200023
200023
200023
200023
200023
200023
200361
200361
200361
200361
200361
200361
200361
200361
200361
200361
200361
200361
200361
200361
200361
200361
200361
200361
200523
200523
200523
200523
200523
200842
200842
200842
200842
200842
200842
200842
200842
200842
200842
200842
200842
200842
200842
200842
200842
200842
201252
201252
201252
201252
201252
201252
201252
201252
201252
201252
201252
201252
201485
201485
201485
201485
201485
201485
201485
201485
201485
201485
201485
201485
201485
201485
201485
201485
201485
201632
201632
201632
201632
201632
201632
201632
201632
201632
201632
201632
201632
201632
201632
201632
201632
201632
201632
201632
201763
201763
201763
201763
203291
203291
203291
203291
203291
203291
204281
204281
204281
204281
204281
204281
204281
204281
204281
204281
204281
204281
204281
204281
204514
204514
204514
204514
204514
204514
205225
205225
205417
205417
205417
205417
205417
205417
205437
205437
205437
205437
205437
205437
205437
205437
205437
205437
205437
205437
205437
205437
205437
205437
205437
205437
205616
205616
205789
205789
205789
205789
205789
205789
205789
205789
205789
205789
205789
205789
205789
205806
205806
205806
205806
205806
205806
205806
205806
205806
205806
205806
205806
205806
205806
206156
206156
206156
206156
206156
206156
206156
206156
206156
206156
206156
206156
206156
206156
206156
206452
206452
206452
206452
206452
206452
206452
206783
206783
206783
206783
206783
206783
206783
206783
206783
206783
206783
206783
206783
207148
207148
207730
207751
207751
207751
207751
207751
207751
207751
207751
207751
207751
207751
207751
207751
207751
207751
207751
207751
207751
207751
207751
207838
207838
207838
207838
207838
207838
207927
207927
207927
207927
207927
207927
207927
207927
207927
207927
208419
208419
208419
208419
208419
208419
208419
208419
208419
208419
208419
208419
208419
208419
208419
208419
208419
208419
208419
208419
208493
208493
208493
208493
208493
208493
208493
208493
209229
209229
209229
209229
209229
209229
209229
209421
209421
209421
209421
209421
209421
209421
209421
209421
209421
209421
209421
209421
209421
209421
209421
209421
209424
209424
209424
209424
209424
209424
209424
209424
209424
210074
210126
210126
210126
210126
210126
210126
210126
210126
210126
210505
210505
210505
210505
210505
210505
210505
210505
210505
210505
210505
210505
210505
210505
210505
210505
210505
210697
210697
210697
210697
210697
210697
210697
210697
210697
210697
210697
210697
210697
210697
211395
211395
211395
211395
211395
211395
211395
211395
211395
211395
211395
211395
211395
211395
211395
211395
211460
211460
211460
211460
211460
211460
211460
211460
211460
211460
211460
211460
211460
211460
211851
211851
211851
211851
212619
212619
212619
213281
213281
213281
213281
213281
213281
213281
213281
213281
213281
213281
213281
213281
213281
213281
213281
213291
213291
213291
213291
213291
213291
213291
213291
213291
213291
213291
213291
213291
213291
213291
213300
213300
213300
213300
213300
213300
213300
213300
213300
213300
213300
213300
213300
213300
213300
213300
213300
213626
213626
213626
213626
213626
213626
213626
213626
213626
213626
213626
214583
214583
214583
214583
214583
214583
214583
214583
214583
214583
214583
214583
214639
214639
214639
214639
214639
214639
214639
214639
214639
214639
214639
214639
214639
214639
215056
215056
215056
215056
215056
215056
215056
215056
215056
215056
215056
215056
215056
215056
215083
215108
215108
215108
215108
215108
215108
215108
215108
215108
215108
215108
215108
215108
215108
215108
215108
215108
215108
215108
215108
215496
215496
215496
215496
215496
215496
215496
215496
215496
215496
215496
215496
215496
215496
215496
215496
215496
215496
215535
215535
215535
215535
215535
215535
215535
215535
215579
215579
215579
215579
215656
215656
215656
215656
215656
215656
215656
215656
215656
215656
215656
215656
215656
215656
215656
215656
215734
215734
215734
215734
215734
215734
215734
215734
215994
215994
215994
215994
215994
215994
215994
215994
215994
215994
215994
215994
215994
215994
215994
215994
215994
215994
215994
215994
216173
216173
216173
216173
216173
216173
216173
216173
216173
216173
216173
216173
216173
216173
216173
216173
216173
216173
216173
216173
216283
216283
216283
216283
216283
216283
216283
216283
216283
216283
216283
216578
216578
216578
216578
216578
216578
216578
216578
216578
216578
216664
216664
216664
216664
216664
216664
216664
216664
216664
216664
216664
216664
216664
216664
216664
216664
216664
216664
216664
216664
217105
217105
217105
217105
217105
217105
217105
217105
217105
217105
217105
217105
217154
217154
217154
217154
217154
217154
217154
217154
217154
217154
217154
217154
217154
217154
217681
218025
218025
218025
218025
218025
218025
218210
218210
218681
218681
218681
218681
218681
218681
218681
218681
218681
218681
218681
218681
218681
218681
218681
218681
218681
218681
218681
218681
218907
218907
218907
219314
219314
219314
219314
219314
219314
219314
219314
219314
219314
219314
219314
219369
219369
219369
219369
219369
219380
219380
219380
219380
219380
219380
219380
219380
219380
219380
219380
219380
219380
219850
219850
219850
219850
219850
219850
219850
219850
219850
220390
220390
220390
220390
220390
220390
220631
220631
220631
220631
220631
220631
220631
220631
220631
220631
220631
220967
220967
221251
221251
221251
221251
221251
221251
221251
221251
221251
221251
221251
221251
221251
221632
221632
221632
221632
221632
221632
221735
222089
222089
222089
222089
222089
222089
222089
222089
222860
222860
222860
222860
222860
222860
222860
222860
222860
222860
222860
222860
222860
222971
222971
222971
222971
222971
222971
222971
222971
222971
222971
222971
222971
222971
222971
222971
222971
223380
223380
223380
223380
223380
223380
223380
223380
223380
223380
223380
223380
223380
223380
223380
223419
223419
223419
223419
223419
223419
223419
223419
223497
223497
223497
223497
223497
223497
223540
223540
223540
223540
223540
223540
223540
223540
223540
223889
223889
223889
223889
223940
223940
223940
223940
223940
223971
223971
223971
223971
223971
223971
223971
223971
223971
223971
223971
223971
223971
223971
224905
225212
225212
225212
225212
225236
225236
225380
225380
225380
225380
225380
225380
225380
225380
225380
225380
225380
225380
225380
225380
225380
225380
225380
225886
225886
225886
225886
225927
225927
225927
225927
225927
225927
225927
225927
225927
225927
225927
225927
225927
225927
226244
226244
226244
226244
226244
226244
226244
226244
226244
226244
226244
226244
226244
226244
226244
226244
226244
226244
226408
226408
226408
226408
226408
226408
226408
226408
226408
226408
226408
226408
226408
226408
226408
226408
226408
226663
226663
226663
226663
226663
226663
226663
226663
226663
226663
226663
226663
226663
226663
226663
226663
226663
227776
227776
227776
227776
227776
227776
227928
227928
227928
227928
227928
227928
227928
227928
227928
227928
227928
227928
227928
227928
227928
227928
227928
227928
228496
228496
228496
228496
228496
228496
228496
228496
228496
228496
228496
228496
228496
228496
228496
228496
228496
228496
228496
228496
228901
228901
228901
228901
228901
228901
228901
229648
229648
229648
229648
229648
229648
229648
229648
229648
229648
229648
229648
229648
229648
229648
229648
229720
229720
229720
229720
229720
229720
229720
229720
230074
230074
230074
230074
230074
230074
230074
230074
230074
230074
230074
230467
230467
230467
230467
230467
230467
230467
230467
230467
230467
230467
230467
230467
230467
230952
230952
230952
230952
230952
230952
230952
230952
230952
230952
230952
231050
231050
231050
231050
231050
231050
231050
231050
231050
231050
231050
231050
231050
231050
231050
231050
231050
231050
231200
231200
231200
231200
232317
232317
232317
232317
232317
232317
232317
232317
232317
232317
232317
232317
232317
232317
233247
233247
233247
233247
233247
233247
233247
233247
233247
233247
233247
233247
233247
233247
233247
233247
233247
233247
233405
233405
233405
233405
233405
233405
233405
233405
233405
233405
233405
233405
233405
233405
233405
233405
233405
233405
233405
233405
233485
233485
233485
233485
233485
233485
233485
233485
233485
233485
233485
233485
233485
233485
233485
233856
233856
233856
233856
233856
233856
233992
233992
233992
233992
234180
234180
234180
234180
234180
234180
234180
234180
234180
234180
234180
234180
234180
234180
234180
234180
234180
234180
234400
234400
234400
234400
234400
234400
234400
234400
234400
234400
234400
234400
234400
234400
234400
234400
234400
234400
234727
234727
234727
234727
234727
234727
234727
234727
234727
234727
234727
234727
234727
234727
234727
234727
234727
234727
234727
234945
234945
234945
234945
234945
234945
234945
235061
235061
235061
235061
235061
235061
235061
235061
235061
235061
235061
235061
235061
235061
235061
235061
235061
235061
235061
236475
236475
236475
236475
236475
236475
236475
236475
236475
236475
236475
236475
236475
236475
236475
236475
236475
236475
236475
236907
236907
236907
236907
236907
236907
236907
236907
236907
236907
236907
236907
236907
236907
236907
236907
236907
236972
236972
236972
236972
236972
236972
236972
236972
236972
237228
237228
237228
237228
237228
237228
237228
237228
237464
237464
237464
237464
237647
237647
237647
237647
237647
237647
237647
237647
237647
237647
237647
237647
237647
237647
237747
237747
237747
237747
237747
237747
237747
237747
237747
237747
237747
237747
237747
237747
237747
237747
237747
237747
237747
238009
238009
238009
238009
238009
238009
238009
238009
238009
238009
238009
238312
238312
238312
238312
238312
238312
238312
238312
238312
238312
238312
238312
238312
238312
238422
238422
238422
238422
238422
238422
238422
238422
238422
238832
238832
238832
238832
238832
238832
238832
238832
238832
238832
238832
238832
238832
238832
238842
238842
238842
238842
239014
239014
239014
239014
239014
239014
239014
239014
239014
239014
239014
239014
239014
239014
239014
239014
239120
239120
239120
239120
239120
239120
239120
239120
239120
239120
239120
239355
239355
239355
239355
239355
239355
239355
239355
239355
239598
239598
239598
239598
239598
239598
240037
240037
240037
240037
240037
240037
240070
240070
240070
240070
240202
240202
240202
240251
240251
240251
240251
240251
240251
240251
240251
240322
240322
240322
240322
240322
240322
240322
240322
240322
240322
240322
240322
240322
240322
240477
240477
240477
240477
240477
240477
240477
240477
240477
240477
240477
240477
240477
240477
240477
240477
240477
240477
240608
240608
240608
240608
240608
240608
240608
241183
241183
241183
241183
241183
241183
241258
241258
241258
241258
241258
241258
241411
241411
241411
241411
241411
241411
241411
241411
241411
241411
241411
241519
241519
241519
241519
241519
241519
241519
241519
241519
241519
241565
241803
241803
241803
241803
241803
241803
241803
241803
241803
241803
241803
241803
241803
241803
241803
241803
241803
241803
241803
241924
241924
241924
241924
241924
241924
241924
241924
241924
241924
241924
241987
241987
241987
241987
241987
241987
241987
241987
241987
241987
241987
242332
242332
242332
242332
242332
242332
242332
242332
242332
242332
242332
242332
242332
242332
242332
242332
242332
242332
242369
242369
242369
242369
242369
242369
242706
242706
242770
242770
242770
242770
242770
242770
242770
242770
243420
243420
243712
243712
243712
243712
243808
243808
243808
243808
243808
243808
243808
243808
243808
243808
243808
243808
243808
244033
244033
244033
244033
244033
244527
244527
244527
244527
244527
244527
244527
244572
244572
244572
244572
244572
244572
244572
244572
244572
244572
244572
244572
244572
244572
244572
244572
244689
244689
244689
244689
244689
244689
244689
244689
244689
244689
244689
244689
244689
244689
244689
244689
244689
244689
244689
244689
245378
245378
245378
245378
245378
245378
245378
245378
245378
245378
245526
245526
245526
245526
245526
245526
245526
245616
245616
245616
245616
245628
245628
245628
245628
245854
245854
245854
245854
245854
245854
245854
245854
245854
245854
245854
245854
245854
245854
245854
245854
245854
245854
245854
245854
246053
246053
246053
246053
246053
246053
246297
246297
246297
246297
246315
246435
246435
246435
246435
246435
246435
246435
246435
246435
246435
246435
246435
246435
246435
246612
246612
246612
246612
246612
246612
246612
246612
246612
246651
246651
246651
246651
246651
246651
246651
246651
246651
246651
246651
246651
247469
247469
247469
247469
247469
247469
247469
247469
247469
247469
247469
247469
247469
247469
247469
247576
247576
247576
247576
247576
247576
247576
247576
247576
247576
247576
247576
247576
247576
247605
247605
247605
247605
247605
247605
247605
247605
247605
247605
247605
247605
247605
247605
247609
247609
247609
247609
247609
247609
247609
247609
247609
247609
247609
247609
247609
247609
247609
247609
247609
247609
247860
247860
247860
247860
247860
247860
247860
247860
247860
247860
247860
247860
247860
247860
247860
247952
247952
247952
247952
247952
247952
247952
247952
247952
247952
247952
247952
247952
247952
247952
247975
247975
247975
247975
247975
247975
247975
247975
247975
247975
247975
248802
248802
248802
248853
248853
248853
248853
248853
248853
248853
248853
248853
248853
248853
248853
248853
248853
248853
249137
249137
249137
249137
249137
249137
249137
249137
249137
249137
249137
249137
249377
249377
249377
249377
249377
249377
249377
249377
249377
249377
249377
249377
249377
249377
249377
249377
249424
249424
249424
249424
249424
249424
249424
249424
249424
249424
249424
249424
249424
249424
249424
249424
250037
250037
250037
250037
250037
250037
250037
250037
250037
250037
250037
250037
250037
250037
250118
250118
250118
250118
250118
250118
250253
250253
250253
250253
250253
250253
250253
250253
250253
250253
250253
250253
250968
250968
250968
250968
250968
250968
250968
250968
250968
250968
250968
250968
250968
250968
251088
251088
251088
251088
251088
251088
251088
251088
251088
251088
251088
251088
251088
251088
251088
251088
251088
251137
251137
251137
251137
251137
251137
251137
251137
251137
251137
251137
251137
251137
251137
251137
251137
251137
251404
251404
251404
251404
251404
251404
251404
251404
251404
251404
251404
251404
251404
251404
251449
251449
251449
251449
251449
251449
251449
251449
251449
251449
251449
251449
251449
251449
251449
251449
251449
251449
251449
251449
251600
251600
251600
251600
251600
251600
251600
251600
251600
251600
251600
251600
251600
251600
251865
251865
251865
251865
251865
251865
251865
251865
251865
251865
251865
251926
251926
251926
251926
251926
251926
251926
251926
251926
251926
251926
251926
251926
251926
251926
251926
251926
251926
252170
252170
252170
252170
252170
252170
252170
252170
252170
252170
252248
252248
252248
252248
252248
252248
252248
252248
252248
252569
252569
252569
252569
252569
252569
252569
252569
252569
252569
252569
252569
252569
252569
252569
252569
252989
253161
253161
253161
253161
253161
253161
253161
253161
253161
253161
253161
253161
253161
253161
253161
253161
253161
253161
253161
253731
253731
253731
253731
253731
253731
253731
253731
253731
253731
253731
253731
253731
253731
254256
254609
254609
254609
254609
254609
254609
254609
254609
254609
254609
254609
254609
254609
254609
254609
255155
255155
255510
255510
255510
255510
255510
255510
255510
255510
255510
255510
255510
255510
255510
255580
255580
255580
255580
255580
255580
255580
255580
255580
255580
255580
255580
255580
255580
255580
255700
255700
255700
255700
255700
255700
255700
255700
255700
255700
255700
255700
255700
255700
255700
255700
255700
255700
255700
255700
256716
256716
256716
256716
256716
256716
256716
256716
256716
256716
256716
256716
256906
256906
256906
256906
256906
256906
256906
256906
256906
256906
256906
256906
256906
256906
256906
256906
257102
257102
257102
258595
258595
258595
258595
258595
258595
258595
258595
258595
258595
258595
258595
258595
258595
258595
258595
258595
258595
258595
258595
258723
258723
258723
258723
258723
258723
258723
258723
258959
258959
258959
258959
259155
259155
259155
259155
259641
259641
259641
259641
259641
259641
259641
259641
259832
259832
259832
259832
259832
259832
259864
260863
260863
260863
260863
260863
260863
260863
260863
260863
260863
260863
260863
260863
260863
260863
261291
261291
261291
261291
261291
261291
261291
261291
261291
261291
261291
261291
261291
261291
261384
261384
261384
261384
261384
261384
261384
261384
261384
261384
261384
261384
261384
261384
261384
261384
261384
261384
261589
261589
261589
261589
261589
261589
261589
261589
261589
261589
261589
261589
261589
261589
261589
261589
261589
261589
261639
261639
261639
261639
261639
261639
261639
261639
261639
261639
261639
261639
261639
261639
261639
261639
261639
261639
261639
261639
261700
261700
261700
261700
261700
261700
261700
261700
261700
261905
261905
261905
261905
261905
261905
261905
261905
261905
261905
261905
261905
261905
261905
261905
261905
261905
261905
261905
261905
262556
262556
262556
262556
262556
262556
262556
262556
262701
262701
262701
262701
262701
262701
262701
262701
262701
262701
262701
262701
262701
262701
262701
262701
262701
262701
262701
262756
262756
262756
262756
262756
262756
262756
262756
262756
262756
263157
263157
263157
263157
263157
263157
263157
263157
263157
263157
263157
263157
263157
263157
263269
263269
263269
263269
263269
263269
263269
263269
263269
263269
263269
263269
263269
263269
263269
263269
263269
263269
263307
263307
263307
263307
263307
263307
263307
263328
263328
263328
263328
263328
263328
263328
263328
263328
263328
263328
263328
263328
263328
263328
263328
263328
263328
263328
263687
263687
263687
263687
263687
263852
263852
263852
263852
263852
263852
263852
263852
263852
263852
263852
263852
263852
263965
263965
263965
263965
263965
263965
263965
263965
263965
263965
263965
263965
263965
263965
263965
263965
263965
264200
264200
264200
264200
264200
264200
264200
264200
264200
264367
264367
264367
264367
264367
264396
264396
264396
264396
264396
264396
264396
264396
264396
264396
264396
264396
264396
264396
264396
264396
264396
264454
264454
264454
264454
264454
264454
264454
264454
264454
264454
264454
264454
264454
264454
264454
265066
265066
265066
265066
265066
265066
265083
265083
265083
265083
265083
265083
265083
265083
265083
265083
265238
265238
265775
265775
265775
265775
265775
265775
265775
265775
265775
265775
265775
265775
265775
265775
265775
265775
265775
265775
265792
265792
265792
265792
265792
265792
265792
265792
265792
265792
265792
265792
265892
265892
265892
266115
266115
266115
266115
266115
266115
266115
266115
266391
266391
266391
266391
266391
266391
266391
266391
266391
266391
266391
266391
266470
266470
266621
266621
266621
266621
266621
266621
266697
266697
266697
266697
266697
266697
266697
266697
266697
266697
266697
266697
266697
266697
266697
266697
266697
266697
266697
266697
266836
266836
266836
266836
267769
268838
268838
268838
268838
268838
268838
269126
269126
269126
269126
269126
269126
269126
269126
269126
269126
269142
269142
269142
269142
269142
269142
269142
269142
269142
269142
269142
269142
269142
269142
269142
269932
269932
269932
269932
269932
269932
269932
269932
269932
269932
269932
269932
269932
270615
270615
270615
270615
270615
270615
270750
270750
270750
270750
270750
270750
270750
270750
270750
270750
270750
271000
271000
271000
271000
271000
271000
271000
271000
271000
271000
271000
271000
271000
271000
271000
271000
271000
271000
271425
271425
271425
271425
271425
271425
271425
271425
271425
271425
271425
271425
271425
271425
271425
271425
271425
271425
271425
271573
271573
271573
271638
271684
271684
271684
271684
271684
271987
271987
271987
272003
272003
272003
272003
272003
272003
272003
272003
272003
272003
272003
272003
272003
272003
272003
272003
272003
272003
272003
272003
272284
272284
272284
272284
272284
272284
272353
272353
272353
272353
272353
272353
272353
272353
272353
272365
272365
272365
272365
272365
272365
272365
272449
272449
272449
272449
272449
272449
272449
272449
272449
272449
272480
272480
272480
272793
272793
272793
272793
272793
272793
273209
273209
273209
273284
273284
273284
273284
273284
273284
273284
273284
273284
273284
273284
273284
273845
273845
273845
273845
273845
273845
273845
273845
273845
273845
273845
273845
273845
273845
273845
273845
273845
274087
274087
274087
274087
274087
274087
274087
274087
274087
274087
274087
274236
274236
274236
274236
274236
274236
274236
274236
274236
274236
274236
274236
274236
274236
274236
274329
274329
274329
274329
274329
274329
274329
274329
274329
274329
274329
274329
274329
274329
274329
274329
274778
274778
274778
274778
274778
274778
274778
274778
274778
274796
274796
274796
274796
274796
274796
274796
274931
274931
274931
274931
274931
274931
274931
274931
274931
274931
274931
275015
275015
275015
275015
275015
275015
275015
275015
275015
275015
275015
275015
275015
275015
275015
275015
275116
275116
275152
275152
275152
275152
275152
275152
275152
275152
275152
275152
275152
275152
275152
275152
275334
275334
275334
275334
275334
275334
275334
275334
275334
275334
275334
275334
275334
275334
275334
275759
275759
275759
275759
275759
275759
275759
275759
275759
276231
276231
276231
276231
276231
276231
276231
276231
276231
276231
276627
276627
276627
276627
276627
276627
276627
276867
276867
276867
276867
276867
276867
276867
276867
276867
276867
277020
277020
277020
277020
277020
277020
277020
277020
277020
277020
277020
277020
277020
277020
277020
277330
277330
277330
277330
277330
277330
277330
277330
277330
277330
277330
277330
277330
277330
277611
277611
277611
277611
277611
277611
277611
277611
277611
277611
277611
277611
277611
277611
277611
277611
277611
277611
277986
277986
277986
277986
278529
278529
278529
278529
278529
278529
278529
278529
278529
278529
278529
278529
278529
278529
278529
278529
278529
278529
278554
278554
278554
278554
278554
278554
278554
278554
278554
278554
278554
278554
278554
278554
278554
278828
278828
278828
278828
278828
278828
278828
278828
278828
278828
278828
278828
278828
279101
279101
279101
279101
279101
279101
279101
279101
279101
279101
279101
279101
279101
279101
279101
279101
279101
279333
279954
279954
279954
279954
280361
280364
280364
280364
280364
280364
280364
280364
280364
280364
280364
280364
280364
280364
280364
280364
280364
280364
280364
280699
280699
280699
280699
280699
280699
280699
280699
280699
280699
280699
280699
280699
280699
280699
280699
280868
280868
280868
280868
280868
280868
280868
280868
280868
280868
280868
280868
280868
280868
280868
280868
280868
280868
281214
281214
281214
281214
281214
281214
281214
281214
281214
281214
281214
281214
281214
281214
281214
281214
281261
281305
281305
281305
281305
281305
281305
281305
281305
281305
281305
281305
281305
281305
281305
281305
281305
281305
281305
281305
281305
281380
281975
281975
281975
281975
281975
281975
281975
281975
281975
281975
281975
281975
282054
282054
282054
282054
282054
282054
282054
282054
282054
282054
282054
282054
282054
282054
282054
282425
282425
282425
282425
282425
282425
282425
282425
282583
282583
282583
282583
282583
282583
283051
283051
283051
283051
283051
283051
283051
283051
283051
283051
283229
283229
283229
283229
283229
283229
283229
283229
283229
283229
283229
283229
283624
283624
283624
283792
283792
283792
283792
283792
283792
283792
283792
283792
283792
283792
283792
283792
283865
283865
283865
283865
283865
283961
283961
283961
283961
283961
283961
283961
283961
283961
283961
283961
283961
283961
283961
283961
283961
283961
284015
284015
284015
284015
284015
284015
284015
284015
284015
284015
284015
284015
284015
284015
284015
284333
284333
284333
284333
284333
284333
284333
284635
284635
284635
284635
284635
284635
284635
284635
284635
284898
284898
284898
284898
284898
284898
284898
284898
284898
284898
284898
284898
284898
284898
285316
285316
285316
285316
285316
285316
285316
285316
285316
285316
285316
285316
285316
285316
285549
285549
285549
285549
285573
285573
285573
285573
285573
285573
285573
285573
285573
285573
285573
285573
285573
285573
285573
285573
285573
285573
285576
285576
285576
285576
285576
285576
285576
285576
285576
285576
285576
285576
285576
286813
286813
286813
286813
286813
286813
286813
286813
286813
286813
286813
286813
286813
286813
286896
286896
286896
286896
286896
286896
286896
286896
286896
286896
286896
286896
286896
286896
286896
287418
287418
287418
287418
287418
287418
287418
287418
287418
287418
287650
287650
287650
287650
287677
287677
287677
287677
287960
287960
287960
288004
288004
288004
288004
288004
288004
288004
288004
288004
288004
288004
288105
288105
288105
288190
288190
288190
288190
288190
288190
288190
288190
288190
288190
288190
288190
288190
288190
288190
288190
288190
288190
288190
288190
288518
288518
288518
288518
288518
288518
289652
289652
289652
289652
289652
289652
289652
289652
289652
290115
290115
290115
290115
290115
290115
290115
290115
290115
290115
290115
290115
290115
290176
290176
290176
290176
290176
290176
290176
290176
290176
290176
290176
290176
290176
290462
290462
290462
290462
290462
290462
290548
290548
290548
290548
290548
290548
290548
290548
290548
290548
290548
290548
290548
290548
290548
290548
290548
290548
290644
290644
290644
290644
290644
290644
290644
290644
290644
290644
290644
290644
290644
290644
290644
290644
290644
290955
290955
290955
290955
290955
290955
290955
290955
290955
290955
290955
290955
290955
291057
291057
291057
291057
291057
291057
291057
291057
291057
291057
291057
291057
291057
291057
291551
291551
291551
291551
291608
291608
291887
291887
291887
291887
291904
291904
291904
291904
291904
291904
291904
291904
291904
291904
291904
292107
292107
292107
292107
292107
292107
292107
292107
292107
292107
292107
292107
292139
292139
292139
292139
292139
292139
292139
292139
292139
292139
292139
292139
292149
292149
292149
292149
292149
292149
292149
292149
292149
292149
292149
292149
292149
292149
292162
292162
292162
292162
292162
292162
292162
292162
292162
292162
292162
292162
292805
292805
292805
292805
292805
292805
292805
292805
292805
292805
292805
292805
292805
292805
292805
292805
292805
293142
293142
293142
293142
293142
293142
293142
293142
293142
293142
293142
293142
293142
293142
293142
293142
293142
293175
293175
293175
293175
293175
293175
293175
293175
293175
293175
293175
293175
293175
293525
293525
293525
293525
293525
293525
293525
293525
293525
293525
293525
293525
293525
293525
293525
293525
293525
293525
293525
293779
293779
293779
293779
293779
293779
293779
293779
293779
293779
293779
293779
293779
294092
294092
294092
294092
294092
294092
294092
294092
294092
294092
294092
294092
294231
294231
294231
294231
294231
294231
294231
294231
294231
294231
294455
294455
294455
294455
294455
294455
294455
294455
294455
294455
294455
294473
294473
294473
294473
294473
294473
294473
294473
295003
295003
295003
295003
295003
295003
295003
295003
295003
295003
295003
295003
295003
295003
295003
295003
295003
295003
295003
295436
295436
295436
295436
295436
295436
295436
295436
295436
295436
295436
295670
295670
295670
295670
295670
295670
295670
295670
295914
295914
295914
295914
295914
295914
295914
295914
295914
295914
295914
295914
295914
295914
295914
295914
295914
295914
295914
295914
295961
295961
295961
295961
295961
295961
295961
295961
295961
295961
295961
295961
295961
295961
295961
295961
295961
296111
296111
296111
296111
296111
296111
296111
296111
296111
296111
296263
296263
296263
296263
296658
296658
297096
297096
297096
297096
297096
297301
297301
297301
297301
297301
297301
297301
297301
297301
297301
297301
297301
297301
297301
297301
297301
297306
297306
297306
297306
297306
297306
297306
297306
297420
297420
297420
297420
297420
297420
297420
297420
297420
297420
297420
297420
297443
297443
297967
297967
297967
297967
297967
297967
297967
297967
298081
298081
298081
298081
298081
298081
298081
298081
298489
298489
298489
298654
298654
298810
298810
298810
298810
298810
298810
298810
298810
298810
298810
298810
298810
298810
298810
298810
298810
298810
298810
298810
299019
299019
299019
299019
299019
299019
299019
299019
299019
299019
299019
299019
299019
299019
299019
299308
299308
299308
299308
299308
299308
299308
299308
299308
299308
299308
299308
299308
299308
299308
299308
299308
299308
299490
299490
299490
299490
299490
299490
299490
299490
299490
299490
299490
299490
299490
299490
299490
299506
299506
299506
299506
299506
299506
299506
299506
299569
299569
299569
299569
299569
299569
299569
299569
299588
299588
299588
299588
299588
299588
299588
299588
299714
299714
299714
299804
299804
299804
299804
299804
299804
299804
299804
300252
300252
300252
300252
300252
300252
300252
300252
300252
300252
300252
300252
300252
300252
300252
300252
300252
300252
300572
300572
300572
300572
300572
300572
300572
300572
300826
300826
300826
300826
300826
300826
300826
300826
301049
301049
301049
301049
301049
301049
301049
301049
301049
301049
301049
301049
301049
301049
301049
301049
301049
301049
301049
301049
301061
301061
301061
301245
301245
301245
301245
301245
301245
301245
301245
301285
301285
301285
301285
301285
301285
301285
301285
301285
302216
302216
302216
302216
302216
302508
302508
302508
302508
302900
302900
303249
303249
303249
303249
303249
303249
303249
303249
303249
303249
303249
304003
304003
304003
304003
304003
304003
304003
304003
304003
304003
304003
304003
304003
304003
304003
304235
304235
304235
304235
304235
304235
304235
304235
304235
304235
304235
304235
304235
304235
304235
304235
304235
304235
304235
304235
304408
304408
304408
304408
304408
304408
304408
304408
304408
304592
304592
304592
304592
304592
304592
304592
304592
304592
304592
304592
304592
304592
304592
304592
304865
304865
304865
304865
304865
304865
304865
304865
304865
304865
304865
304865
305314
305314
305314
305314
305314
305314
305314
305314
305314
305314
305314
305314
305314
305314
305443
305443
305443
305443
305443
305443
305443
305443
305443
305443
305443
305443
305443
305443
305443
305443
305443
305443
305443
305443
305739
305739
305739
305739
305739
305862
305862
305862
305862
305862
305862
305862
305862
305862
305862
305862
305862
305862
305862
305862
305862
305862
306685
306685
306716
306716
306716
306716
306716
306716
306716
306716
306716
306991
306991
306991
308138
308138
308138
308138
308138
308138
308138
308138
308138
308138
308138
308138
308138
308342
308342
308342
308342
308342
308342
308693
308693
308693
308693
308693
308706
308706
308706
308706
308706
308706
308706
308706
308706
308706
308706
308706
309063
309063
309063
309063
309063
309063
309063
309063
309063
309063
309063
309063
309063
309110
309110
309110
309110
309110
309110
309432
309432
309432
309438
309438
309438
309438
309438
309438
309438
309438
309438
309438
309671
309671
309671
309671
309671
309671
309671
309671
309671
309671
309671
309671
309671
309671
309671
309671
309671
309671
309697
309697
309697
309697
309697
309697
309697
309697
309697
309697
309697
309697
309697
309697
309897
309897
309897
309897
309897
309897
309897
309897
309897
309897
309897
309897
309897
309897
310003
310003
310003
310003
310003
310003
310003
310003
310003
310003
310003
310003
310108
310108
310108
310108
310133
310133
310133
310133
310443
310443
310443
310443
310443
310443
310443
310443
310443
310443
310443
310443
310713
310713
310713
310713
310713
310713
310807
310807
311190
311190
311190
311190
311190
311190
311190
311190
311190
311602
311602
311602
311602
311602
311602
311602
311602
311602
311602
311602
311602
311602
311658
311658
311658
311658
311658
311658
311959
311959
311959
311959
311959
311959
311959
311959
311959
312519
312519
312519
312519
312519
312519
312519
312519
312519
312519
312519
312790
312790
312790
312790
312790
312790
312790
312790
312790
312790
312790
312790
312790
312790
312790
312790
312790
312790
312790
312790
313562
313702
313702
313702
313702
313702
313702
313702
313702
313702
313702
313702
313702
313702
313702
313702
313781
313781
313781
313781
313781
314375
314375
314375
314375
314375
314375
314375
314375
314375
314375
314375
314375
314375
314375
314375
314375
314441
314441
314441
314441
314441
314441
314463
314463
314463
314463
314463
314463
314463
314463
314463
314463
314463
314463
314463
314463
314626
314626
314626
314626
314626
314626
314626
314626
314626
314626
314626
314626
314728
314728
314728
314728
314728
314728
314728
314728
314728
314728
314728
314728
314728
314728
314728
314839
314839
314839
314839
314839
314839
314839
314839
314839
315181
315181
315764
315764
315764
315764
315764
315764
315764
315764
315764
315764
315764
315764
315764
315764
315764
315764
315764
315925
315925
315925
316046
316046
316046
316046
316046
316046
316046
316046
316046
316046
316046
316046
316046
316046
316046
316046
316046
316048
316048
316048
316048
316048
316745
316745
316745
316745
316745
316745
316745
316745
316745
316745
316999
316999
316999
316999
316999
316999
316999
316999
316999
316999
316999
316999
316999
316999
316999
316999
316999
316999
317537
317537
317537
317537
317537
317544
317544
317544
317544
317544
317544
317544
317544
317544
317544
317544
317544
317544
317799
317799
317799
317799
317799
318353
318353
318353
318353
318353
318353
318353
318353
318353
318353
318353
318353
318353
318353
318353
318353
318353
318353
318414
318414
318414
318414
318414
318414
318414
318414
318414
318414
318414
318414
318414
318414
318414
318414
318414
318414
318414
318414
318706
318706
318706
318706
318706
318706
318706
318706
318706
318836
318836
318836
318836
318836
318836
318895
318895
318895
318895
318895
318895
318895
318895
318895
318895
318895
318895
318895
318895
318895
318895
319138
319138
319138
319138
319138
319138
319138
319138
319138
319138
319196
319500
319500
319500
319500
319500
319500
319500
319500
319500
319500
319500
319500
319500
319500
319500
319500
319500
320113
320113
320113
320113
320113
320113
320113
320113
320113
320113
320113
320700
320700
320700
320765
320765
320765
320765
320765
320765
320789
320789
320789
320789
320789
320789
320789
320789
320789
320789
320789
320789
320789
320789
320789
321138
321138
321138
321138
321138
321138
321138
321138
321138
321138
321138
321138
321138
321165
321165
321170
321170
321170
321170
321170
321170
321170
321170
321170
321170
321170
321170
321170
321170
321170
321170
321563
321563
321563
321563
321563
321563
321563
321563
321563
321900
321900
321900
321900
321900
321900
321900
321900
321900
321900
321900
321900
321900
321900
322036
322036
322036
322036
322036
322036
322036
322036
322036
322036
322036
322036
322036
322036
322036
322036
322036
322036
322036
322036
322134
322134
322134
322134
322134
322134
322134
322134
322134
322134
322134
322134
322134
322134
322134
322134
322134
322134
322134
322134
322287
322287
322287
322287
322287
322287
322287
322287
322287
322287
322287
322413
323190
323190
323190
323190
323190
323190
323190
323190
323190
323190
323190
323601
323601
323601
323601
323601
323601
323601
323601
323601
323601
323601
323601
323601
323869
323869
323869
323869
323869
323869
323869
323869
323869
323869
323965
323965
323965
323965
323965
323965
323965
323965
323965
323965
323965
323965
323965
323965
323965
323965
323965
323965
323965
323966
323966
323966
323966
323966
323966
323966
323966
323966
323966
323966
324203
324203
324203
324203
324203
324365
324365
324365
324365
324365
324365
324365
324365
324365
324499
324499
324499
324499
324499
324499
324499
324499
324499
324499
324499
324499
324499
324499
324499
324499
324499
324499
324551
324551
324551
324551
324551
324738
324738
324738
324738
324738
324738
324738
324738
324738
324738
324738
324738
324738
324738
324738
324738
324738
324738
324738
324738
324890
325125
325125
325125
325125
325125
325125
325125
325125
325125
325292
325292
325292
325292
325292
325292
325792
325792
325792
325792
325792
325792
325792
325792
325792
325792
325792
325792
325792
325792
325792
325792
325792
325792
325827
325827
325827
325827
325827
325827
326120
326120
326120
326120
326120
326120
326120
326120
326120
326120
326120
326120
326747
326747
326747
326747
326747
326747
326747
326747
327598
327598
327598
327598
327598
327598
327598
327598
327598
327598
327598
327598
327598
327598
327598
327598
327598
327598
327598
328088
328141
328141
328141
328141
328141
328141
328141
328141
328141
328141
328141
328141
328141
328141
328141
328336
328336
328336
328336
328336
328336
328336
328523
328523
328523
328523
328523
328523
328523
328523
328523
328523
328523
328712
328712
328712
328712
328712
328712
328712
328712
328712
328712
328712
328712
328712
328712
328712
328712
328712
328712
328712
328723
328723
328723
328723
328723
328723
328723
328723
328723
328723
328723
328723
328723
329481
329481
329481
329481
329481
329481
329481
329481
329481
329481
329481
329481
329481
329481
329481
329481
329481
329481
329481
329481
329543
329543
329543
329543
329543
329543
329543
329543
329642
329642
329642
329642
329642
329642
329642
329642
329642
329642
329642
329642
329733
329733
329733
329733
329733
329733
329733
329733
329733
329733
329733
329733
329923
329923
329923
329923
329923
330130
330130
330130
330130
330130
330130
330130
330130
330130
330130
330130
330277
330277
330277
330412
330412
330412
330412
330412
330412
330412
330412
330412
330412
330412
330412
330440
330466
330466
330466
330466
330466
330466
330466
330466
330466
330466
330466
330466
330511
330511
330511
330511
330511
330511
330511
330511
330718
330718
330718
330718
330718
330718
330718
330718
330718
330942
330942
330942
331055
331055
331236
331236
331716
331861
331861
331861
331861
331861
331861
331861
331861
331861
331861
331861
331861
331861
331861
331861
331861
331861
331861
331861
331892
331892
331892
331892
331892
331892
331892
331892
332225
332225
332225
332225
332225
332225
332225
332225
332225
332225
332225
332225
332225
332225
332225
332225
332332
332332
332332
332332
332332
332332
332332
