10276 500000
66912
66912
66912
66912
66912
66912
66912
66912
66912
67077
67077
67077
67077
67077
67077
67077
67077
67077
67077
67077
67077
67077
67077
67077
67077
67077
67136
67136
67136
67136
67136
67136
67136
67136
67136
67136
67136
67136
67136
67136
67136
67203
67203
67203
67203
67203
67203
67203
67203
67203
67203
67203
67203
67203
67203
67203
67203
67203
67203
67203
67203
67853
67911
67911
67911
67911
67911
68166
68166
68166
68166
68166
68166
68166
68166
68166
68166
68166
68166
68166
68166
68166
68166
68166
68166
68166
68745
68745
68745
68745
68745
68745
68745
68745
68745
68745
68745
68745
68745
68745
68745
68745
68745
68745
68745
68940
68940
68940
68940
68940
68940
68973
68973
68973
68973
68973
68973
68973
68973
68973
68973
68973
68973
68973
68973
68973
69176
69176
69176
69176
69176
69176
69176
69176
69176
69176
69176
69176
69176
69176
70785
70785
70785
70785
70785
70785
70785
70785
70785
70785
70785
70785
70785
70785
70785
70785
70785
70785
71673
71673
71673
71673
71673
71673
71673
71673
71673
71673
71673
71673
71677
71677
71677
71677
71677
71677
71677
71677
71677
71677
71677
71677
71685
71685
71685
71685
71685
71685
71685
71685
71685
71685
71685
71685
71685
71685
71685
71685
71685
71685
71685
72349
72349
72349
72349
72349
72349
72349
72349
72349
72349
72678
72678
72678
72678
72678
72678
72678
72678
72678
72910
72910
72910
73475
73475
73475
73475
73475
73475
73475
73475
73475
73475
73475
73475
73475
73475
73584
73584
73584
73584
73584
73584
73584
73806
73806
73806
73806
73806
73806
73806
73806
73806
73806
73806
73942
73942
73942
73942
73942
73942
73942
73942
73942
73942
73942
73942
73942
73942
73942
73942
74232
74232
74232
74232
74232
74232
75179
75179
75179
75179
75179
75559
75559
75559
75559
76366
76366
76423
76423
76423
76423
76423
76423
76423
76423
76423
76423
76423
76423
76423
76423
76423
76648
76648
76648
76648
76648
76648
76648
76648
76648
76648
76648
76648
76648
76648
76648
76648
76648
76648
76747
76747
76747
76747
76747
76747
76747
76747
76747
76747
76747
76912
77022
77022
77022
77022
77448
77448
77448
77448
77448
77448
77448
77448
77448
77448
77448
77448
77448
77448
77448
77448
77448
77448
77448
77448
78043
78043
78043
78043
78043
78043
78043
78043
78043
78043
78043
78043
78043
78043
79298
79298
79298
79298
79298
79298
79298
79298
79298
79298
79298
79298
79298
79425
79425
79425
79630
80014
80014
80014
80014
80014
80014
80014
81252
81252
81252
81252
81252
81252
81252
81538
81538
81538
81538
81630
81630
81630
81630
81630
81630
81630
81630
81630
81630
81630
81630
81630
81633
81633
81633
81636
81636
81636
81636
81636
81636
81636
81636
81636
81636
81636
81636
81636
81636
81636
81636
81636
81636
81753
81753
81753
81877
81877
81877
81877
81877
81877
81877
81877
81877
81966
81966
81966
81966
81966
81966
81966
81966
81966
81966
81966
81966
81966
81966
81966
81966
83058
83058
83058
83058
83058
83058
83058
83058
83058
83058
83058
83058
83058
83209
83209
83209
83209
83209
83209
83484
83484
83484
83484
83484
83484
83484
83484
83484
83484
83484
83484
83484
83713
83713
83872
83872
83872
84035
84035
84035
84035
84035
84035
84035
84035
84035
84035
84035
84035
84183
84294
84294
84294
84294
84294
84294
84294
84294
84294
84294
84294
84294
84294
84294
84294
84294
84339
84339
84339
84339
84339
84339
84339
84339
84385
84385
84385
84385
84385
84385
84385
84545
84545
84545
84545
84545
84545
84545
84545
84545
84545
84545
84671
84673
84722
84722
84722
84949
84949
84949
85586
85586
85586
86297
86297
86381
86381
86381
86381
86381
86381
86381
86381
86381
86381
86381
86381
86381
86381
86381
86381
86381
87057
87057
87057
87057
87057
87057
87057
87057
87619
87619
87619
87619
87619
87619
87619
87619
87619
87619
87619
87619
87619
87619
87619
87619
87619
87619
87740
87740
87740
87740
87740
87740
87740
87740
87740
87740
87740
87740
88133
88133
88133
88133
88133
88133
88133
88133
88133
88133
88133
88133
88133
88133
88133
88133
88239
88239
88239
88239
88239
88239
88239
88239
88239
88239
88239
88239
88239
88243
88243
88243
88243
88243
88243
88243
89080
89080
89080
89080
89080
89080
89080
89080
89080
89080
89080
89148
89148
89148
89148
89148
89148
89148
89148
89148
89148
89148
89148
89148
89148
89148
89601
89601
89601
89601
89601
89601
89601
89981
89981
89981
89981
89981
89981
89981
89981
89981
89981
89981
89981
89981
89981
89984
89984
89984
89984
89984
90089
90089
90089
90089
90089
90089
90089
90089
90089
90089
90089
90089
90089
90089
90089
90089
90089
90089
90089
90089
90277
90277
90542
90542
90542
90542
90542
90542
90542
90542
90542
90542
90542
90542
90542
90542
90542
90542
90698
90698
90698
90698
90698
90698
90698
90698
90698
90698
90709
90709
90709
90709
90709
90709
90709
90709
90709
90709
90709
90709
90709
90709
90709
90709
90709
90709
90821
90821
90821
90821
90821
90821
90821
90821
91245
91245
91245
91245
91245
91245
91245
91245
91245
91245
91245
91514
91514
91514
91514
91514
91514
91514
91686
91718
91718
91718
91718
91718
91718
91718
91718
91718
91718
91718
91718
91882
91882
91882
91882
91882
91882
91882
91882
91882
91882
91882
91882
92070
92070
92070
92070
92070
92070
92070
92070
92070
92070
92070
92070
92070
92272
92272
92272
92272
92272
92272
92272
92272
92272
92272
92272
92272
92272
92272
92359
92359
92359
92359
92359
92359
92359
92827
92827
92827
92827
92827
92827
92827
92827
92827
92827
92827
92827
92827
92827
92827
92827
92827
92827
92827
93008
93008
93008
93008
93008
93008
93008
93008
93008
93008
93008
93008
93008
93008
93221
93323
93323
93524
93524
93524
93524
93524
93524
93524
93524
93524
93524
94049
94049
94049
94049
94049
94049
94049
94049
94049
94049
94049
94770
94770
94770
95039
95039
95039
95039
95039
95039
95039
95039
95039
95039
95039
95039
95039
95039
95039
95039
95039
95039
95039
95039
95352
95352
95352
95352
95352
95352
95352
95352
95352
95352
95352
95352
95352
95352
95352
95352
95352
96140
96140
96140
96140
96140
96140
96311
96311
96311
96311
96311
96311
96311
96311
96311
96311
96311
96311
96311
96311
96311
96311
96395
96395
96395
96395
96395
96395
96395
96395
96395
96395
96438
96602
96602
96602
96602
96602
96602
96602
96602
96602
96602
96602
96602
96602
96878
96878
96878
96878
96878
96878
96878
96878
96878
97474
97474
97474
97474
97474
97474
97474
97474
97474
97474
97474
97474
97474
97474
97474
97474
97474
97474
97521
97521
97521
97521
97582
97582
97582
97582
97582
97582
97582
97582
97582
97582
97582
97582
97582
97582
97582
97582
97582
97582
97582
97582
98411
98411
98411
98411
98411
98411
98411
98411
98411
98411
98411
98411
98411
98411
98721
98721
98721
98721
98721
98721
98721
98721
98721
98721
98721
98721
98721
98721
98721
98721
98850
98850
98850
98850
98850
98850
98850
98850
98850
99473
99473
99473
99473
99473
99473
99473
99473
99473
99473
99473
100190
100190
100190
100190
100190
100190
100190
100190
100419
100419
100419
100419
100533
100533
100533
100533
100533
100533
100533
100533
100533
100533
100533
100533
100533
100533
100533
100533
101093
101093
101093
101093
101093
101093
101093
101093
101093
101093
101093
101093
101093
101093
101093
101093
101166
101166
101166
101166
101166
101166
101166
101166
101166
101166
101166
101166
101166
101166
101423
101423
101423
101423
101423
101423
101423
101423
101423
101423
101423
101423
101423
101423
101423
101423
101423
101814
101814
101814
101814
101814
101814
101933
101933
101933
101933
101933
101933
101933
101933
101933
101933
101933
101933
101933
101933
101933
101933
103269
103269
103269
103269
103269
103269
103269
103269
103269
103269
103269
103269
103296
103296
103296
103296
103296
103296
103296
103296
103854
103854
103854
103854
103854
103854
103854
103854
103854
103854
103854
103854
103854
103854
104130
104130
104130
104130
104130
104130
104130
104130
104130
104130
104367
104367
104367
104367
104367
104367
104367
104367
104367
104367
104367
104367
104367
104367
104367
104367
104395
104395
104517
104517
104517
104517
104517
104517
104517
104517
104517
104517
104517
104517
104517
105177
105177
105177
105177
105177
105177
105177
105177
105177
105177
105177
105177
105177
105215
105215
105215
105215
105215
105215
105215
105215
105215
105215
105215
105215
105250
105250
105250
105250
105250
105250
105250
105250
105250
105250
105250
105250
105394
105394
105394
105394
105394
105394
105394
105394
105394
105394
105394
105394
105394
105394
105394
105394
105394
105394
105394
106063
106279
106279
106279
106279
106279
106279
106279
106279
106279
106279
106279
106279
106279
106279
106279
106279
106623
106623
106623
106623
106623
106623
106623
106623
106623
106623
106623
106645
106645
106645
106645
106645
106645
106645
106645
106645
106645
106645
106645
106645
106645
106645
106645
106645
106645
106645
106645
107055
107055
107250
107250
107250
107250
107250
107250
107250
107250
107250
107250
107250
107250
107250
107250
107250
108267
108267
108267
108267
108267
108267
108267
108267
108267
108267
108267
108267
108267
108267
108267
108267
108821
108821
108821
108821
108821
108858
108858
108858
108858
108892
108892
108892
108892
108892
108892
108892
108892
108892
108892
108892
108892
108892
109193
109193
109193
109302
109302
109302
109302
109302
109302
109302
109302
109302
109302
109302
109302
109302
109302
109302
109302
109302
109302
109302
109302
109415
109415
109415
109415
109415
109415
109415
109415
109415
109415
109415
109415
109415
109415
109415
109415
109415
109415
109657
109657
109657
109657
109657
109657
109657
109657
109657
109657
109657
109657
109657
109657
110293
110293
110293
110293
110295
110295
110295
110295
110295
110295
110295
110295
110295
110886
110886
110886
110886
110886
110886
110886
110886
110886
110886
110886
110886
110886
110886
110886
110895
110895
110895
110895
110895
110895
110895
110895
110895
110895
110895
110895
110895
110895
111165
111165
111165
111165
111165
111165
111165
111165
111165
111165
111165
111165
111165
111243
111243
111243
111243
111243
111243
111644
111644
111644
111644
111644
111644
111681
111807
111807
111807
111807
111807
111807
111807
111807
111807
111807
111807
111807
111807
111807
111807
111807
112004
112004
112004
112004
112004
112004
112004
112004
112004
112004
112004
112004
112004
112004
112004
112004
112004
112004
112167
112167
112167
112167
112167
112167
112167
112167
112167
112167
112167
112167
112167
112167
112167
112167
112167
112167
112167
112243
112243
112243
112243
112243
112243
112243
112243
112243
112243
112243
112243
112243
112243
112243
112243
112243
112243
112243
112340
112340
112340
112340
112340
112340
112340
112340
112340
112340
112340
112340
112340
112340
112340
112340
112340
112466
112466
112466
112466
112466
112466
112466
112466
112466
112466
112466
112466
112466
112466
112466
112466
112466
112466
112466
112466
112519
112519
112519
112519
112519
112519
112519
112519
112519
112519
112519
112519
112519
112519
112519
112519
112519
112519
112519
112927
112927
112927
112927
112927
112927
112927
112927
112927
112927
112927
112927
112927
112979
112979
112979
112979
112979
112979
112979
112979
112979
112979
112979
112979
112979
112979
112979
112979
112979
112979
112979
112979
113485
113485
113485
113485
113485
113485
113485
113485
113485
113485
113485
113485
113485
113485
113529
113529
113585
113585
113585
113585
113585
113585
113585
113585
113585
113643
113643
113643
113643
114176
114176
114176
114176
114176
114176
114176
114176
114176
114176
114176
114176
114632
114632
114632
114632
114632
114632
114632
114632
114632
114632
114632
114632
114632
114632
114632
114632
114966
114966
114966
114966
114966
114966
114966
114966
114966
114966
115099
115099
115099
115099
115099
115099
115099
115099
115099
115099
115264
115264
115264
115264
115264
115264
115264
115264
115264
115264
115264
115264
115264
115314
115799
115799
115799
115799
115799
115799
115799
115799
115799
115799
115799
115799
115799
116074
116074
116479
116479
116479
116479
116479
116479
116479
116479
116479
116479
116479
116479
116479
116479
116631
116631
116631
116631
116631
116631
116631
116631
116660
116660
116660
116660
116660
116660
117049
117049
117049
117049
117049
117049
117049
117049
117049
117049
117049
117898
117898
117898
117898
117898
117898
117898
117898
117898
117898
117898
117898
117898
117898
117898
117898
117898
117898
117898
117898
118342
118342
118342
118342
118342
118342
118342
118342
118342
118342
118342
118342
118342
118342
118342
118342
118725
118725
118725
118725
118725
118725
118725
118725
118725
118725
118725
118725
118725
118725
118725
118725
118725
118946
118946
118946
118946
118946
119004
119004
119004
119004
119004
119004
119004
119004
119004
119004
119172
119172
119172
119172
119172
119172
119172
119172
119172
119172
119172
119172
119172
119172
119172
119172
119172
119172
119529
119529
119588
119588
119588
119588
119588
119588
119588
119588
119588
119588
119588
119588
119588
119588
119610
119610
119610
119610
119610
119610
119610
119610
119610
119610
119610
119610
119610
119610
119610
119610
119610
119713
119713
119713
119713
119713
119713
119713
119713
119715
119715
119715
119715
119715
119715
119715
119715
119715
119715
119715
119853
119853
119853
119853
119853
119853
119853
119853
119853
119853
119853
119853
119853
119951
119951
119951
119951
119951
119951
119951
119951
119951
119951
119951
119951
120517
120517
120517
120517
120517
120517
120517
120517
120517
120517
120517
120517
120517
120517
120517
120517
121489
121489
121489
121489
121489
121489
121489
121489
121489
121489
121489
121489
121489
121489
121521
121521
121521
121521
121521
121521
121521
121521
121521
121521
121521
121521
121521
121521
121521
122023
122023
122023
122023
122023
122312
122312
122312
122312
122312
122312
122312
122312
122495
122495
122495
122495
122495
122495
122495
122495
122495
122495
122495
122495
122767
122767
122767
122767
122767
122767
122767
122767
122767
122767
122767
122767
122767
122767
122767
122767
122767
122767
122767
123500
123500
123500
123500
123500
123500
123700
123700
123700
123700
123700
123700
123944
123944
123944
123944
123944
123944
123944
123944
123944
123944
123944
123944
123944
123944
123944
124851
124851
124851
124851
124867
124867
124867
124867
124867
124867
124867
124867
124889
124889
124889
125983
125983
125995
125995
125995
125995
125995
125995
125995
125995
125995
125995
125995
126406
126406
126406
126406
126406
126406
126406
126406
126406
126406
126406
126406
126406
126406
126423
126423
126423
126423
126423
126423
126423
126423
126423
126423
126423
126423
126423
126423
126423
126423
126423
126423
126423
126423
126662
126662
127010
127010
127010
127010
127010
127010
127902
127902
127902
127902
127902
127902
127902
127902
127902
127902
127902
128139
128252
128252
128252
128252
128252
128252
128252
128252
128595
128595
128595
128595
128595
128595
128595
128595
128595
128595
128595
128595
128595
128595
129111
129111
129111
129111
129111
129111
129111
129111
129111
129111
129111
129111
129111
129111
129111
129111
129111
129111
129200
129200
129200
129200
129200
129200
129200
129200
129200
129200
129200
129200
129200
129200
129200
129210
129210
129210
129210
129210
129210
129210
129210
129210
129210
129210
129210
129210
129236
129236
129236
129236
129236
129236
129236
129603
129603
129603
129603
129603
129603
129603
129603
129603
129603
129603
129603
129603
129603
129603
129678
129678
129678
129678
129678
129678
129678
129678
130117
130117
130117
130117
130117
130117
130117
130117
130117
130117
130117
130210
130210
130210
130210
130210
130593
130593
130729
130729
130729
130729
130729
130729
130729
130729
131191
131191
131191
131191
131191
131191
131191
131191
131191
131191
131191
131191
131191
131191
131191
131348
131348
131348
131348
131348
131348
131348
131348
131490
131490
131490
131490
131490
131490
131490
131490
131490
131490
131490
131490
131490
131490
131713
131713
131713
131713
131713
131713
131713
131713
131713
131713
131713
131713
131713
131713
131713
131713
131713
131713
131713
131713
132936
132936
132936
132936
132936
132936
132936
132936
132936
132936
133171
133171
133171
133171
133324
133324
133324
133324
133324
133324
133324
133324
134121
134121
134121
134121
134121
134121
134121
134121
134121
134121
134121
134121
134121
134121
134121
134121
134121
134121
134159
134159
134159
134159
134159
134159
134159
134159
134159
134159
134159
134159
134159
134159
134159
134159
134159
135439
135439
135439
135439
135439
135439
135439
135439
135439
135439
135439
135439
135439
135439
135439
135439
135439
136022
136022
136022
136022
136022
136022
136022
136022
136022
136022
136022
136022
136022
136028
136028
136028
136028
136028
136467
136467
136467
136467
136467
136467
136467
136467
136467
136467
136467
136467
136467
136659
136659
136659
137082
137082
137082
137082
137082
137082
137082
137082
137082
137245
137245
137245
137245
137245
137245
137245
137245
137245
137245
137245
137245
137245
137245
137245
137245
137245
137245
137386
137386
137386
137386
137386
137386
137386
137386
137386
137386
137386
138167
138167
138167
138167
138167
138167
138167
138167
138262
138262
138262
138262
138262
138262
138262
138262
138262
138262
138262
138262
138262
138291
138291
138301
138301
138301
138301
138301
138301
138301
138621
138621
138621
138621
138621
138621
138621
138621
138621
138621
138621
138621
139415
139415
139415
139415
139415
139415
139415
139674
139674
139674
139674
139674
139674
139674
139674
139674
139674
139799
139799
139799
139799
139799
139799
139799
139799
139799
139799
139799
139799
139799
139799
139799
139799
139799
139799
139799
140179
140179
140179
140179
140179
140179
140179
140179
140179
140216
140216
140216
140216
140656
140656
140656
140656
140656
140656
140656
140656
140656
140656
140656
140656
140656
140656
140656
140656
140656
140656
141417
141417
141417
141417
141417
141417
141417
141417
141417
141417
141417
141417
141417
141417
141417
141417
142393
142393
142393
142393
142393
142660
142660
142660
142660
142660
142660
142660
142660
142660
142660
142660
142660
142660
142660
142660
142660
142739
142739
142739
142739
142739
142739
142739
142739
142739
142739
142739
142739
142739
142739
142922
142922
142922
142922
142922
142922
143147
143147
143147
143147
143147
143147
143147
143147
143147
143147
143147
143147
143147
143150
143344
143428
143738
143738
143738
143738
144423
144423
144423
145593
145593
145593
145593
145593
145593
145593
145593
145593
145593
145593
145593
145593
145593
145593
145593
145593
145593
145593
145593
145738
145738
145738
145738
145738
145738
145738
145738
145738
145738
145738
145738
145738
145738
145791
145791
145791
145823
145823
145942
145942
145942
145942
145942
145942
145942
145942
145942
145942
145942
145942
145942
145942
145942
145942
145942
145942
145942
145942
146464
146464
146464
146464
146464
146464
146464
146630
146630
146630
146630
146630
146630
146630
146630
146630
146630
146630
146630
146630
146630
146630
146758
146758
146758
146758
146758
146758
146758
146758
146758
146758
146758
146758
146758
146758
146758
146758
146758
146758
146758
146758
146810
146810
146810
146810
146810
146810
146810
146810
146810
146810
146810
146810
146971
147245
147245
147245
147245
147245
147245
147245
147245
147245
147245
147245
147245
147487
147487
147487
147487
147487
147487
147487
147487
147487
147687
147687
147687
147687
147687
147687
147687
147934
147934
147934
147934
147934
147934
147934
147934
147934
147934
147934
148172
148172
148172
148172
148172
148172
148172
148172
148172
148172
148172
148172
148172
148172
148172
148172
148172
148172
148172
148172
148497
148497
148497
148497
148497
148497
148497
148497
148497
148497
148497
148497
148497
148497
148497
148497
148497
148497
148715
148789
148789
148789
148789
148789
148789
148789
148789
148789
148789
148854
148854
148854
148854
148854
148854
148854
148854
149297
149297
149297
149297
149297
149297
149297
149389
149389
149389
149389
149389
149389
149389
149389
149389
149389
149389
149389
149389
150002
150002
150002
150002
150002
150002
150002
150002
150002
150002
150002
150002
150002
150002
150002
150002
150002
150002
150002
150149
150149
150149
150149
150149
150149
150149
150149
150149
150149
150149
150149
150149
150149
150149
150460
150460
150460
150460
150460
150460
150460
150460
150460
150460
150460
150460
150460
150460
150460
150575
150575
150575
150575
150575
150575
150575
150575
150575
150575
150575
150575
150703
150703
151654
151654
152240
152840
152840
152840
152840
152840
152859
152859
152859
152859
152859
152859
152859
152859
152859
152859
152859
152859
152859
152859
152859
152859
153084
153084
153084
153084
153084
153084
153084
153084
153084
153084
153084
153084
153084
153084
153084
153084
153084
153084
153521
153521
153521
153521
153521
153521
153521
153521
153521
153521
153521
153521
153915
153915
153915
153915
153915
153915
153915
153915
153915
153915
153915
153915
153915
153915
153915
153915
153915
153915
153915
154122
154122
154122
154122
154122
154122
154122
154122
154122
154395
154395
154674
154674
154674
154674
154674
154674
154674
154674
154674
154674
154674
154674
154674
154674
154674
154732
154732
154732
154732
154732
154732
154732
154732
154732
154732
154732
154732
154732
154732
154732
154732
154732
154732
154732
154755
154755
154755
154755
154755
154755
154755
154755
154755
154755
154755
154883
154883
154883
154883
154883
154883
154883
154883
154883
154883
154883
154883
154883
154883
154883
154883
154883
154883
154883
155070
155070
155070
155070
155070
155070
155070
155070
155498
155498
155498
155498
155498
155498
155498
155498
155498
155498
155678
155678
155678
155678
155678
155678
155678
155678
155678
156014
156014
156014
156014
156014
156014
156014
156014
156014
156014
156014
156014
156014
156014
156014
156014
156014
156014
156161
156161
156161
156161
156161
156161
156161
156161
156161
156161
156161
156161
156161
156312
156312
156312
156312
156312
156312
156312
156312
156693
156693
156693
156693
156693
156693
156693
156693
156693
156693
157168
157168
157168
157168
157168
157168
157168
157172
157172
157172
157172
157172
157172
157172
157172
157172
157282
157282
157282
157282
157282
157282
157282
157282
157282
157282
157282
157282
157282
157282
157282
157414
157414
157414
157414
157414
157414
157414
157414
157414
157414
157414
157414
157414
157414
157414
157414
157414
157414
157414
157598
157598
157598
157598
157598
157598
157659
157659
157659
157659
157659
157659
157659
157659
157659
157659
157659
157659
158634
158634
158634
158634
158634
158634
158634
158634
158634
158634
158634
158634
158634
158634
158729
158870
158870
158870
158870
158870
158870
158870
158870
158870
158870
158870
158883
158883
158883
158883
158883
158883
158883
158883
158883
158883
158883
158883
158883
158883
158883
158883
158883
159084
159084
159084
159084
159084
159084
159084
159084
159084
159084
159084
159084
159084
159084
159084
159084
159084
159084
159084
159084
159394
159394
159394
159394
159394
159394
159394
159394
159394
159394
159737
159737
159737
159737
159737
159737
159737
159737
159737
159737
159737
159737
160010
160010
160010
160010
160010
160010
160246
160246
160246
160246
160246
160246
160246
160246
160246
160246
160246
160246
160246
160246
160246
160246
160246
160246
160336
160336
160336
160336
160336
160336
160336
160336
160336
160336
160336
160336
160336
160336
160336
160336
160336
160336
160336
160777
160777
160777
160777
160777
160777
160777
160777
160777
160777
160777
160777
160806
160806
160806
160806
160806
160806
160806
161021
161021
161840
161840
161840
161840
162445
162445
162445
162445
162445
162560
162560
162560
162560
162560
162560
162560
162560
162560
162930
162930
162930
162930
162930
162930
162930
162930
162930
162930
162930
163313
163313
163313
163313
163313
163313
163313
163313
163313
163313
163668
163668
163668
163668
163668
163668
163668
164005
164005
164005
164005
164005
164005
164187
164187
164187
164187
164187
164187
164187
164187
164187
164187
164187
164187
164187
164187
164187
164187
165249
165249
165249
165249
165249
165249
165249
165249
165426
165426
165426
165426
165426
165632
165632
165632
165632
165632
165632
165632
165632
165632
165632
165632
165632
165632
165632
165632
165930
165930
165930
165930
165930
165930
165930
165930
165930
165948
165948
165948
165948
165948
165948
165948
165948
165948
165948
165948
165948
165948
165948
165948
165968
165968
165968
165968
165968
165968
165968
165968
165968
165968
165968
165968
165968
165968
165968
165968
165968
165968
165968
166004
166004
166004
166004
166004
166004
166337
166337
166337
166337
166337
166337
166337
166337
166337
166337
166337
166337
166337
166337
166337
166337
166337
166337
166630
166630
166630
166630
166630
166630
166630
166630
166630
166630
166630
167159
167159
167159
167159
167159
167159
167159
167159
167159
167159
167159
167159
167159
167159
168310
168310
168310
168310
168310
168310
168310
168310
168310
168310
168310
168310
168310
168460
168460
168480
168480
168480
168480
168480
168480
168480
168480
168480
168480
168480
168480
168480
168480
168480
168480
168480
168480
168480
168480
168501
168501
168501
168501
168501
168501
168501
168501
168501
168501
168501
168501
168501
168501
168501
168501
168501
168501
169016
169048
169048
169048
169048
169048
169048
169048
169048
169048
169048
169074
169074
169074
169074
169074
169074
169074
169074
169074
169074
169074
169090
169090
169090
169090
169090
169090
169309
169564
169564
169564
169564
169564
169564
169564
169564
169564
169564
169564
169564
169564
169564
169564
169564
170049
170049
170049
170049
170049
170049
170049
170049
170098
170098
170098
170098
170098
170098
170098
170098
170098
170098
170098
170103
170103
170103
170103
170103
170103
170103
170103
170486
170486
170486
170486
170486
171720
171720
171720
171720
171720
171720
171720
171720
171720
171720
171720
171720
171720
171720
171720
171720
171720
171720
171720
172158
172158
172158
172158
172158
172158
172158
172158
172158
172158
172158
172158
172158
172158
172158
172158
172158
172158
172158
172158
172751
172751
172751
172751
172751
172820
172820
172820
172820
173759
173759
173759
173935
173935
173935
173935
173935
173935
173935
173935
173935
173935
173935
173935
173935
174113
174113
174113
174113
174113
174113
174113
174113
174113
174113
174113
174113
174113
174113
174113
174948
174948
174948
174948
174948
174948
174948
174948
174948
174948
174948
174948
174948
174948
175045
175045
175045
175045
175045
175045
175045
175045
175045
175045
175573
175573
175573
175573
175573
175573
175573
175573
175573
175573
175573
175573
175573
175573
175573
175615
175615
175615
175615
175615
175615
175615
175615
175615
175615
175615
175615
175615
175615
175615
175615
175615
175615
175615
175870
175870
175870
175870
175870
175870
175870
175870
175870
175870
175870
175870
175870
175870
176374
176374
176374
176374
176374
176374
176374
176374
176374
176374
176374
176374
176609
176609
177026
177026
177026
177026
177416
177562
177562
177562
177562
177562
177562
177759
177759
177759
178977
178977
178977
178977
178977
178977
178977
178977
178977
178977
179098
179098
179098
179098
179098
179098
179098
179098
179098
179098
179098
179098
179098
179134
179134
179134
179134
179134
179134
179134
179134
179134
179134
179134
179134
179134
179134
179134
179134
179295
179295
180034
180034
180034
180034
180034
180034
180034
180034
180034
180374
180374
180374
180374
180374
180374
180374
180374
180374
180374
180374
180798
180855
180855
180855
180855
180855
180855
180855
180855
180855
180855
180855
181223
181223
181223
181223
181223
181223
181223
181223
181591
181591
181591
181591
181591
181591
181591
181591
181591
181591
181791
181791
181791
181791
181791
181791
181791
181791
181791
181791
181791
182210
182210
182210
182210
182210
182210
182210
182210
182210
182210
182210
182210
182210
182210
182210
182210
182210
182210
182210
182210
182462
182462
182462
182462
182462
182462
182462
182462
182462
182462
182462
182462
182462
182462
182462
182462
182462
182462
182575
182575
182575
182575
182575
182575
182575
182575
182575
182575
182575
182575
182575
182596
182596
182596
182596
182596
182596
182596
182596
182596
182596
182624
182624
182624
182628
182628
182628
182628
182628
182628
182628
182628
183312
183312
183312
183312
183312
183312
183312
183312
183312
183312
183312
183312
183312
183312
183312
183312
183312
183312
183312
183312
183326
183326
183326
183326
183326
183326
183326
183403
183403
183403
183403
183403
183403
183403
183403
183403
183673
183673
183673
183673
183673
183673
183673
183673
183673
183673
183673
183673
183673
183673
183673
183673
183673
183718
183718
183718
183718
183718
183718
183718
183718
183718
183718
183718
183718
183718
183718
183718
184048
184048
184048
184048
184048
184048
184048
184108
184108
184108
184108
184108
184108
184108
184108
184108
184108
184126
184634
184634
184634
184634
184634
185275
185275
185275
185275
185275
185275
185275
185275
185275
185532
185532
185532
185532
185532
185532
185532
185532
185532
185804
185804
186394
186394
186947
186947
186947
186947
186947
186947
186947
186947
186947
186947
186947
186947
186947
186947
187524
187524
187524
187524
187524
187524
187524
187524
187524
187524
187524
187524
187909
187909
187909
187909
187909
187909
187909
187909
187980
187980
187980
188051
188051
188051
188051
188051
188051
188051
188051
188051
188051
188177
188177
188177
188177
188177
188177
188177
188177
188177
188177
188177
188177
188177
188177
188177
188177
188177
188177
188177
188373
188373
188373
188373
188373
188889
188889
188889
188889
188889
188889
188889
188889
188889
188889
188889
188889
188889
188889
188889
188889
188889
188889
189231
189231
189231
189231
189231
189231
189231
189231
189231
189231
189231
189456
189456
189456
189456
189456
189456
189456
189456
189456
189456
189456
189495
189495
189495
189495
189495
189495
189495
189495
189495
189685
189685
189685
189685
189685
189685
189843
189843
189843
189843
189843
189843
189843
189843
189843
189843
189843
189843
189843
189843
189843
189843
189843
189843
189960
189960
189960
189960
189960
190027
190027
190027
190027
190027
190027
190027
190027
190027
190027
190027
190027
190027
190027
190027
190027
190027
190027
190259
190259
190259
190259
190259
190259
190259
190259
190259
190259
190259
190259
190259
190259
190259
190366
190366
190903
190903
190903
190903
190903
190903
190903
190903
191026
191026
191026
191026
191026
191026
191026
191026
191026
191035
191035
191035
191035
191035
191035
191035
191035
191035
191035
191035
191035
191035
191035
191035
191035
191035
191035
191035
191035
191179
191179
191179
191179
191179
191179
191179
191179
191646
191646
191646
191646
191646
191646
191646
191646
191646
191646
191646
191646
191646
191646
191646
191646
191646
191646
191646
191646
191900
191900
191900
191900
191900
191900
191900
191940
191940
191940
191940
191940
191940
191940
191940
191940
191940
191940
191940
191940
191940
191940
191940
191940
192124
192124
192124
192124
192124
192124
192124
192124
192124
192124
192848
192848
193189
193189
193189
193189
193189
193189
193189
193189
193189
193189
193189
193189
193189
193405
193405
193405
193405
193405
193405
193405
193405
193405
193405
193405
193405
193405
193405
193405
193405
193405
193405
193405
193405
193561
193561
193561
193561
193561
193561
193561
194693
194693
194693
194693
194693
194693
194693
194693
194693
194693
194693
194693
194693
194693
194693
194693
194693
194693
194693
195100
195100
195100
195100
195100
195100
195100
195100
195100
195100
195100
195100
195100
195100
195100
195100
195218
195218
195218
195218
195218
195218
195218
195218
195218
195218
195218
195218
195298
195298
195298
195298
195298
195298
195298
195298
195298
195298
195298
195314
195314
195314
195314
195314
195314
195314
195314
195314
195314
195314
195314
195314
195314
195314
195314
195314
195314
195400
195400
195400
195400
195400
195400
195640
195640
195640
195640
195640
195640
195640
195640
195640
195640
195640
196299
196299
196299
196299
196299
196299
196324
196324
196324
196324
196324
196324
196324
196324
196324
196324
196324
196324
196324
196324
196324
196324
196324
196324
196324
196550
197683
197683
197683
197683
197683
197683
197683
197683
197683
197683
197683
197683
197683
197683
197683
198279
198279
198279
198279
198279
198647
198647
198647
198647
198647
198647
198647
198647
198647
198647
198647
198647
198647
198647
198647
198990
198990
198990
199013
199013
199294
199294
199294
199294
199294
199294
199294
199294
199294
199294
199294
199294
199294
199294
199294
199294
199294
199294
199294
199358
199358
199358
199358
199358
199358
199358
199358
199358
199358
199358
199358
199358
199358
199358
199358
199479
199479
199479
199479
199479
199479
199479
199479
199479
199479
199479
199479
199479
199479
199479
199480
199480
199480
199480
199480
199480
199480
199480
199480
199480
199480
200428
200428
200428
200428
200690
200826
200826
200826
200826
200826
200826
200826
201260
201260
201260
201260
201260
201260
201260
201260
201260
201260
201260
201260
201260
201260
201260
201260
201274
201274
201274
201274
201274
201274
201274
201274
201274
201274
201274
201274
201274
201518
201749
201749
201749
201749
201749
201749
201749
201749
201749
201793
201793
201793
201793
201793
201793
201793
201793
201793
201793
201793
201793
201793
201793
201793
201918
201918
201918
201918
201918
201918
201918
201918
202204
202204
202204
202204
202204
202204
202204
202204
202204
202204
202204
202204
202406
202406
202406
202406
202406
202512
202512
202512
202512
202512
202513
202513
202513
202513
202513
202513
202513
202513
202513
202700
202700
202700
202700
202700
202700
203126
203126
203126
203126
203126
203126
203167
203167
203167
203167
203167
203167
203167
203167
203167
203167
203167
203167
203167
203167
203663
203663
203663
203663
203663
203663
203663
203663
203663
203663
203663
203833
203833
203833
203833
203833
203833
203833
204032
204032
204032
204032
204032
204032
204032
204032
204032
204032
204032
204032
204032
204032
204032
204032
204032
204032
204032
204038
204038
204038
204038
204038
204038
204038
204038
204038
204038
204038
204263
204263
204263
204499
204499
204499
204499
204499
204499
204499
204499
204499
204499
204499
204499
204499
204688
204688
205623
205623
205665
205665
205665
205665
205665
205665
205665
205665
205665
205665
206012
206012
206012
206012
206012
206012
206109
206109
206109
206109
206109
206109
206109
206109
206112
206112
206112
206112
206112
206112
206112
206112
206112
206112
206112
206112
206112
206112
206112
206112
206112
206112
206112
206112
206516
206516
206516
206516
206516
206516
206516
206540
206540
206540
206540
206540
206540
206540
206540
206540
206540
206540
206540
206540
206540
206540
206540
206540
206624
206624
206624
206624
206624
206624
206624
206624
206624
206624
206624
206624
206624
206642
206642
206642
206642
206642
206642
206642
206642
206642
206642
206841
206841
206841
206841
206841
206841
206841
206841
206841
206841
206841
206841
206841
206841
206841
206841
206841
206856
206856
206856
206856
206953
206953
206953
206953
206953
206953
206964
206964
206964
206964
206964
207186
207186
207186
207186
207186
207186
207186
207186
207186
207186
207186
207186
207186
207460
207460
207460
207460
207460
207460
207460
207460
207460
207669
207669
207669
207669
207669
207669
207669
207669
207669
207783
207783
207783
207783
207783
207783
207783
207783
207783
207783
207783
207783
207874
207874
207874
207874
207874
207874
207874
207874
207874
207874
207874
207874
207874
207874
207874
207874
207874
207874
208545
208545
208545
208545
208545
208545
208545
208545
208545
208728
208728
208728
208728
208728
208728
208728
208728
208728
208728
208728
208728
208728
208780
208780
208780
208780
208780
208780
208780
208780
208780
208780
208876
208876
208876
208876
208876
208876
208876
208876
208876
209055
209055
209055
209308
209308
209308
209308
209308
209308
209308
209308
209655
209655
209655
209655
209655
209655
209655
209655
209655
209698
209698
209698
209698
209698
209698
209698
209698
209698
209702
209740
209740
209850
209865
209865
209865
209865
209865
209865
209865
209865
209865
209865
209865
209865
209865
209865
209865
210885
210885
210885
210885
210885
211044
211044
211044
211044
211044
211044
211044
211044
211044
211925
211925
211925
211925
211925
211925
211925
211925
211925
211925
211925
211925
211925
212057
212057
212057
212428
212428
212428
212428
212428
212428
212428
212428
212428
212428
212428
212428
212428
212428
212428
212428
212428
212428
212681
212681
212681
212681
212681
212681
213350
213350
213350
213350
213350
213350
213350
213350
213350
213350
213350
213350
213350
213350
213350
213656
213656
213656
213656
213656
213656
213656
213656
213656
213656
213656
213656
213684
213684
213684
214086
214086
214195
214195
214195
214195
214195
214235
214235
214797
214797
214797
214797
215537
215537
215537
215537
215537
215537
215537
215537
215537
215537
215537
215537
215537
215537
215537
215537
215537
215537
215537
215934
215934
215934
215934
215934
215934
215934
215934
216136
216136
216136
216136
216136
216136
216136
216136
216247
216247
216554
216554
216554
216554
216554
216554
216554
216554
216554
216554
216554
216554
216554
216593
216593
216593
216593
216593
216593
216593
216593
216593
216593
216593
216593
216593
216593
217266
217266
217612
217612
217612
217612
217612
217612
217612
217612
217613
217613
217613
217613
217613
217613
217613
217613
217613
217613
217613
217613
217613
217613
217613
217656
217656
217735
217735
217735
217735
217735
217735
217735
217735
217735
217735
218061
218525
218525
218525
218525
218525
218525
218525
218525
218525
218525
218617
218617
218617
218617
218617
218617
218617
218617
218617
218617
218617
218617
218617
218772
218772
218772
218930
219003
219003
219003
219003
219003
219003
219003
219003
219003
219003
219003
219003
219003
219003
219243
219243
219243
219243
219243
219244
219244
219244
219244
219244
219244
219244
219244
219244
219619
219619
219619
219619
219619
219752
219752
219752
219752
219752
219752
219752
219752
219752
219752
219752
219848
219853
219853
219853
219853
219853
220084
220084
220084
220084
220084
220084
220084
220084
220084
220084
220084
220084
220084
220084
221184
221184
221184
221188
221188
221188
221188
221188
221188
221188
221188
221188
221188
221188
221188
221188
221290
221290
221290
221290
221290
221290
221290
221290
221290
221290
221290
221290
221886
221886
221886
221886
221886
221886
221886
221886
221886
222124
222132
222132
222132
222132
222132
222132
222132
222132
222132
222132
222132
222132
222132
222132
222132
222132
222132
222150
222150
222150
222150
222150
222150
222150
222755
222755
222755
222755
222831
222831
222831
222831
222831
222831
222831
222831
222881
222881
222881
223034
223034
223034
223034
223034
223034
223034
223034
223034
223034
223034
223034
223034
223034
223034
223034
223034
223034
223034
223034
223079
223079
223079
223079
223079
223079
223079
223079
223079
223079
223079
223079
223079
223079
223079
223079
223079
223248
223248
223248
223248
223248
223248
223248
223248
223248
223248
223248
223248
223248
223326
223326
223326
223326
223326
223326
223326
223326
223326
223326
223326
223326
223326
223326
223326
223326
223470
223470
223470
223470
223470
223470
223470
223470
223470
223470
223470
223970
223970
223970
223970
223970
223970
223970
223970
223970
224370
224370
224370
224370
224370
224890
224890
224890
224890
224890
224890
224890
224890
224890
224890
225100
225100
225100
225100
225100
225100
225100
225100
225100
225100
225100
225100
225100
225100
225100
225305
225305
225305
225305
225305
225305
225305
225305
225305
225305
225305
225305
225305
225305
225305
225305
225470
225470
225470
225470
225470
225470
225470
225470
225470
225470
225470
225470
225470
225470
225470
225470
225470
225470
225860
225860
225860
225860
225860
225860
225860
225860
225922
225922
225922
225922
225922
225922
225922
225922
225922
225922
225922
225922
225922
225922
225922
225922
225922
225922
226584
226757
226757
226757
226757
226757
226757
226757
226757
226965
226965
226965
226965
226965
226968
226968
226968
227101
227101
227101
227101
227101
227101
227978
227978
227978
227978
227978
227978
227978
227978
227978
228569
228569
228569
228569
228569
228569
228569
228569
228569
228569
228569
228569
228569
228853
228853
228853
228853
228853
228853
228853
228853
228853
228853
228853
228853
228853
228853
228853
228853
228853
228853
228853
229615
229615
229615
229733
229733
229733
229733
229733
229733
229733
229733
229733
229733
229733
229733
229733
229733
229733
229733
229733
229831
229831
230051
230051
230051
230051
230051
230512
231003
231003
231003
231003
231003
231003
231378
231378
231378
231378
231378
231378
231378
231378
231378
231378
231378
231378
231378
231378
231378
231378
231378
231427
231427
231427
231427
231427
231427
231427
231427
231499
231499
231499
231499
231499
231499
231499
231791
231791
231791
231791
231958
231958
231958
231958
231958
231958
231958
231958
231958
231958
231958
231958
231958
231958
231958
232045
232045
232045
232045
232045
232045
232045
232045
232045
232045
232045
232045
232045
232045
232045
232280
232280
232280
232280
232280
232280
232280
232280
232280
232280
232453
232453
232453
232453
232453
232453
232453
232453
232453
232453
232453
232453
232478
232478
232478
232478
232478
232478
232478
232478
232478
232478
232478
232478
232478
232478
232544
232544
232544
232544
232544
232544
232544
232544
232544
232544
232544
232544
232544
232544
232544
232544
232544
232544
232544
232544
232568
232568
232568
232568
232568
232568
232568
232568
232568
232568
232568
232568
232585
232585
232585
232585
232585
232585
232692
232692
232701
232701
232701
232761
232761
232761
232761
232761
232761
232761
232761
232761
233037
233037
233037
233037
233037
233037
233037
233037
233037
233037
233037
233037
233037
233037
233037
233037
233248
233248
233248
233248
233248
233248
233248
233248
233248
233248
233248
233248
233248
233248
233927
233927
233927
234175
234175
234175
234175
234175
234175
234175
234175
234175
234175
234175
234175
234175
234175
234175
234175
234175
234175
234250
234250
234250
234250
234250
234250
234250
234250
234250
234250
234386
234386
234386
234386
234386
234386
234386
234386
234386
234386
234386
234476
234476
235367
235367
235367
235367
235467
235471
235471
235471
235471
235471
235471
235471
235471
235471
235471
235471
235576
235576
235576
235576
235576
235576
235576
235576
235576
235576
235576
235576
235576
235576
235576
235576
235576
235637
235637
235637
235637
235637
235637
235637
235637
236068
236068
236068
236068
236068
236068
236068
236068
236068
236068
236418
236418
236418
236418
236418
236418
236418
236418
236418
236418
237164
237164
237574
237574
237574
237745
237745
237745
237745
237745
237745
237745
237745
237745
237745
237745
237745
237745
237745
237745
237745
237745
237745
237745
237745
238033
238033
238033
238033
238033
238033
238033
238033
238033
238033
238064
238064
238064
238064
238064
238064
238064
238064
238064
238064
238064
238064
238064
238064
238114
238114
238114
238114
238114
238114
238114
238114
238114
238114
238114
238114
238114
238114
238114
238114
238152
238152
238152
238152
238152
238152
238510
238510
238510
238510
238510
238510
238510
238510
238510
238510
238510
238510
238510
238510
238782
238782
238782
238782
238782
238782
238782
238782
238782
238782
238782
238782
238782
238782
238782
239275
239275
239275
239275
239275
239275
239275
239275
239275
239275
239275
239275
239275
239288
239288
239288
239288
239288
239288
239288
239288
239288
239288
239288
239342
239342
239342
239367
239367
239367
239367
239367
239367
239367
239367
239367
239367
239367
239367
239367
239367
239405
239405
239405
239405
239405
239405
239405
239405
239405
239405
239405
239553
239831
239831
239831
239831
239831
239831
239831
239831
239831
239842
239842
239842
239842
239842
239842
239842
239842
239842
239842
239842
239842
239842
239842
239842
239842
239842
240085
240085
240085
240085
240085
240085
240085
240085
240085
240085
240085
240085
240085
240085
240085
240085
240085
240085
240085
240233
240233
240233
240233
240233
240233
240233
240233
240233
240233
240233
240391
240391
240391
240391
240391
240391
240463
240463
240463
240463
240463
240463
240463
240463
240463
240463
240463
240463
240463
240463
240463
240495
240495
240495
240495
240495
240495
240495
240495
240495
240495
240495
240495
240495
240655
240655
240655
240655
240655
240655
240655
240655
240655
240655
240655
240655
240655
240655
240725
240725
240725
240725
240725
240725
240725
240725
240725
240725
240725
240725
240725
240870
240870
240870
240870
240870
240870
240870
240870
240870
240870
240870
240870
240870
240870
240870
240870
241138
241138
241138
241138
241138
241138
241138
241138
241138
241138
241138
241138
241138
241138
241138
241138
241138
241138
241138
241138
241194
241194
241194
241654
241715
241715
241715
241715
241715
241715
241715
241715
241715
241715
241715
241715
242750
242750
242750
242750
242750
242750
242750
242750
242750
242750
242750
242750
242750
242750
242750
242750
242750
242941
242941
242941
242941
242941
242941
242941
242941
242941
242941
242941
242941
242941
242941
242941
242941
242941
243089
243089
243089
243703
243703
243703
243703
243703
243703
243703
243703
244274
244274
244274
244274
244274
244274
244274
244274
244274
244274
245216
245216
245216
245216
245216
245216
245216
245216
245216
245216
245216
245216
245216
245216
245216
245216
245294
245294
245294
245294
245294
245294
245294
245294
245294
245294
245294
245294
245582
245582
245582
245582
245582
245582
245582
245582
245582
245582
245582
245582
245582
245582
245582
245582
245582
245699
245699
245699
245699
245699
245699
245699
245699
245699
245699
245699
245699
245699
245699
245699
245699
245699
245699
245877
245877
245877
245877
245877
245877
245877
245877
245877
245877
245877
245877
245877
245877
246052
246052
246052
246052
246052
246052
246052
246052
246052
246052
246052
246052
246052
246052
246698
246698
246698
246698
246698
246698
246698
246698
246698
246698
246698
246698
246698
246698
246698
246698
247090
247137
247137
247137
247137
247137
247137
247137
247137
247137
247546
247546
247546
247546
247546
247546
247546
247546
247546
247546
247546
247546
247546
247546
247546
247546
247546
247546
247546
247546
247623
247623
247623
247623
247623
247623
247623
247623
247623
247623
247623
247816
247816
247816
247816
247816
247816
247816
247816
247816
247816
247816
247816
247816
247816
247816
247816
247816
247816
247816
247863
247863
247863
247863
247863
247863
247863
247863
247863
247863
247863
247863
247863
247863
247863
247863
248232
248232
248232
248232
248232
248232
248232
248232
248232
248232
248232
248232
248232
248232
248232
248837
248837
248837
248837
248837
248837
248837
248837
248837
248837
248837
248837
248837
248970
248970
248970
248970
248970
248970
248970
249024
249024
249195
249195
249195
249195
249195
249195
249195
249195
249195
249195
249195
249195
249195
249195
249195
249195
249195
249195
249239
249239
249377
249377
249377
249377
249377
249377
249377
249377
249377
249377
249377
249377
249377
249377
249377
249377
249377
249377
249377
249466
249466
249466
249466
249466
249466
249466
249466
249466
249466
249466
249466
249466
249466
249466
249466
249466
249466
249466
249466
249652
249652
249652
249652
249652
249652
249652
249652
249652
249652
249652
249652
249652
250394
250394
250394
250442
250442
250442
250442
250442
250442
250442
250442
250442
250442
250442
250442
250704
251226
251226
251226
251226
251226
251226
251864
251864
251864
251864
252267
252267
252267
252267
252267
252267
252267
252267
252267
252267
252267
252267
252647
252647
252647
252647
252647
252647
252647
252737
252737
252737
252737
252737
252737
252737
252737
252737
252737
252737
252737
252737
252737
252737
252737
252737
252737
252737
252737
252895
252895
252895
252895
252979
252979
253056
253056
253056
253056
253056
253056
253056
253056
253056
253056
253056
253056
253056
253056
253056
253056
253056
253056
253224
253224
253224
253224
253224
253224
253224
253224
253224
253224
253224
253224
253224
253224
253224
253224
253359
253359
253359
253359
253359
253359
253359
253359
253359
253359
253359
253359
253359
253384
253384
253384
253384
253384
254611
254611
254611
254674
254674
254674
254674
254674
254674
254674
254674
254674
254674
254674
254708
254708
254708
254708
254708
254708
254708
254708
254708
254708
254708
254708
254708
254708
254708
254708
254708
254708
254708
254708
254821
254821
254821
254821
254821
254821
254821
254821
254821
254821
254938
254938
254938
254938
254938
254938
255120
255120
255120
255120
255120
255120
255120
255120
255120
255120
255120
255120
255120
255344
255344
255344
255344
255344
255344
255344
255344
255344
255344
255344
255344
255549
255549
255549
255549
255671
255671
255671
255671
255671
255671
255671
255671
255671
255671
255671
255849
255849
255849
255892
255892
255892
255892
255892
255892
255892
255958
255958
255958
255958
255958
255958
255958
255958
255958
255958
255958
255958
255958
255958
256509
256509
256509
256509
256509
256509
256509
256509
256509
256509
256509
256509
256509
256509
256509
256509
256509
256509
256509
256509
256632
256632
256632
256632
256632
256632
256632
256632
256632
256632
256632
256632
256632
256632
256632
256632
256632
256632
256632
256741
256741
256741
256741
256741
256901
256901
256901
256901
256901
256901
256901
256901
256901
256912
256912
256912
256912
256912
256912
256912
256912
256912
256912
256912
256912
256912
256912
256912
256912
256912
257508
257508
257508
257508
257508
257508
257508
257508
257508
257508
257508
257508
257508
257508
257508
257508
257508
257713
257713
257713
257713
257713
257713
257713
257713
257713
258023
258023
258023
258023
258023
258023
258023
258023
258023
258023
258302
258302
258302
258302
258302
258302
258302
258302
258302
258302
258302
258302
258302
258302
258302
258302
258302
258302
258306
258352
258352
258352
258352
258424
258424
258424
258424
258424
258424
258503
258503
258503
258503
258503
258661
258661
258661
258661
258661
258661
258661
258661
258661
258661
258661
258661
258690
258690
258690
258690
258690
258690
258690
258690
258690
258690
258690
258690
258690
258690
258690
258690
258712
258712
258712
258712
258712
258712
258712
258712
258712
258712
258712
259493
259493
259493
259493
259493
259493
259493
259493
259493
259493
259493
259493
259493
259493
259493
259493
259493
259493
259493
259493
260368
260368
260560
260560
260560
260560
260560
260560
260560
260569
260569
260569
260569
260569
260569
260569
260569
260569
260569
261014
261014
261014
261014
261014
261014
261014
261014
261014
261014
261014
261014
261014
261014
261014
261303
261303
261303
261303
261303
261303
261303
261303
261303
261303
261303
261303
261303
261303
261455
261455
261455
261455
261455
261455
261498
261498
261498
261498
261498
261498
261498
261541
261541
261541
261541
261938
261938
261938
261938
261938
261938
261938
261938
261938
261938
261938
261938
261938
261938
261938
261938
261938
261938
262168
262168
262168
262168
262168
262168
262168
262168
262168
262168
262168
262168
262168
262539
262539
262539
262539
262539
262539
262539
262539
262539
262539
262539
262539
262539
262539
262539
262539
263071
263071
263071
263071
263071
263071
263071
263409
263409
263409
263409
263409
263409
263409
263409
263409
263409
263409
263409
263409
263409
263409
263409
263409
263409
263409
263409
263493
263493
263493
263493
263493
263493
263493
263493
263493
263493
264166
264166
264166
264166
264166
264166
264166
264313
264313
264313
264313
264313
264313
264323
264323
264323
264323
264323
264323
264323
264323
264323
264323
264323
264323
264323
264323
264347
264347
264347
264347
264347
264347
264347
264347
264347
264347
264347
264347
264658
264658
264658
264658
264658
264705
264705
264705
264705
264705
264705
264705
264705
264705
264705
264705
264705
264705
264705
264705
264705
264705
264982
264982
264982
264982
265429
265429
265429
265429
265429
265429
265609
265609
265609
265609
265609
266137
266137
266137
266137
266137
266137
266137
266137
266137
266137
266137
266137
266211
266211
266211
266211
266211
266211
266211
266211
266211
266211
266211
266211
266251
266251
266251
266251
266251
266251
266251
266316
266316
266316
266316
266316
266316
266316
266316
266316
266316
266316
266316
266316
266316
266316
266316
266316
266675
266675
266675
266675
266675
266675
266675
266675
266675
266675
266675
266675
266717
266717
266717
266717
266717
266717
266717
266725
266725
266725
266725
266725
266725
266725
266725
266725
266725
266725
266725
266725
266897
266897
266897
266897
266897
266897
266897
266897
266897
266897
266897
266897
266897
267307
267307
267307
267307
267487
267487
267487
267487
267487
267548
267548
267548
267548
267548
267548
267548
267548
267548
267548
267548
267548
267548
267548
267796
267796
267796
267796
268418
268418
268418
268418
268418
268418
268418
268418
268418
268418
268418
268418
268418
268418
268418
268418
268418
268701
268701
268701
268701
268701
268701
268701
268701
268701
268701
268913
268913
268913
268913
268913
269199
269199
269199
269199
269199
269199
269199
269199
269245
269245
269245
269245
269245
269245
269245
269245
269245
269245
269272
269272
269272
269272
269272
269272
269272
269272
269590
269590
269590
269590
269590
269590
269590
269590
269590
269590
269590
269590
269590
269590
269590
269590
270309
270309
270309
270309
270309
270309
270311
270311
270845
270845
270845
270845
271405
271405
271732
271732
271732
271732
271732
271732
271732
271732
271732
271732
271732
271739
271739
271739
271739
271739
271739
271739
271739
271739
271739
271739
272425
272425
272425
272651
272651
272651
272651
272651
272651
272988
272988
272988
272988
273072
273072
273072
273185
273185
273185
273185
273185
273185
273185
273185
273185
273185
273185
273185
273185
273680
273680
273680
273680
273680
273680
273680
273680
273680
273680
273680
274869
274869
274869
274869
274869
274869
274869
274869
275087
275087
275087
275087
275087
275087
275087
275609
275609
275609
275609
275609
275609
275609
275609
275609
275697
275697
275697
275697
275697
275697
275697
275697
275697
275697
276008
276177
276177
276177
276177
276177
276177
276177
276177
276177
276177
276348
276348
276348
276348
276348
276348
276348
276348
276348
276922
276922
276922
276922
276922
276922
276922
276922
276922
276922
276922
277176
277176
277176
277176
277176
277176
277176
277176
277176
277288
277288
277288
277288
277288
277288
277288
277288
277288
277288
277288
277288
277288
277288
277288
277288
277288
277288
277288
277288
277857
277857
277857
277857
278396
278396
278396
278727
278727
278727
278727
278727
278727
278727
278727
278727
278727
278727
278727
278727
278727
278733
278733
278733
278733
278733
278733
278733
278733
278733
278880
278880
278880
278951
278951
278951
278951
278951
278951
278951
279197
279197
279197
279197
279197
279197
279197
279197
279197
279197
279197
279197
279197
279197
279197
279197
279197
279197
279311
279311
279311
279311
279311
279311
279311
279311
279311
279311
279311
279311
279311
279311
279311
279311
279311
279311
279311
280040
280040
280040
280040
280040
280040
280040
280040
280040
280040
280040
280040
280040
280040
280040
280040
280040
280197
280197
280197
280197
280197
280197
280197
280197
280197
280197
280197
280197
280197
280197
280197
280197
280197
280197
280508
280508
280508
280508
280508
280508
280508
280508
280508
280508
280508
280508
280508
280508
280508
280508
280508
280508
280508
280508
281013
281013
281013
281013
281207
281207
281802
281802
281802
281802
281802
281802
282003
282003
282003
282003
282003
282003
282208
282208
282208
282208
282208
282208
282208
282208
282208
282208
282208
282208
282208
282208
282208
282208
282208
282208
282208
282208
282313
282313
282313
282313
282313
282313
282313
282313
282313
283141
283141
283141
283141
283141
283141
283141
283141
283141
283141
283141
283141
283141
283141
283141
283141
283287
283287
283287
283287
283287
283287
283287
283287
283287
283287
283287
283287
283287
283287
283486
283486
283486
283486
283608
283608
283608
283608
283608
283608
283608
283608
283608
283608
283608
283608
283608
283608
283608
283608
283608
283608
283608
283608
284203
284359
284359
284359
284359
284359
284401
284401
284401
284401
284401
284401
284401
284401
284401
284401
284401
284401
284603
284603
284603
284603
284603
284603
284603
284603
284603
284603
284603
284603
284603
284603
284821
284821
284821
284821
284821
284821
284821
284821
284821
284821
284821
284821
284821
284821
284821
285012
285012
285012
285012
285012
285068
285068
285068
285068
285068
285068
285068
285068
285068
285068
285068
285068
285068
285068
285068
285068
285068
285068
285068
285068
285650
285650
285650
285650
285650
285650
285650
285650
285761
285761
285761
285761
285761
285761
286011
286011
286011
286011
286011
286047
286047
286047
286047
286047
286047
286047
286047
286047
286047
286047
286047
286047
286047
286047
286335
286335
286335
286335
286335
286335
286335
286335
286335
286335
286335
286335
286335
286335
286335
286335
286335
286335
286335
286588
286588
286588
286588
286588
286588
286588
286588
286588
286620
286620
286620
286620
286620
286620
286620
286620
286620
286620
286620
286620
286620
286692
286692
286692
286692
286692
286692
286692
286692
286692
286692
286692
286962
286962
286962
286962
286962
286962
286962
286962
286962
286962
286962
286962
286962
286962
287303
287303
287524
287524
287524
288398
288398
288398
288398
288398
288398
288398
288398
288398
288398
288555
288555
288555
288555
288555
288555
288555
288555
288555
288555
288555
288555
288555
288555
288555
288555
288555
288555
288704
288704
288704
288704
288704
288704
288704
288704
288704
288704
288704
288704
288704
288704
288704
288704
289419
289419
289419
289419
289419
289419
289419
289419
289419
289419
289441
289441
289441
289441
289441
289441
289441
289441
289518
289518
289518
289518
289518
289518
289518
289518
289518
289518
289518
289518
289518
289518
289518
289518
289518
289518
289643
289643
289643
289643
289643
289643
289643
289643
289643
289643
289931
289931
289931
289931
289931
289931
289931
289931
289931
289931
290317
290317
290317
290317
290317
290317
290317
290317
290317
290702
290702
290702
290702
290702
290702
290702
290702
290702
290702
290702
291106
291106
291106
291106
291106
291106
291106
291106
291106
291106
291106
291106
291106
291106
291530
291530
291530
291530
291530
291530
291530
291530
291757
291757
291757
291757
291757
291757
291855
291855
291855
291855
291855
291855
291855
291855
291855
291855
291855
291855
291855
291855
291855
291855
291855
291855
291855
291983
291983
291983
291983
291983
291983
291983
292702
292702
292702
292702
292702
292702
292702
292702
292702
292702
292702
292702
292702
292702
292702
292702
292742
292742
292742
292742
292742
292742
292742
292742
292742
292742
292876
292876
292876
292876
292876
292876
292876
292876
292876
292876
292876
292876
292876
292876
292876
292876
292876
292876
292982
292982
292982
292982
292982
292982
292982
292982
292982
292982
292982
292982
292982
292982
292982
292982
292982
292982
292982
293471
293506
293506
293506
293506
293506
293506
293506
293506
293506
293506
293506
293506
293506
293506
293538
293538
293538
293538
293538
293538
293538
293538
293538
293538
293538
293538
293714
294100
294100
294100
294100
294100
294100
294652
294652
294652
294652
294652
294652
294882
295074
295074
295074
295074
295074
295074
295074
295074
295074
295223
295223
295942
295942
295942
295942
295942
295942
295942
295942
295942
295942
295942
295942
296110
296110
296514
296514
296514
296514
296514
296514
296514
296514
296514
296514
296514
296514
296514
296514
296514
296514
296514
296514
296644
296644
296644
296644
296644
296644
296644
296644
296644
296644
296644
296644
296644
296644
296644
296644
296644
296644
296958
296958
297094
297094
297094
297094
297682
297682
297682
297682
297682
297682
297737
297737
297737
297737
297737
297737
297737
297737
297737
297737
297737
297737
297737
297737
297737
297737
297737
297737
298417
298417
298417
298417
298417
298417
298417
298417
298417
298417
298417
298417
298417
298417
298417
298417
298664
298664
298664
298664
298687
298687
298687
298687
298687
298687
298687
298687
298687
298687
298687
298687
298687
298798
298798
298798
298798
298798
298798
298817
298817
298817
298817
298817
298817
298817
298817
298817
298817
298817
298817
298817
298817
298817
298817
298817
298817
298817
298817
298855
298855
298855
298855
298855
298855
298855
298855
298855
298855
298855
298855
298855
298855
299067
299067
299067
299067
299067
299067
299067
299067
299468
299468
299468
299530
299530
299530
299530
299530
299530
299530
299530
299530
299530
299530
299530
299530
299530
299984
299984
299984
299984
299984
299984
299984
299984
300334
300334
300758
300758
300758
300758
300758
300758
300758
300758
300758
300758
300758
300758
300758
300758
300758
300758
301125
301162
301162
301162
301162
301162
301162
301162
301162
301162
301162
301162
301162
301162
301162
301345
301345
301345
301345
301477
301477
301477
301477
301477
301477
301477
301477
301477
301477
301477
301477
301477
301477
301477
301477
301706
301706
301706
301706
301706
301706
301706
301739
301739
301739
301739
301739
301739
301739
301769
301777
301777
301777
301777
301777
301777
301777
301777
301777
302339
302339
302339
302339
303251
303251
303251
303296
303296
303296
303296
303296
303296
303296
303296
303296
303296
303296
303296
303296
303296
303296
303296
303296
303296
303296
303625
303625
303625
303625
303625
303625
303625
303625
303625
303625
303888
303888
303888
303888
303888
303888
303888
303888
303888
303888
303888
303888
303888
303888
303888
303888
303888
303892
303920
303920
303920
303920
303920
303920
303920
303920
304035
304035
304035
304035
304035
304035
304035
304202
304726
304726
304726
304726
304726
304726
304726
304726
304726
304726
304726
304726
304726
304726
304726
304726
304726
304726
304817
304817
304817
304817
304817
304817
304817
304817
304817
304817
304817
304817
304817
304817
304817
304817
304817
304817
304817
305040
305040
305381
305381
305381
305381
305381
305381
305381
305381
305381
305381
305381
305381
305577
305577
305577
305577
305577
305577
305577
305577
305577
305577
305577
305577
305577
305577
305577
305577
305577
305577
305577
305577
305864
305864
305864
305864
305864
305864
305864
305949
305949
306189
306189
306189
306189
306189
306189
306189
306189
306189
306189
306189
306189
306189
306189
306701
306701
306701
306701
306701
306701
306701
306701
306701
306701
306701
306701
306701
306701
306701
306701
306899
306899
306899
306899
306899
306899
306899
306899
306899
306899
306899
306899
306899
306899
306899
307283
307283
307283
307666
307666
307666
307666
307666
307666
307711
307711
307746
307746
307746
307746
307746
307746
307746
307746
307746
307746
307746
307746
307919
308055
308055
308055
308055
308055
308055
308055
308055
308055
308055
308055
308055
308055
308055
308055
308055
308055
308055
308055
308055
308063
308063
308063
308063
308063
308063
308063
308063
308063
308063
308065
308065
308669
308669
308669
308669
308669
308669
308669
308669
308669
308669
308669
308669
308669
308669
308669
309441
309441
309441
309441
309441
309441
309550
309550
309550
309550
309550
309550
309550
309550
309550
309874
309874
309874
309874
309874
309874
309874
309874
309874
309874
309874
309874
309874
309874
309874
309874
310082
310082
310082
310082
310082
310082
310082
310082
310082
310082
310082
310082
310082
310133
310133
310133
310133
310133
310133
310133
310133
310133
310133
310133
310133
310133
310133
310133
310133
310240
310240
310240
310240
310240
310240
310240
310240
310240
310240
310240
310240
310259
310259
310259
310259
310259
310259
310259
310259
310259
310259
310259
310259
310259
310259
310259
310259
310259
310648
310648
310648
310648
310648
310648
310708
310708
310708
311022
311022
311022
311022
311022
311022
311051
311051
311051
311051
311051
311051
311051
311051
311051
311051
311051
311051
311567
311567
311567
311624
311624
311624
311624
311624
311624
311624
311624
311624
311624
311845
311845
311845
311845
311845
311845
311845
311845
311845
311845
311845
311845
311845
311845
311845
311845
311845
311845
311845
311845
311920
311920
311920
311920
311920
311920
311920
311920
311920
312046
312046
312074
312074
312074
312074
312074
312074
312074
312074
312165
312165
312165
312165
312165
312249
312755
312755
312755
312755
312984
312984
312984
312984
312984
312984
312984
312984
312984
312984
312984
312984
312984
312984
312984
312984
312984
312984
312984
312984
313378
313378
313378
313378
313378
313378
313378
313378
313378
313378
313378
313644
313644
313644
313644
313644
313644
313644
313644
313644
313644
313644
313644
313644
313644
313644
313644
314000
314000
314000
314000
314000
314000
314000
314000
314000
314000
314000
314000
314000
314000
314000
314000
314000
314000
314000
314111
314111
314111
314111
314111
314111
314111
314111
314111
314205
314205
314205
314274
314274
314274
314274
314274
314274
314274
314660
314660
314660
314731
314731
314731
314731
314731
314731
314731
314731
314731
314731
314968
314968
314968
314968
314968
314968
314968
314968
314968
314968
314968
314968
315018
315018
315018
315018
315018
315018
315018
315018
315018
315018
315018
315018
315018
315018
315024
315024
315024
315024
315024
315024
315024
315024
315024
315024
315024
315024
315024
315024
315024
315024
315024
315024
315024
315024
315291
315291
315291
315291
315291
315291
315291
315291
315291
315291
315291
315291
315291
315322
315322
315322
315322
315322
315322
315322
315322
315322
315322
316036
316036
316036
316036
316036
316036
316036
316036
316036
316036
316036
316036
316043
316043
316043
316043
316043
316043
316043
316043
316043
316043
316043
316043
316043
316043
316043
316160
316160
316160
316160
316160
316160
316160
316160
316160
316160
316160
316160
316160
316160
316160
316160
316160
316160
316189
316189
316189
316189
316189
316189
316189
316189
316189
316189
316189
316189
316189
316189
316189
316189
316189
316189
316540
316540
316540
316540
316540
316540
316540
316540
316540
316540
316540
316540
316540
316540
316540
316540
316982
316982
316982
316982
316982
316982
316982
317085
317085
317085
317085
317085
317319
317319
317319
317319
317319
317319
317319
317319
317319
317319
317319
317319
317319
317319
317319
317319
317319
317474
317474
317474
317474
317474
317474
317474
317474
317474
317474
317474
317474
317474
317474
317474
317474
317474
317483
317483
317483
317483
317483
317483
317483
317483
317483
317483
317483
317672
317672
317672
317672
317861
317861
317861
317861
317861
317861
317861
317861
317861
317861
317861
317861
317861
317861
317861
317861
318185
318185
318185
318185
318185
318185
318496
318496
318496
318496
318496
318496
318496
318496
318691
318691
318691
318691
318691
318702
318702
318702
318702
318702
318912
318912
318912
318912
318912
318912
318912
318912
318912
318912
318912
319256
319256
319256
319256
319256
319256
319256
319256
319256
319256
319256
319256
319256
319256
319258
319258
319258
319417
319417
319417
319417
319417
319417
319417
319417
319417
319417
319417
319417
319417
319478
319478
319478
319478
319478
319478
319478
319478
319478
319478
319478
319478
319478
319894
319894
319894
319894
319894
319914
319914
319914
319914
319914
319914
319951
319951
319951
319951
319951
319951
319951
319951
320499
320499
320499
320499
320499
320499
320499
320499
320499
320499
320499
320499
320499
320499
320499
320499
320499
320509
320509
320509
320509
320509
320509
320509
320509
320509
320509
320509
320509
320509
320509
320791
320791
320791
320791
320791
320791
320791
320791
320791
320791
320791
320791
320791
320791
320791
320791
321080
321080
321080
321080
321080
321080
321080
321080
321080
321080
321080
321080
321080
321080
321080
321080
321080
321080
321080
321120
321120
321120
321120
321120
321120
321120
321120
321304
321304
321304
321350
321350
321350
321350
321350
321350
321350
321350
321350
321374
321374
321374
321374
321374
321374
321374
321374
321540
321540
321540
321540
321540
321540
321540
321540
321540
321540
321929
321929
321929
321929
321929
321929
321929
321929
321929
321929
323000
323000
323000
323000
323000
323000
323000
323000
323000
323000
323000
323000
323494
323494
323494
323494
323494
323960
323960
323960
323960
323960
323960
325284
325284
325284
325284
325284
325284
325284
325345
325345
325345
325345
325345
325345
325345
325345
325345
325345
325345
325345
325345
325345
325734
325734
325734
325734
325734
325734
325734
325734
325734
325734
325734
325734
325734
325734
325734
325734
325734
325734
325986
325986
325986
325986
325986
325986
325986
325986
325986
325986
325986
325986
325986
325986
325986
325986
325986
325986
325986
326149
326182
326182
326182
326182
326182
326182
326182
326182
326182
326182
326182
326182
326182
326234
326234
326234
326234
326234
326234
326234
326234
326234
326234
326234
326234
326234
326234
326234
326305
326305
326305
326305
326305
326305
326305
326305
326305
326305
326305
326305
326305
326305
326305
326305
326305
326530
326530
326530
326530
326530
326530
326530
326530
326530
326530
326530
327022
327022
327022
327022
327022
327022
327022
327022
327022
327022
327022
327022
327022
327022
327022
327022
327022
327022
327518
327518
327518
327518
327518
327518
327518
327518
327518
327518
327707
327707
327707
327707
327707
327707
327707
327707
327707
327707
328217
328217
328217
328217
328217
328217
328217
328217
328217
328217
328217
328217
328217
328217
328217
328217
328217
328217
328318
328318
328318
328318
328318
328318
328318
328318
328559
328559
328559
328559
328559
328559
328559
328559
328559
328559
328559
328559
328559
328559
328559
328694
328694
328694
328694
328694
328694
328723
328723
328723
328723
328723
328723
328723
328723
328723
328723
328723
328723
328723
328940
329504
329504
329504
329504
329593
329593
329593
329593
329593
329593
329593
329593
329593
329593
329593
329593
329593
329593
329593
329698
329698
329698
329698
329698
329698
329698
329698
329698
329698
329698
329698
329698
329698
329698
329698
329698
330037
330037
330037
330037
330037
330037
330037
330037
330037
330037
330037
330037
330037
330037
330037
330037
330037
330147
330147
330147
330147
330147
330147
330147
330147
330147
330147
330147
330147
330147
330472
330472
330472
330472
330472
330472
330472
330472
330472
330472
330472
330472
330472
330571
330571
330571
330571
330571
330571
330571
331002
331002
331002
331002
331002
331002
331002
331002
331002
331002
331002
331002
331002
331002
331002
331002
331002
331002
331002
331212
331212
331212
331212
331212
331212
331212
331212
331212
331212
331212
331212
331212
331212
331212
331212
331212
331212
331212
331212
331292
331292
331292
331292
331292
331292
331292
332528
332528
332528
332528
332528
332528
332528
332528
332528
332528
332528
332528
332528
333028
333028
333028
333028
333028
333028
333028
333028
333028
333028
333028
333028
333028
333028
333028
333028
333028
333028
333028
333029
333029
333029
333029
333029
333029
333029
333029
333029
333029
333029
333029
333029
333029
333029
333029
333029
333029
333029
333131
333131
333309
333309
333309
333309
333309
333309
333309
