10584 500000
67004
67004
67004
67004
67004
67004
67004
67004
67004
67004
67004
67004
67004
67004
67004
67004
67004
67004
67537
67537
67537
67537
67537
67537
67537
67537
67537
67537
67537
67537
67537
67537
67537
67537
67537
67537
67537
67537
67742
67742
67742
67742
67742
67742
67742
67742
67742
67742
67742
67742
67742
67742
68173
68173
68173
68173
68173
68376
68376
68376
68376
68376
68376
68376
68632
68791
68791
68791
68791
68791
68791
68791
68791
68791
68791
68791
68910
69277
69277
69277
69277
69850
69850
69850
69850
69850
69850
69850
69850
69850
69850
69850
69850
69850
69850
69850
69850
69850
69850
69850
70238
70238
70238
70238
70238
70238
70238
70238
70238
70238
70238
70238
70238
70238
70238
70238
70238
70238
70281
70281
70281
70281
70281
70281
70281
70281
70281
70281
70281
70337
70337
70337
70337
70337
70337
70337
70337
70337
70337
70337
70337
70337
70337
70337
70337
70337
70803
70803
70803
70803
70803
70803
70803
70803
70803
70803
70803
71435
71435
71435
71435
71435
71435
71435
71435
71435
71435
71435
71435
71435
71435
71435
71435
71758
71758
71758
71758
71758
71758
71758
71758
71758
71758
71758
71758
71758
71758
71758
71758
71758
71785
71785
71785
71785
71785
71785
72828
72828
72828
72828
72828
72828
72828
72828
72828
72828
72828
72828
72828
72828
72828
72828
72828
72828
72828
72829
72829
72829
72829
72829
72829
72829
72829
72829
72829
72829
72829
72829
72829
72829
72829
72829
72829
72829
72898
72898
72898
72898
72898
73450
73450
73450
73450
73450
73450
73450
73450
73450
73450
73656
73656
73656
73656
73656
73656
73656
73656
73656
73656
73656
73656
73656
73656
73656
73656
73700
73700
73700
73700
73700
73700
73700
73700
73700
73700
73700
73700
73700
73700
73700
73700
73700
74117
74117
74117
74117
74117
74117
74117
74117
74117
74195
74195
74195
74195
74218
74218
74218
74218
74218
74218
74218
74256
74256
74256
74256
74256
74356
74356
74356
74356
74356
74356
74356
74356
74356
74356
74356
74356
74356
74356
74668
74668
74668
74668
74668
75206
75206
75206
75206
75206
75206
75206
75206
75206
75206
75206
75206
75206
75206
75206
75206
75206
75206
75206
75216
75284
75284
75284
75284
75284
75284
75284
75284
75284
75284
75284
75284
75284
75284
75284
75284
75284
75284
75284
75779
75779
75779
75779
75994
75994
75994
75994
75994
75994
75994
75994
75994
75994
75994
75994
75994
75994
75994
75994
75994
76176
76176
76176
76176
76176
76176
76176
76176
76176
76176
76176
76176
76176
76176
76176
76176
76176
76176
76176
76344
76463
76463
76463
76463
76463
76463
76463
76463
76463
76673
76673
76673
76673
76673
76673
76673
76673
76673
76673
76673
76673
76673
76824
76824
76824
76824
76824
76824
77125
77507
77509
77509
77509
77509
77509
77509
77509
77509
77509
77509
77509
77509
77509
77509
77644
77644
77644
77644
77644
77644
77644
77644
77644
77644
77644
77644
77644
77644
77644
78556
78556
78556
78556
78556
78556
78556
78556
78556
78556
78556
78556
78556
78747
78747
78747
78747
78747
78747
78747
78747
78747
78747
78747
78844
78844
78844
78844
78844
78844
78844
78844
78844
78844
78844
78844
79049
79049
79049
79049
79049
79049
79049
79049
79049
79049
79273
79273
79273
79273
79273
79273
79273
79273
79273
79273
79273
79273
79273
79273
79273
79273
79273
79320
79320
79320
79320
79320
79320
79320
79320
79320
79320
79320
79320
79320
79405
79405
79405
79405
79405
79405
79405
79405
79405
79405
79405
79405
79405
79405
79405
79405
79405
79474
79474
79474
79474
79474
79869
79869
79869
79869
79869
79869
79869
79869
79869
80129
80129
80129
80477
80477
80477
80477
80477
80477
80477
80477
80477
80477
80477
80477
80477
80477
80477
80499
80499
80499
80583
80583
80583
80583
80583
80583
80583
80583
80583
80583
80583
80613
80699
80699
80699
80699
80699
80699
80699
80699
81315
81315
81315
81315
81315
81315
81315
81315
81315
81315
81315
81315
81315
81315
81315
81315
81481
81481
81481
81481
81481
81481
81481
81481
81481
81481
81481
81481
81481
81481
81481
81481
81481
81481
81481
81931
81931
81931
81931
81931
81931
81931
81931
81931
81931
81931
81931
81931
81931
81931
81931
81931
81931
81931
82918
82918
82918
82918
82918
83040
83040
83040
83040
83040
83040
83040
83040
83040
83040
83040
83040
83040
83040
83040
83040
83040
83040
83647
83647
83647
83647
83647
83647
83647
83647
83647
83647
83647
83647
83647
83647
83647
83647
83647
83647
83739
83739
83739
83739
83739
83739
83739
83739
83739
83739
83739
83739
83739
83739
83739
83739
83739
83739
83739
83739
83978
83978
83978
83978
83978
83978
83978
83978
83978
83978
83978
83978
83978
83978
83978
83978
84134
84134
84134
84134
84134
84134
84134
84134
84134
84134
84134
84134
84134
84320
84320
84604
84604
84604
84604
84604
84604
84604
84604
84604
84604
84604
84604
84604
84604
84604
84604
84604
84604
84889
84889
84889
84889
84889
84889
84889
84889
84889
84889
84889
84889
84889
84889
84889
84889
84889
84889
84889
84889
85524
85524
85524
85524
85524
85524
85681
85681
85681
85681
85681
85681
85681
85681
85681
85681
85681
85681
85681
85681
85681
85681
85681
85681
85681
85681
86029
86261
86261
86261
86261
86261
86261
86261
86261
86261
86261
86261
86261
86261
86261
86261
86261
86389
86389
86389
86389
86389
86389
86389
86389
86389
86389
86389
86389
86389
86389
86389
86389
86389
86599
86599
86599
86599
86599
86599
86599
86599
86599
86599
86599
86599
86599
86599
86599
86599
86599
86599
86945
86945
86945
86945
86945
86945
86945
86945
86945
86945
86945
86945
86945
86945
86945
86945
86945
86945
86964
86964
86964
86964
86964
86964
86964
86964
87146
87146
87146
87146
87146
87146
87146
87146
87235
87235
87235
87235
87235
87235
87721
87721
87721
87721
87721
87721
87721
87721
87721
87721
87721
87788
87788
87788
88188
88188
88188
88188
88188
88188
88188
88188
88188
88188
88188
88188
88188
88188
88188
88188
88188
88346
88346
88346
88363
88363
88363
88363
88363
88363
88363
88363
88363
88363
88363
88363
88386
88386
88386
88386
88386
88386
88386
88386
88386
88386
88386
88386
88386
88386
88386
88386
88386
88386
88386
88724
88724
88724
88724
88724
88724
88724
88724
88724
88724
89121
89121
89121
89121
89121
89121
89461
89461
89617
89617
89829
89829
89829
89829
89829
89829
89829
89829
89829
89829
89829
90441
90441
90441
90441
90441
90441
90441
90441
90441
90441
90441
90441
90441
90441
90441
90488
90488
90488
90488
90488
90488
90488
90488
90488
90804
90804
90804
90804
90804
90804
90804
90804
90804
90804
90804
90804
90804
90804
90804
91291
91291
91291
91291
91291
91291
91291
91291
91291
91518
91518
91518
91653
91653
91653
91653
91653
91653
91653
91653
91653
91653
91653
91862
91862
91862
91862
91862
91862
91862
92002
92002
92002
92002
92002
92002
92002
92490
92490
92490
92490
92490
92490
92490
92490
92490
92490
92490
92490
92490
92490
92490
92490
92490
92490
92490
92490
92635
92635
92834
92834
92834
92834
92834
92834
92834
92834
92834
92834
92834
92834
92834
92834
92867
92867
92867
92867
92867
92867
92867
92867
92867
92867
92867
92867
92867
92867
92867
92867
92867
92867
93117
93117
93117
93117
93117
93117
93117
93117
93117
93117
93117
93117
93117
93117
93117
93117
93117
93117
93117
93117
93178
93411
93411
93411
93411
93411
93411
93411
93411
93411
93411
93411
93411
93411
93881
93881
93881
93881
93881
93881
93881
93881
93881
93881
93881
93881
93881
93881
93881
93881
93881
93915
93915
93915
93915
93915
93915
93915
93915
93915
93915
93915
93915
93915
93915
93915
93915
93915
93915
93915
94011
94011
94011
94011
94011
94011
94011
94011
94011
94011
94011
94011
94011
94011
94781
94781
94781
94781
94781
94781
94781
94781
94781
94781
94781
94929
94929
94929
94929
94929
94929
94929
94929
94929
94929
94929
94929
94929
94929
94929
94929
94929
94929
95451
95451
95451
95451
95451
95451
95451
95494
95494
95494
95494
95494
95494
95494
95494
95494
95494
95494
95494
95494
95494
95494
95494
95494
95494
95716
95716
95716
95716
95716
95716
95716
95716
95716
95734
95734
95734
95734
95734
95734
95734
95734
95734
95734
95734
95734
95734
95734
95734
95734
96033
96033
96033
96218
96218
96218
96218
96218
96218
96218
96218
96218
96218
96218
96218
96218
96218
96218
96218
96218
96249
96249
96249
96249
96249
96249
96249
96249
96249
96249
96249
97268
97268
97468
97468
97468
97468
97468
97468
97468
97468
97468
97468
97468
97468
97468
97468
97468
97681
97681
97681
97681
97681
97681
97681
97681
97681
97681
97681
97681
97681
97681
97705
97705
97705
97705
97705
97705
97705
98038
98038
98038
98038
98038
98038
98038
98038
98038
98038
98038
98038
98038
98038
98043
98043
98043
98043
98043
98043
98043
98043
98043
98043
98043
98043
98043
98576
98576
98576
98576
98576
98576
98576
98576
98576
98772
98772
98772
98772
98772
98772
98772
98772
98772
98772
98772
98772
98772
98772
98772
98858
98858
98858
98858
98858
98858
98858
98858
98858
98858
98858
98858
98858
99055
99055
99055
99055
99055
99055
99055
99055
99055
99055
99055
99055
99055
99055
99055
99055
99469
99469
99469
99469
99469
99469
99469
99469
99469
99469
99469
99469
99469
99469
99469
99469
99517
99517
99517
99517
99517
99517
99517
99517
99517
99517
99517
99517
99517
99517
99517
99517
99517
99517
99517
99905
99905
99905
99905
99905
99905
99905
99905
99905
99905
100230
100230
100230
100230
100230
100230
100230
100230
100230
100230
100230
100230
100230
100278
100278
100278
100278
100278
100278
100278
100278
100278
100278
100278
100278
100278
100278
100278
100278
100278
100278
100278
100509
100509
100540
100540
100540
100540
100540
100540
100540
100540
100540
100540
101063
101063
101063
101063
101063
101063
101063
101063
101063
101063
101063
101063
101063
101063
101063
101063
101063
101099
101099
101099
101099
101099
101099
101099
101099
101324
101324
101324
101324
101324
101324
101324
101324
101324
101393
101393
101393
101393
101393
101393
101393
101436
101436
101645
101645
101645
101645
101645
101645
101645
101645
101645
101645
101645
101715
101715
101715
101715
101715
102142
102142
102142
102142
102142
102560
102560
102560
102560
102560
102560
102560
102560
102560
102560
102560
102560
102560
102560
103595
103595
103595
103595
103595
103595
103595
103595
103595
103595
103740
103740
103740
103740
103740
103740
103740
103740
104649
104649
104649
104825
104825
104825
104825
104825
104825
104825
104825
104825
104825
104825
105389
105389
105389
105389
105389
105389
105389
105389
105389
105389
105389
105419
105419
105419
105419
105474
105474
105474
105474
105474
106036
106036
106036
106036
106036
106036
106036
106036
106036
106036
106036
106036
106036
106036
106036
106036
106275
106275
106275
106275
106275
106275
106275
106275
106275
106275
106275
106275
106275
106275
106275
106275
106275
106275
106275
106607
106607
106607
106607
106607
106607
106607
106664
106664
106664
106664
106664
106664
106664
106664
107780
108079
108079
108079
108079
108079
108079
108079
108079
108079
108079
108079
108079
108079
108079
108079
108079
108079
108079
108514
108514
108514
108514
108514
108514
108514
108514
108514
108514
108839
108839
108839
108839
108839
108839
108839
108839
108839
108839
108839
108839
108839
108839
108839
108839
108839
108839
108889
108889
108889
108889
108889
108889
108889
108889
108889
108889
108889
108889
108889
108889
108889
109105
109105
109105
109550
109550
109550
109550
109550
109550
110084
110084
110084
110084
110084
110084
110084
110084
110084
110084
110084
110269
110269
110269
110269
110269
110269
110269
110269
110269
110269
110269
110269
110269
110269
110269
110269
110269
110269
110269
110362
110362
110362
110362
110362
110362
110447
110447
110447
110447
110447
110447
110447
110447
110447
110447
110447
110447
110447
110447
110447
110447
110447
110447
110447
110463
110463
110463
110463
110463
110463
110463
110463
110463
110463
110463
110463
110463
110463
110463
110463
110941
110941
110941
110941
110941
110941
110941
110941
110941
111055
111055
111055
112077
112077
112077
112077
112077
112077
112077
112077
112077
112077
112077
112077
112077
112077
112077
112077
112077
112077
112077
112077
112483
112483
112483
112828
112828
112828
112828
112828
112828
112828
112828
112828
112828
112828
112828
112828
112828
112828
112828
112828
112828
112828
112880
112880
112880
112880
112880
113013
113013
113013
113013
113013
113013
113013
113013
113013
113277
113277
113277
113277
113277
113277
113277
113277
113277
113277
113277
113277
113277
113277
113277
113277
113277
113310
113310
113310
113310
113313
113313
113313
113313
113313
113313
113313
113313
113313
113313
113313
113313
113313
113609
113609
113609
113609
113609
113609
113940
113940
113940
113940
113940
113940
113940
113940
113940
113940
113940
113940
113940
113940
114192
114192
114192
114192
114192
114192
114321
114321
114321
114321
114321
114321
114321
114321
114321
114321
114321
114321
114321
114530
114530
114530
114530
114530
114530
114530
114530
114530
114530
114530
114530
114530
114530
114530
114530
114530
114530
114530
114530
114637
114637
114637
114637
114637
114637
114637
114637
114637
114637
114637
114637
114637
114637
114637
114637
114637
114637
114637
114637
115073
115073
115073
115073
115073
115073
115073
115073
115073
115073
115073
115073
115073
115178
115178
115178
115178
115178
115178
115178
115178
115178
115178
115178
115178
115178
115178
115178
115178
115491
115491
115491
115491
115491
115491
115491
115491
115879
115879
115879
115879
115879
115879
115879
115879
115879
115879
115879
115879
115879
115879
115879
115879
115879
115879
115879
115963
115963
115971
115971
115971
115971
115971
115971
115971
115971
115971
115983
115983
115983
115983
116178
116178
116178
116178
116178
116426
116426
116426
116426
116426
116426
116426
116426
116426
116426
116426
116426
116497
116497
116497
116497
116497
116497
116497
116624
116624
116624
116624
116624
116624
116972
116972
116972
116972
116972
116972
116972
116972
116972
116972
116972
116972
116972
116972
116972
116972
116972
116972
116972
117678
117678
117678
117678
117678
117678
117678
118175
118175
118175
118175
118175
118175
118175
118175
118175
118175
118175
118175
118175
118175
118175
118175
118175
118175
118175
118175
118283
118283
118283
118283
118283
118283
118283
118283
118283
118283
118283
118534
118534
118534
118534
118534
118534
118534
118534
118534
118534
118534
118534
120058
120058
120058
120058
120058
120058
120058
120058
120058
120058
120058
120058
120058
120058
120132
120132
120132
120132
120132
120132
120132
120132
120132
120132
120132
120132
120202
120202
120202
120202
120202
120202
120297
120297
120297
120297
120297
120297
120297
120297
120297
120297
120297
120297
121674
121674
121674
121674
121674
121674
121674
121674
121674
121674
121674
121674
121766
121766
121766
121766
121766
121766
121766
121766
121766
121766
122292
122292
122292
122292
122292
122292
122292
122292
122292
122292
122292
122292
122292
122292
122292
122292
122292
122292
122292
123575
123575
123575
123575
123575
123575
123575
123575
123575
123575
123575
123575
123575
123575
123575
123575
123575
123575
123575
124173
124173
124173
124173
124173
124173
124173
124173
124173
124173
124173
124173
124173
124173
124173
124509
124509
124509
124509
124509
124509
124509
124509
124509
124509
124509
124721
124721
124721
124721
124721
124721
124721
124721
124721
124721
124721
124721
124721
124721
124721
124721
124721
124721
124833
124833
124833
124833
124833
124833
124833
124833
124833
124833
124833
124944
124944
124944
124944
124944
124944
124944
124954
124954
124954
124954
124954
124954
124954
124954
124954
124954
124954
124954
124954
124954
124954
125159
125159
125159
125159
125159
125159
125159
125159
125159
125159
125159
125159
125159
125159
125159
125533
125533
125533
125533
125533
125533
125533
125533
125533
125656
125656
125656
125656
125656
125656
125656
125656
125656
125656
125656
125656
125656
126118
126118
126118
126118
126118
126118
126118
126118
126118
126118
126118
126118
126118
126118
126479
126479
126479
126479
126479
126479
126479
126479
126479
126479
126479
126479
126479
126479
126479
126479
126479
126479
126479
126945
126945
126945
126945
126945
126945
126945
126945
126945
126945
126945
126945
126962
126962
126962
126962
126962
126962
126962
126962
126962
126962
126962
126962
126962
126962
126962
126962
127508
127508
127508
127508
127508
127508
127508
127508
127508
127730
127730
127730
127800
127800
127800
128351
128351
128351
128351
128351
128351
128351
128455
128455
128455
128455
128455
128455
128455
128455
128455
128455
128455
128455
128455
128455
128455
128455
128694
128694
128816
128816
128816
128816
128816
128816
128816
128816
128816
128816
128816
128816
128816
128816
128816
128816
128816
128816
128816
128816
128994
128994
128994
128994
128994
128994
128994
128994
128994
128994
128994
128994
129021
129021
129021
129021
129021
129021
129021
129021
129476
129476
129476
129476
129476
129476
129476
129476
129476
129476
129476
129476
129476
129476
129476
129476
129476
129476
129523
129523
129523
129523
129523
129523
129523
129523
129523
129523
129523
129523
129523
129523
129523
129523
129523
129523
129523
129523
130324
130324
130324
130324
130411
130411
130411
130411
130411
130411
130411
130411
130411
130411
130411
130411
130640
130640
130640
130640
130640
130640
130783
130783
130783
130783
130783
130783
130783
130783
130783
130783
130895
130895
130895
130895
130895
130895
130895
130895
130895
130895
130895
130895
130895
130895
130895
130895
131417
131417
131417
131417
131417
131417
131629
131629
131629
131629
131629
131629
131629
131629
131629
131629
131629
131629
131629
131629
131629
131629
131629
131659
131659
131659
131659
131659
131659
131659
131787
131961
131961
131961
131961
131961
131961
131961
131961
131961
131961
131961
131961
131961
132156
132156
132156
132156
132156
132156
132156
132156
132156
132221
132258
132258
132258
132258
132258
132258
132357
132357
132357
132357
132357
132357
132357
132357
132357
132357
132357
132357
132357
132357
132625
132625
132719
132719
132719
132719
132719
132719
132719
132719
132719
132719
132719
132719
132719
132719
132719
133346
133346
133346
133346
133346
133346
133346
133346
133346
133346
133697
133697
133697
133697
133697
133697
133697
133697
133697
133697
133781
133781
133781
133781
133781
133781
133781
133781
133781
133781
133781
133781
133781
133781
133781
133781
134022
134022
134083
134083
134083
134083
134083
134083
134083
134083
134083
134083
134083
134083
134083
134083
134192
134192
134192
134192
134192
134192
134192
134192
134192
134192
134192
134192
134192
134192
134192
134192
134192
134192
134196
134196
134196
134196
134196
134196
134196
134823
134823
134823
134823
134823
134823
134823
134823
134823
134823
134823
134823
134823
134823
134823
134823
134823
134823
134912
134912
134912
134912
134912
134972
134972
134972
134972
134972
134972
134972
134972
134972
134972
134972
134972
134972
134972
134972
135553
135553
135553
135553
135553
135553
135553
135553
135553
135553
135553
135931
135931
135931
135931
135931
135931
135931
135931
135931
135931
135931
135931
135931
135931
135934
135934
135934
135934
135934
135934
135934
135934
135934
136118
136118
136118
136118
136118
136118
136118
136118
136118
136118
136118
136118
136118
136118
136118
136118
136118
136118
136770
136770
136770
136770
136770
136770
136770
136936
136936
136936
137286
137286
137286
137286
137286
137286
137286
137286
137286
137286
137286
137286
137286
137286
137286
137286
137286
137286
137286
137655
138234
138234
138234
138234
138234
138234
138234
138234
138234
138234
138234
138234
138234
138234
138234
138234
138234
138234
138234
138310
138310
138310
138310
138310
138310
138310
138310
138310
138310
138310
138310
138310
138310
138310
138310
138310
138395
138395
138395
138395
138395
138395
138395
138395
138395
138395
138395
138395
138395
138395
138395
138755
138755
138755
138755
138755
138755
138755
138755
138755
138755
138755
138755
138755
138755
138962
138962
140101
140101
140101
140101
140101
140101
140101
140101
140101
140101
140101
140101
140101
140101
140101
140101
140101
140101
140101
140101
140201
140201
140201
140201
140201
140201
140201
140201
140201
140201
140201
140201
140201
140201
140201
140201
140431
140431
140431
140431
140431
140431
140431
140431
140431
140431
140431
140431
140431
140431
140431
140534
140534
140534
140534
140721
140721
140721
140721
140721
140721
140721
140721
140721
140721
140721
140721
140721
140721
140841
140841
140841
140841
140841
140841
140841
140841
140841
140841
140841
141553
141802
141802
141802
141802
141802
141802
141802
141802
141802
141802
141802
141802
141802
141802
141802
141802
142140
142140
142140
142206
142206
142206
142206
142206
142206
142206
142206
142499
142499
142499
142499
142499
142499
142499
142499
142499
142499
142499
142499
142499
142499
142646
142646
142646
142646
142646
142646
142646
142646
142646
142646
142646
142646
142646
142646
142646
142646
142646
142646
142646
142731
142731
142731
142731
142731
142731
142731
142731
142738
142738
142738
142738
142738
142738
143070
143070
143070
143070
143070
143070
143070
143070
143070
143235
143320
143320
143320
143320
143320
143320
143469
143774
143774
143774
143936
143936
143936
143936
143936
143936
143936
143936
143936
143936
143936
143936
144401
144401
144401
144401
144808
144808
144808
144808
144808
144808
144808
144808
144808
144808
144826
144826
144826
144826
144826
144826
144826
144826
144826
144826
144826
144826
144887
144887
144887
144887
144887
144887
144887
144887
144887
144887
144887
144887
144887
144887
144887
144942
144942
144942
144942
144942
144942
144942
144942
144942
144942
144942
144942
144942
144942
144942
144942
144942
144942
144954
144954
144954
144954
144955
145221
145221
145221
145221
145221
145221
145221
145221
145221
145221
145221
145221
145221
145669
145669
145669
145669
145669
145669
145669
145669
145669
145669
145669
145669
145669
145669
145669
145669
145802
145802
145802
145802
145802
146009
146009
146009
146009
146009
146009
146009
146009
146009
146009
146009
146009
146009
146009
146009
146009
146009
146009
146009
146009
146305
146305
146305
146305
146305
146305
146305
146391
146391
146391
146391
146391
146391
146391
146391
146391
146391
146391
146391
146391
146391
146391
146391
146391
146391
146786
146786
146786
146786
146786
146786
146786
146786
146786
146786
146786
146968
147000
147000
147000
147000
147000
147000
147000
147000
147000
147000
147000
147000
147000
147000
147000
147569
147569
147569
147569
147569
147569
147569
147569
147569
147569
147569
147569
147569
147569
147569
147569
147569
147569
147617
147617
147617
147617
147617
147617
148047
148047
148047
148047
148047
148047
148047
148047
148047
148131
148131
148131
148131
148131
148131
148131
148131
148131
148480
148480
148480
148480
148480
148489
148552
148552
148575
148575
148575
148575
148575
148575
148575
149386
149386
149386
149386
149386
149386
149386
149386
150540
150540
150540
150540
150540
150540
150540
150540
150540
150795
150795
150795
150795
150795
150795
151097
151097
151348
151348
151348
151348
151348
151348
151348
151348
151348
151406
151406
151406
151406
151406
151406
151406
151406
151406
151589
151589
151589
151589
151589
151589
151589
151589
151589
151589
151589
151589
151589
151589
151589
151589
151589
151589
151589
151763
151763
151763
151763
151763
151763
151763
151763
151763
151763
151763
152311
152311
152311
152311
152311
152311
152311
152363
152363
152363
152363
152363
152363
152363
152363
152363
152363
152527
152527
152527
152527
152527
152527
152527
152527
152527
152865
152865
152865
152865
152865
152865
152865
152865
152865
152865
152865
152865
152865
152865
152865
152865
152865
152865
152865
152976
152976
152976
152976
152976
152976
152976
152976
152976
152976
152976
152976
152976
152976
153130
153130
153130
153130
153130
153505
154109
154109
154109
154186
154186
154186
154186
154186
154186
154205
154205
154205
154321
154321
154321
154321
154321
154321
154321
154321
154321
154321
154321
154321
154321
154321
154321
154931
154949
154949
154949
154949
154949
154949
154949
154949
154949
154949
154949
154949
154949
154949
154949
155247
155247
155247
155247
155247
155247
155247
155247
155247
155247
155247
155247
155247
155247
155352
155352
155352
155352
155352
155352
155418
155418
155418
155429
155429
155429
155429
155429
155429
155429
155429
155429
155429
155554
155554
155554
155554
156426
156426
156426
156426
156426
156426
156426
156567
156567
156567
156567
156567
156567
156567
156567
156567
156567
156567
156567
156567
156567
156567
157223
157325
157325
157325
157325
157325
157325
157325
157325
157325
157798
157798
157798
157798
157798
157798
157798
157798
157798
157798
157798
157798
157798
157798
157798
157798
157798
157798
157799
157799
157799
157799
157799
157799
157799
157799
157799
157799
157799
157799
157799
157799
157799
157799
157799
157799
157799
158611
158611
158611
158611
158611
158611
158611
158726
158726
158726
158726
158726
158726
158726
158726
158726
158726
158726
158726
158758
158758
158758
158758
158758
158758
158758
158758
158758
158758
158758
158758
158758
158758
159923
159923
159923
159923
159923
159923
159923
159923
159923
159923
159923
159923
160728
160728
160728
160728
160728
161704
161704
161704
161704
161704
161704
161704
161704
161704
161704
161704
161755
161755
161755
161755
161755
161755
162142
162142
162142
162142
162142
162142
162142
162142
162142
162142
162142
162142
162142
162142
162142
162142
162142
162142
162142
162142
162845
162845
162845
162845
162845
162845
162845
162845
162845
162845
162845
162845
162845
163284
163284
163284
163284
163284
163284
163284
163284
163284
163284
163284
163284
163284
163284
163284
163284
163284
163284
163284
163298
163298
163298
163298
163298
163298
163298
163372
163372
163587
163587
163587
163587
163587
163732
163732
163732
163732
163732
163732
163732
163732
163732
163732
163732
163732
163732
163732
163732
163732
163732
163732
163732
163732
163913
163913
163913
163913
163913
163913
163913
163913
163913
163913
163913
163913
163925
163925
163925
163925
163925
163925
163925
163925
163925
163925
164506
164506
164506
164506
164506
164506
164506
164506
164506
164506
164506
164823
164823
164823
164823
164823
164823
164823
164823
164823
164823
164823
164823
164823
164823
164823
164823
164823
164823
164823
165218
165281
165281
165281
165361
165361
165361
165361
165361
165361
165361
165361
166163
166163
166163
166163
166163
166163
166163
166163
166163
166163
166163
166163
166163
166163
166163
166660
166660
166660
166660
166660
166660
166660
166660
166660
166660
166660
166660
166660
166660
166660
166660
166965
166965
166965
166965
166965
166965
166965
166965
166965
166965
166965
166965
167872
167872
167872
167872
167872
168207
168207
168207
168207
168207
168207
168207
168864
168864
168864
168864
168864
168864
168864
168864
168864
168864
169682
169682
169682
169682
169682
169682
169682
169682
169682
169682
169682
169682
169682
169732
169732
169732
169732
169732
169732
169732
169732
169732
169788
169788
169788
169788
169952
169952
169952
169952
169952
169952
169952
169952
169963
169963
169963
169963
169963
169963
169963
169963
169963
169963
169963
169963
169963
169963
169963
170188
170188
170188
170188
170747
170747
170747
170747
170890
170890
170890
170890
170890
170890
170890
170890
170890
170890
170890
170890
170890
170890
170890
170890
170890
170890
170890
171062
171062
171062
171062
171369
171369
171369
171369
171369
171369
171369
171369
171369
171369
171369
171369
171369
171369
171369
172270
172270
172270
172270
172270
172270
172270
172270
172270
172270
172270
172270
172270
172270
172270
172709
172709
172709
172709
172709
172709
172709
174990
174990
174990
174990
174990
174990
174990
174990
174990
174990
174990
174990
175023
175023
175023
175023
175023
175023
175023
175023
175023
175023
175023
175023
175023
175023
175023
175023
175023
175023
175023
175946
175946
175946
175946
175946
175946
175946
175946
175946
175946
175946
175946
175961
175961
175961
175961
175961
175961
175961
175961
175961
175961
175961
175961
176029
176029
176029
176058
176058
176058
176058
176058
176058
176058
176058
176058
176058
176058
176058
176058
176058
176457
176457
176457
176457
176457
176457
176457
176457
176457
176457
176457
176457
176457
176457
176457
176457
176457
176457
176457
176457
176573
176573
176573
176573
176573
176890
176890
176890
176890
176890
176890
176890
176890
176890
176890
176890
176928
176928
176928
176928
176928
176928
176928
176928
176928
176928
176957
176957
176957
176957
176957
177009
177009
177009
177009
177009
177009
177009
177009
177009
177009
177009
177009
177009
177009
177009
177009
177088
177088
177088
177088
177088
177088
177088
177088
177088
177088
177088
177088
177088
177088
177088
177088
177088
177088
177088
177088
177398
177398
177398
177398
177398
177398
177398
177398
177398
177398
177398
177398
177398
177398
177515
177515
177515
177515
177515
177515
177515
177515
177515
177515
177515
177515
177515
177515
177968
177968
177968
177968
177968
177968
178167
178167
178167
178167
178167
178167
178167
178167
178167
178167
178167
178167
178167
178167
178167
178167
178167
178232
178232
178232
178232
178662
178662
178662
178662
178662
178662
178805
178805
178805
178805
178805
178805
178805
178830
178830
178830
179040
179040
179040
179040
179040
179610
179610
179610
179610
179610
179823
179823
179823
179823
179823
179823
179853
179853
179853
179853
179853
179853
179853
179853
179853
179853
179853
179853
179853
179991
180515
180515
180515
180515
180765
180765
180765
180765
180765
180765
180765
180765
180765
180765
180765
180794
180794
180794
180794
180794
180816
180816
180816
180816
180816
180816
180816
180816
180816
180816
180816
180816
180816
180816
180816
180816
180816
180816
180820
180820
180820
180820
180820
180977
180977
180977
181019
181019
181019
181019
181019
181019
181019
181019
181019
181019
181019
181019
181019
181019
181019
181019
181019
181019
181019
181175
181175
181175
181175
181175
181175
181307
181307
181790
181790
181790
181790
181790
181790
181790
181790
181790
181790
181790
181790
181790
181790
181790
181790
181790
181790
181790
181790
181813
181813
181813
181813
181813
181813
181813
181813
181813
181813
181813
181813
181813
181813
181813
181813
181813
181813
181813
182123
182123
182123
182123
182123
182123
182123
182123
182123
182123
182615
182615
182615
182615
182615
182615
182615
182615
182615
182615
182615
182615
182615
182615
182615
182615
182615
182615
182615
182615
183163
183163
183163
183163
183163
183163
183163
183163
183163
183163
183163
183163
183163
183163
183163
183163
183163
183163
183163
183163
183775
183775
183775
183775
183775
183775
183775
183775
183775
183775
183775
183775
183775
183775
183775
183775
183775
183775
183775
183864
183864
183864
183864
183864
183864
183864
183864
183864
183864
183864
183864
183864
183864
183864
183864
183864
183864
184055
184055
184055
184055
184055
184055
184055
184055
184055
184055
184055
184055
184055
184055
184055
184055
184055
184055
184055
184084
184084
184084
184084
184084
184084
184084
184084
184084
184084
184084
184084
184084
184178
184590
184590
184590
184590
184590
184590
184590
184832
184832
184832
184832
184832
184832
184832
184832
184832
184832
184832
184832
184832
184832
185121
185121
185121
185121
185121
185121
185121
185219
185219
185351
185351
185351
185351
185351
185351
185351
185351
185351
185351
185351
185351
185351
185473
185473
185473
185473
185473
185473
185473
185473
185487
185487
185487
185487
185487
185487
185487
185487
185487
185487
185487
185487
185487
185487
185510
185510
185510
185510
185534
185534
185534
185812
185812
185812
185812
185812
185812
185812
185812
185812
185812
185812
185812
185812
185812
185812
185812
185812
185812
185858
185858
185858
186067
186067
186067
186067
186067
186067
186067
186067
186067
186067
186067
186067
186067
186067
186067
186067
186067
186111
186111
186111
186111
186111
186111
186111
186111
186111
186111
186111
186111
186111
186111
186236
186236
186236
186236
186236
187276
187276
187276
187286
187286
187286
187286
187371
187770
187770
187770
187770
187770
187770
187770
187770
188032
188032
188218
188218
188218
188218
188218
188218
188218
188218
188218
188218
188218
189290
189290
189290
189290
189290
189290
189290
189290
189290
189290
189362
189362
189362
189362
189362
189362
189362
189362
189551
189551
189551
189551
189551
189816
189816
189816
189816
189816
189816
189816
189816
189816
189816
189816
189816
189816
189816
189816
189816
189816
190195
190195
190195
191014
191014
191014
191014
191014
191014
191014
191014
191014
191014
191014
191014
191014
191014
191142
191142
191142
191142
191142
191142
191142
191142
191142
191142
191142
191142
191142
191142
191142
191188
191188
191188
191188
191188
191188
191188
191188
191188
191188
191188
191188
191188
191188
191188
191188
191188
191188
191188
191188
191561
191561
191561
191561
191561
191561
191561
191561
191561
191561
191561
191561
191561
191561
191561
191561
191561
192075
192075
192075
192075
192075
192075
192075
192075
192075
192075
192075
192585
192585
192585
192585
192585
192585
192585
192585
192585
193039
193039
193039
193039
193039
193039
193039
193039
193039
193039
193039
193039
193039
193039
193039
193039
193039
193039
193039
193137
193137
193137
193137
193184
193184
193184
193184
193184
193184
193184
193184
193184
193184
193184
194484
194484
194484
194484
194484
194484
194484
194484
194484
194484
194484
194484
194484
194484
194484
194484
194484
194484
194661
194661
194661
194661
194661
194661
194661
194661
194661
194661
194731
194731
194731
194731
194731
194731
194731
194731
194731
194731
194731
194731
194731
194783
194783
194783
194783
194783
194892
194892
194892
194892
194892
194892
194892
194892
194892
194892
194961
194962
194962
194962
194962
194962
194962
194962
194962
194962
194962
195140
195194
195194
195194
195194
195194
195194
195194
195194
195194
195194
195194
195194
195194
195308
195308
195308
195308
195308
195308
195308
195308
195308
195308
195308
195308
195308
195308
195308
195308
195308
195308
195308
195624
195624
195624
195624
195624
195624
195624
195624
195624
195624
195624
195624
195624
195624
195624
195624
195624
195624
195624
195624
196667
196667
196667
196731
196731
196731
196731
197487
197487
197487
197487
197487
197487
197487
197487
197487
197487
197498
197498
197498
197498
197498
197498
197498
197498
197498
197794
197794
197794
197794
197794
197794
197794
197794
197794
197794
197794
197794
197794
197794
197794
197794
197794
197794
198276
198276
198276
198276
198276
198276
198276
198276
198276
198276
198276
198276
198276
198276
198276
198276
198276
198276
198276
198276
198917
198917
198917
198917
198917
198917
198917
198917
198917
198991
198991
198991
198991
200441
200441
200441
200441
200441
201254
201254
201460
201460
201460
201460
201460
201460
201460
201460
201460
201460
201460
201460
201460
201653
201653
201653
201653
201653
201653
201653
201653
201653
201653
201653
201653
201653
201653
201653
201653
201653
201833
201833
201833
201833
201833
201833
201833
201833
201833
202082
202082
202082
202082
202082
202082
202082
202082
202082
202082
202082
202139
202139
202139
202139
202139
202139
202139
202139
202139
202139
202139
202139
202139
202139
202281
202281
203075
203075
203075
203075
203075
203075
203075
203075
203075
203075
203075
203075
203075
203075
203075
203075
203075
203130
203130
203130
203130
203130
203130
203130
203130
203130
203130
203130
203130
203130
203130
203130
203130
203130
203130
203130
203130
203770
203770
203770
203770
203770
203770
203807
203807
203807
203807
203807
203807
203807
203807
203807
203807
203807
203807
203807
203807
203807
203891
203891
203891
203891
203891
203891
203891
203891
203891
203891
203891
203891
204359
204359
204359
204359
204359
204359
204359
204359
204359
204359
204359
204359
204359
204359
204423
204423
204423
204423
204542
204542
204542
204542
204542
204542
204542
204542
204542
204542
204542
204542
204542
204542
204542
204542
204542
204542
204542
204542
204847
204847
204847
204847
204847
204847
204847
204847
204847
204847
204847
205632
205632
205632
205632
205632
205632
205632
205885
205885
205885
205885
205885
205885
205885
205885
205885
205885
205885
205885
205885
205885
205885
205885
205885
205901
205901
205901
205901
206727
206727
206727
206727
206727
206727
206727
206727
206727
206727
206727
206727
206727
206727
206727
206727
206727
206727
206971
206971
206971
206971
206971
206971
206971
206971
206971
206971
206971
207343
207343
207343
207343
207343
207343
207343
207343
207343
207343
207343
207343
207343
207343
207343
207343
207343
207343
207343
207644
207644
207644
207644
207869
207869
207869
207869
207869
207869
207869
207869
207869
207869
207869
207869
208129
208129
208129
208129
208129
208129
208129
208129
208129
208129
208129
208129
208129
208129
208129
208129
208129
208380
208380
208380
208380
208380
208380
208380
208380
208380
208380
208380
208380
208380
208380
208380
208380
208380
208515
208515
208515
208515
208515
208515
208515
208515
208515
208515
208516
208516
208516
208516
208516
208516
208934
208934
208934
208934
208934
208934
208934
208934
208934
208934
208934
208934
208934
208934
208934
209168
209168
209168
209168
209168
209168
209168
209168
209168
209168
209168
209168
209168
209168
209168
209168
209168
209581
209581
209581
209581
209581
210862
210862
210862
210923
210923
210923
210923
210923
210923
210923
210923
210923
210923
210923
210923
210923
210923
210923
210923
210923
210938
210938
210938
210938
210938
210938
210938
210938
210938
210938
210938
210938
210938
210938
210938
210938
210938
210938
210938
211157
211157
211157
211157
211157
211157
211157
211157
211229
211229
211229
211229
211229
211229
211229
211229
211229
211229
211229
211229
211229
211611
211611
211611
211611
211611
211611
211611
211611
211611
211611
211611
211611
211611
211611
211949
211949
211949
211949
211991
211991
211991
211991
211991
211991
211991
211991
212024
212024
212024
212024
212024
212024
212024
212024
212024
212024
212024
212024
212024
212024
212024
212024
212024
212024
212024
212436
212436
212436
212436
212436
212436
212436
212436
212436
212436
212436
212436
212436
212436
212436
212436
212463
212463
212463
212463
212463
212463
213834
213834
213834
213834
213834
213834
213834
213834
213834
213834
213834
213834
213834
213834
213834
213834
213834
213834
213834
213834
214017
214017
214017
214017
214017
214017
214017
214017
214017
214053
214053
214266
214266
214266
214266
214266
214266
214461
214461
214461
214461
214461
214461
214461
214461
214461
214461
214461
214461
214461
214461
214461
214461
214461
214704
214704
214704
214704
214704
214704
214704
214704
214704
214704
214704
214704
214704
215355
215355
215355
215355
215355
215355
215355
215355
215355
215355
215355
215355
215355
215355
215355
215658
215658
215658
216025
216025
216025
216025
216025
216025
216025
216025
216025
216025
216025
216025
216025
216025
216025
216025
216025
216025
216025
216140
216140
216140
216140
216140
216140
216140
216319
216319
216319
216319
216319
216319
216319
216319
216615
216615
216615
216615
216615
216615
216615
216615
216615
216615
216615
216615
216615
216615
216615
216615
216615
217068
217068
217068
217068
217068
217068
217068
217068
217068
217068
217068
217068
217068
217068
217068
217068
217068
217068
217302
217302
217302
217302
217302
217302
217302
217302
217302
217302
217302
217302
217302
217302
217302
217302
217302
217302
217302
217302
217472
217472
217472
217472
217472
217472
217472
217472
217472
217472
217472
217472
217472
217472
217506
217506
217506
217506
217506
217506
217506
217506
217506
217506
217506
217506
217506
217865
217865
217865
217865
217865
217865
217865
217865
217865
217865
217865
217865
218197
218197
218197
218197
218197
218197
218197
218197
218197
218197
218197
218197
218197
218611
218611
218611
218611
218611
218611
218611
218611
218611
218611
218611
218611
218611
218611
218627
218627
218627
218627
218627
218627
218627
218627
218627
218627
218627
218627
218627
218627
218627
218627
218627
218627
218627
218830
218830
218830
218830
218830
218830
218830
218830
218830
218830
218830
218830
218830
218830
218830
218830
218830
219042
219042
219042
219042
219042
219042
219042
219042
219042
219042
219151
219151
219151
219151
219151
219151
219151
219151
219151
219151
219151
219151
219155
219155
219155
219155
219155
219236
219236
219236
219236
219236
219236
219236
219236
219236
219236
219236
219236
219236
219236
219236
219957
219957
219957
219957
219957
219957
219957
219957
219957
219957
219957
219957
219957
220279
220279
220279
220279
220279
220305
220305
220305
220305
220305
220305
220424
220424
221297
221297
221297
221297
221297
221297
221297
221459
221459
221459
221459
221459
221459
221459
221459
221459
221459
221459
221459
221459
221459
221459
221459
221459
221459
221465
221465
221465
221465
221465
221465
221465
221465
221465
221465
221465
221465
221465
221465
221465
221465
221642
221642
221642
221642
221642
221642
221743
221743
221743
221743
221743
221743
221743
221743
221743
221743
221743
221743
221743
222311
222311
222311
222311
222311
222311
222311
222444
222444
222444
222444
222444
222444
222444
222444
222444
222444
222444
222444
222444
223017
223017
223017
223017
223017
223017
223017
223017
223017
223017
223017
223017
223017
223017
223017
223017
223017
223279
223279
223279
223279
223279
223279
223279
223279
223279
223279
223347
223347
223347
223347
223347
223347
223347
223347
223347
223347
223347
223347
223347
223464
223464
223464
223464
223464
223464
223464
223464
223590
223590
223590
223590
223590
223648
223648
223648
223648
223648
223648
223648
223648
224004
224689
224689
224689
224689
224689
224689
224689
224689
224689
224689
224708
224708
224708
224708
224708
224708
225259
225259
225259
225259
225259
225259
225259
225259
225259
225259
225259
225259
225259
225259
225259
225259
225259
225259
225259
225259
225363
225363
225363
225363
225363
225620
226133
226133
226133
226133
226133
226133
226133
226133
226133
226133
226133
226133
226133
226133
226133
226133
226133
226133
226406
226406
226406
226406
226406
226406
226406
226406
226406
226406
226406
226406
226406
226406
226406
226406
226406
226406
226406
226406
226729
226729
226729
226729
227630
227630
227630
227630
227630
227630
227630
227630
227630
227630
227630
227630
227630
227630
227847
227847
227847
227847
227847
227847
227847
228313
228313
228313
228313
228313
228313
228486
228486
228486
228486
228486
228486
228486
228486
228486
228486
228486
228486
228486
228486
228486
228486
228486
228628
228628
228628
228649
228649
228995
228995
228995
228995
228995
228995
228995
228995
228995
228995
228995
228995
228995
228995
228995
228995
228995
229550
229550
229550
229550
229550
229550
229550
229550
229550
229550
229561
229561
229561
229561
229692
229692
229692
229692
229692
229692
229692
229692
229692
229692
229692
229692
229692
229692
229692
229946
229946
229946
229946
229946
230102
230102
230102
230102
230102
230102
230102
230315
230315
230315
230315
230315
230350
230350
230350
230350
230350
230350
230350
230350
230350
230350
230350
230350
230350
230350
230350
230350
230350
230350
230350
230551
230551
230551
230551
230551
230551
230551
230551
230551
230551
230551
230551
230551
230551
230551
230729
230729
230729
230729
230729
230729
230729
230729
230729
230729
230729
230729
230729
230921
230921
230921
230921
230921
230921
230921
230921
230921
230921
230921
230921
230972
230972
230972
230972
230972
230972
230972
231474
231474
231474
231474
231940
231940
231940
231940
231940
231940
231940
231940
231940
231940
232561
232561
232561
232689
232689
232689
232689
232689
232689
232689
232689
232689
232689
232689
232689
232689
232772
232945
232945
232945
232945
232945
232945
232945
232945
232945
232945
232945
232945
232945
232945
232952
232952
232952
232952
232952
232952
232952
232952
232952
232952
232952
232952
233245
233245
233245
233662
234067
234067
234067
234067
234067
234067
234196
234196
234196
234196
234196
234196
234196
234196
234196
234196
234196
234196
234196
234196
234196
234196
234196
234230
234230
234230
234230
234230
234230
234230
234230
234230
234230
234230
234230
234230
234230
234230
234230
234230
235103
235103
235103
235103
235689
235689
235689
235689
235689
235689
235689
235689
235689
235689
235689
235689
235689
235689
235689
236057
236057
236057
236057
236057
236057
236057
236057
236057
236057
236057
236057
236078
236078
236078
236078
236078
236078
236078
236078
236078
236078
236078
236260
236260
236335
236335
236335
236335
236335
236335
236335
236335
236335
236335
236732
236732
236732
236732
236732
236732
236732
236732
236732
236732
236732
236732
236732
236732
236732
237076
237237
237237
237778
237778
237778
237778
237778
237778
237778
237778
237778
237778
237778
237778
237778
237778
237778
237778
238896
238896
238896
238896
238896
238896
238896
238896
238896
238896
238896
238896
238896
239032
239032
239032
239032
239032
239032
239032
239032
239032
239032
239032
239032
239032
239032
239032
239073
239073
239073
239073
239073
239175
239175
239175
239175
239247
239247
239247
239247
239247
239247
239247
239247
239247
239247
239247
239247
239247
239247
239247
239247
239247
239247
240041
240041
240041
240041
240041
240041
240103
240103
240103
240103
240103
240103
240103
240103
240281
240281
240281
240281
240281
240281
240281
240281
240281
240600
240600
240600
240600
240600
240600
240600
240600
240600
240600
240600
240689
241118
241118
241118
241118
241118
241118
241118
241118
241118
241118
241118
241118
241343
241343
241343
241629
241629
241629
241629
241629
241629
241629
241629
242623
242623
242623
242623
242655
243214
243214
243214
243214
243214
243214
243214
243214
243214
243214
243214
243214
243214
243214
243214
243214
243326
243326
243326
243326
243326
243326
243326
243326
243326
243326
243326
243455
243455
243455
243455
243455
243616
243616
243616
243616
243616
243616
243616
243616
243616
243616
243616
243616
243616
243616
243616
243660
243660
243660
243660
243660
243660
243660
243660
243660
243660
243660
243660
243660
243660
243803
243803
243803
243803
243803
243803
243803
243803
243803
243803
243803
243803
243803
243854
243854
243854
243854
243854
243854
243854
243854
243854
243854
243854
243854
243854
243854
243854
243854
244012
244012
244012
244012
244012
244012
244012
244012
244012
244012
244012
244012
244012
244012
244012
244012
244685
244685
244685
244685
244685
244685
244685
244685
244685
244685
244685
244685
244685
244831
244831
244831
244831
244831
244831
245197
245197
245197
245197
245197
245197
245197
245197
245197
245197
245197
245197
245197
245535
245535
245535
245535
245535
245535
245535
245535
245535
245535
245535
245535
245535
245535
245535
245535
245595
245595
245595
245595
245595
245595
245595
245595
245595
245595
245595
245595
245595
245595
245595
245595
245625
245873
245998
245998
245998
245998
245998
245998
245998
245998
245998
246046
246046
246046
246046
246046
246046
246046
246046
246046
246046
246046
246046
246046
246046
246046
246046
246457
246457
246457
246457
246457
246457
246457
246457
246457
246457
246457
246457
246457
246457
246457
246457
246457
246457
246457
246464
246464
246464
246464
246464
246464
246464
246464
246464
246464
246464
246464
246464
246464
246464
246464
246464
246464
246528
246528
246528
246528
246528
246528
246528
246528
246528
246528
246528
246528
246528
246528
246528
246528
246528
246528
246528
246776
246776
246776
246776
246776
246776
246776
246776
246776
246776
246776
246776
246776
246776
247134
247134
247134
247134
247134
247134
247431
247431
247431
247431
247431
247431
247431
247431
247431
247431
247431
247431
247431
247431
247513
247513
247513
247513
247513
247513
247513
247513
247513
247513
247675
247675
247675
247758
247758
247758
247949
247949
247949
247949
247949
247949
247949
247949
247949
247949
247949
247949
247949
247949
248072
248072
248072
248072
248072
248072
248072
248072
248072
248072
248072
248072
248072
248072
248072
248072
248072
248072
248192
248192
248192
248192
248192
248192
248192
248192
248192
248192
248192
248192
248192
248192
248192
248192
248192
248192
248192
248291
248291
248291
248291
248305
248305
248305
248305
248305
248305
248305
248305
248305
248305
248305
248305
248305
248305
248305
248305
248305
248305
248305
248305
249086
249086
249086
249086
249086
249086
249086
249086
249086
249086
249086
249086
249317
249317
249317
249317
249317
249317
249317
249317
249317
249317
249317
249317
249317
249317
249317
249317
249446
249446
249446
249446
249446
249446
249446
249446
249446
249446
249446
249446
249446
249446
249446
249446
249629
249629
249629
249629
249629
249629
249629
249629
249937
249937
249937
249937
249937
249937
249937
249937
249937
249937
249937
250235
250235
250235
250675
250675
250675
250675
250675
250675
250675
250675
250675
251219
251219
251219
251219
251219
251219
251219
251219
251672
251672
251672
251672
251672
251672
251672
251672
251672
251672
251672
251672
251672
251672
251672
251672
251672
251788
251788
251788
251788
251788
251788
251788
251788
251788
251788
251788
251788
251788
251788
251788
251788
251788
251788
251906
251906
251906
251906
251906
251906
251906
251906
251906
251906
251906
251906
251906
251906
251906
251906
251906
251906
251906
252042
252042
252042
252042
252042
252042
252042
252042
252186
252186
252186
252186
252186
252186
252186
252186
252186
252186
252186
252238
252238
252238
252238
252238
252238
252238
252765
252765
252829
252829
253024
253024
253024
253024
253024
253024
253024
253533
253533
253533
253533
253533
253533
253533
253790
253790
253790
253790
253790
253790
253790
253790
253790
253790
253790
254028
254028
254028
254028
254028
254028
254028
254028
254028
254028
254028
254361
254361
254361
254361
254361
254361
254361
254361
254361
254361
254391
254391
254391
254391
254391
254391
254391
254391
254391
254391
254391
254391
254391
254399
254399
254399
254399
254399
254399
254399
254399
254399
254399
254399
254399
254399
254399
254399
254399
254399
254399
254399
254399
254488
254488
254488
254488
254488
254488
254488
254488
254488
254488
254488
254488
254488
254488
254488
254488
254488
254488
254496
254496
254496
254496
254496
254496
254496
255165
255165
255165
255165
255165
255165
255165
255165
255165
255165
255165
255165
255165
255311
255311
255311
255311
255311
255311
255311
255311
255311
255311
255311
255311
255311
255311
255311
255311
255311
255311
255472
255472
255961
255961
255961
256156
256156
256156
256156
256156
256156
256156
256156
256156
256156
256156
256156
256156
256156
256156
256200
256200
256200
256200
256200
256200
256200
256200
256294
256294
256294
256342
256342
256342
256342
256342
256342
256342
256342
256342
256402
256402
256402
256402
256402
256402
256402
256402
256402
256402
256402
256402
256402
256402
256402
256424
256424
256424
256424
256424
256424
256424
256424
256424
256424
256424
256424
256424
256424
256424
256424
256424
256432
256432
256432
256432
256816
256816
256816
256976
256976
256976
256976
256976
256976
256976
256976
256976
256976
256976
256976
256976
256976
256976
256976
257090
257090
257090
257090
257090
257090
257090
257090
257090
257090
257090
257090
257090
257090
257090
257090
257090
257283
257358
257358
257358
257358
257358
257358
257358
257358
257358
257358
257358
257358
257358
257358
257358
257358
257358
257358
257772
257772
257772
257772
257772
257772
257772
257772
257772
257772
257772
257772
257772
257772
257772
257772
257772
258397
258397
258397
258497
258497
258497
258497
258497
258497
258497
258497
258497
258497
258497
258497
258497
258497
258497
258497
258497
258497
258497
258565
258565
258565
258565
258565
258565
258565
258565
259501
259501
259501
259501
259501
259501
259501
259501
259501
259501
259501
259501
259501
260073
260073
260073
260073
260073
260073
260073
260073
260073
260073
260073
260073
260073
260073
260073
260154
260154
260154
260154
260154
260154
260274
260274
260274
260274
260274
260274
260274
260274
260274
260274
260274
260454
260454
260454
260454
260454
260454
260454
260454
260454
260454
260454
260773
260773
260773
260773
260773
260773
260773
260773
260773
260773
260773
260773
260773
260773
260773
261139
261139
261139
261139
261139
261139
261139
261139
261139
261139
261139
261139
261139
261139
261139
261139
261139
261139
261200
261200
261990
261990
261990
261990
261990
261990
261990
261990
261990
261990
261990
261990
261990
261990
261990
261990
261990
261990
261990
261990
261998
261998
261998
261998
261998
261998
261998
261998
261998
261998
261998
261998
261998
261998
261998
261998
263185
263185
263185
263185
263185
263185
263185
263185
263185
263185
263185
263185
263185
263185
263185
263185
263185
263355
263355
263355
263355
263355
263355
263355
263355
263355
263355
263355
263355
263355
263472
263472
263472
263472
263472
263472
263472
263472
263472
263472
263472
263472
263472
263472
263472
263472
263472
263472
263472
263979
264241
264241
264241
264241
264241
264241
264241
264241
264241
264241
264241
264241
264559
264559
264559
264559
264559
264559
264559
264559
264559
264559
264559
264559
264559
264559
264559
264559
264559
264559
264559
264857
264857
264857
265008
265008
265008
265008
265008
265008
265008
265008
265008
265008
265008
265008
265008
265008
265008
265008
265008
265008
265440
265440
265440
265440
265440
265440
265440
265440
265440
265440
265440
265440
265440
265440
265810
265810
265810
265810
265810
265810
265810
265810
265810
265810
265810
265846
265846
265846
265846
265846
265846
265846
265846
265846
265846
265846
265846
265988
265988
266064
266064
266064
266064
266064
266064
266064
266064
266064
266064
266064
266064
266064
266064
266064
266064
266064
266064
266064
266339
266339
266339
266339
266339
266339
266339
266339
266339
266339
266339
266339
266339
266339
266339
266392
266392
266392
266488
266488
266488
266488
266488
266488
266488
266488
266488
266488
266488
266503
266503
266935
266935
266935
266935
266935
266935
266935
266935
266935
267009
267009
267009
267009
267009
267009
267009
267009
267009
267009
267377
267377
267377
267377
267377
267377
267377
267377
267377
267377
267377
267377
267377
267377
267669
267669
267669
267669
267669
267669
267669
267669
267669
267669
267948
267948
267948
267948
267948
267948
267948
267948
267948
267948
267948
267948
267948
267948
267948
267948
267948
267948
267948
268164
268164
268493
268493
268493
268493
268537
268537
268537
268537
268537
268537
268537
268537
268537
268537
268537
268537
268672
268672
268672
269657
269657
269657
269657
269657
269657
269657
269657
269657
269657
269657
269657
269657
269657
269657
269657
269657
269657
269718
269718
269718
269718
269746
269746
269746
269746
269746
269746
269746
269746
269746
269746
269746
269746
269746
269746
269746
269746
269746
270381
270381
270381
270381
270381
270381
270381
270381
270381
270381
270381
270431
270649
270649
270649
270649
270649
270649
270649
270649
270649
270722
270722
270722
270722
270722
270722
270776
270776
270776
271247
271247
271247
271247
271247
271247
271247
271247
271247
271247
271247
271247
271247
271247
271247
271247
271247
271247
271247
271247
271329
271447
271447
271447
271535
271535
271706
271706
271706
271706
271706
271706
271706
271706
271706
271706
271706
271706
271973
271973
271973
271973
271973
271973
271973
271973
272109
272109
272109
272109
272109
272109
272109
272109
272109
272703
272703
272703
272703
272703
272703
272703
272703
273014
273014
273014
273014
273014
273014
273014
273014
273014
273014
273014
273014
273260
273260
273260
273260
273260
273260
273260
273260
273260
273260
273260
273386
273386
273386
273386
273386
273386
273386
273386
273386
273386
273386
273386
273386
273386
273386
273386
273386
273386
273386
273417
273417
273417
273417
273417
273417
273417
273417
273417
273417
273417
273417
273417
273417
273417
273417
273417
273417
273417
273545
273545
273545
273545
273545
273545
273545
273545
273545
273545
273545
273545
273545
273545
273545
273647
273647
273647
274442
274442
274442
274442
274442
274442
274442
274442
274442
274442
274442
274442
274442
274442
274690
274690
274690
274690
274690
274690
274690
274690
274690
274690
274690
274690
274690
274690
274894
274894
274894
274894
274894
274894
274894
274894
274894
274894
274894
275311
275311
275311
275311
275311
275870
275870
275870
275870
275870
275870
276061
276061
276061
276061
276079
276079
276079
276079
276079
276079
276079
276079
276079
276079
276259
277046
277046
277046
277046
277046
277163
277163
277163
277163
277163
277163
277163
277163
277163
277163
277163
277163
277163
277163
277163
277163
277163
277209
277209
277209
277209
277209
277209
277209
277209
277209
277209
277209
277209
277209
278006
278006
278006
278006
278006
278006
278006
278006
278006
278006
278006
278006
278006
278006
278006
278006
278006
278006
278006
278006
278347
278347
278347
278347
278347
278347
278347
278347
278347
278347
278347
278347
278347
278347
278347
278347
278347
278409
278409
278409
278409
278409
278409
278409
278409
278409
278409
278409
278409
278409
278409
278409
278409
278409
278511
278511
278511
278511
278511
278511
278511
278697
279483
279483
279483
279483
279483
279483
279854
279854
279854
279854
279854
279854
279854
280381
280381
280381
280381
280381
280381
280381
280381
280381
280381
280381
280381
280381
280381
280465
280465
280465
280465
280465
280465
280465
280465
280465
280465
280465
280465
280465
280465
280465
280465
280465
280465
280465
280465
280641
280641
280641
280641
280641
280641
280641
280641
280641
280641
280641
280641
280641
280641
280641
280641
280641
280641
280808
280808
280808
280808
280808
280808
280808
280808
280808
280808
280808
280808
280808
280808
280808
280921
280921
280921
280921
280921
280921
280921
280921
280921
281113
281113
281113
281113
281113
281113
281113
281113
281113
281113
281113
281113
281113
281113
281113
281113
281113
281113
281113
281113
281153
281153
281153
281153
281153
281153
281153
281153
281153
281153
281153
281153
281153
281153
281153
281153
281853
281853
281853
281853
281853
281853
281853
281853
281853
282284
282284
282284
282284
282284
282284
282284
282284
282284
282284
282284
282284
282284
282284
282284
282284
282284
282557
282557
282557
282557
282557
282557
282557
282557
282557
282575
282575
282575
282575
282575
282575
282575
282575
282575
282575
282575
282575
282575
282575
282575
282575
282575
282575
282575
282816
282816
282816
282816
282816
282816
282816
282816
282816
282816
282816
282979
282979
282979
283084
283084
283084
283084
283084
283084
283084
283084
283084
283084
283084
283084
283084
283264
283264
283264
283264
283264
283264
283264
283264
283264
283264
283264
283264
283264
283264
283616
283616
283616
283616
283616
283616
283616
283616
283616
283616
283616
283616
283616
283616
283616
283616
283616
284119
284119
284119
284119
284119
284119
284119
284119
284124
284124
284124
284124
284124
284124
284124
284339
284339
284339
284339
284339
284339
284339
284445
284445
284445
284445
284445
284445
284445
284445
284445
284445
284566
284566
284566
284566
284697
284697
284697
284697
284697
284697
284697
284697
284697
284697
284697
284830
284830
284955
284955
284955
284955
284955
284955
285054
285054
285054
285054
285054
285054
285054
285054
285054
285054
285054
285054
285054
285054
285054
285054
285054
285054
285054
285054
285084
285084
285084
285084
285084
285084
285084
285084
285084
285084
285084
285211
285211
285211
285211
285211
285211
285211
285211
285328
285328
285328
285328
285328
285328
285328
285328
285328
285328
285328
285328
285328
285328
285328
285328
285648
285648
285837
285837
285837
285837
285837
285868
285868
286318
286318
286318
286318
286318
286318
286318
286318
286318
286318
286318
286318
286318
286318
286318
286539
286539
286539
286539
286539
286539
286539
286539
286539
286539
286839
286839
286839
286839
286839
286839
286839
286839
286839
286839
287015
287015
287015
287015
287015
287149
287149
287149
287149
287149
287149
287149
287149
287149
287149
287230
287230
287230
287230
287230
287230
287230
287230
287230
287279
287279
287279
287279
287279
287279
287279
287279
287279
287279
287279
287279
287279
287279
287775
287775
287775
287775
287775
287799
287799
287799
287799
287799
287799
287799
287799
287799
287799
287799
287800
287800
287800
287800
287800
287800
287800
287800
287800
287800
287800
287810
287810
287810
287810
287810
287810
287810
287810
287845
287845
287845
287845
287845
287845
287845
287845
287845
287845
287845
287845
287845
287845
287845
287845
287845
287902
287902
287902
287902
287902
287902
287902
287902
287902
287902
287902
287902
288101
288101
288101
288101
288101
288101
288101
288101
288101
288101
288101
288101
288101
288101
288101
288778
288778
288778
288778
288778
288778
288778
288778
288778
288778
288778
288778
288778
288778
288778
288778
288778
288778
288778
288778
288814
288814
288814
288814
288814
288814
288814
288814
288814
288814
288814
288814
288814
288814
288814
288814
288814
288814
288814
289108
289108
289108
289108
289108
289108
289108
289108
289108
289108
289108
289108
289108
289108
289108
289108
289108
289108
289108
289108
289265
289265
289265
289265
289265
289265
289265
289265
289265
289265
289265
289265
289265
289265
289265
289265
289382
289382
289382
289382
289382
289382
289382
289382
289382
289382
289382
289927
289927
289927
289927
289927
289927
289927
289927
289927
289927
289927
289927
290422
290422
290454
290454
290454
290454
290454
290589
290589
290589
290589
290589
290589
290589
290589
290589
290589
290589
290589
290589
290589
290589
290589
290747
290747
290747
290977
290977
290977
290977
290977
290977
290977
290977
290977
290977
290977
290977
290977
290977
290977
290977
290977
290977
290977
291213
291213
291242
291242
291242
291242
291242
291242
291242
291242
291242
291242
291242
291659
291659
291659
291659
291659
291659
291659
291659
291659
291659
291659
291659
291777
291777
291777
291777
291777
291777
291777
292008
292008
292008
292008
292008
292008
292547
292563
292563
292563
292563
292563
292563
292563
292563
292563
292563
292563
292563
292563
292563
292563
292563
292732
292732
292732
292732
292732
292732
292919
292924
292924
292924
292924
292924
292924
292924
293705
293705
293705
293705
293705
293705
293705
293705
293705
293705
293705
293705
293705
293705
293705
293705
293705
293705
294099
294099
294099
294099
294099
294099
294255
294255
295077
295077
295077
295077
295077
295077
295077
295077
295077
295077
295077
295077
295077
295077
295077
295479
295479
295479
295479
295479
295479
295479
295479
295479
295479
295479
295479
295479
295479
295479
295724
295724
295724
295724
295724
295724
295724
295724
295724
295724
295724
295724
295724
295724
296005
296005
296005
296005
296005
296005
296005
296005
296037
296037
296037
296265
296265
296265
296265
296265
296265
296265
296265
296265
296265
296265
296265
296265
296265
296265
296265
296265
296265
296350
296350
296350
296350
296350
296350
296350
296350
296350
296350
296350
296383
296383
296383
296383
296383
296383
296383
296383
296383
296383
296383
296383
296383
296383
296383
296383
296383
296383
296542
296542
296542
296542
296542
296542
296542
296542
296542
296542
296542
296779
296779
296779
296779
296779
296779
296779
296779
296779
296779
296779
296779
296779
296779
296779
296779
296779
296779
296779
297098
297098
297098
297098
297197
297197
297197
297197
297197
297197
297197
297197
297573
297573
297573
297573
297573
297573
297573
297573
297573
297573
297573
297661
297661
297661
297661
297661
297839
297839
297839
297839
297839
297839
297839
297839
297839
297839
297839
297839
297839
297919
297919
297919
297919
298219
298219
298219
298276
298276
298276
298276
298276
298341
298607
298607
298607
298607
298607
298685
298685
298685
298685
298685
298685
298685
298685
298685
298685
298685
298685
298685
298812
298812
298812
298812
298812
299070
299070
299070
299070
299070
299070
299070
299070
299832
299832
299832
299832
299832
299832
299832
299832
299832
299832
299832
299832
299832
299832
299832
299832
299832
299832
299856
299856
299856
299856
299856
299856
299856
299856
299856
299856
299856
299856
299856
299856
299856
299856
300050
300050
300050
300050
300050
300050
300050
300233
300233
300233
300233
300233
300233
300233
300233
300233
300233
300233
300408
300776
300776
300776
300776
300776
300776
300776
300776
300776
300776
300776
300776
301272
301272
301272
301272
301272
301272
301272
301272
301272
301272
301272
301272
301272
301272
301272
302386
302386
302386
302386
302386
302386
302386
302386
302386
302386
302386
303001
303001
303001
303001
303001
303001
303001
303001
303001
303001
303001
303001
303001
303358
303358
303358
303358
303358
303358
303358
303358
303358
303358
303358
303358
303358
303358
303358
303358
303358
303358
303358
303459
303459
303459
303459
303459
303459
303459
303459
303459
303459
303459
303483
303483
303483
303483
303483
303483
303483
303483
303483
303483
303483
303483
303483
303483
303483
303483
303483
303873
303988
303988
303988
303988
303988
303988
303988
303988
303988
303988
303988
303988
304230
304230
304230
304230
304230
304230
304230
304230
304230
304230
305091
305091
305091
305091
305091
305091
305091
305091
305091
305091
305091
305091
305091
305348
305348
305348
305348
305348
305372
305372
305372
305372
305372
305372
305372
305372
305372
305445
305445
305445
305445
305445
305445
305445
305445
305516
305516
305516
305516
305516
305516
305516
305516
305516
306006
306006
306006
306006
306006
306006
306006
306006
306036
306036
306036
306036
306036
306036
306060
306060
306060
306060
306060
306060
306060
306060
306060
306060
306060
306060
306060
306060
306060
306060
306060
306060
306060
306241
306241
306241
306241
306241
306241
306241
306241
306241
306241
306241
306241
306241
306589
306589
306589
306589
306589
306589
306589
306589
306589
306589
306589
306589
306589
306589
306589
306589
306589
306589
306589
306849
306849
306849
306849
306849
306849
306849
306849
306849
306849
306849
306849
306849
307548
307548
307548
307548
307548
307548
307548
307548
307548
307548
307548
308291
308291
308291
308291
308291
308291
308291
308291
308291
308291
308291
308291
308291
308291
308291
308323
308323
308323
308323
308323
308323
308323
308323
308323
308323
308323
308323
308323
308323
308323
308323
308323
308323
308431
308431
308986
308986
308986
309055
309055
309055
309055
309055
309055
309055
309055
309055
309055
309055
309055
309751
309751
309751
309751
309751
309751
309751
309751
309751
309751
309751
309751
309751
309751
309751
309751
309751
309751
309751
309822
310945
310945
310945
310945
310945
310945
310945
310945
310945
310945
311184
311184
311184
311184
311184
311184
311184
311184
311184
311184
311184
311184
311184
311184
311184
311268
311268
311268
311268
311268
311268
311268
311268
311268
311355
311355
311355
311355
311355
311355
311355
311355
311355
311355
311355
311355
311355
311355
311355
311355
311355
311355
311355
311764
311764
311764
311764
311764
311764
311764
311764
311802
311802
311802
311802
311802
312251
312251
312251
312251
312251
312251
312581
312581
312581
312581
312581
312581
312581
312581
312581
312581
312581
312581
312581
312581
312581
312581
312581
312581
312581
312663
312663
312663
312663
312663
312663
312663
312663
312663
312927
312927
312927
312927
312927
312927
312927
312927
312927
312927
312927
312927
312927
312927
312971
312971
312971
312971
312971
313038
313038
313038
313038
313038
313038
313038
313187
313187
313187
313187
313187
313187
313187
313187
313187
313187
313187
313187
313187
313187
313187
313187
313187
313187
313187
313515
313515
313515
313515
313515
313515
313515
313515
313515
313515
313515
313515
313515
314998
314998
314998
314998
314998
314998
314998
314998
314998
314998
314998
314998
314998
314998
315514
315514
315514
315514
315514
315514
315514
315514
315514
315514
315514
315514
315514
315514
315514
315514
315514
315514
315696
315696
315696
315696
315696
315696
315896
316386
316386
316386
316386
316386
316386
316386
316386
316386
316479
316479
316479
316479
316479
316479
316479
316479
316479
316479
316479
316479
316479
316479
316479
316479
316479
316479
316479
316479
316515
316515
316515
316515
316515
316515
316515
316515
316515
316515
316515
316515
316515
316640
316640
316640
316640
316640
316640
316640
316720
317427
317427
317427
317828
317828
317828
317888
317902
317902
317902
317902
317902
317902
317902
317902
317902
317902
317902
317902
317902
317902
317902
317902
317902
317902
317902
318490
318490
318490
318490
318490
318490
318490
318490
318490
318490
318605
318605
318605
318605
318605
318605
318605
318605
318605
318605
318605
320273
320273
320273
320273
320273
320273
320273
320273
320273
320273
320273
320285
320285
320285
320285
320285
320285
320285
320285
320285
320285
320285
320285
320285
320285
320285
320285
320670
320670
320670
320670
320670
320670
320670
320670
320670
320670
320670
320868
320868
320868
320868
320868
320868
320868
320868
320868
320868
320868
320868
320868
320868
320868
320868
320868
320868
320868
320868
320955
320955
320955
320955
320955
320955
320955
320955
320955
320955
320955
320955
320955
320955
320955
320955
320955
321492
321492
321492
321492
321492
321492
321492
321492
321492
321492
321940
321940
321940
321940
321940
321940
321940
321940
321940
321940
321940
321940
321940
321940
321961
321961
321961
321961
321961
321961
321961
321961
321961
321961
321961
321961
321961
321961
321961
321961
322346
322346
322346
322346
322346
322346
322346
322346
322346
322346
322346
322346
322346
322346
322346
322346
322346
322346
322346
322346
322540
322540
322540
322540
322540
322540
322549
322549
322549
322981
322981
322981
322981
322981
322981
322981
322981
322981
322981
322981
322981
322981
323305
323305
323305
323305
323305
323305
323305
323305
323314
323457
323457
323457
323457
323457
323457
323457
323491
323491
323491
323491
323491
323491
323491
323491
323491
323491
323491
323491
323491
323491
323491
323491
323491
323491
323491
324050
324050
324050
324050
324050
324050
324050
324050
324050
324050
324050
324050
324050
324050
324050
324050
324050
324050
324126
324126
324126
324126
324126
324126
324178
324178
324178
324178
324178
324178
324178
324178
324178
324178
324178
324178
324178
324178
324178
324178
324178
324178
324299
324375
324434
324434
324434
324434
324434
324434
324434
324434
324434
324434
324434
324434
324565
324565
324565
324565
324565
324565
324565
324565
324565
324565
324565
324565
324565
324565
324565
324565
324569
324569
324569
324569
324684
324684
324684
324684
324684
324684
324684
324684
324684
324684
324684
324684
324684
324684
324684
324994
324994
324994
324994
324994
324994
324994
324994
324994
324994
324994
325651
325651
325651
325651
325651
325651
325676
325676
325676
325676
325676
325676
325676
325676
325676
325676
325785
325785
325785
325850
325850
325850
325850
325850
325850
325850
325850
325850
325850
325850
325850
325979
325979
325979
325979
325979
325979
325979
325979
325979
325979
325979
326172
326172
326172
326366
326366
326366
326366
326366
326366
326366
327014
327014
327014
327014
327014
327014
327014
327014
327014
327014
327014
327014
327014
327014
327014
327014
327014
327014
327014
327014
327056
327056
327056
327056
327056
327056
327056
327056
327056
327056
327056
327804
327804
327804
327804
327804
327804
327804
327804
327804
327804
327804
327804
327804
327804
327878
328148
328148
328148
328148
328148
328148
328148
328148
328148
328148
328148
328148
328148
328148
328148
328148
328232
328232
328232
328232
328232
328232
328232
328608
328608
328608
328608
328608
328608
328608
328608
328608
328608
328608
328608
328608
328608
328608
328608
328608
328608
328608
328608
328753
328753
328753
328753
328753
328753
328753
328753
328753
328753
328753
328753
328753
328753
328753
328753
328753
328753
328753
328753
329059
329059
329059
329059
329059
329059
329059
329079
329079
329079
329079
329583
329583
329583
329583
329583
329583
329583
329583
329583
329583
329583
329583
329583
329749
329749
329749
330252
330252
330252
330252
330252
330320
330320
330320
330320
330320
330320
330620
330620
330620
330620
330620
330620
330620
330620
330620
330620
330620
330915
330915
330915
330915
330915
330915
330915
330915
330915
330915
331024
331024
331024
331024
331024
331024
331024
331024
331024
331024
331024
331024
331024
331024
331024
331024
331295
331295
331295
331295
331295
331295
331295
331295
331295
331465
331465
331465
331465
331574
331574
331574
331574
331574
331574
331574
331574
331574
331629
331629
331629
331629
331629
331629
331629
331629
331629
331629
331629
331629
331629
331629
331629
332053
332053
332053
332053
332053
332053
332053
332053
332181
332181
332181
332322
332322
332330
332330
332330
332330
332330
332330
332330
332330
332330
332330
332330
332330
332330
332330
332330
332330
332330
332330
332330
332330
332456
332456
332456
332456
332456
332456
332456
332456
332456
332611
332611
332611
332611
332611
332611
332611
332611
332611
332611
332611
332611
332611
332611
332611
332611
332611
332611
332611
333100
333100
333100
333100
333100
333100
333100
333100
333100
333100
333100
333100
