10554 1500000
200410
200410
200410
200410
200410
201007
201007
201007
201007
201007
201007
201007
201718
201718
201718
201718
201718
201718
201962
201962
201962
201987
201987
201987
201987
201987
201987
201987
201987
201987
201987
201987
201987
201987
201987
201987
201987
201987
201987
201987
201987
202644
202644
203194
203194
203194
203194
204969
204969
204969
204969
204969
204969
204969
204969
204969
204969
204969
205249
205249
205249
205249
205249
205249
205249
205249
205249
205249
205249
205249
205249
205249
205249
205249
205249
205889
205889
205889
205889
205889
205889
205889
206407
206407
206407
206407
206407
206407
206407
206407
206407
206407
206407
206407
206407
206407
206407
206407
206407
206407
206407
207119
207119
207119
207119
207119
207119
207119
207119
207119
207119
207119
207119
207119
207119
207119
207305
207305
207305
207305
207305
207305
207666
207666
207666
207666
207666
207666
210508
210508
210508
210508
210508
210508
210508
210508
210508
210508
211907
211907
211907
211907
211907
211907
211907
212482
212482
212482
212482
212482
212482
212482
212482
212926
212926
212926
212926
213414
213414
213414
213414
213414
213414
213633
213633
213633
213633
213633
213633
213959
213959
213959
213959
213959
213959
213959
213959
213959
213959
213959
213959
213959
213959
213959
213959
213959
214836
214836
214836
214836
214836
214836
214836
214836
214836
214836
214836
214836
214836
214836
215178
215178
215178
215178
215178
215178
215178
215178
215178
215178
215178
215178
215178
215178
215178
215178
215178
215849
215849
215849
215849
215849
215849
215849
215849
215849
215849
215849
215849
215849
215849
215849
215849
215849
215849
215849
215849
215957
215957
215957
215957
215957
215957
215957
215957
215957
215957
215957
215957
215957
216478
216478
216478
216478
216478
216478
216789
216789
217527
217527
217527
217527
217527
217527
217527
217527
217527
217527
217527
217527
217527
217527
217527
217527
217527
218254
218254
218254
218254
218254
218254
218254
218847
218847
218847
218847
218847
218847
218847
218847
218847
218847
219449
219449
219449
219449
219449
219449
219449
219449
219449
219449
219449
219449
219449
219449
219449
219449
221175
221175
221478
221478
221478
221478
221624
221624
221624
221624
221624
221624
221624
221624
221721
221721
221721
221721
221721
221721
221721
222641
222641
222641
222641
222641
222641
222641
222641
222641
222641
222641
222641
222641
222641
222641
222641
222641
222641
222641
222641
223571
223571
223571
223571
223571
223571
223571
223571
223571
223571
223810
223810
223810
223810
223810
223810
223810
223810
224162
224162
224162
224162
224162
224234
224234
224234
224234
224234
224234
224234
224234
224234
224234
224234
225538
225538
225538
225538
225538
225538
225538
225538
225538
225538
225538
225538
225538
225538
225538
225538
225538
225538
225538
226239
226239
226239
226239
226318
226318
226318
226318
226318
226980
226980
226980
226980
226980
226980
226980
226980
227977
227977
227977
227977
227977
227977
227977
227977
227977
227977
227977
228005
228005
228005
228005
228005
228005
228005
228005
228005
228005
228005
228005
228005
228005
228005
228005
228005
228005
228005
229649
229649
229649
229649
229649
229649
229649
229649
229649
229649
229649
231628
231628
231628
231628
231628
231628
231628
231628
231628
231628
231628
231628
231628
231680
231680
231680
231680
231680
231680
231680
231680
231680
231680
231680
231680
231680
231680
232781
232781
232781
232781
232781
232781
232781
232781
232781
232781
232781
232807
232807
232807
232807
232807
232807
232807
233409
233409
233409
233409
233409
233409
233409
233409
233409
233409
233409
233409
233409
233409
233409
233409
233409
233409
233409
233409
234625
234625
234625
234625
234625
234625
234625
234625
234625
234625
234625
234625
234625
234625
234625
234625
234625
234625
234625
234682
234682
234682
234682
234682
234682
234682
234682
234682
234682
235943
235943
235943
236290
236290
236290
236290
236290
236290
236290
236290
236290
236290
236290
237362
237362
237362
237362
237362
237362
237362
237362
237362
237362
237362
237362
237362
237362
237362
237362
237362
237362
238479
238479
238479
238479
238479
238479
238479
238479
238479
238479
238479
238479
238479
238479
238759
238759
238759
238759
238759
238759
238759
238759
238759
238759
238759
238759
238759
238759
238930
238930
238930
238930
238930
238930
238930
238930
238930
238930
238930
238930
238930
238930
238930
238930
238930
238930
238930
238930
239372
239832
239832
239832
239832
239832
239832
239832
239832
239832
239832
239832
239832
239832
240103
240103
240103
240103
240103
240103
240103
240103
240103
240103
240103
240103
240103
240103
240103
240374
240374
240374
240374
240374
240374
240374
240374
240374
241412
241412
241412
241412
241412
241412
241412
241412
241412
241412
241412
241412
241412
241412
241412
241412
241412
241412
241412
242015
242015
242015
242015
242015
242015
242015
242015
242015
242015
242015
242015
242015
242015
244429
244429
244429
244429
244429
244429
244429
244429
244429
244429
244429
244429
244751
244751
244751
244751
244751
244751
244852
244852
244852
244852
244852
244852
244852
244852
244852
244852
244852
244852
244852
244852
244852
244852
244852
244852
244852
246126
246126
246999
246999
247016
247016
247016
247016
247016
247016
247016
247016
247016
247016
247016
247016
247016
247016
247016
247016
247016
247527
247527
247527
247527
247527
247527
247527
247527
247527
247609
247609
247609
247609
247609
247661
247661
247661
247661
247661
247661
247661
247661
247661
247661
247661
247661
247661
247661
247883
247883
247883
247883
247883
247883
247883
247883
247883
247883
247883
247883
247883
247883
247883
248727
248727
248727
248727
248727
248727
248727
248727
248727
248727
249852
249852
249852
251969
251969
251969
251969
252788
252788
252993
252993
252993
252993
252993
252993
253077
253077
253077
253077
253077
253077
253077
253077
253077
253077
253077
253077
253077
253077
253237
253237
253237
253237
253237
253237
253237
253237
253237
253237
253237
253237
253237
253944
253944
253944
253944
253944
253944
253944
253944
253944
253944
253944
253944
254396
254396
254396
254396
254396
254396
254396
254396
254396
254396
254396
254396
254396
254396
254396
254396
254396
254396
254396
254399
254399
254399
254399
254399
254399
254399
254399
254399
254399
254399
254399
254399
254399
254399
254399
254399
254399
254399
256133
256133
256133
256133
256133
256133
256133
256133
256133
256133
256133
256133
256133
256133
256133
256133
256133
256133
256133
257023
257023
257023
257023
257023
257023
257023
257023
257023
257023
257023
257023
257023
257023
257062
257062
257062
257802
257802
257802
257802
257802
257802
257802
257802
257802
257802
257802
257802
257802
257802
257802
257802
257802
258206
258206
258206
258206
258206
258206
258206
258206
258206
258206
258206
258206
258206
258206
258206
258206
258206
258206
258206
258206
259791
259791
259791
259791
259791
259791
259791
259791
259791
259791
259791
259791
259791
259791
259791
259791
259853
259853
259853
259853
259853
259853
259853
259853
259853
259853
259853
259853
259853
259853
259853
259853
260525
260525
260525
260541
260541
260541
260541
260541
260541
260541
260541
260541
260559
260559
260559
260559
261799
261799
261799
261799
261799
261799
261799
261799
261799
261799
261799
261799
261799
261799
261799
261981
261981
261981
261981
261981
261981
261981
261981
261981
262463
262463
262463
262463
262463
262463
262463
262463
262463
262463
262463
262463
263367
263367
263367
263570
263570
263570
263570
263570
263570
263570
263570
263570
263570
263570
263570
263570
263570
263570
263570
263570
263570
263570
263570
265264
265264
265264
265264
265264
265264
265264
265264
265264
265264
265264
265264
265264
265995
265995
265995
265995
265995
265995
265995
265995
265995
265995
265995
265995
265995
265995
265995
265995
265995
265995
268179
268179
268179
268179
268179
268179
268179
268179
268179
268179
268263
268263
268263
268263
268263
268263
268263
268819
268819
268819
268819
268819
268819
268819
269332
269332
269332
269332
269332
269332
269332
269332
269332
269332
269332
272828
272828
272828
272828
272828
272828
272828
275776
275776
275776
275776
275776
275776
275776
275776
275776
275776
275776
275776
275776
275776
276483
276483
276483
277291
277291
277291
277291
277291
277291
277291
277291
277291
277291
277291
277291
277291
277291
277291
277291
277360
277360
277360
277360
277360
277913
277913
277913
277913
277913
277913
277913
277913
277913
277913
277913
277913
277913
278236
278236
279499
279499
279499
279499
279499
279499
279499
281487
281487
281487
281487
281487
281487
281487
281621
281621
281621
281621
281621
281621
281621
281621
281621
281621
281621
281621
281621
281621
281621
281621
281621
281621
281621
281621
281832
281832
281832
281832
282868
282868
282868
282868
282868
282868
282868
282868
282868
282868
282868
282868
284021
284021
284021
284021
284283
285685
285685
285685
285685
285685
285685
285685
285685
285685
285685
285685
285685
285885
287107
287107
287107
287107
287107
287107
287107
287107
287107
287107
287107
287107
287107
287107
287184
287184
287642
287642
287642
287642
287642
287642
287642
287642
287642
287642
287642
287642
287642
287642
287642
287642
287642
287642
287912
287912
287912
287912
287912
287912
287912
287912
287912
287912
287912
287912
287912
287912
287912
287912
287912
287912
287912
287912
288337
288337
288337
288337
288337
288337
288337
288337
288337
288337
288337
288393
288393
288393
288393
288393
288393
288393
288393
288393
288393
288926
288926
288926
288926
288926
288926
288926
288926
288926
288926
288926
288926
288926
288926
288926
288926
288926
289728
291153
291153
291153
291153
291153
291153
291153
291153
291153
291153
291718
291718
291718
291718
291718
291718
294492
294492
294492
294492
294492
294492
294492
294492
294492
294492
294492
294492
294492
294492
294492
294492
294492
294492
294492
294492
294899
294899
294899
294899
294899
294899
294899
294899
294899
294899
294899
294899
294899
294899
294899
294899
294899
295618
295618
295618
295618
295618
295618
295618
295618
295618
295618
295618
295618
295618
295618
295618
295618
295618
295618
295618
295618
296444
296444
296444
296444
296444
296444
296444
296444
296444
296444
297108
297108
297108
297108
297108
297108
297108
297503
297503
297503
297503
297503
297503
297503
297503
298199
298199
298199
298199
298199
298199
298199
298199
298199
298199
298199
298199
298199
298199
298199
298199
298199
298199
298199
298199
298929
298929
298929
298929
298929
298929
298929
298929
298929
298929
298929
299042
299718
299718
299718
299718
299718
300482
300482
300482
300482
300482
300482
300482
300482
300482
300482
300482
300482
300482
300482
300482
300482
300482
300482
300787
300787
300787
300787
300787
300787
300787
300787
300787
300787
303512
304205
304205
304205
304205
304205
304955
304955
304955
304955
304955
304955
304955
304955
304955
304955
304955
304955
304955
304955
304979
304979
304979
305184
305184
305184
305660
305660
305660
305660
305660
305660
305660
305660
305660
307206
307206
307206
307206
307206
307206
307206
307206
307206
307206
307206
307206
307206
307206
307206
307206
307206
307206
307206
307206
310817
310817
310817
310817
310817
310817
311027
311027
311027
311027
311027
311027
311469
311469
311469
311469
311469
311469
311469
311469
311469
311469
311469
311469
311469
311469
311469
311469
311486
311486
311486
311486
311486
311486
311486
311486
311486
311486
311486
311486
311486
311486
311486
312700
312700
312700
312700
312700
312700
312700
312700
312700
312700
313573
313573
313573
313573
313573
313573
313573
313573
313573
313573
313573
314968
314968
314968
314968
314968
314968
314968
314968
314968
314968
314968
314968
314968
314968
314968
315872
315872
315872
315872
315872
316758
316758
316758
316758
316758
316758
316758
316758
316758
316758
316758
316758
316758
316939
316939
316939
316939
316939
316939
316939
316939
316939
316939
316939
316939
316939
316939
316939
316939
316939
316939
316939
317378
317378
317378
317378
317378
317378
317378
317378
317378
318886
318886
318886
318886
318886
318886
318886
318886
318886
318886
319364
319364
319364
319364
319364
319364
319364
319364
319364
319364
319364
320346
320346
320346
320346
320346
320346
320346
320346
320346
320346
320346
320346
320346
320346
320346
320346
320346
320346
320346
322325
322325
322325
322325
322325
322325
322325
324726
324924
324924
324924
324924
324924
324924
324924
324924
325231
325231
325231
325231
325231
325231
325231
325231
325231
325231
325231
325231
325231
326355
326355
326355
326355
326355
326355
326355
326355
326355
326355
326355
326355
326355
326355
326355
326355
326355
326355
326355
326355
329610
329610
329610
329610
329610
329610
329610
329610
329610
329610
329610
329610
329610
329610
329610
329610
329610
329610
329610
329610
330822
330822
330822
330822
330822
330822
330822
330822
330822
330822
330822
330822
330822
330822
330822
332281
332281
332281
332281
332281
332281
332281
332294
332294
332294
332294
332294
332294
332523
332523
332523
332523
332523
332523
332523
332523
332523
332523
332523
332523
332899
332899
332899
332899
332899
333009
333009
333009
333009
333009
333009
333009
333009
333009
333009
333009
333009
333009
333009
333009
333009
333009
333009
333009
334469
334469
334880
334880
336730
336730
336730
336730
336730
336730
336730
336730
336730
336730
336730
336730
336730
336730
336730
336730
336730
336730
336730
336730
336933
336933
336933
336933
336933
336933
336933
336933
336933
336933
336933
336933
337248
337248
337248
337248
337248
337248
337248
337427
337427
337427
337427
337427
337427
337427
338022
338022
338022
338022
338022
338022
338022
338022
338022
338759
338759
338759
338759
339109
339109
339109
339109
339109
339109
339281
339281
339281
339281
339281
339281
339281
339281
339281
339281
339281
339281
339281
339281
339281
339281
339281
339497
339497
339497
339497
339497
339497
339497
339497
339497
339497
339497
339497
339497
339807
339807
339807
339807
339807
340610
340610
340610
340610
340610
340610
340610
340610
340610
340610
342793
342793
342793
342793
342793
342793
342793
342793
342793
342793
342793
342793
342793
342793
342793
342793
342966
342966
342966
342966
342966
342966
342966
342966
342966
343106
343106
343106
343106
344013
344013
344013
344013
344013
344013
344013
344013
344013
344013
344013
344013
344013
344013
344310
344310
344310
344310
344310
344310
344310
344310
344310
344310
344310
344310
344310
344310
344382
344382
344382
344382
344382
344382
344382
344382
344382
344382
344382
344382
344382
344382
346615
349598
349598
349598
349598
349598
349598
349598
349598
349598
349598
352648
352648
352648
352648
354090
354090
354090
354090
354090
354090
354090
354090
354090
354090
354090
354090
354090
354090
354090
354984
354984
355481
355481
355481
355481
355481
355481
355481
355491
355491
355491
355491
355491
355491
355491
355491
355491
355491
355491
355491
355491
355958
355958
355958
355958
355958
355958
355958
355958
355958
355958
355958
355958
355958
356046
356046
356046
356046
356046
356046
356046
356046
356046
356628
356628
357080
357080
357080
357080
357080
357080
357080
357080
357080
357080
357080
357080
357080
357080
357080
357080
357080
357080
357080
357580
357580
357580
358070
358070
358070
358070
358070
358070
359295
359295
359295
359295
359295
359295
359295
359295
359295
359295
359295
359295
359295
359295
359582
359582
359582
359582
360126
360126
360126
360126
360126
360431
360431
360431
360431
360431
360431
360431
360431
360431
360431
360431
360431
360431
360431
360431
360431
360431
360431
360954
360954
360954
360954
360954
360954
360954
360954
360954
360954
360954
360954
360954
360998
360998
360998
360998
360998
360998
360998
360998
360998
360998
360998
360998
360998
360998
360998
360998
360998
360998
360998
364887
364887
364887
364887
364887
365177
365177
365177
365177
365177
365177
365177
365177
365549
365549
365549
365717
365717
365717
365717
365717
365717
365717
365717
365717
365717
365717
365717
365717
365876
365876
365876
365876
365876
365876
365876
365876
365876
365876
365876
366053
366053
366053
368192
368192
368192
368192
368192
368192
368192
368192
368192
368192
368192
368192
368192
368192
368192
368192
368192
368192
368192
369483
369483
369483
369483
369483
369483
369483
369483
369483
369483
369483
369483
369483
369483
370084
370084
370084
370084
370084
370084
370084
370084
370084
370084
370084
370084
370084
370084
370084
370084
370084
370578
370578
370578
370578
370578
370578
370578
370578
370578
370578
370578
370578
370578
370578
370578
370578
370578
370738
370738
370738
370738
370738
370738
370738
371833
371833
371833
371833
371833
371833
371833
371833
371833
371833
371833
371833
371833
371833
371833
371833
371833
371833
371833
371833
372953
372953
372953
372953
373105
373105
373105
373105
373105
373105
373305
373305
373305
373305
373305
373305
373305
373305
373305
374164
374164
374164
374164
374164
374164
374164
374164
374390
374390
374390
374390
374390
374390
374390
374390
374390
374390
374390
374390
374390
374390
374390
374390
374390
374390
374390
376508
376508
376508
376508
376508
376508
377642
377642
377642
377642
377642
377642
377642
377642
378271
379152
379152
379152
379152
379152
379152
379152
379152
379152
379152
379152
379663
379663
379663
379663
379776
379776
379776
379776
379776
379776
379776
380382
380382
380382
380382
380382
380382
380382
380382
380382
380382
380382
380382
380514
380514
380514
380514
380514
380514
380514
380514
380514
380514
380514
380514
381130
381130
381130
381130
381130
381130
381130
381130
381130
381130
381130
381130
381130
381130
381130
381130
381130
381130
381411
381411
381411
381411
381411
381411
381411
381411
381411
381489
381489
381489
381489
381489
381489
383674
383674
383674
383674
383674
383674
383674
383674
383674
383674
383674
383674
383674
383674
383674
385015
385015
385015
385015
385015
385015
385015
385015
385015
385015
385015
385015
385015
385015
385015
385015
385015
385194
385194
385194
385194
385194
385194
385194
385194
385194
385194
385194
385194
385194
385194
385194
385194
385194
385306
385306
385306
385306
385306
385306
386451
386618
386618
386618
386618
386618
386618
387354
387354
387354
387354
387354
387354
387354
387354
387354
389517
389517
391142
391142
391142
391142
391142
391142
391142
391142
391142
391142
391142
391486
391486
391486
391486
391486
391486
391486
391486
391486
391486
391486
391486
391486
391486
391486
391486
391486
391489
391489
391489
391489
391489
391489
391489
391489
391489
391489
391489
392658
392658
392658
392658
392658
392658
392658
392658
392658
392658
392658
393979
393979
393979
393979
393979
393979
393979
393979
393979
393979
393979
393979
393979
393979
394203
394203
394203
394203
394203
394203
394203
394203
394203
394203
394203
395505
395505
395505
395505
395881
395881
395881
395881
395881
395881
395881
395881
395881
395881
395881
395881
395881
395881
395881
395881
395881
396126
396126
396126
396126
396126
396126
396126
396126
396126
396126
396126
396126
396126
396126
396126
396126
396126
396126
396126
396126
397570
397570
397570
397570
397570
397570
398569
398569
398569
398569
398569
398903
398903
398903
398903
398903
398903
398903
398903
398903
398903
398903
398903
398903
398903
398903
398903
398903
400880
400880
400880
400880
402708
402708
402708
402708
402708
402708
402708
402708
402708
402708
402708
402708
402708
402708
402708
402708
402880
402880
402880
402880
402880
402880
402880
403564
403564
403564
403564
403564
403564
403564
403564
403564
403564
403564
403564
403564
403564
403564
403564
405252
405252
405252
405252
405252
405252
405252
405252
405252
405252
405252
405252
405252
405252
405252
405377
405377
405377
405377
405377
405377
405377
405377
405377
405377
405409
405409
405409
405409
405409
407652
408472
408472
408472
408472
408472
408472
408472
408472
408472
408472
408472
408472
408472
408472
408472
408472
408472
408472
408472
408472
409839
409839
409839
409839
409839
409839
409839
409839
409839
409839
409839
409839
409839
409839
414136
414136
414136
414136
414136
414136
414136
414136
414136
414136
414136
414136
414136
414136
414136
414136
414136
414136
414136
415694
415694
415694
415694
415694
415694
415694
415694
415694
415694
415694
415694
415694
415694
415694
415694
415821
415821
415823
415823
415823
415823
415823
415823
415823
415823
416258
416258
416258
416258
416258
416258
416258
416258
416258
416258
416258
416258
416258
416258
416258
416258
417476
417476
417476
417476
417476
417476
417476
417476
417891
420518
420518
420518
420518
420518
420518
420518
420518
420518
420518
420518
420518
420518
420518
420518
420518
420518
420518
421425
421425
421425
421425
421425
421425
421425
421425
421425
421425
421425
421425
421425
421425
421425
421425
421425
421425
421425
421425
421792
421792
421792
421792
421822
423466
423466
423466
423466
423466
423507
423507
423507
423507
423507
423507
423507
423507
423946
423946
423946
423946
423946
423946
423946
423946
423946
423946
423946
423946
423946
423946
423946
423946
423946
423946
423946
425116
425116
425116
425116
425116
425116
425151
425151
425151
425151
425151
425151
425151
425151
425151
425151
425151
425151
426224
426224
426224
426224
426224
426224
426224
426224
426224
426224
428598
428598
428598
428598
428598
428598
428598
428598
428598
428598
428598
428598
428598
428598
428598
428598
429397
429397
429397
429397
429397
429397
429397
429397
429397
429934
429934
429934
429934
429934
429934
429934
429934
429934
429934
429934
429934
429934
429934
429934
429934
429934
429934
429934
429934
430911
430911
430911
430911
431575
431575
431575
431575
431575
431575
431575
431575
431575
431575
431575
431575
431575
431575
431575
431575
431575
431575
431575
432571
432571
432571
432571
432571
432571
432571
432571
432571
432571
432571
433532
433532
433532
433532
433532
433532
433532
433532
433532
433532
433532
433532
433532
434847
434847
434847
434847
434847
434847
434847
434847
435151
435151
435151
435151
435151
435151
435151
435339
435339
435339
435339
435339
435339
435339
435339
435339
435339
435339
435339
435339
435339
435339
435339
435339
435339
435339
436643
436643
436643
436643
436643
436643
436643
436643
436643
436643
436643
436643
436643
436643
436946
436946
436946
436946
436946
436946
436946
436946
436946
436946
436946
436946
436946
436946
436946
437064
437064
437064
437064
437064
437064
437064
437075
437075
437075
437075
437075
437401
437401
437401
437401
437401
437401
437401
437401
437401
437401
437401
437401
437401
437401
437401
437461
437461
437461
437461
437461
437461
437630
437630
437630
437630
437630
437630
437630
437630
437630
437630
437630
437630
437630
437630
437630
437630
437630
437630
437630
438912
438912
438912
438912
438912
438912
438912
438912
438912
438912
438912
438912
438912
438912
438912
438912
440074
440074
440074
440074
442173
442173
442173
442173
442173
442173
442173
442173
442173
442173
442173
442173
442173
442373
442373
442373
442373
442373
442373
442373
442373
442373
442373
442373
442373
442373
442373
442373
442373
442373
442373
442373
442409
442409
443010
443010
443010
443010
443010
443010
443010
443010
443010
443010
443010
443010
444884
444884
444884
444884
444884
444884
444884
445903
445903
445903
445903
445903
445903
445903
445903
445903
445903
445903
445903
445903
445903
445903
445903
445903
446968
446968
446968
448555
448555
448555
448555
448555
448555
448555
449023
449023
449023
449023
449023
449023
449023
449023
449482
449482
449482
449482
449482
449482
450973
450973
450973
450973
450973
450973
450973
450973
450973
450973
450973
450973
450973
451359
451359
451359
451359
451359
451359
451359
451359
451359
451359
451359
451359
451359
451359
451359
451359
451359
451359
451845
451845
451845
451845
451845
451845
452826
452826
452826
452826
452826
452826
452826
452826
452826
452826
452826
452826
452826
452826
452863
452863
452863
452863
453333
453333
453333
453333
453333
453333
453333
453333
453333
453333
453333
453333
453333
453333
453333
453333
453333
453333
453333
453333
453587
453587
453587
453587
453587
453890
453890
454793
454793
454793
454793
455073
455073
455073
455073
455073
455073
455073
455073
455073
455073
455073
455073
455073
455073
455073
455148
455148
455148
455148
455148
455148
455148
455148
455148
455148
455148
455148
455148
455148
455148
455148
455148
455148
455281
455281
455281
455281
455281
455281
455281
455281
455281
455281
455281
455281
455281
455281
455281
455729
455729
455729
455729
455729
455729
455729
456596
456596
456596
456596
456596
456596
456596
456596
456596
456596
456596
456596
456596
457092
457092
457092
457092
457092
457092
457092
457092
457092
457092
457092
457385
457385
457385
457385
457385
457385
457385
457385
457385
457385
457385
458106
458106
459523
459523
459523
459523
459523
459523
459523
459523
459523
459523
459523
459523
459523
459523
459523
459523
459523
459523
459528
459528
459528
459528
459528
459528
459528
459528
459528
459528
460441
460441
460441
460441
460441
460441
460441
460441
460441
460441
460441
460441
460489
460489
460489
460489
460489
460489
460489
460489
460489
460489
461575
461575
461575
461575
461575
461575
461575
461575
461575
461575
461575
461575
461575
461575
461575
461575
462656
462656
462656
462656
462656
462656
463441
463441
463441
465728
465728
467651
467651
467651
467651
467651
467651
468121
468121
468121
468121
468121
468121
468121
468121
468121
468121
468121
470710
470710
470710
470710
470710
470710
470710
470710
470710
470710
470710
471094
471094
471094
471094
471094
471094
471094
471094
471094
471094
471094
471094
471094
471094
471094
471094
471094
471094
471635
471635
471635
472453
472453
472453
472453
472453
472453
472453
472453
472453
472453
472453
472453
474132
474132
474132
474132
474132
474379
474379
474379
474433
474433
474433
474433
474433
474433
474433
474433
474433
474433
474433
474433
474433
474433
474433
474433
474433
474433
475802
475802
475802
475802
475802
475802
475802
475802
475802
475802
475802
475802
475802
475802
476196
476196
476196
476872
476872
476872
476872
476872
478054
478054
478054
478054
478054
478054
478054
478054
478054
478054
478112
478112
478112
478404
478404
478404
478404
478404
478404
478404
478404
478404
478404
478404
478404
478404
479759
479759
479759
479759
481048
481048
481048
482094
482094
482094
482094
482094
482094
482094
482094
482094
482094
482094
482204
482204
482204
482204
482204
482204
482204
482204
482204
482204
482204
483970
483970
483970
483970
483970
483970
483970
483970
483970
483970
483970
483970
483970
483970
483970
483970
483970
483970
484453
484453
484453
484453
484453
484453
484453
484453
484453
484453
486343
486343
486343
486343
486343
486343
486343
486343
487376
487376
487376
487376
487376
487376
487376
487376
487376
487376
487376
487376
487376
490246
490246
490246
490246
490246
490246
490246
490246
490246
490246
490246
490246
490246
490246
490246
490246
490246
490246
490246
491346
491346
491346
491346
491346
492005
492005
492005
492005
492005
492005
492005
492005
492005
492005
492005
492005
492005
492005
492257
492257
492257
492257
492257
492257
492257
492257
492257
492257
492257
492257
492257
492257
492257
495241
495241
495241
495241
495241
495241
495241
495241
495241
495241
495241
495241
495241
495241
495718
495718
495718
495718
495718
495718
495718
495718
495718
495718
496785
496785
496785
496785
496785
496785
496785
496785
496785
496785
496785
496785
496785
496785
496785
496785
496785
496785
496785
497461
497461
497461
497461
497461
497461
497461
497461
497461
497461
497461
497461
497461
497461
497461
497461
497461
498086
498086
498086
498086
498086
498086
498086
498253
498253
498253
498253
498253
498253
498253
498253
498253
498253
498253
498253
498253
498253
499199
499199
499199
499199
499199
499199
499199
499199
499199
499199
499199
499199
499199
499199
499199
499760
499760
499760
499760
499760
499760
499760
499760
499760
499760
499760
499822
499822
499822
499822
499822
499822
499822
501459
501459
501459
501459
501459
501459
501459
501459
501459
502423
502423
502423
502423
502528
502528
502528
502528
502528
502915
502915
502915
502915
502915
502915
502915
502915
502915
502915
502915
502915
502915
504563
504563
504563
504563
504563
504563
504563
504563
504563
504563
504563
504563
504563
504563
504563
504563
504563
504563
504563
504563
507098
507098
507098
507098
507098
507464
507464
507464
507464
508170
508170
508170
508170
508931
508931
508931
508931
508931
508931
508931
508931
508931
508931
508931
509565
509565
509565
509565
510932
510932
510932
510932
510932
510932
510932
510932
510932
510932
510932
510932
510932
510932
510932
510932
510932
512357
512357
512357
512357
512357
512357
512357
512357
512702
512702
512702
512702
512702
512702
512702
512702
512702
512702
512702
512702
512702
512702
512702
512702
512702
512702
512702
512702
513112
514695
514695
514695
514695
514695
514695
514695
514695
514695
514695
514695
514695
514695
514695
514695
514695
514695
514695
514770
514770
514770
514770
514770
514770
514770
514770
514770
514770
514770
514770
514770
514770
514770
514770
514770
514770
514770
514835
514835
514835
514835
514835
514835
514835
514835
514835
514835
514835
514835
514835
514835
514835
514835
514835
514835
514835
515682
515682
515682
515792
515792
515792
515792
515792
515792
515792
515792
515792
515792
515792
515992
515992
515992
516702
516702
516702
516702
516702
516702
516702
516702
516702
516702
516702
516702
516702
516702
516702
516702
516702
516702
516819
516819
516819
516819
516819
516819
516819
516819
516819
516819
516819
516819
516819
516819
518303
518303
519909
519909
519909
519909
519909
519909
519909
519909
519909
519909
519909
519909
519909
520847
520847
520847
521785
521785
521785
522187
522187
522187
522187
522187
522187
522187
522187
522187
522187
522187
522187
522187
522187
522187
522187
522187
522187
522187
522857
522857
522857
522857
522857
522857
522857
522857
522857
522857
522857
522857
522857
522857
522857
522857
522857
522857
522857
522857
525361
525361
525361
525361
525361
525361
525361
525361
525361
525361
525361
525361
525361
525361
525587
525587
525587
525587
525587
525587
525587
525587
525587
525587
525587
525587
525587
525587
525587
525587
525587
525587
525587
525587
526830
526830
526830
526830
526830
526830
526830
526830
526830
526830
526830
527250
527250
527250
527250
527250
527250
527250
527250
527250
527250
527250
527250
527250
527250
527250
527250
527250
527250
527250
527250
527526
527526
527526
527526
527526
527526
527526
527526
527526
527526
527526
527526
528886
528886
528886
528886
528886
528886
528886
528886
528886
528886
528886
528886
528886
528886
529758
529758
529758
529758
529758
529758
529758
529758
529758
530763
530763
530763
530763
530763
530763
530763
530763
530763
530763
530763
530763
530763
530763
530763
530763
531048
531048
531048
531048
531048
531048
531048
531048
531048
531048
531048
531048
531048
531048
531048
531048
531048
531679
531679
531679
531679
531679
531679
531679
531679
531679
531679
531679
531679
531679
531679
531679
531679
532833
532833
532833
532833
532833
532833
532833
532833
532833
532833
532833
532833
532833
532833
534287
534287
534287
534287
534287
534287
534287
534287
534287
534287
534287
534287
534287
535021
535021
535021
535021
535021
535021
535021
535021
535021
535021
535021
535021
535021
535021
535021
535021
535021
535021
535021
535105
535105
535105
535105
535105
535105
535105
535170
535170
535170
537064
537064
537064
537064
537064
537064
537064
537064
537064
537064
538076
538076
538076
538801
538801
538801
538801
538801
538801
538801
538801
538801
538801
538801
538801
538801
538801
538801
538801
538801
539229
539229
539229
539229
539229
539229
539229
539229
539229
539255
539255
539255
539255
539255
539255
539255
539255
539255
539255
539255
539255
539255
539255
539270
539270
539270
540101
540101
540101
540101
540101
540101
540101
540101
540101
540101
540101
540101
540101
540748
540748
540748
540748
540748
540748
540748
540748
540748
540748
540748
540748
540805
540805
540805
540805
540805
540805
540805
540805
540805
541157
541157
541157
541157
541157
541157
541157
541157
541157
541157
542779
542779
542779
542779
542779
542779
545250
545250
545250
545250
545250
545250
545250
545250
545250
545250
545250
545250
545250
545250
545250
545970
545970
545970
545970
545970
545970
545970
545970
545970
546026
546026
546026
546026
546026
547624
547624
547624
547624
547624
547624
547624
547624
547624
547624
547624
547624
547624
547624
547637
547637
547637
547637
547637
547637
547637
547637
547637
547637
547637
547637
547637
547637
547637
547637
547637
549141
549141
549141
549141
549141
549141
549141
551038
551038
551038
551038
551038
551038
551038
551038
551038
551038
551038
552282
552282
552282
552282
552282
552282
552282
552282
552282
552282
552282
552282
552282
552282
552282
552282
554248
554248
554248
554248
554248
554248
554248
554248
554248
554248
554248
554248
554248
554248
554248
554248
554248
554248
555220
555220
555220
555220
555220
555731
555731
555731
555731
555731
555731
555731
555731
555731
555731
555731
555731
555731
555731
556000
556000
556000
556000
556000
556000
556000
556216
556216
556216
557718
557718
557718
557718
557718
557718
557718
557718
557718
557718
557718
557718
557718
557718
557718
557718
557718
559402
559402
559402
559402
559402
559402
559402
559440
559440
559440
559440
559440
559440
559440
559440
559440
559440
559440
559440
559440
560547
560547
560547
560547
560547
560547
560547
560547
560547
560547
560547
560547
560547
560547
560547
560547
561343
562710
562710
562789
562789
562789
562789
562789
562789
562789
563602
563602
563602
563602
563602
563602
563602
563602
563602
563602
563602
563667
563667
563667
563667
563667
563667
563667
563667
563667
563692
563692
563692
563692
563692
563692
563692
563692
563692
563692
563692
563692
563692
563692
563692
563692
563692
563692
565169
565169
565169
565169
565169
565169
565169
565169
565169
565169
565169
565169
565169
565169
567008
567008
567008
567008
567008
567008
567120
567120
567120
567263
567263
567263
567263
567263
567263
567263
567263
567973
567973
567973
567973
567973
567973
567973
569195
569195
569900
569900
569900
569900
569994
569994
569994
569994
569994
569994
569994
569994
569994
569994
571072
571072
571072
571072
571072
571072
571072
571072
571072
571072
571072
571072
571072
571072
571072
571072
571072
571072
571646
571646
571646
571646
571646
571646
571646
571646
571646
572687
572687
572687
572687
572687
572687
572687
572687
572687
572687
572687
572687
572687
572687
572687
572687
572687
572687
572687
573455
573455
573455
573455
573455
573455
573455
573455
573455
573455
573455
573455
573455
573455
573455
573919
573919
573919
573919
573919
573919
573919
574159
574159
574159
574159
574159
574159
574159
574159
574159
574159
574159
574159
574159
574159
574159
574159
575563
575563
575563
575563
575563
575565
575565
575565
575565
575565
575565
575565
575565
575565
575565
575565
575565
575565
575565
575821
575821
575821
575821
575821
575821
575821
575821
575821
575821
577026
577026
577026
577026
577026
577026
577026
577026
577026
577026
577026
577026
577026
577026
577026
577026
578247
578247
578247
578247
578247
578247
578247
578247
578247
578247
578790
578790
578790
578790
578790
578790
578790
578790
578790
578790
578790
578790
578790
578790
578790
578790
578790
578790
578923
578923
578923
578923
578923
579334
579334
579334
579334
579334
580396
580396
580396
580396
580396
580396
580396
580396
580396
580396
580396
580396
580396
580396
580396
580396
580396
580396
580396
580396
580589
580589
580589
580589
580589
580589
580589
580589
580589
580589
580589
580589
581572
581572
581572
582354
582354
582354
582354
582354
582354
582354
582354
582354
582354
582354
582354
582354
582354
582354
582354
582354
582354
582354
582354
582601
582601
582601
582601
582601
582601
583096
583096
583096
583096
583096
583096
583096
583096
583096
583096
583096
583096
583096
583096
583096
583096
583546
583546
583546
583546
583546
583546
583546
583546
583546
583546
583546
583546
583546
583546
583546
583546
583771
583771
583771
583771
583771
583771
584583
584583
584583
584583
584583
584583
584583
584583
584583
584583
584583
584583
584583
584583
584583
584583
584583
584583
584583
584583
585621
587635
587635
587635
587635
587635
587635
587635
587635
587635
587635
587635
587635
587635
587635
587635
587635
587635
587866
587866
587866
587866
587866
587866
587866
587866
587866
587866
587866
590671
590671
590671
590671
590671
590671
590671
590671
590671
590671
591349
591349
591349
591349
591349
591349
591349
591349
591349
591349
591349
591349
591349
591349
591379
591379
591379
591379
591379
591379
591379
591379
591691
591691
591691
591691
592933
592933
592933
592933
592933
592933
592933
592933
592933
592933
593812
593812
593812
593812
593812
593812
593812
593812
593812
593812
593812
593812
593992
595052
595052
595052
595655
595655
595655
595655
595655
595655
595655
595655
595655
595655
595655
595655
597326
597326
597326
597326
597326
597326
597748
597748
597748
597748
597748
597748
597748
597748
597748
597748
597748
597748
597748
597748
597748
597748
597748
597748
597748
598070
598070
598070
598070
598070
598070
598070
598070
598070
598070
599366
599366
599366
599366
599366
599366
599366
599366
599366
599366
599366
599366
599366
599366
599888
599888
599888
599888
599888
599888
600126
600126
600126
600126
600126
600126
600126
600126
600126
600126
600126
600126
600126
600126
600126
600611
600611
601152
601152
601152
601152
601152
601152
601152
601152
601152
601152
602759
602759
602759
602759
602759
602759
602759
602759
602759
602759
602958
603040
603040
603040
603040
603040
607173
607173
607173
607173
607173
607173
607173
607173
607173
607173
607173
607173
607173
607173
607173
607173
607173
607173
607173
607173
608377
608377
608377
608377
608377
608377
608377
608377
608377
608377
608377
608377
608377
609018
609018
609018
609018
609018
609018
609018
609018
609018
610737
610737
610737
610737
610737
610737
610737
610737
610737
610737
610737
610737
610737
610737
610737
610737
610737
610737
610737
610737
612171
612171
613791
613791
613791
613791
613791
613791
613791
613791
613791
613791
613791
613791
613791
615226
615226
615226
615226
615226
615226
615226
615226
615226
615226
615226
615226
615226
615226
615226
615226
615358
615358
615358
615358
615358
615358
615358
615358
615358
615358
615358
615358
617120
617120
617120
617120
617120
617120
617120
617120
617120
617120
617120
619215
619215
619215
619215
619215
619215
619215
619215
619215
619215
620566
620566
620566
620566
620566
620566
620574
620574
620574
620574
620574
620574
620574
620574
620574
620574
620574
620574
620574
620574
621448
621448
621448
621448
621448
621448
621448
621566
621825
621825
621825
621825
621825
622164
622164
622164
622164
622164
622164
622164
622164
622164
622164
622164
622164
622164
622164
622164
622164
622164
622164
622164
622164
622482
622482
622482
622482
622482
622482
622482
622482
622482
622482
622482
622482
622482
622482
622482
622482
622482
622905
622905
622905
622905
622905
622905
622905
622905
622905
622905
622905
622905
622905
622905
622905
622905
622905
622905
622905
625080
625080
625080
625080
625080
625080
625080
625080
625080
625080
625080
625080
625080
625080
625080
625080
625080
625080
625080
625080
625791
625791
625791
625791
625791
625791
625791
625791
625791
625791
625791
625791
625791
625823
625823
625823
625823
625823
625823
625823
625823
625823
625823
625864
625864
625864
625864
625864
625864
625864
625864
625864
625923
625923
625923
625923
625923
625923
626288
626288
626288
626288
626288
626288
626288
626288
626288
626288
626288
626288
626288
626288
626288
626288
626288
626750
626750
629580
629580
629580
629580
629580
629580
629580
629580
629580
629580
629580
629580
629580
629580
629580
629580
629710
629710
629710
629710
629710
629710
629710
629710
629874
629874
629874
629874
629874
629874
629874
629874
629874
630033
630033
630033
630033
630033
630033
630033
630033
630033
630033
630033
630033
630033
630585
630585
630585
630585
630585
630585
630585
630585
630585
630585
630585
630585
631440
631440
631440
631440
631440
631440
631440
631440
631440
631440
631440
631440
631440
631440
631440
631440
631440
631440
631440
631854
631854
631854
631854
631854
631854
631854
631854
631854
631854
632534
632777
632777
632777
632777
632777
632777
632777
632777
632777
632777
632777
632777
632777
632777
632777
632777
633880
633880
633880
633880
633880
633880
633880
633880
633880
633880
633880
633880
633880
633880
633880
633880
633880
633880
633880
633880
635597
635597
635597
635597
635597
635695
635695
635695
635695
635695
635695
635695
635695
635695
635695
635695
635695
635695
635695
635695
637619
637619
637619
637619
637619
637619
637619
637619
637619
637619
637619
637619
637619
637619
637619
637619
638582
638582
638582
638582
638582
638582
638582
638582
638582
638582
638582
638582
638582
638582
638582
638582
638582
638582
638582
638582
638984
638984
638984
638984
642220
642220
642220
642220
642220
642220
642220
642220
642863
642863
642863
642863
642863
642863
642863
642863
643760
643760
643760
643760
643760
643760
643760
643760
643760
643760
643847
643847
643847
643847
643937
643937
643937
643937
643937
643937
643937
643937
643937
644889
644889
644889
644889
644889
644889
644889
644889
644889
644889
644889
644889
644889
644889
645927
645927
645927
645927
645927
647560
647560
647560
647560
647560
647560
647560
647560
647560
647560
648272
648272
648272
648272
648272
648272
648272
648272
648272
648272
648272
648272
648272
648272
648272
648272
648865
648865
648865
648865
648865
648865
648865
648865
648865
648865
648865
648865
648865
648865
648865
648865
649144
649144
649144
649144
649144
649144
649144
649144
649144
649144
649144
649144
651775
651775
651775
651775
651775
651775
651775
652374
652374
652374
652374
652374
652374
652374
652374
652374
652374
652374
652906
652906
652906
652906
652906
652906
652906
652906
652906
652906
652906
652906
652906
653366
653366
653366
653366
653366
653366
653366
653366
653366
653366
653366
653366
655467
655594
655594
655594
655594
655594
655594
655594
656104
656104
656104
656104
656104
656104
656104
656104
656104
656104
656104
656104
656104
656104
656104
656104
656104
656104
656104
656571
656571
656571
656571
656571
656571
656571
656571
656571
656571
656571
656571
656571
656571
656571
656571
656571
656571
656571
656625
656625
656625
656625
656625
656625
656625
656625
656625
656625
656625
656625
661063
661063
661063
661063
661063
661063
661063
661063
661063
661063
661344
661344
661691
661691
661691
661691
661691
661792
661792
663614
663614
663614
663614
663614
663614
663666
663666
664553
664553
664553
664553
664553
664553
664553
664553
664553
664553
664553
665012
665012
665012
665012
665012
665012
666008
666008
666008
666008
666008
666008
666008
666008
666008
666008
666008
666008
666008
666008
666008
666008
666008
667894
667894
667894
667894
667894
667894
667894
667894
667894
667894
667894
667894
667894
667894
667894
667894
667894
667894
667991
667991
667991
667991
667991
667991
667991
667991
667991
667991
667991
667991
667991
667991
667991
667991
667991
667991
667991
667991
668607
668607
668607
668607
668607
668607
668607
668607
668607
668607
668607
668607
668607
668607
668607
669188
670601
670601
670601
670601
670601
670601
670601
670601
670601
670601
670601
670601
670601
670601
670601
670601
670601
670601
670601
670601
671019
671019
672152
672152
672152
672152
672969
672969
672969
672969
672969
672969
672969
672969
673687
673687
673687
673687
673687
673687
673687
673687
673687
673687
673730
673730
673730
673730
673730
673730
673730
673730
673730
674236
674236
674236
674236
674236
674253
674253
674253
674408
674408
674408
674408
674554
674554
674554
674554
674554
675808
675808
675808
675808
675808
675808
675808
675808
675808
675808
675808
675808
675808
675808
675808
676218
676218
676218
676489
676489
676489
676489
676489
676489
676489
676489
676489
676489
676489
676489
676489
676489
676489
676489
676489
677524
677524
677524
677524
677524
677524
677524
677524
678069
678069
678069
678069
678069
678069
678389
678389
678389
678389
678389
678389
678621
678621
678621
678621
678621
678621
678621
678621
678621
678621
678621
678621
679578
679578
679578
679578
679578
679578
679578
679578
679578
679578
679578
679578
679578
679578
679578
679578
679578
679578
679578
679578
681019
681019
681019
681019
681019
681019
681019
681019
682215
682215
682215
682215
682215
682215
682215
682544
682544
682544
682544
682544
682544
682544
682544
682544
682544
682544
682544
682544
683101
683101
683101
683101
683101
683101
683101
683101
683101
683101
683101
683101
683101
683101
683101
683101
683420
683420
683420
683420
684786
684786
684786
684786
684786
684786
684786
686137
686137
686137
686137
686137
686137
686137
686137
686137
686137
686137
686137
686137
686137
686137
686137
686724
686724
686724
686724
686724
686724
686724
686724
686724
686724
686724
686724
686724
686724
686724
686837
686837
686837
686837
687796
687796
687796
687796
687796
687796
687796
687796
687796
687957
687957
687957
687957
688782
688782
688782
689944
689944
689944
689944
689944
689944
689944
689944
689944
689944
689944
689944
689944
689944
689944
689944
689944
689944
691357
691357
691357
691357
691357
691357
691357
691357
691357
693225
693225
693225
693225
693225
693225
693225
693225
693494
693494
693494
693494
693494
693494
693494
693494
693494
693494
693494
693494
693494
693494
693494
693494
693494
693494
694018
694018
694191
694191
694191
694191
694191
694191
694191
695973
695973
695973
695973
695973
695973
695973
695973
696021
696021
696021
696021
696021
696021
696021
696021
696021
696021
696021
696021
696021
696021
696021
696021
696051
696051
696051
696051
696051
696051
696051
696051
696051
696051
696051
697297
697297
697297
697297
697297
697297
697297
697297
697297
697297
697297
697297
697642
697642
697642
697642
697642
697642
697642
697642
697642
697642
697642
697642
697642
697642
697642
697642
698217
698217
698217
698217
698217
698217
698217
698217
698217
698217
698217
698217
698217
698217
698217
699340
699672
699672
699672
699672
699672
699672
699672
699672
699672
700190
700190
700190
700393
700393
700393
700393
700393
700393
700393
700393
700393
701882
701882
701882
701882
701882
701882
701882
701882
701882
701882
701882
701882
701882
702228
702228
702228
702228
702815
702815
702815
702815
702815
702815
702815
702815
702815
702815
702815
702815
702815
702815
702815
702815
702815
702815
702815
703339
703377
703377
703377
703377
703377
704514
704514
704514
704514
704514
704514
704514
704514
704545
704545
704545
704545
704545
704545
704545
704545
704545
704900
704900
704900
704900
704900
704900
704900
704900
704900
704900
704900
704900
704900
704900
704900
704900
704900
704900
705640
705640
705640
705640
705640
705640
705640
705640
705640
705640
705640
705640
705640
705640
705640
705640
705640
705640
705640
705640
707583
707583
707583
707583
707583
707583
707583
707583
707583
707583
707583
707583
707583
707583
707583
707583
707583
708551
708551
708551
708551
708551
708551
708551
708551
708551
708551
708551
708850
708850
708850
708850
708850
708850
708850
708850
708850
708850
708850
709850
709850
709850
709850
709850
709850
709850
709850
709850
709850
709850
709850
709850
709850
709850
709850
709850
709850
712544
712544
712544
712544
714773
714773
714773
714773
714773
714773
714773
714773
714867
714867
714867
715428
715428
715428
715428
715428
715428
715428
715428
715428
715428
715428
715428
715428
715515
715515
715515
715515
715515
715515
715515
716600
719023
719023
719023
719023
719023
719023
719023
719023
719023
719023
719023
719023
719023
719023
719023
719023
719023
719023
719101
719101
719101
719101
719101
719101
719101
719101
719101
719101
719101
719101
719101
719721
719721
719721
719721
720886
721076
721076
721076
721076
721076
721076
721076
721076
721468
721468
721468
721468
721468
721468
721468
721468
721468
721468
722045
722045
722045
722045
722045
722045
722045
722045
722045
722045
722045
722045
722045
722045
722045
722045
722133
722133
722133
722133
722133
722133
722133
722133
722133
722133
722153
722153
722153
722153
722153
722153
722153
722322
722322
722322
722322
722322
722322
722322
722322
722322
722322
722322
724844
724844
725538
725538
725538
725538
725538
725538
725867
725867
725867
725867
725867
727209
727209
727209
727209
727209
727209
727209
727209
727209
727209
727209
727209
728893
728893
728893
728893
728893
728893
728893
728893
728893
728893
728893
728893
728893
729170
729170
729170
729170
729170
729588
729588
729588
729588
729588
729588
729588
729588
729588
729588
729588
729588
729588
729588
729588
729588
729588
729588
730649
730649
730649
730649
730649
730649
730649
730649
730649
730649
730649
733386
733441
733441
733441
733441
733441
733441
733441
733441
733441
733441
733441
733441
733441
733441
733474
734015
734015
734015
734015
734015
734015
734015
734015
734015
734015
734015
734015
737567
737567
737567
737567
737567
737567
737617
737617
737617
737617
737617
737617
737617
737617
737617
737617
737617
737617
737617
737617
737617
738770
738770
738770
738770
738770
738770
738770
738770
738770
738770
738770
738770
738770
738770
738770
738770
738770
738770
739520
739520
739520
739520
739520
739520
739520
739520
739520
739520
739520
739520
739520
739520
739520
740077
740077
740077
740077
740077
740077
740077
740077
740077
740077
740077
740077
740475
740475
740475
740475
740475
740475
740475
740475
740475
740475
740475
740475
740475
740629
740629
740629
741032
742880
742880
742880
744868
744868
746756
746756
746756
746756
746756
746756
746756
746756
746756
746756
746756
747377
747377
747377
747377
747377
747377
747377
747628
747628
747628
747628
747628
747628
747628
748402
748402
748402
748402
748402
748731
748731
748731
748731
748731
748731
748731
748731
748731
748731
748731
748731
748731
748731
750729
750729
750729
750729
750729
750729
750729
750729
750729
750729
751755
751755
751755
751755
751755
751755
751755
751755
751755
751755
751755
751755
751755
751755
751755
751755
751755
751755
754076
754076
754076
754076
754076
754076
754076
754076
754076
754475
754475
754475
754475
754475
754475
754475
754475
754475
754475
755120
755120
755120
755120
755120
755120
756946
756946
756946
756946
756946
756946
756946
756946
756946
756946
756946
756946
756946
756946
758221
758221
758221
758221
758221
758221
758221
758221
758221
758221
758221
758353
758353
758353
760458
760458
760458
760458
760458
760458
760458
760458
760458
760458
760458
760458
760458
760458
760458
760915
760915
760915
760915
760915
760915
760915
760915
760915
760915
760915
762126
762126
762126
762126
762126
762126
762126
762126
762126
762126
762126
762126
762126
763534
763534
763534
763534
763534
763534
763534
763534
763534
763534
763534
763534
763534
763534
763534
763534
763534
763534
763534
763579
763579
763579
763579
763579
763579
763579
763579
765857
766435
766435
766435
766435
766435
766435
766435
766435
766435
766435
766435
766435
766435
766435
766435
766435
766435
766435
766435
766655
766655
766655
766655
766747
766747
766747
766747
766747
766747
766747
766747
766747
766747
766747
766747
766747
766747
766747
766810
766810
766810
766810
766810
766810
766810
766907
766907
766907
766907
766907
766907
766907
766907
766907
766907
766907
766907
766907
766907
767838
767838
768160
768160
768160
768160
768160
768160
768160
768160
768160
768160
768160
768160
768160
768160
768160
768160
768160
768160
768206
768206
768206
768206
768206
768206
768206
768206
768206
768206
768667
768667
768667
768667
768667
768667
768667
769215
769215
769215
769215
769215
769215
769215
769215
769215
769215
769215
770606
770606
770606
770606
770606
770606
770606
770606
770606
770606
770606
770606
774948
774948
775335
775335
775335
775335
775335
775335
775335
775335
775335
775335
775335
775335
775335
775335
777563
777563
777563
777563
777563
777563
777563
777563
777563
777563
777720
779041
779041
779041
779041
779041
779041
779041
779041
779462
779462
779462
779462
779462
779462
779462
779462
779462
779462
779462
779462
779462
779462
779462
780622
780622
780622
780622
780622
780622
780622
780622
780622
780622
780622
780622
780622
780622
780622
780622
780622
780622
782349
782349
782349
782349
782349
782349
782349
782349
782349
782349
782349
782349
784765
784765
784765
784765
784765
784765
784765
784765
784765
784765
784765
784765
784765
784765
784765
784970
784970
784970
784970
784970
784970
784970
784970
784970
784970
784970
784970
784970
784970
784970
784970
784970
787155
787155
787155
787155
787627
787627
787627
787627
787627
787627
787627
787627
787627
787627
787627
787627
787627
787627
787627
787627
787627
787627
787627
787937
787937
787937
787937
787937
787937
787937
787937
787937
787937
787937
787937
788772
788772
788772
788772
788772
788772
788772
788772
788772
788772
788772
789181
789181
789181
789181
789181
789181
789181
789181
789181
789181
789564
789564
789564
789564
789564
789564
789564
789564
789564
789564
789564
789564
789564
789564
789564
789564
789564
789564
789564
789905
789905
789905
789905
789905
789905
789905
789905
789905
789905
789905
789905
789905
789905
789905
789905
789905
789905
789905
790208
790208
790208
790208
790208
790208
790208
790208
790208
790208
790208
790208
790208
790208
790208
790208
790208
790208
790208
790355
790355
790355
790355
790355
790355
790355
790355
790355
790355
790394
790394
790394
790394
790394
790394
790394
790394
790394
790394
790394
790394
790394
790394
790394
790394
792467
792467
792467
792467
793443
793443
793443
793443
793443
793443
793443
793443
793443
793443
793443
793443
793443
793443
793443
794746
794746
794746
794746
794746
794746
794746
794746
794746
794746
794746
794746
794746
795345
795345
795345
795345
795345
795422
795422
795422
795422
795422
795422
795422
795422
795422
795422
795422
795422
795422
795422
796148
796148
796148
796148
796148
796148
796148
796148
796148
796148
796148
796148
796148
796148
796711
796711
796711
796989
796989
796989
796989
796989
796989
796989
796989
796989
796989
796989
796989
796989
796989
796989
796989
797588
797588
797588
797588
797588
797588
797588
797588
797588
797588
797588
797588
797588
798722
798722
798722
798722
798722
798722
798722
798722
798722
798722
798722
798722
798722
798722
798722
799563
799563
799563
799563
799563
799563
799563
799563
799563
799563
799563
799563
799563
799563
799563
799563
799563
800646
800646
800646
800646
800646
800646
800646
800646
800646
800646
800646
800646
800646
800646
800646
800646
800646
800646
800646
800646
801704
801704
801704
801704
801704
801704
801704
801704
801704
801704
803391
803391
803576
803576
803576
803576
803576
803576
803576
803576
803576
803576
803576
803576
804017
804017
804017
804017
804017
805212
805473
805473
805473
805473
805473
805473
805473
808706
808706
808706
808706
808706
808706
808706
808706
808961
808961
808961
808961
808961
808961
808961
808961
808961
808961
808961
808961
808961
808961
808961
811103
811103
811103
811103
811103
811103
811103
811103
811103
811103
811103
811103
811103
811103
811103
811103
811103
811103
811410
811410
811410
811410
811410
811410
811410
811410
811410
811410
811410
811410
811410
812998
813532
813532
813532
813532
813532
813532
813532
813532
813532
813532
813532
813532
813532
813532
813532
813532
813532
813532
813532
813532
814535
814535
814840
814840
814840
814840
814840
814840
814840
814840
814840
814840
814840
814840
814840
814840
814840
814840
814840
815702
815702
815702
815702
815702
815702
815702
815702
815702
815702
815702
815702
815702
815702
815820
815820
815820
817687
817687
817687
817687
817687
817687
817687
817687
817687
817687
817687
817687
817687
817687
817687
817687
817687
817687
817826
817826
817826
817826
817826
817826
817826
817826
817826
817826
817826
817826
817826
817826
817826
817826
817826
819694
819694
819694
819694
819694
819694
819694
819694
819694
819694
819694
819694
820355
820355
820355
820355
820355
820355
820355
820355
821329
821329
821329
821329
821329
821329
821329
821329
821329
821329
821329
821329
821329
821329
821329
821499
821499
821499
821499
821499
821499
821499
821499
821499
821499
821499
821499
821499
821499
822560
822560
822560
822560
822560
822560
822560
822560
822560
822560
822560
822560
822560
822560
822560
822560
823319
823319
823319
823319
823319
823319
823319
823319
823319
823319
823319
823319
823319
823319
823319
824020
824020
824020
824020
824020
824020
824020
824020
824020
824020
824020
824020
824020
824020
824020
824020
824154
824154
824154
824154
824154
824154
824154
824154
824154
824154
825060
825060
825060
825060
825060
825060
825060
825642
825642
825642
825642
825642
826020
826020
826020
826020
826020
826020
826020
826020
826020
826020
826020
826682
826682
826682
826682
826682
826682
826682
826682
827127
827127
827127
827127
827127
827127
827127
827127
827279
827279
827279
827279
827279
827279
827279
827279
827279
827279
827279
827279
827279
827279
827279
827279
827279
827279
827279
827279
827430
827430
827430
827430
827430
827430
827430
827430
827430
827430
827430
829053
829427
829427
829427
829427
829427
829427
829427
829427
829427
829427
829427
829427
829427
829427
829427
829427
829427
829427
829427
829427
833115
833903
833903
833903
833903
833903
833903
833903
833903
833903
833903
833903
833903
833903
833903
833903
833903
833903
834072
834072
834072
834072
834072
834072
834072
834072
834072
834072
834248
834248
834248
834248
834248
834248
834248
834248
834248
834248
834248
834248
834248
834248
834248
834248
834248
834248
834249
834249
834249
834249
834249
834249
834249
834249
834249
834249
834249
834249
834249
834249
834249
834249
834249
834249
834249
834249
835421
835421
835473
835473
835473
835473
835473
835473
835473
835473
835473
835714
836524
836524
836838
836838
836838
836838
836838
836838
836838
836971
836971
836971
836971
836971
836971
836971
836971
837157
837157
837157
837157
837157
837157
837157
837157
837157
837157
837157
837157
837157
837157
837157
837157
837157
840335
840335
840335
840335
840335
840335
840335
840335
840335
840335
840335
840335
840335
840335
840335
840335
840335
840335
840335
841128
841128
841128
841128
841128
841128
841128
841128
841128
842275
842275
842275
842275
842275
842275
842275
842275
842275
842275
844385
844385
844385
844385
844385
844385
844385
844400
844400
844400
844400
844400
844400
844400
844498
844498
844498
844498
844498
844498
844498
844498
844498
844498
844498
844498
844682
844682
844682
846110
847662
847662
847662
847662
847662
847662
847662
847662
847662
847662
847662
847662
848038
848038
848038
848038
848038
848038
848038
848038
848844
848844
848844
848844
848844
848844
848844
848844
848844
849779
849779
849779
849779
849779
849779
849912
849912
849912
849912
849912
849912
849912
849912
849912
849912
849912
849912
849912
849912
849912
849912
849912
849912
851233
851233
851233
851233
851233
851233
852327
852327
852327
852327
853004
853004
853004
853004
853004
853004
853004
853004
853004
853499
853499
853499
853499
853499
853499
853861
853861
853861
853861
854294
854294
854294
854294
854294
854294
854294
854294
854294
854294
854294
854294
854294
854294
855180
855180
855180
855180
855180
855180
855180
855180
855180
855180
855180
855180
855180
855180
855180
855180
855180
855180
855180
855180
856165
856165
856165
856165
856165
856165
856165
856165
856165
856165
856165
856165
856165
856165
856165
856165
856165
856165
856165
856520
856520
856520
856520
856520
856520
856520
856520
856520
856520
856520
856520
856581
856869
856869
856869
856869
856869
856869
856869
856869
856869
856869
856869
856869
856869
856869
856869
856869
856869
856869
857019
857019
857019
857019
857019
857019
857019
857019
857019
857019
857019
857019
857019
857379
857379
857379
857379
857379
857379
857483
857483
857483
857483
857483
857483
857483
857572
857572
857572
857572
857572
857572
857690
857690
857690
857690
857690
857690
858168
858168
858168
858168
858168
858168
858168
858168
858168
858168
858731
858833
858833
859717
859717
859717
859717
859717
859717
859717
859717
859717
859717
859717
859717
859717
859717
859717
859717
863972
863972
864300
864300
864302
864302
864302
864302
864302
864302
864302
864302
864302
864302
864302
864302
864813
864813
864813
867253
867253
867253
867253
867253
867253
867253
867253
867253
867253
867257
867257
867257
867257
867257
867257
867257
867257
867257
868422
868422
868422
868422
868422
868422
868422
868422
868422
868422
868422
868422
868422
868422
868422
868422
868422
868422
868580
868580
868580
868580
868580
868580
868580
868580
868580
868580
868580
868580
868580
868580
868580
868805
868805
868805
868805
868805
868805
868805
868805
868805
868805
868805
868805
868805
868805
868805
868805
868805
870308
870308
870308
870308
870308
870308
870308
870308
870308
870308
870308
870308
870308
870308
870308
870308
870308
873355
873355
873355
873355
874905
874905
874905
874905
874905
874905
874905
874905
874905
875898
875898
875898
875898
875898
875898
875898
875898
875898
875898
875898
875898
875898
876140
876140
876140
876140
876140
876140
876140
876140
876140
876140
876140
876508
877057
877057
877057
877057
877057
877057
877057
877057
877057
877057
877057
877057
877782
877782
877782
877782
877782
877782
877782
877782
877782
877782
877782
877782
877782
877782
877782
877782
878938
878938
878938
878938
878938
878938
878938
878938
878938
878938
878938
878938
878938
878938
878938
880551
880551
880551
880551
880551
880551
880551
880783
880783
880783
880783
880783
880783
880783
880783
880783
880783
880783
880783
880783
880783
880783
880783
880783
880783
881200
881200
881200
881200
881200
881200
881200
881200
881200
881200
881200
881200
881200
881200
881200
881200
881200
881200
881200
881200
881778
881778
881778
881778
881778
881778
881778
881778
881778
881778
881778
881778
881778
881778
881778
881778
881778
882549
882549
882549
882549
882549
882578
882578
882578
882578
882578
882578
882578
882578
882578
882578
882578
882578
882578
882578
882578
882578
882578
882578
882578
882991
882991
882991
882991
882991
882991
882991
882991
883142
883142
883142
883142
883142
883142
883142
883142
883142
884099
884099
884099
884099
884099
884099
884349
884349
884349
884349
884349
884349
884349
884349
884349
884349
884349
884349
884349
884349
884349
886394
886394
886394
886394
886394
886394
886394
886394
886394
886394
886394
886394
886394
886394
886394
886394
886394
886394
887253
887253
887253
887253
887253
887253
887253
887253
887253
887253
887253
887253
887253
887253
887253
888495
888495
888495
888495
888495
888495
888495
888495
888495
888495
888495
889022
889022
889022
889022
889022
889022
889022
889022
889022
889022
889022
889022
889022
889022
889022
889022
889022
889106
889106
889106
889106
889106
889106
889106
889106
889106
889106
889106
889106
889106
889616
889616
889616
889616
889616
889616
889616
889616
889616
889616
889616
889616
889616
889616
889616
889616
889616
891109
891109
891109
892645
892645
892645
892645
892645
892645
892645
892645
892645
892645
892645
894638
894638
894638
894638
894638
894638
894638
894638
894638
894638
894638
895868
895868
895868
895868
895868
895868
895868
895868
895868
895868
895868
896041
896041
896041
896041
896041
896041
896041
896041
896559
896559
896559
896559
896559
896559
896559
896559
896559
897303
897303
897303
897303
897303
897303
897919
897919
897919
897919
897919
897919
897919
897919
897919
897919
897919
897919
898083
898083
898083
898083
898083
898083
898083
898083
898083
898083
898083
898083
898083
898443
898443
898443
898443
898443
898443
898443
898443
898443
898443
898443
898443
898443
898443
898443
898515
898515
898515
898515
898515
898515
898515
898515
898975
898975
898975
898975
898975
898975
898975
898975
898975
898975
898975
898975
898975
898975
898975
898975
898975
898975
901191
901191
901191
901191
901191
901191
901191
901191
901191
901191
901191
901191
901191
901191
901191
901191
901913
901913
901913
901913
901913
901913
901913
901913
901913
901913
901913
901913
901913
901913
901913
901913
901913
901913
902078
902078
902078
902078
902078
902078
902560
902560
903120
903120
903120
903120
903120
903120
903120
903120
903120
903120
903120
903120
903120
903120
903120
903120
903120
903120
903120
903698
903698
903698
903698
903698
903698
903698
903698
903698
903698
903698
903698
903698
903698
903698
903698
903698
903698
903698
903799
903799
903799
903799
903799
903799
903799
903799
903799
903799
903799
903799
904397
904397
904397
904397
904397
904397
904397
904397
904397
905101
905101
905101
905101
905101
905101
905101
905101
905101
905101
905101
905101
905101
905101
905101
905101
905166
905166
905166
905166
905166
905166
905166
905166
905166
905166
905166
905166
905166
905166
905166
905166
905166
907424
907424
907424
907424
907424
907424
907424
907424
907424
907424
907424
907424
908195
908195
908195
908195
908651
908651
908651
908651
908651
908651
908738
908738
908738
908738
908738
908738
908738
910097
910097
910097
910097
910097
910097
910097
910097
910097
910097
910097
911427
911427
911427
911427
911427
911427
911427
911427
911427
911427
911427
911427
911557
911557
911557
911557
911557
911557
911557
911557
911557
911557
911557
911557
911557
913248
913248
913248
913248
913248
913248
913248
913248
913248
913248
913248
913248
914414
914414
914414
914414
914414
914414
914414
914414
914414
914414
914414
914596
914596
914596
914596
914596
914596
914596
914596
914596
914660
914660
914660
914660
914660
914660
914660
914660
914660
914660
914660
914660
914660
914660
914660
914660
914660
914660
914660
914849
914849
914849
914849
914849
914849
914849
914849
914849
914849
915418
915418
915418
915418
915460
915460
915460
915460
915460
915460
915460
915460
915460
915460
915460
915460
915460
915460
915460
915460
915460
915460
915460
915460
917405
917405
917405
917405
917405
917405
917405
917405
917405
917405
917405
917405
917405
917405
917405
917405
917405
917405
917405
917961
917961
917961
917961
917961
917961
917961
917961
917961
917961
917961
917961
917961
918134
918134
918134
918134
918134
918134
918134
918134
918134
918134
918134
918134
919032
919032
919032
919032
919032
919032
919032
919032
919032
919032
919032
919231
919231
919231
919231
919231
919231
919231
919231
919231
919231
919231
919231
919231
919231
919231
919231
919231
919231
919231
920320
920320
920320
920320
920320
920320
920320
921239
921239
921239
921239
921239
921239
921239
921239
921239
921239
921239
921239
923592
923592
923592
923592
923592
923592
923592
923592
923592
923592
923592
923592
923592
923592
923592
923592
923592
923592
925113
925113
925113
925113
925113
925113
925113
925113
925113
925113
925113
925113
925113
925113
925113
925179
925179
925380
925380
925380
925380
925380
925380
925380
925380
925380
925380
925380
925380
925380
925380
925380
925380
925380
925380
925380
927095
927614
927614
927614
927614
927614
927614
927614
927614
927614
927614
927614
927614
927614
927614
927614
927614
927614
927614
927614
928054
928054
928054
928054
928054
928054
928597
928597
928680
928680
928680
928680
928680
928680
929933
929933
929933
929933
929933
929933
929933
929933
930334
930334
930334
930334
930334
930334
930334
930334
930334
930334
930977
930977
930977
930977
930977
930977
930977
930977
930977
930977
930977
930977
930977
930977
930977
930977
932578
932578
932578
932578
932578
932578
932578
932578
932578
932578
932578
932578
932578
932578
932578
932578
933055
933055
933055
933055
933055
933055
933055
933055
933055
933055
933055
933055
933055
933055
933089
933089
933113
933113
933113
933113
933113
933113
933113
933113
933113
933113
933113
933113
933113
933113
933113
933113
933113
933113
933113
933113
933595
933595
933595
933595
933595
933595
933595
933595
933595
933595
933595
933595
933595
933595
933595
933595
933595
933595
933595
933595
935562
935562
935562
935562
935562
935562
935562
935562
935562
936525
936525
936525
936525
936525
936525
936525
936525
936525
936525
936525
936525
936525
936870
936870
936870
936870
936870
936870
936870
936870
936870
936870
936870
936870
936870
936870
936870
936870
936870
936870
936870
936870
937020
937020
937020
937020
937020
937020
937020
937020
937020
937020
937020
937020
937020
937020
937020
937020
937020
937020
937020
937020
937027
937027
937027
937027
937027
937027
937027
937027
937027
937027
937027
937027
937027
937027
937334
937334
937334
937944
937944
937944
937944
937944
937944
939547
939547
939547
939547
939547
939547
939547
939547
939547
939547
939547
939547
939547
939547
939547
939547
939547
939547
939547
939547
939867
939867
939867
939867
939867
939867
939867
939867
939867
939867
939867
939867
939867
939867
939867
939867
939867
939867
940285
940285
940285
940285
940285
940285
941730
941730
941730
941730
941730
941730
941730
941730
941730
941730
941730
941730
941730
941730
941730
941730
941730
941730
942295
942295
942295
942295
942295
942295
942295
942295
942295
942295
942295
942295
942295
942295
942295
942295
942295
942295
942541
942541
942541
942541
942541
942541
942997
942997
942997
942997
942997
942997
942997
942997
942997
942997
942997
946785
946785
946785
946785
946785
946785
946785
946785
947270
947270
947270
947270
947270
947270
947270
947270
947270
947466
947466
947466
947466
947466
947466
947466
947466
947466
947466
947466
947466
947466
947466
947466
947466
947466
947695
947695
947695
947695
947695
947695
947695
947695
947695
947695
947695
947695
947695
948029
948029
948029
948029
948029
948029
948029
948029
948029
948029
948029
948029
948029
948029
948029
948029
948029
948029
948029
948120
948120
948120
948120
948120
948220
948220
948220
948220
948220
948220
948220
948220
948220
948220
948220
950313
950313
950313
950313
950313
950878
950878
950878
950878
950878
950878
950878
950878
950878
950878
950878
950926
950926
950926
950926
950926
950926
950926
950926
950926
950926
950926
950926
950926
950926
953049
953049
953049
953049
953049
953049
953049
953049
953049
953049
953049
953049
953049
953049
953049
953049
953049
953131
953131
953131
953131
953131
953131
953131
953131
953131
953131
953131
953313
953313
953313
953313
953313
953313
953313
953313
953313
953313
953691
953691
953691
953691
953691
953829
953829
953829
954858
954858
954858
954858
954858
954858
954858
954943
954943
954943
954943
954943
954943
955469
955469
955469
955469
955469
955469
956909
956909
956909
956909
956909
956909
956909
956909
957471
957471
957471
959305
959305
959305
959305
959305
959305
959305
959305
959305
959735
959735
959735
959735
959735
959735
959735
959735
959735
960337
960337
960337
960337
960337
960337
960337
960337
960337
960337
960337
960337
960337
960337
960337
960337
960337
960337
961623
961623
961623
961623
961623
961623
961623
961623
961623
961623
961623
961623
961623
961623
961623
961623
961623
961766
961766
961766
961766
961766
962506
962506
962506
962506
962506
962506
962506
962506
962506
962506
962506
962506
962506
962506
962506
962506
963322
963322
963322
963322
963322
963322
963322
963322
963322
963862
963862
963862
963862
963862
963862
963862
963862
963862
963862
963862
963862
963862
963862
963862
963862
963862
963862
964693
964693
964693
964693
964693
964693
964693
964693
964693
964693
964693
964693
965287
965287
965287
965287
965287
965287
965287
965287
965287
965287
965287
965287
965287
965287
965287
965287
965287
965287
966135
966135
966135
966135
966135
966135
966135
966135
966135
966135
966135
966135
966135
966135
966135
967489
968252
968252
968252
968252
968252
968252
968252
968322
969303
969303
969303
969303
969303
969303
969303
969303
971814
971814
971814
971814
971814
971814
971814
971814
971814
971814
971814
971814
971814
971814
971814
971814
972066
972066
972066
972066
972066
972066
972066
972066
972066
972066
972066
972066
972066
972066
972066
972066
972066
972066
972100
972100
972100
972100
972100
972100
972100
972100
972100
972100
972100
972100
972100
972100
972100
972100
972100
972180
972180
972559
972559
972559
972559
972559
972559
972559
972559
972559
972559
973181
973181
973181
973181
973181
973181
973181
973181
973181
973181
973181
973181
973181
973181
973181
973181
973181
976917
976917
976917
976917
976917
976917
976917
976917
976917
976917
976917
976917
976917
976917
976917
976917
976917
976917
976917
978204
978204
978204
978204
978204
978204
978204
978204
978204
978204
978204
978204
978204
978204
978204
979396
979396
979396
979396
979396
979396
979396
979396
979396
979396
979396
982314
983033
983033
983033
983033
983847
983847
983847
983847
983847
983847
984111
984111
984111
984111
984111
984111
984111
984111
984111
984111
984111
984111
984111
984111
984111
984111
984111
984111
984111
985049
985049
985049
985049
985049
985580
985580
985580
985807
985807
985807
985807
985807
985807
985807
985807
985807
985807
985807
985807
985807
985807
985807
985807
986875
986875
986875
986875
986875
986875
986875
986875
986875
986875
986875
986875
986875
986875
986875
986875
986875
986875
986875
986875
987727
987727
987727
987727
987727
987727
987727
987727
987727
987727
987727
987727
987727
987727
987727
987727
987727
987727
987727
987727
989866
989866
989866
989866
989866
989866
989866
989866
989866
989866
989866
990520
990859
990859
990859
990859
991139
991139
991139
991139
992270
992270
992270
992270
992270
992270
992270
992270
992270
992270
993291
993291
993291
993291
993291
993291
993291
993291
993291
993291
993291
993291
993291
993291
993291
993291
993499
993499
993499
994060
994060
994060
994060
994060
994060
994060
994060
994060
994060
994060
994060
994060
994060
994060
994060
995745
995745
995745
995745
995745
995745
995745
995745
995745
995745
995745
996802
996802
996802
996802
996802
996802
996802
996802
996802
996802
996802
996802
996802
996802
996802
996848
996848
996848
996848
996848
996848
996848
997448
997448
997448
997448
997448
998407
998407
998407
998407
998407
999262
999262
999262
999262
999262
999262
999262
999262
999262
999262
999262
999262
999275
999275
999275
999275
999275
999275
999275
999275
