10359 1500000
201100
201100
201100
201100
201100
201100
201100
201100
201100
201100
204038
204038
204038
204038
204038
204038
204038
204038
204038
204038
204038
205652
205652
205652
205652
205652
205652
205652
205652
205652
205652
205652
205652
205652
205652
208490
208490
208490
208490
208578
208578
208578
210016
210016
211110
211110
211110
212689
212689
212689
212689
212689
212689
212689
212689
212689
212689
212689
212689
212689
212689
212689
212689
212689
212689
212910
212910
212910
212910
212910
212910
212910
212910
212910
212910
212910
212910
212910
212910
212910
212910
213265
213265
213265
213265
213265
213265
213265
213265
213265
213265
213265
213265
213265
213265
213265
213265
213265
213265
213265
213423
213423
213423
213423
214604
214604
214604
214604
214604
214604
214604
214604
214604
214604
214604
214604
214604
215360
215360
215360
215360
215360
215360
215360
215360
215360
215360
215360
215360
215360
215360
215360
215546
215546
215546
215546
215546
215546
215546
215546
215546
216050
216050
216050
216050
216162
216162
216162
216162
216162
216162
216162
216162
216162
216162
216162
216162
216162
216162
216162
216162
216162
216928
216928
216928
216928
216928
216928
216928
216928
216928
216928
216928
216928
216928
216928
216928
223464
223464
223464
223464
223464
223464
223714
224859
224859
224859
224859
224859
224859
224859
224859
226156
226156
226156
226156
226156
226156
226156
226156
226156
226156
226156
226156
226156
226156
226156
226156
227853
227853
227853
227853
227853
227853
227853
227853
227853
227853
228600
228600
228600
228600
228600
228600
228600
228600
228600
228600
228600
228600
230076
230076
230076
230076
230076
230076
230076
230076
230076
230076
230076
230076
230076
230076
231086
231086
231086
231086
231086
231086
231086
232801
232801
232801
232801
232801
232801
232801
232801
232801
232801
232801
232801
232801
232801
232801
232801
232801
232801
232801
234361
234361
234748
234748
234748
234748
234748
234748
234748
234748
234748
234748
234748
234748
234748
234748
234748
234748
236169
236169
236169
236772
236772
236772
236772
236772
236772
236772
236772
236772
236772
236772
236789
236789
236789
236789
236789
236789
236789
236789
236789
236789
236789
236789
236789
236789
236789
236789
237299
237299
237299
237299
241135
241135
241135
241135
241135
241135
241135
241135
241135
241135
241135
241200
241200
241200
241200
241200
241200
241200
241200
241200
241200
241200
241200
241200
241200
241200
241200
241200
241200
241200
241200
241560
241560
241560
241560
241560
241560
241560
241560
241560
241560
241560
241560
241560
241560
241560
241560
241560
241560
242577
242577
242577
242577
244334
244334
244334
244334
244604
244604
244775
244775
244775
244775
244775
244775
244775
244775
245051
245051
245051
245051
245051
245051
245051
245051
245051
245051
245051
245051
245051
245051
245051
245051
245051
245051
245051
245266
245266
245266
245266
245266
245266
245266
245266
245266
245266
245266
245266
245266
245993
245993
245993
245993
246084
246084
246084
246084
246084
246084
246084
246084
246084
246084
246084
246084
246084
246099
246099
246099
246099
246099
246099
246099
246099
246099
246099
246099
246099
246099
246247
246247
246247
246247
246247
246247
246247
246247
246247
246247
246247
246247
246247
246247
246303
246303
246303
246303
246303
246303
246303
247415
247415
247415
247415
247415
247415
247415
247415
247415
247415
247415
247415
247591
247591
247591
247591
247591
248018
248018
248018
248501
248501
248501
248501
248501
248501
248501
248501
248501
248501
248501
248501
248501
248501
248501
248501
248501
248501
248501
248501
248647
248647
248647
248647
248647
248647
248647
248647
248647
248647
248647
248647
248647
248647
248647
248827
248827
248827
248827
248827
248827
248827
248827
248827
248827
248827
248827
248900
248900
248900
248900
248900
248900
248900
248970
248970
248970
248970
248970
248970
248970
248970
248970
248970
248970
248970
248970
248970
248970
248970
248970
249910
249910
249910
249910
249910
249910
249910
249910
249910
249910
249910
250405
250405
250405
250405
250405
250405
250405
250405
250405
250405
250405
250405
250405
250405
250405
250405
250405
251236
251466
251466
251466
251466
251466
251466
251466
252075
252075
252075
252075
252075
252075
252075
252075
252075
252075
252075
252075
252075
252075
252075
252075
252893
252893
252893
252893
252893
252893
252893
252894
252894
252894
252894
253486
253486
253486
253486
253486
253486
253486
253486
253486
253486
253486
253486
253486
253486
253486
255080
255080
255080
255080
255080
255080
255080
255080
255080
255080
255080
255582
255582
255582
255582
255582
255582
255582
255582
255582
255582
255582
256495
256495
256495
256495
256495
256495
256495
256495
256495
256495
256495
256495
256495
256495
256495
256495
256519
256519
256519
256519
256519
256519
256519
256519
256519
256519
256519
256519
256519
256519
256763
256763
258372
258372
258372
258372
258372
258372
258372
258372
258372
258372
258439
258439
258439
258439
258439
258439
258439
258439
258439
258439
258439
258439
258439
258439
258739
258739
261020
261020
261020
261020
261020
261020
261020
261020
261020
261020
261020
261020
261020
261020
261020
261020
261811
261811
261811
261811
261811
261811
261811
261811
261811
261811
261811
262143
262143
262143
262143
262143
262143
262143
262143
262143
264919
264919
264919
264919
264919
265151
265151
265151
265151
265151
265151
265151
265151
265151
265151
265151
265151
265151
265151
265151
265151
265151
265151
265151
265151
267549
267549
267549
267549
267549
267549
267549
267549
267549
267549
267549
267549
267549
267549
267549
267549
268022
268022
268022
268022
268022
269931
269931
269931
269931
269931
269931
269931
269931
269931
269931
269931
269931
269931
269931
269931
269931
269931
269931
270563
270563
270563
270563
270563
270563
270563
270563
270563
270563
270563
270563
270563
270563
270563
270563
270563
270563
270563
270563
271605
271605
271605
271605
271605
271605
271605
271605
271605
271605
271970
271970
271970
271970
271970
271970
271970
271970
271970
271970
271970
271970
271970
272257
272257
272257
272257
272257
272257
272257
272257
272713
272713
273738
273738
274694
274694
274694
274694
274694
274694
274694
274694
274694
274694
274694
274694
274694
274917
274917
275641
275641
275641
275641
275641
275701
275701
275701
275701
275701
275701
275701
275701
275701
275701
276236
276236
276236
276236
276589
276589
276589
276589
276589
276589
276589
276589
276589
276589
281090
281090
281090
281090
281090
281090
281090
281090
281090
281090
281090
281090
281090
281090
281090
281090
281090
281090
281090
281689
281689
281689
281689
281689
281689
281689
281689
281689
281689
281689
281689
281689
282792
282792
282792
282792
282792
282792
282792
282792
282792
282792
282792
282792
282792
282792
282792
282792
282792
282792
283277
283277
283277
283277
283277
283277
283277
283277
283277
283677
283677
283677
283677
283677
283845
283845
283845
283845
283845
283845
283845
283845
283845
283845
283845
283845
283845
283845
283845
283845
283845
283845
283845
283993
283993
283993
283993
283993
283993
283993
283993
283993
283993
283993
284556
284556
284556
284556
284556
284556
284556
284556
284556
284556
284556
284710
284710
284710
284710
284710
284710
284710
284710
284710
285292
285292
285292
285292
285292
286134
286134
286134
286134
286134
286580
286580
286580
286580
286580
286580
286580
286580
286580
286580
286580
286580
289191
289191
289191
289191
289191
289191
289191
289191
289191
289191
289191
289191
289191
289191
289191
289650
289650
289650
289650
289650
289650
289650
289650
289650
289650
289650
289650
289650
289650
289650
289650
289650
289650
289941
289941
289941
289941
289941
289941
289941
289941
290288
291679
291679
291679
291679
291679
291679
291679
291679
291679
291679
291679
292330
292330
292330
292330
292330
292330
292330
292330
292330
292330
292330
292330
292330
292330
292330
292330
292330
292330
292330
293914
293914
293914
293914
293914
293914
293914
293914
293914
293914
293914
293914
293914
293914
294941
294941
294941
294941
294941
294941
294941
294941
294941
294941
294941
294941
294941
294941
294941
294941
294941
294941
294941
295539
295539
295539
295539
295539
295539
295539
295539
295539
295539
295539
295539
295539
295539
295539
295539
295539
295539
295539
295712
295712
295712
295712
295712
295712
295712
295712
295712
295712
295712
295969
295969
295969
295969
295969
295969
295969
295969
295969
296240
296240
296240
296240
296240
296307
296307
296307
296307
296307
296307
296307
296313
296313
296313
296313
296313
296313
296313
296313
296313
296658
296658
296658
296658
296658
296658
296658
298103
298103
298103
298103
298348
298348
298348
298348
298348
298348
298348
298348
298348
298348
298348
298348
298721
298721
298721
298721
298721
298721
298721
298721
298721
298721
298721
298721
298721
298721
298721
298721
298721
298721
298721
299112
299112
299112
299112
299112
299112
299112
299112
299112
299468
299468
299468
299468
299468
299468
299468
299468
299468
299468
299468
299468
299468
299468
300077
300077
300077
300077
300077
300077
300077
300077
300077
300077
300077
300077
300077
300077
300077
300077
300077
300077
300426
300426
300426
300426
300426
300426
300426
300426
300426
300426
300426
300426
300426
300426
300426
300426
300426
300920
300920
300920
301923
301923
301923
302489
302489
302489
302489
302489
302489
302489
302489
302489
302489
302874
302874
302874
302874
302874
302874
302874
302874
302874
302874
303530
303530
303530
303530
303530
303530
303530
303530
303530
303530
303530
303875
303875
303875
303875
303875
303875
303875
303875
303875
303875
303875
303875
303897
303897
303897
303897
303897
303897
303897
303897
303897
303897
303897
303897
303897
303897
303897
303897
303897
303897
303897
303926
303926
303926
303926
303926
303926
304163
304163
304163
304163
304163
304450
304450
304450
304450
304450
304550
304550
304550
304550
304550
304550
304550
304550
304550
304550
304550
304564
304564
304564
304564
304564
304564
304564
304564
304564
304564
304564
304564
304564
304564
304564
304564
304564
304564
304966
304966
304966
304966
304966
304966
305688
305688
305688
305688
305688
305688
305688
305688
305688
305688
305688
305688
305688
305688
305688
305688
307136
307136
307136
307136
307136
307136
307136
307136
307136
307136
307136
307136
307136
307136
307136
307136
309678
309678
309678
309678
309678
309678
309678
309678
309678
309678
309678
309678
309678
309678
309678
309678
310253
310253
310253
311287
311287
311287
311287
311287
311287
311287
311823
311823
311823
311823
311823
311823
311823
311823
311823
311823
311823
311823
311823
311823
311823
311823
311823
311823
311836
311836
311836
311836
311836
311836
312781
312781
312781
312781
312781
312781
312781
312781
312781
312781
312781
312781
313260
313260
313260
313260
313260
313260
313260
313260
313260
313260
313260
313260
313260
313260
313260
313260
313260
313260
313260
316048
316048
317957
317957
317957
317957
317957
317957
317957
318284
318284
318284
318284
318284
318284
318284
318284
318284
318388
318388
318388
318388
318388
318388
319336
319336
319336
319746
319746
319746
319746
319746
319746
319746
319746
319746
319746
319746
319746
319746
320782
320782
320782
320782
320782
320782
320782
320782
320782
320782
320782
320782
320782
320782
320782
320782
320782
320782
320910
320910
320910
320910
320910
320910
320910
320910
320910
320910
321190
321190
321190
321190
321190
322003
322003
322003
322003
322003
322109
322109
322109
322109
322109
322109
322109
322109
322109
322109
323066
323066
323066
323066
323066
323066
323066
323066
323066
324683
324683
324683
324683
324683
324683
324683
324683
324683
324683
324683
324683
324683
324683
324683
324683
324742
324742
324742
324742
324742
324742
324742
324742
324742
324742
324742
324742
324742
324742
324742
324742
324742
324742
326345
326522
326522
326522
326522
326522
326522
326522
326522
326522
326522
326522
326522
326584
326584
326584
326584
326584
326584
326584
326584
326584
326584
326584
326584
326584
326584
326584
329130
329130
329130
329130
329130
329130
329130
329130
329130
329130
329130
329130
329130
329130
329130
329130
329130
329130
329130
329130
329654
331887
331887
331887
331887
331887
331887
331887
331887
331887
331887
331887
331887
331887
331887
331971
331971
331971
331971
331971
331971
331971
331971
331971
332029
332029
332029
332029
332029
332029
332029
333515
333515
333515
336694
336694
336694
336694
336694
336694
336694
336694
336694
336694
336694
336694
336694
336694
336694
336694
336694
336694
336694
336694
336772
336772
336772
336772
336772
336772
336772
336772
336772
336772
336772
336772
336772
336772
336772
336772
336772
336772
336772
337385
337385
337385
337385
337385
337385
337385
337385
337385
337385
337385
337385
337385
337385
337385
337385
337385
337385
337385
337516
337516
337670
337670
337670
337670
337670
337670
337670
337670
337670
337670
337670
337670
337670
337670
337670
337670
337670
337670
338481
338481
338481
338481
338481
338481
338481
338481
338481
338481
338481
338481
338481
339571
339936
339936
339936
339936
339936
339936
339936
339936
339936
339936
339936
339936
339936
339936
340048
340048
340048
340048
340048
340048
340048
340048
340048
340048
340048
340048
340048
340048
340048
340048
340048
340048
340048
341037
341037
341037
341037
341037
341037
341037
342212
342212
345125
345125
345125
345125
345125
345125
345125
345125
345125
345125
345125
345125
345304
345304
345304
345304
345304
345304
345304
346204
346204
346204
346204
346204
346204
346204
346204
346423
346423
346423
346435
346435
346435
346435
346435
346435
346435
346995
346995
346995
346995
346995
346995
346995
346995
346995
346995
346995
346995
346995
346995
346995
347540
347540
347540
347540
347540
347540
347540
347540
347540
347540
347540
347540
347540
347540
347540
347540
348253
348253
348253
348253
348253
348253
348253
348253
348253
348562
348562
348562
348562
348562
348562
348562
348562
348562
348562
348562
348562
348562
348562
348562
348562
348562
348562
348562
348562
348585
348585
348585
348585
349447
349447
349447
349447
349447
349447
349447
349447
349447
349447
350425
350425
350425
350425
350425
350425
350425
350425
350425
350425
350425
350425
350425
350425
350425
350425
350425
351272
351272
351272
351272
351272
351272
351272
351272
351272
355128
355128
355128
355128
355128
355128
355460
355484
355804
355804
355804
355804
355804
355804
355804
355804
355804
357776
357776
357776
357776
357776
357776
357776
357776
357776
357776
357776
357776
357776
357776
357776
357776
357776
357776
357776
357776
357863
357863
357863
357863
357863
357863
358359
358359
358359
358359
358359
358359
358359
358359
358359
358359
358359
358359
358619
358619
358619
358619
359240
359240
359240
359240
359240
359240
359240
359240
359240
359240
359240
359240
359240
359240
359240
359240
359240
359240
359389
359389
359389
359389
359389
359389
359389
359389
359389
359389
359389
359389
359389
359389
359389
359389
360446
360446
360446
360446
360446
360446
360446
360446
361287
361287
361287
361287
361287
361287
361287
361287
361287
361287
361287
361287
361287
361287
361287
361287
361287
361892
361892
361892
361892
361892
361892
361892
361892
361892
361892
361892
361892
361892
361892
361892
361892
361892
361892
361892
362681
362681
362681
362681
362681
362681
362681
362681
362681
362681
362681
362681
362681
362681
362681
362681
362681
362793
362793
362793
362793
362793
362793
362793
362983
362983
363362
363362
363362
363362
363362
363441
363441
363441
363441
363441
363441
363441
363441
363441
363441
363441
363441
363441
363441
363441
363441
363441
363441
363441
363441
364722
364722
364722
364722
364722
364722
364722
364722
364722
364722
364722
364722
364722
364722
365184
365498
365498
365498
365498
365498
365498
365498
365498
365716
365716
365716
365716
365716
365716
365716
365716
365716
365716
365716
365716
365716
365716
365716
365995
365995
365995
365995
365995
365995
365995
365995
365995
365995
365995
365995
365995
365995
365995
365995
365995
366321
366321
366321
368330
368330
368330
368330
368330
368330
368330
368330
368330
368330
368330
368330
368330
368330
369234
369234
369234
369234
369234
369234
369336
369336
369336
369336
369336
369336
369336
369336
370881
370881
370881
370881
370881
370881
370881
370881
370881
370881
370881
370881
370881
370881
370881
370881
370881
370881
370881
370881
371274
371274
371274
371274
371274
371274
371274
371274
371274
371274
371274
371274
371274
371274
371274
371274
371755
371755
371755
371755
371755
371755
371755
372151
372151
372151
372151
372151
372151
372151
372151
372151
372151
372151
372151
372151
372151
372620
372620
372620
372620
372620
372620
372620
372620
372620
372620
372620
372620
372620
372620
372620
372620
372620
373189
373189
373189
373189
373189
373189
373189
373189
373189
373189
373189
373189
373189
373189
373906
373906
373906
373906
373906
373906
373906
373906
373906
373906
373906
373906
373906
375021
375021
375021
375021
375021
375511
375511
375511
375511
375511
375511
375511
375511
375511
375511
375511
375511
375511
375511
375511
376505
376505
376505
377096
377096
377096
377096
377096
377518
377518
377518
377518
377518
377518
377518
377518
377518
377518
377518
377518
377518
378293
378293
378293
378293
378293
378293
378293
378293
378293
378293
378293
378293
378293
378293
378293
378293
378293
378293
378293
378426
378426
378426
378426
378426
378426
378426
378618
378618
378618
378618
378618
378618
378618
378618
378618
378618
378618
378618
378618
378618
378618
378618
378924
378924
378924
378924
378924
378924
378924
378924
378924
378924
378924
378924
378924
378924
378924
378924
380313
380313
380651
380651
380651
380651
380651
380651
380651
380651
380651
380651
381366
381366
381366
381366
381366
381366
381366
381366
381366
381366
381366
381366
381366
381366
381366
381366
381366
384072
384072
384072
384072
384072
384072
384072
384072
384072
384072
384641
385114
385114
385114
385114
385114
385642
385642
385642
385642
385642
385642
386226
386226
386226
386226
386226
386226
386226
386226
386226
389613
389613
389613
389613
389613
389613
389613
389613
389613
389613
389613
389613
389613
389613
389613
389613
389613
389613
389613
389613
390720
390720
390720
390720
390720
390720
390720
390720
390720
390720
390720
390720
390720
391105
391105
391105
391105
391105
391105
391105
391105
391105
391105
391105
391105
391158
391169
391264
391264
391264
391264
391264
391264
391264
391264
391264
391264
391264
391264
392069
392069
392069
392069
392069
392069
392069
392069
392069
392069
392069
392069
392069
392069
392069
392069
392069
392069
392069
392974
392974
392974
392974
392974
392974
393691
393691
394097
394097
394097
394097
394097
394097
394097
394097
394097
394097
394242
394242
394242
394242
394242
394242
394242
394242
394242
394242
394242
394242
394878
394878
394878
395230
395230
395230
395230
395230
395230
395230
395230
395230
395230
395425
395425
395425
395425
395425
395425
395425
395425
395425
395425
395425
395425
395425
395425
395425
398446
398446
398446
398446
398446
398446
398446
398446
398446
398446
401363
401363
402117
402117
402117
402117
402117
402117
402117
402117
402117
402117
402117
402117
402117
402117
402117
402117
403326
403326
403326
403326
403412
403412
403412
403412
403412
403412
403412
403412
403412
403412
403412
403412
403412
403412
403412
403412
403412
404290
405465
407213
407213
407213
407213
407213
407213
407213
407213
407213
407572
407572
407572
407572
407572
407572
408155
408155
408155
408155
408155
408155
408155
408155
409525
409525
409584
409584
409584
409584
409584
409584
409584
409584
409584
409584
409584
409584
409584
409584
409584
410776
410776
411539
411539
411539
411539
411539
411539
411539
411539
411539
411539
411539
411539
411539
411539
411539
411539
411539
412358
412358
412358
412358
412358
412358
412358
412358
412358
412358
412358
412358
412358
412358
412358
412358
412358
412358
412358
412358
412460
412460
412460
412460
414815
414815
414815
414815
414815
414815
414815
414815
414815
414815
415565
415565
415565
415565
415565
415565
415565
415565
415565
415565
415565
418664
418664
418664
418664
418664
418664
418664
418664
418664
418664
418664
418664
418664
418730
418730
418730
418730
418730
418730
418730
418730
418730
418730
418730
418730
418730
418730
418730
418730
418730
418730
418730
418730
419235
419235
419235
419235
419235
419235
419235
419235
419235
419235
419235
419235
419235
419235
419235
419235
419235
419235
419235
419235
420097
420097
420097
420359
420359
420359
420359
420359
423111
423111
423111
423111
423111
423111
423111
423111
423111
423111
423111
425034
425211
426512
426512
426512
426512
426512
426512
426594
426594
426594
426594
426594
426594
426594
426594
426594
426594
426594
426594
426594
427283
427283
427283
429545
429545
429545
429545
429545
429545
429545
429545
429545
429545
429545
429545
429545
429545
429545
429545
429545
429545
429545
429545
429908
429908
429908
429908
429908
429908
429908
429908
429908
429908
429908
429908
429908
429908
429908
429908
429908
429908
430316
430316
430316
430316
430316
430316
433344
433344
433344
433344
433344
433344
433344
433344
433344
433344
433344
433344
433344
433344
433344
433344
433344
433344
433378
433378
433378
433378
433378
433595
433595
433595
433595
433595
433595
433595
433595
433595
433595
433595
433595
433595
433595
433595
433595
433595
433595
433595
433741
433741
433741
433741
433741
433741
433741
433741
433741
433741
433741
433741
433741
433741
433741
433741
433741
433741
433741
433741
435078
435078
435078
435078
435078
435078
435078
435078
435078
435078
435078
435078
436796
436796
436796
436796
436796
436796
436796
436796
436796
436796
437007
437007
437007
437007
437007
437007
437007
437007
437176
437176
437176
437176
437176
437176
437176
438762
438762
438762
438762
438762
438762
438762
438762
438762
439011
439011
439011
439011
439011
439011
439011
439011
439011
439011
439011
439011
439011
439011
440247
440372
440372
440372
440372
440372
440372
440372
440372
440372
440372
440372
440372
440372
440372
440372
440372
440372
440372
440372
440372
441494
441494
441494
441494
441494
441494
441494
441494
441494
441599
442757
442757
442757
442757
443792
443792
443792
443792
443792
443792
443792
443792
443792
443792
443792
443792
443792
443792
443792
443792
443792
443792
443792
444809
444809
444809
444809
444809
444809
444809
444809
444809
444809
444809
444809
444809
444809
446032
446032
446032
446032
446032
446032
446128
446128
446128
446128
446128
446128
446128
446128
446128
446128
446128
446128
446128
446128
446615
446615
446615
446615
446615
446615
446615
446615
446615
446615
446615
446615
446615
446615
447424
447424
447424
447878
447878
447878
447878
447878
447878
447878
447878
447878
447878
447878
447878
447878
447878
447878
447878
447878
447878
447878
450838
450838
450838
450838
450838
450838
450838
450838
451387
451387
451387
451387
452117
452117
452117
452117
452117
452117
452117
452117
452303
452303
452303
452303
452303
452507
452507
452507
452507
452507
452507
452507
452507
452507
452919
452919
452919
453089
453089
453089
453366
453366
453366
453366
453366
453366
453366
453366
453366
453366
453366
453366
453366
453366
454030
454030
454030
454293
454293
454293
454293
454293
454293
454293
454293
454293
454293
454293
454293
454293
454293
454293
454293
454293
454293
455770
455770
455770
455770
455770
455770
455770
455770
455770
455770
458313
458313
458313
458313
458313
458313
458313
458313
458313
458313
458313
458313
458313
458313
458313
458578
458578
458578
458578
458578
458578
458578
458578
458578
458578
458578
458578
458578
459061
459061
459061
459061
459061
459061
459061
459061
459627
459627
459627
459627
459627
459627
459627
460123
460123
460123
460123
460123
460123
460945
460945
460945
460945
460945
460945
460945
460945
460945
460945
460945
460945
460945
460945
460945
460945
460945
460945
460945
461652
461652
461652
461652
461652
461652
461652
461652
461652
461652
461652
461652
461652
463128
463128
463128
463128
463128
463128
463128
463128
463128
463128
463128
463128
463128
463128
463128
463128
463443
463443
465769
465769
465769
465769
465769
465769
465769
465769
465769
465769
465769
465940
465940
465940
465940
465940
465940
467234
467234
467234
467234
467234
467348
467348
467348
467348
467348
467348
467348
467348
467348
467348
467348
467348
467348
467348
467348
469407
469407
469407
469407
469407
469407
469407
469407
469407
469407
469407
469407
469407
469407
469407
469407
470049
470049
470049
470049
470049
470049
470049
470049
470049
470049
470049
470049
470049
470049
470049
470543
470543
470543
470543
470543
470543
470543
470543
470543
470543
470543
470543
470543
470543
470543
470543
470543
470543
470850
470850
470850
470850
470850
471047
471047
472209
472209
472209
472209
472209
472209
472209
472209
472209
472209
472209
472209
476431
476431
476431
476431
476431
476431
476431
476431
476431
478046
478046
478046
478046
478046
478629
478629
478629
478734
478734
478734
478734
478734
478734
478734
478734
478734
478734
478734
480211
480211
480211
480211
480211
480211
480211
480211
480211
480211
480211
480211
480211
480211
480211
480211
480211
480464
480812
480812
480812
480812
480812
480812
480812
482989
482989
482989
482989
482989
482989
482989
482989
482989
482989
482989
482989
483239
483239
483239
483239
483239
484406
484406
484406
484406
484406
484406
484406
484406
484406
484406
484406
484406
484406
484987
484987
484987
484987
484987
484987
485472
485472
485472
485472
485472
485472
485472
485472
485690
485690
485690
485690
485690
485690
485690
485690
485690
485690
485690
485690
485690
485690
485690
485690
485690
485690
485690
486486
486486
486486
486486
486486
486486
486486
486486
486486
486486
486486
486486
486970
486970
486970
486970
486970
486970
486970
486970
486970
486970
486970
486970
486970
486970
486970
486970
487531
487531
487531
487531
489842
489842
489842
489842
489842
489842
489842
489842
489842
489842
489842
489842
489842
489842
489842
489842
489842
489842
490039
490039
490039
490039
490039
490039
490039
490039
490039
490039
490039
490039
492243
492243
492243
492243
492243
492243
492243
492243
492243
492243
492243
493210
493210
493210
493210
493210
493210
493210
493210
493332
493332
493332
493332
493332
493332
493332
493332
493332
493332
493332
493332
493332
493831
493831
493831
493831
493831
493831
493831
493831
493831
493831
493831
493831
493831
493831
493831
493831
493831
493831
493831
494268
494268
494268
494268
494268
494268
494268
494268
494268
494268
494268
494268
494920
494920
494920
494920
494920
495336
495828
495828
496082
496082
496082
496082
496082
496082
496082
499376
499376
499376
499376
499376
499835
499835
499835
499835
499835
499835
499835
499835
499835
499835
499835
499835
500448
500448
500448
500595
500595
500595
500595
500595
500595
500595
500595
500595
500595
500595
500595
500595
500595
500595
500927
500927
500927
500927
501127
501127
501127
501127
501127
501127
501127
501127
501127
501127
501127
501212
501212
501212
501212
501212
501212
501212
501212
501212
501212
501212
501212
501212
501212
501212
501212
501212
501212
501212
501212
501253
501253
501253
501253
501253
501253
501253
501253
501253
501253
501549
501549
501549
501549
501549
501549
501549
501549
501549
501549
501549
501549
501549
501549
501549
501549
501549
502540
502540
502540
502540
503208
503208
503208
503208
503613
503613
503613
503613
503662
503662
503662
503662
503662
503662
503662
503662
503662
503662
503662
503662
503662
503662
503662
503662
503662
503662
503662
503662
503855
505968
505968
505968
505968
505968
505968
505968
505968
505968
505968
505968
506296
506296
506296
506296
506296
506296
506296
506296
506296
506296
506296
506296
506296
506296
506478
506478
506478
506478
506478
506478
506478
506478
506478
506478
506478
507544
507544
507544
507544
507544
507544
507544
507544
507544
507544
507544
507544
507544
507544
507544
507544
507544
507544
507580
507580
507580
507580
508112
508112
508112
508112
508112
508112
508112
508112
508112
508112
508112
508112
508112
508112
508112
508112
508112
508112
508112
508112
509033
509033
509033
509033
509033
509033
509033
509033
509033
509033
509033
509033
509033
509033
509033
509033
509033
509033
509033
509033
509107
509107
509107
509107
509107
509107
509107
509107
509107
509107
509107
509225
509225
509225
509225
509225
509225
509225
509225
509225
509225
509225
509225
510112
510112
510112
511192
511192
511192
511192
511192
511192
511192
511192
511192
513249
513249
513249
513249
513249
513249
513249
513249
513249
513249
513249
513249
515027
515027
515027
515027
515027
515027
515027
515027
515027
515027
515027
515027
515027
515027
515991
515991
515991
515991
516359
516359
516359
516359
516359
516359
516359
516359
518387
518387
518387
518387
518387
518387
518387
519134
519134
519134
519134
519134
519134
519134
519134
519134
519134
519134
519134
519134
519134
519134
519134
519668
519668
519668
519668
519668
519668
519668
519668
519668
519668
519668
519668
519668
519668
520524
521054
521054
521054
521054
521054
521054
521054
521054
521054
521054
521167
521167
521372
521372
521372
521372
521372
521372
523317
523317
523317
523317
523317
523317
523317
523317
523317
523317
523317
523317
523317
523317
523317
524410
524410
524410
524410
526096
526096
526096
526096
526096
526096
526561
526561
526561
526561
526561
526561
526561
526561
526561
526988
526988
526988
526988
526988
526988
526988
526988
526988
526988
526988
526988
526988
526988
526988
526988
526988
527192
527192
527192
527192
527192
527192
527192
527192
527192
527192
527192
527192
527192
527192
527893
527893
527893
527893
527893
527893
527893
527893
527893
527893
527893
527893
527893
527893
527893
529520
529520
529520
529520
529520
529520
529520
529520
529520
530277
530277
530277
530277
530277
530277
530277
530277
530277
530277
530277
532669
532669
534418
534418
534418
534418
534418
538058
538058
538058
538058
538058
538058
538058
538058
538058
538058
538058
538058
539346
539346
539346
539346
539346
539346
539346
539346
539346
539346
539346
539346
539346
539346
539346
539346
539346
539394
539394
539394
539394
539394
539394
539394
539394
539394
539394
539394
539394
539394
539394
539394
539394
539394
539394
539683
539683
539683
539683
539683
539683
539683
539683
539683
539683
539683
539683
539683
539683
539683
540358
540358
540358
540358
540358
540358
540358
540358
540358
540358
540358
540358
540358
540358
540358
540956
540956
540956
540956
540956
540956
540956
540956
541012
542509
542509
542509
542509
542717
542717
542717
542717
542717
542717
542717
542717
542717
542717
542717
542717
542717
542717
542717
542717
542717
542717
543478
543478
543478
543478
543478
543478
543478
543478
543478
543478
543478
543478
543478
543478
543478
543478
543882
543882
543882
543882
543882
543882
543882
543882
543882
543882
543882
543882
544011
544011
544011
544011
544011
544011
544011
544011
544011
544011
544019
544019
544019
544019
544019
544019
544019
544019
544019
544019
545178
545178
545178
545621
545621
545621
545621
545945
545945
545945
546348
546348
546348
546348
546348
546348
546348
546348
546348
546348
546382
546382
546382
546382
546382
546382
546382
546382
546382
548001
548001
548001
548001
548001
548001
548001
548001
548001
548001
548023
548023
548023
548023
548023
548023
548108
548108
548108
548108
548108
548108
548416
548416
548416
548416
548416
548416
548416
548416
548416
548416
548416
548416
548416
548416
548416
549041
549041
549041
549041
549797
549797
549797
549797
549797
549797
549797
549966
549966
549966
549966
549966
549966
549966
549966
549966
549966
549966
549966
549966
549966
549966
549966
550190
550190
550190
550190
550190
550190
550190
550190
550190
550338
550338
550338
550338
550338
550338
550338
550338
550338
550338
550338
550338
550338
550338
550338
550338
551002
551002
551002
551002
551002
551002
551002
551002
551002
551002
551002
551002
551002
551002
551081
553877
553877
553877
553877
553877
553877
553877
553877
553877
553877
553877
553877
553877
553877
553877
553877
553877
554483
554483
554483
554483
554483
554483
554483
554483
554483
554483
554483
554483
554483
554483
554766
554766
554766
554766
554766
554766
554766
554766
554766
554766
554766
554766
554766
554766
554766
554766
554766
554766
554766
554783
554783
554783
554783
554783
554783
554783
554783
554783
554783
554783
554783
554783
554783
554783
554783
554960
554960
554960
554960
554960
554960
554960
554960
554960
554960
554960
554960
554960
554960
554960
554960
554960
556055
556055
556055
556055
556055
556055
556055
556055
556055
556055
556055
556055
556055
556055
556425
556425
556425
556425
556425
556425
556425
556425
556425
556425
556691
556691
556691
556691
556691
556691
556691
556691
556691
556691
556691
556691
556919
556919
556919
556919
556919
556919
556919
556919
556919
556919
557181
557181
557181
557181
557181
557181
557181
557181
557181
557181
557181
557181
557181
557181
557181
557181
557200
557200
557200
557200
557200
557200
557200
557200
557200
557200
557855
557855
557855
557855
557855
557855
557855
557855
557855
557855
557855
557855
557855
557855
557855
557855
557855
557855
557855
557855
558302
558302
558302
558302
558302
558302
558302
558302
558302
558302
558302
558302
558302
558302
558302
558302
558302
558302
558302
558302
559350
559350
559350
559350
559350
559350
559350
559350
559350
559350
559350
559350
559585
559585
559585
559585
559585
559585
559585
559585
560001
560001
560001
560001
560001
560001
560001
560001
560001
560001
560001
560001
561494
561494
561494
561494
561494
561494
561494
561494
561494
561494
561494
561494
561494
561494
561494
561494
562173
562173
562173
562173
562173
562173
562173
562173
562173
562173
563711
563711
563711
563711
563711
564139
564139
564139
564139
564139
564139
564139
564139
564139
564139
564139
564139
564139
564139
564139
564139
564139
564139
564386
564386
564386
564386
564386
564386
564386
564386
564386
564386
566295
566295
566295
566295
566295
566295
566295
566295
566295
566295
566932
566932
566932
566932
566932
566932
566932
566932
566932
566932
566932
566982
566982
566982
566982
566982
566982
566982
566982
566982
566982
566982
566982
568243
568243
568243
568243
568243
568243
568243
568243
568243
568243
569392
569392
569392
569392
569392
569654
569654
569654
569654
569654
569654
569654
569654
569654
569654
569654
569654
569654
570189
570189
570189
570189
570189
570189
570189
570189
570189
570189
570189
570189
570189
570189
571347
571347
571347
571347
571347
571347
571347
571347
572446
572446
572941
572941
572941
572941
572941
572941
572941
572941
572941
572941
572941
572941
572941
572941
572941
572941
572941
573238
573238
573238
573238
573238
573238
573238
573238
573238
574421
574421
574421
574421
574421
574421
574421
574421
574421
574421
574421
574421
574421
574421
574421
574421
574421
574421
574479
574479
574479
574479
574479
574479
574479
574479
574479
574479
574479
574479
576808
576808
576808
576808
576808
576808
576808
576808
576808
576808
576818
576818
576818
576818
576818
576818
576818
576818
576818
576818
576818
576818
576818
578131
578659
578659
578659
578659
578659
578659
578659
578659
578659
578659
578659
578659
578659
580235
580235
580235
580235
580235
580235
580235
580235
580399
580399
580399
580399
580399
580399
580399
580399
580399
580399
580399
580399
580399
580399
581853
581853
581853
581853
581853
581853
581853
581853
581853
581853
581853
581853
581853
582342
584053
584053
584053
584053
584053
584053
584053
584053
584053
584053
584053
584053
584053
584053
584053
584053
584400
584400
584400
584400
584400
584400
584400
584400
584400
584400
585980
585980
587156
587156
587156
587156
587156
587156
587156
587156
587156
587156
587156
587156
587732
587732
587732
587732
587732
587732
587732
587732
587732
587732
587732
587732
587732
587732
587732
587732
587732
589945
589945
589945
589945
589945
589945
589945
589945
589945
589945
589945
591940
591940
591940
591940
591940
591940
592391
592391
592391
592391
592391
592391
592391
592391
592391
592391
592391
592391
592818
592818
592818
593760
593760
593760
593760
593760
593760
594709
594709
594709
594709
594709
594709
594709
594709
594709
594709
594709
594709
595264
595264
595264
595264
595264
595264
595264
595264
596614
596614
596614
596614
596614
596614
596614
596839
596839
596839
596839
596839
596839
596839
596839
596839
596839
596839
596839
596839
596839
596839
596839
596839
597684
597684
597684
597684
597684
597684
597684
597684
597684
597684
597684
597684
597684
597684
597684
597684
597684
597684
597684
597684
597927
597927
597927
597927
597927
597927
597927
597927
597927
597927
597927
597927
597927
600274
600274
600274
600546
600546
600546
600546
600546
600546
600546
600546
600546
600546
600546
600546
600546
600546
600546
600546
600546
600546
600546
600546
601527
601527
601527
601886
601886
601886
601886
601886
601886
601886
601886
601886
601886
601886
601886
601973
601973
601973
601973
601973
601973
601973
601973
601973
601973
602671
602671
602671
602671
602671
602671
602671
602671
602671
602671
602671
602671
602671
603693
603693
603693
603693
603693
603693
603693
603693
603693
603693
603749
603749
603749
603749
603749
603749
603749
603749
603749
604296
604296
604296
604296
604296
604296
604296
604296
604296
604296
606716
606716
606716
606716
606716
606716
606716
606716
606716
606716
606716
606716
606716
606716
606716
606716
606716
607461
607461
607461
607461
607461
607461
607461
607461
607461
607461
607461
607461
607461
607918
607918
607918
607918
607918
607918
607918
607918
607918
607918
607918
607918
607918
607918
607918
608762
608762
608762
608762
608762
608762
608762
608762
608762
608762
608762
608762
608762
608762
608762
608762
608762
608762
609912
609912
609912
609912
609912
609912
609912
609912
609912
609912
609912
609912
609912
609912
609912
609912
609912
609912
609912
611591
611591
611591
611591
611591
611591
611591
611591
611591
611591
611591
611591
611591
611591
611591
611591
611591
611591
611863
611863
611863
611863
611863
611863
611863
611863
611863
611863
611863
611863
612013
612013
612013
612013
612013
612013
612013
617100
617100
617100
617100
617100
617100
617100
617100
617171
617171
617171
617462
617487
617487
617487
617487
617487
617487
617487
617487
617487
617487
617487
617487
617487
617487
617487
619139
619139
619139
619139
619139
619139
619139
619139
619139
619139
619139
619139
619139
619139
621497
621497
621497
622702
622702
622702
622702
622702
622702
622702
622702
622702
622702
622702
622702
622702
622702
622702
622702
622702
623410
623410
623410
623410
623410
623410
623410
623410
623410
623410
623410
623515
623515
623515
623515
623515
623515
623515
623515
623515
623515
623515
623515
623515
624059
624059
624059
624059
624059
624059
624059
624059
624059
624059
624059
624059
624059
626653
626653
626653
626653
626653
626653
626653
626653
626653
626858
626858
626858
626858
626858
626858
626858
628014
628014
628014
628014
628014
628014
628014
628014
628014
628014
628735
628735
628735
628735
628735
628735
628735
628735
628735
628897
628897
628897
628897
628897
628897
628897
630300
630300
630300
630300
630300
630300
630300
630300
630300
630300
630300
631296
631296
631296
631296
631296
631296
631296
631296
631296
632659
632659
632659
632659
632659
632659
632659
632659
632659
632711
632711
632711
632711
632711
632711
632711
632711
632711
632711
632711
632711
632711
632711
632711
632711
632711
632711
634786
635479
635479
635479
635479
635479
635479
635479
635479
635479
635479
635479
635479
635528
635710
635710
635710
635710
635710
635710
635710
637078
637078
637078
637078
637078
637078
637078
637078
637078
637078
637078
637078
637078
637078
637078
637078
637078
637078
637078
637484
637484
637484
637484
637484
637484
637484
637484
637484
637484
637484
637484
637484
637484
637484
637484
637585
637585
637585
637585
637585
637585
637585
637585
637585
637585
637702
637702
637702
637702
637702
637702
637702
637702
637702
637702
637702
637702
637702
637702
637702
637702
637702
637956
637956
637956
638050
638050
638050
638050
638050
638050
638050
638050
638191
638191
639509
639509
639509
640532
640532
640532
640532
640698
640698
640698
640698
640698
640725
640725
640725
640725
640725
640725
641238
641238
641238
641238
641238
641238
641238
642139
642139
642139
642139
642139
642139
642139
642139
642139
642529
642529
642883
642883
642883
642883
642883
642883
642883
642883
642883
642883
642887
642887
642887
642887
642887
642887
642887
642887
642887
642887
642887
642887
642887
642887
642887
644126
644126
644126
644126
644126
644126
644126
644126
644126
644126
644126
644126
644126
645058
645058
646570
646570
646570
646570
647090
647090
647090
647090
647090
647090
647090
647090
647090
647090
647090
647090
647090
647090
647090
647090
647137
647137
647137
647137
647137
647137
647137
647137
647137
647137
647137
647137
647137
647137
647137
647137
647234
647234
647234
647234
647234
647234
647717
647717
647717
647717
648188
648188
648188
648188
648188
648188
648188
648188
648188
648188
648188
648188
648188
648188
648188
648188
648188
648188
648188
648602
648602
648602
648602
648602
648602
648602
648602
648602
648602
648602
648602
648602
648602
648602
648602
648743
648743
648743
648743
648743
648743
648743
648743
648743
648743
648743
648743
648743
649163
649163
649163
649163
649163
649163
649163
649163
649163
649163
649163
649163
649163
649163
649163
649163
649163
649163
649163
649163
651171
651171
651171
651171
652343
652343
652343
652343
652526
652526
652526
652526
652526
652526
652526
652526
652526
652526
652526
652526
652526
653001
653001
653001
653001
653001
653001
653001
653001
653001
653001
653001
653001
655096
655096
655096
655336
655336
655336
655336
655336
655336
655401
655401
656227
656227
656227
656227
656227
656227
656267
656267
656267
656267
656267
656267
656549
656549
656549
656549
656549
656549
656549
656549
656549
656549
656549
656549
656549
656549
656549
656549
656549
656549
656549
657143
657143
657143
657143
657478
657478
657478
657478
657478
657478
657478
657478
657478
657478
657478
657478
657478
657478
657478
657478
657478
657478
657478
657478
659574
659574
659574
660193
660329
660329
660329
660329
660329
660329
660329
660329
660329
660329
661210
661210
661210
661210
661210
661210
661210
661210
661210
661210
661210
661210
661210
661210
661210
661210
661210
661266
661266
661266
665649
665649
665649
665649
665649
665649
665649
665649
665649
665649
665649
665649
665649
665649
665649
665649
665649
665649
665649
666927
666927
666927
666927
666927
666927
666927
666927
666927
666927
666927
666927
666927
666927
666927
667389
667389
667389
667389
667389
667389
667389
667389
667389
667389
668179
668179
668179
668179
668179
668179
668179
668179
668179
668179
668179
668179
668179
668179
668179
668179
668179
668179
668179
668179
669175
669175
669175
669175
669175
669175
670539
670539
670539
670539
670539
670539
670539
670539
670539
670539
670539
670686
670686
670686
670686
670686
670686
670686
670686
670686
670686
670686
670686
670686
670686
670686
670686
670885
670885
670885
670885
670885
670885
670918
670918
670918
670918
670918
670918
670918
670918
670918
670918
672255
672255
672255
672255
672255
672255
672255
672255
672255
672255
672255
672255
672255
672255
672255
672255
672255
672303
672303
672303
672303
672303
672303
672303
672303
672303
672303
672303
672303
672303
672303
672303
672303
672303
672303
673267
673267
673267
673267
673267
673267
673267
673267
673892
673892
673892
673892
673892
673892
673892
673892
674176
674176
674176
674176
674176
674176
674176
674176
674176
674176
674176
674176
674393
674393
674393
674393
674393
674393
674393
674393
674393
674393
674393
679022
679022
679022
679022
679022
679022
679022
679022
679022
679022
679022
679022
679022
679022
679022
679022
679022
679022
679022
679022
679555
680042
680042
680042
681743
681743
681743
681743
681743
681743
681743
681743
681743
681743
681743
681743
681743
681743
681743
683136
683136
683136
683136
683136
683136
683136
683136
683136
683760
683760
683760
683760
683760
683760
683760
683760
683760
683760
683760
683760
683760
683760
683760
684035
684035
684035
684035
684035
684035
684035
684035
684035
684035
684035
684035
684035
684035
684035
684035
684035
684035
684035
684394
684394
684394
684394
684394
684394
684394
684394
684394
684394
684394
684394
686160
686160
686160
686160
686160
686160
686160
686160
686160
686160
686796
686796
686796
686796
686796
686796
687873
687873
687873
687873
687873
687873
687873
687873
687873
687873
687873
687873
687873
688104
688104
688104
688104
688104
688104
688104
688104
688104
688104
688104
688104
688104
688104
688104
688104
688104
688104
688104
688817
688817
688817
688817
688817
688817
689036
689110
689110
689110
689110
689110
689110
689110
689110
689110
689110
689110
689110
689110
689110
689110
689110
689110
690028
690028
690028
690028
690028
690028
690028
690028
690028
690028
690028
691368
691368
691368
691368
691368
691368
691368
691368
691368
691368
691368
691368
691368
691368
691368
691368
691368
691483
691483
691483
691483
691483
691483
691483
691719
691719
691719
691719
691719
691719
691719
691719
691719
691719
691719
691719
691719
691719
691719
691719
691719
691719
691719
691722
691722
691722
691722
691722
692454
692454
692454
692586
692586
692586
692586
692586
692586
692586
692586
692586
692586
692586
692586
692586
692586
692586
692586
693974
693974
693974
693974
693974
693974
693974
693974
693974
693974
693974
693974
694877
694877
694877
694877
694877
694877
694877
694877
694877
694877
694917
694917
694917
694917
694917
694917
694917
696697
696697
696697
696697
696697
696697
696697
696697
696697
696697
696697
696697
696697
696697
696697
696697
696697
696938
696938
696938
696938
696938
696938
696938
696938
696938
696938
696938
696938
696938
697219
697219
697219
697219
698164
698164
698164
698164
698164
698164
698164
698164
698164
699412
699412
699412
699412
699412
699412
699412
699412
699412
699412
699412
699412
699412
699412
699412
699412
699412
699481
699481
699481
699481
699481
699481
699481
699481
699481
699481
699481
699481
699481
699481
699481
699481
699481
699592
699592
699592
699592
699592
699592
699592
699592
699592
699592
699592
699592
699592
699592
699592
699592
699929
699929
699929
699929
699929
699929
699929
699929
699929
699929
699929
699929
699929
699929
699929
699929
699929
699929
699929
699929
699982
699982
699982
699982
699982
699982
699982
699982
699982
699982
699982
700036
700036
700036
700036
700036
700036
700036
700036
700036
700036
700036
700175
700175
700175
700175
700175
700175
700175
700175
700175
700175
701447
701447
701447
701447
701447
701447
701447
701447
701447
701447
701447
701447
701447
701447
701447
701447
703529
703955
703955
703955
703955
703955
703955
703955
703955
705163
705163
705163
705163
705163
705163
705163
705163
705163
705163
705163
705163
705163
706050
706050
706393
706393
706393
706393
706393
706393
706393
706393
706393
706393
706405
706405
706405
706405
706405
706405
706405
706405
706405
706405
706405
706405
706671
706671
708228
708461
708461
708461
708461
708461
708461
708461
708461
708461
708461
708461
708461
708461
708461
708461
708461
708461
708461
708461
708815
708815
708815
710974
710974
710974
710974
710974
710974
710974
710974
710974
711376
711376
711376
711376
711376
711376
711376
711376
712007
712007
712007
712007
712007
712863
712863
712863
712863
712863
712863
712863
712863
713392
713392
713392
713392
713392
713392
713763
713763
713763
713763
713763
714008
714008
714008
714337
714337
714337
714337
714337
714337
714856
714856
714856
714856
714856
714856
714856
714856
714856
717599
717599
717599
717599
717599
717599
717599
717599
717599
717599
717599
717599
717599
717599
717599
717599
717599
717599
717599
717910
718041
718041
718041
718041
718041
718041
718041
718041
718041
718041
718041
718041
718041
718041
718041
718041
718041
718041
719868
719868
719868
719868
719868
719868
719868
719868
723352
723352
723352
723352
723352
723352
723352
723352
723352
723352
723352
723352
723352
723352
723618
723618
723618
723618
723618
723618
723618
724295
724295
724295
725040
725040
726090
726090
726090
726090
726090
726090
726090
726090
726090
726090
726090
726090
726090
726090
726090
726826
726826
726826
726826
726826
726826
726826
726826
726826
726826
726826
727035
727035
727035
727035
727035
727035
727035
727035
727035
727035
727035
727035
727035
727035
727035
727035
727035
728681
728681
728681
728681
728681
728779
728779
728779
728779
728779
728779
728779
728779
728779
728779
728924
728924
728924
728924
728924
729165
729165
730996
730996
730996
731489
731489
731489
731489
731489
731489
731489
731489
731489
731489
731489
731489
731489
731796
731796
731796
731796
731796
731796
731796
731880
731880
731880
731880
731880
731880
731880
731880
731880
731880
731880
731880
731880
731880
731880
731880
732963
732963
732963
732963
732963
732963
732963
732963
732963
732963
732963
732963
732963
732963
733064
733196
733403
733403
733403
733403
733403
733403
733403
733783
733783
733783
733783
733783
733783
733783
733783
733783
733783
733783
733783
733783
733783
735722
735722
735722
735722
735722
735722
735722
735722
735722
735722
735722
735743
735743
735743
735743
735743
735743
735743
735743
735743
735743
735743
735743
735743
735743
735743
735743
735743
735743
735743
735743
736764
736764
736764
736764
736764
736764
736764
736764
736764
736764
736764
736764
736764
736764
739786
739786
739786
739786
739786
739786
739786
739786
739786
739786
739786
739786
739786
740569
740569
740569
740569
740569
740569
740569
740569
740569
740569
740569
740569
740569
740569
740569
740569
740569
740605
740605
740605
740605
740605
740605
740605
740925
740925
740925
740925
740925
740925
740925
740925
740925
740925
741100
741100
741100
741100
741100
741100
741118
741118
741118
741118
741592
741592
741592
741592
741592
741898
741898
741898
741898
741898
741898
741898
741898
741898
741898
741898
741898
741898
741898
742038
742038
742904
742904
742904
742904
742915
742915
742915
742915
742915
742915
742915
742915
742915
742915
742967
742967
742967
742967
742967
742967
742967
742967
742967
745244
745244
745244
745244
745244
745597
745597
745597
745597
745597
745597
745597
745597
745597
745597
745891
745891
745891
745891
745891
745891
745891
745891
745891
745891
745891
745891
745891
745891
746207
746207
746207
746207
746207
746207
746207
746207
746207
746207
746207
746207
746207
746207
746207
746207
746207
746207
746207
746207
746416
746416
746416
746416
746416
746416
746416
746416
746416
746416
746416
746416
746416
746416
746416
747069
747069
747069
747069
747069
747069
747069
747069
747069
747069
747069
747069
747069
747069
747069
747069
747069
747069
747069
747069
748190
748190
748421
750526
750526
750526
750526
750526
750526
750526
750526
750526
750526
750526
750526
750526
752836
752836
752836
752836
753253
753253
753253
753253
753253
753253
753253
753253
753253
753253
753253
753253
753253
753736
753736
753736
753736
753736
753736
753736
753736
753736
753736
753736
753736
753736
753736
753736
753910
753910
753910
753910
753910
753910
753910
753910
753910
753910
753910
753910
754272
754272
754272
754272
754272
754272
754272
754272
754272
754272
754272
754272
754272
754272
754272
754272
754272
754272
754272
754272
755034
755034
755034
755034
755034
755034
755034
755034
755034
755034
756888
756888
756888
756888
756888
756888
756888
756888
756888
756888
756888
756888
756888
756888
756888
756888
756888
756888
756888
758349
758349
758349
758349
758349
758349
758349
758349
758349
758349
758349
758349
758349
758349
758349
758349
758349
758349
761216
761216
761216
764207
764207
764207
764207
764207
764207
764207
764207
764207
764207
764207
764207
764207
764207
764207
766262
766262
766262
766262
766262
766262
766262
767242
767242
767242
767242
767242
767242
767242
767242
767242
767242
767242
767242
767242
767242
767242
767242
767242
767242
767242
767394
767394
767394
767394
767394
767394
767394
767394
767394
767395
767395
767395
767395
767395
767938
767938
767938
767938
767938
767938
767938
767938
767938
767938
767938
767938
767938
770416
770416
770416
770416
770416
770416
770416
770416
770416
770416
770416
770416
770416
770416
770416
770416
770416
770416
770747
770747
770747
770747
771411
771411
771411
771411
771411
771411
771411
771411
771411
771411
771411
771411
771411
771411
771411
771411
771411
771411
771411
771411
771428
771428
771428
771428
771428
771428
771428
771428
771428
771428
771428
771428
773020
773020
773020
773020
773020
773020
773020
773020
773020
773020
773020
773020
773020
773020
773020
773020
773020
773020
774892
774892
775473
775473
775473
775473
775473
775473
775473
775473
775473
775473
775473
775473
775473
775473
775473
775473
775962
775962
775962
775962
775962
775962
775962
775962
775962
775962
775962
775962
775962
776860
776860
776860
776860
776860
776860
776860
776860
776860
776860
776860
776860
777492
779760
779760
779760
779760
779760
779760
779760
779760
779760
779760
779760
779760
779760
779760
779760
779760
779760
779760
780784
780784
780784
780784
780784
780784
780784
780784
780784
780784
780784
780983
780983
780983
780983
780983
780983
780983
780983
780983
780983
782752
782752
783979
783979
783979
783979
783979
783979
783979
783979
783979
783979
783979
783979
783979
784642
784642
784642
784642
784642
784642
784642
784642
786247
786247
786247
786247
786247
786247
786247
786247
786247
786247
786247
786247
786247
786247
787319
787319
787319
787319
787643
788505
788505
788505
788505
788505
788505
788505
788505
788505
788751
788751
788751
789437
789437
789437
789437
789437
789437
789437
789437
789437
789437
789437
789437
789437
789437
789437
789437
789437
789437
789437
789437
792261
793006
793006
793006
793006
793006
793006
793006
793006
793006
793006
793006
793006
793006
793006
793006
793006
793776
793776
793776
793851
793851
795428
795428
795428
795428
795428
795428
795428
795428
795428
795428
795428
795428
795428
795812
795812
795812
795812
795812
795812
795812
795812
795812
795812
795812
795812
795812
795812
795974
795974
799263
799263
799263
799263
799263
799263
799263
799263
799263
799881
799881
799881
799881
799881
799881
799881
799881
799881
799960
799960
799960
799960
799960
799960
799960
801765
803404
803404
803404
803404
803404
803404
803404
803404
803404
804950
804950
804950
804950
804950
804950
804950
804950
804950
804950
804950
804950
806856
806856
806856
806856
806856
806856
806856
806856
806856
806856
806856
806856
806856
806856
806856
806856
806856
807969
807969
807969
807969
807969
807969
807969
807969
807969
807969
807969
807969
808142
808142
808142
808142
811163
811163
811163
811163
811163
811163
811163
811163
811163
811163
811163
811163
811163
811163
811163
811163
811163
811163
811163
811163
811175
811175
811175
811175
811175
811177
811177
811177
811177
811177
811177
811177
811177
811177
811177
811177
811177
811177
811224
811224
811224
811224
811704
811704
811704
811704
811704
811704
811704
811704
811704
811704
811704
811704
811704
811704
813034
813034
814530
814530
814530
814530
814530
815175
815343
815343
815459
815459
815459
815459
815459
815459
815459
815459
815459
815459
815459
815459
815459
815459
815755
815755
815755
815755
815755
816052
816052
816052
816052
816052
816509
816509
816509
816520
816520
816520
816520
816520
816520
816520
816520
816520
816520
816520
816520
816520
816520
816520
816520
816520
816520
817817
817817
817817
817817
817817
817817
817817
817817
817817
817817
818761
818761
818761
818761
818761
818761
818761
818761
818761
818761
818761
818761
818761
818761
818761
818761
818761
818908
818908
818908
818908
818908
819961
819961
819961
819961
820674
820674
820674
823900
823900
823900
823900
823900
823900
823900
823900
823900
824758
824758
824758
824758
824758
824758
824758
824758
824758
824758
824758
824758
824776
824776
824976
824976
824976
824976
824976
824976
824976
825170
825170
825170
825170
825170
825170
825170
825170
825170
825170
825170
825170
825170
825170
825170
825170
825170
825170
825170
825277
825277
825277
825277
825277
825277
825277
825277
825277
825277
825277
825277
825277
825277
825277
825277
825277
825976
825976
825976
825976
825976
825976
825976
825976
825976
825976
825976
825976
825976
825976
826758
826758
826758
826758
826758
826758
826758
826758
826758
826758
826758
826758
826758
826758
826758
826758
826758
826758
826758
826758
828828
828828
828828
828828
828828
828828
828828
828828
829521
829521
829521
829521
829521
829521
829521
830866
830866
830866
830866
830866
830866
830866
830866
830866
830866
830866
830866
830866
830866
831156
831156
831156
831156
831156
831156
831188
831188
831188
831188
831188
832275
832275
832275
832275
832275
832275
832275
832275
832275
832275
832275
832275
832275
832275
832275
832275
832611
832611
832611
832611
832611
832614
834017
834017
834017
834017
834017
834017
834017
834017
834017
834017
834017
834756
834756
834854
834854
834854
834854
834854
834854
834988
834988
834988
834988
834988
834988
834988
834988
834988
834988
834988
834988
834988
834988
834988
834988
834988
834988
834988
834988
836394
836394
836394
836394
836394
836394
836394
836394
836394
836394
836394
836394
836394
836394
836394
836394
836394
836394
836594
836594
836594
836594
836594
836594
837360
837360
837360
837360
837360
837360
837360
837360
837360
837360
837360
837360
837360
837360
837360
837579
837579
837579
837579
837579
837579
837579
837579
837579
837579
837579
837579
837579
837579
837579
837579
837579
837579
837579
839678
839678
839678
839678
839678
839678
839678
839678
839678
839678
839678
839678
839678
839678
839678
839678
839678
842538
842538
842538
842538
842538
842538
842538
842538
842538
842538
842538
842538
844681
844681
844681
845184
845184
845184
845184
845184
845184
845184
845184
845184
845184
845184
845184
845184
845360
845360
845360
845360
845829
845829
845829
847043
847043
847043
847043
847043
847043
847043
847083
847083
847083
847083
847083
847083
847083
847083
847083
847083
847083
847083
847083
847083
847582
847582
847582
847582
847582
847582
847582
847582
847582
847582
847582
847582
847582
847582
847582
847582
847582
847582
847582
848185
848185
848185
848185
848185
848185
848185
848185
848185
848185
848185
848185
848185
848185
848185
849087
849087
849087
849087
849087
849087
849087
849087
849087
849548
849548
849548
849548
849548
849548
849548
849548
849548
849548
849548
849548
849548
849548
849548
849548
849548
849548
849548
849947
849947
849947
849947
849947
849947
849947
849947
849947
849947
849947
849947
849947
849947
849947
849947
849947
851283
851283
851283
851283
851283
851283
851283
851283
851283
851283
851283
851283
851283
851283
851283
851283
852996
852996
852996
852996
852996
852996
852996
852996
852996
852996
852996
854440
854440
854440
854440
854440
854440
854440
854440
854440
854440
854440
854440
854440
854440
854440
854440
854440
855695
855695
855695
855695
855695
855695
855695
855695
855695
855971
855971
855971
855971
855971
855971
855971
855971
855971
855971
855971
855971
855971
855971
855971
855971
855971
855971
856251
856251
856251
856251
856251
856251
856251
856251
856456
856456
856456
856456
856456
856456
856456
856456
856456
857772
857772
857772
857772
857772
857842
857842
857842
857842
857842
857842
857842
857842
857842
857842
857842
857842
857842
857842
858203
858203
858203
858203
858203
858459
858459
858459
859297
859297
859297
859297
859297
859297
859297
859297
859297
859297
859297
859297
859297
859297
859297
859297
859297
859297
860525
860525
860525
860525
860525
860525
860525
860525
860525
860525
860525
860525
860525
860525
860525
860525
860525
860525
860525
860525
860849
860849
860849
860849
860849
860849
860849
860849
861132
861132
861132
861132
861132
861132
861132
861132
861132
861132
861132
861132
861201
861201
861201
861201
863002
863002
863002
863002
863002
863002
863002
863002
863002
863002
863002
863221
863221
863221
863221
863221
863221
863221
863221
863609
863609
863609
863609
863609
863940
863940
863940
863940
863940
863940
863940
863940
863940
863940
863940
863940
863940
863940
863940
863940
863940
863940
863984
863984
863984
863984
863984
863984
863984
864742
864742
864742
864742
864742
864742
864742
864742
864742
864742
864742
864742
864742
864742
864742
864742
864742
864742
864742
865382
865382
865382
865382
865382
865382
865750
865750
865750
865750
865750
865750
865750
865750
865750
865750
866441
866441
866441
866441
866441
866441
866441
866441
866696
866696
866696
866696
866696
866696
868098
868098
868098
868098
868098
868098
868098
868098
868098
868098
868098
868098
868098
868397
868397
868397
868397
868397
868397
868397
868397
868397
868397
868397
868397
868397
868397
868397
868397
868397
868397
868397
868713
868713
868713
868713
868713
868713
868713
868713
868713
868713
870252
870499
870499
870499
870499
870499
870499
870499
870499
870499
870499
870499
870499
871329
871329
871329
871329
871329
871329
871329
871329
871329
871329
871329
871329
871911
871911
871911
871911
871911
871911
871911
871911
871911
871911
871911
871911
871911
873648
873648
873648
873648
873648
873648
873648
873648
873648
873648
873648
873648
873648
874355
874355
874355
874355
874355
874355
874355
874355
874355
874355
874355
874355
874355
874355
874355
874355
874355
874355
874692
874692
874692
874692
874692
874692
874692
874692
874692
874692
874799
874799
874799
874799
874799
874799
874799
874799
874799
874799
874799
874799
876251
876251
876251
876251
876251
876251
876251
876251
876251
876251
876251
876251
877568
877568
877568
877568
877568
877568
877568
877568
877568
877568
877568
877568
877568
877568
877568
877568
877568
877568
877568
877568
877966
877966
877966
877966
877966
877966
877966
877966
877966
877966
877966
877966
877966
877966
877966
877966
877966
878352
878352
878352
878352
878352
879164
879164
879164
879164
879164
879164
879164
879164
879164
879164
879164
879164
879164
879164
879164
879164
879292
879292
879292
879292
879292
879292
879292
879292
879292
879292
879292
879292
879292
879292
879355
879355
879355
879355
879355
879355
879355
879355
879355
879355
879355
879355
880439
880785
880785
880785
880785
880785
880785
880785
880785
880785
880785
880785
880785
880785
880785
880840
882342
884099
884099
884099
884099
884099
884099
884099
884874
884874
884874
884874
884874
884874
884874
884874
884874
884874
884874
884874
884874
885044
885044
885044
885044
885044
885044
885044
885044
885044
885782
885782
885782
885782
885782
885782
885782
885782
885782
885782
885782
885782
885782
885782
885782
886076
886076
886076
886719
886719
886719
886749
886749
886749
886749
886749
886749
886749
886749
889161
889161
889161
890436
890436
890436
890436
890436
890436
890436
890436
890436
890436
890662
890662
890662
891872
891872
891872
891872
891872
891872
891872
891872
891872
891872
891872
891872
891872
891872
891872
891872
891872
891872
891872
893374
893374
893374
893374
893374
893374
893374
893374
893374
893374
893374
894614
894614
894614
894614
894614
894614
894614
894614
894614
894614
894614
894614
894614
894614
894614
894614
894614
894614
894614
897200
897200
897200
897200
897200
897200
897200
897200
897200
897200
897200
897200
897200
897200
897200
897200
897200
897200
897200
897639
897639
897639
897639
897639
897639
897639
897639
897639
897639
897639
897639
897639
897639
897639
897639
897639
897653
897653
897653
897653
897653
897653
897653
897654
897654
897654
897654
897654
897654
897654
897654
897654
897654
897654
897654
897654
897654
897654
897654
897654
897654
897965
897965
897965
897965
897965
898298
900357
900357
900357
900357
900357
900357
900357
900357
900712
900834
900834
900834
900834
900834
900834
900834
900834
900834
900834
902370
902370
902370
902370
902370
902370
902370
902370
902370
902370
902370
902370
902370
902594
902594
902594
902594
902594
902594
902594
902594
902594
902594
902594
902594
902594
905103
905103
905103
905103
905103
905103
905103
905103
905103
905103
905103
905103
905103
905103
905103
906183
906183
906183
906183
906183
906183
906183
906183
906183
906183
907310
907310
907310
907368
907397
907397
907397
907397
907397
907397
907397
907397
907397
907397
907397
907397
907397
907397
907397
907397
907397
907397
907397
907397
909158
909158
909158
909158
909158
909158
909158
909158
909158
909158
909158
909158
909158
909158
909158
909158
909158
909158
909158
913732
913732
914732
914732
914732
914732
914732
914732
914732
914732
914732
914732
914732
914732
914732
914732
914732
914732
914732
914732
914732
914732
914989
914989
914989
914989
914989
914989
914989
915466
915466
915583
915583
915583
915583
915583
915583
915583
915583
915583
915583
915583
915583
915583
917239
917239
917239
917239
917239
917239
917239
917239
917267
917267
917267
917267
917267
917267
917267
917267
917267
917267
917267
917961
917961
917961
918589
918589
918589
918589
918589
918589
918589
919599
919599
919599
919599
919599
919599
919599
919599
919599
919599
920217
920217
920217
920217
920217
920217
920217
920217
920217
920217
920217
920217
920217
920217
920217
920217
920217
920217
921372
921372
921372
921372
921372
921372
921372
921372
921809
921809
921809
922195
922195
922195
922195
922283
922283
922283
922283
922283
922283
922283
922283
922283
922283
922283
922283
922283
922283
922283
922283
922283
923019
923019
923019
923019
923019
923019
923019
923309
923309
923309
924120
924120
924120
925075
925075
925075
925075
925075
925075
925075
925075
925075
925075
925075
925075
925075
925486
925486
925486
925486
925486
925486
925486
925486
925486
925486
925486
925486
925486
925486
925486
925486
925486
925486
926634
926634
926634
926634
926634
926634
927436
927436
927436
927436
927436
927436
927436
927436
927436
927436
927436
927436
927436
927436
927436
927436
928743
928743
928743
928743
928743
928743
928743
930056
930056
930056
930056
930056
930056
930056
930056
930056
930056
930056
930056
930056
930056
930056
930056
930056
930056
930834
930834
930834
930834
930834
930834
930834
930834
930834
930834
930834
930834
930834
931612
931612
931612
931612
931612
933867
933867
933867
933867
933867
933867
933867
933867
933867
933867
933867
933867
933867
933867
933867
933867
933867
933867
935069
935069
935069
935069
935069
935069
935069
935069
935069
935069
935069
935069
935069
935069
935069
935069
935069
935069
935174
935174
935174
935174
935755
935755
935755
935755
935755
935755
935755
935755
935755
935755
935755
935755
935755
935755
937117
937117
937117
937117
937117
937117
937117
937584
937584
937584
937584
937584
937584
937584
937584
937584
937584
937584
937584
937584
937584
937584
937584
937724
937724
937724
937724
937724
937724
937724
937724
937724
937724
937984
937984
937984
937984
937984
937984
937984
937984
937984
937984
937984
937984
937984
937984
937984
937984
937984
937984
937984
938380
938380
938380
938380
938380
938380
938380
938380
938380
938380
938380
938380
938380
938380
938380
938380
938380
938380
938380
938380
938900
938900
938900
938900
938900
938900
938900
938900
938900
938900
938900
938900
938900
938900
938900
938900
938900
938900
938900
938900
940246
940246
940246
940246
940246
940246
940246
940747
940747
940747
940747
940747
940747
940747
940747
940747
940747
940747
940747
940747
940747
940747
940747
941555
941555
941555
942418
943410
943410
943410
943410
943410
943485
943485
943485
943485
943485
944627
944627
944627
944627
944627
944627
944627
944627
945793
945957
945957
945957
945957
945957
945957
945957
945957
945957
945957
945957
945957
945957
945957
945957
945957
945957
945957
946256
946256
946256
946256
946256
946256
946256
946256
946256
946256
946256
946256
946256
946256
946483
946483
946483
946483
946483
946483
946483
946483
946483
946483
946483
946483
946483
946483
946483
946483
946483
946483
946483
946636
946636
946636
946636
946636
946636
946636
946636
946636
946636
946636
946636
946636
946636
946636
946636
946636
946636
946636
946636
947358
947358
947358
947358
947358
947358
947358
947358
947358
947358
947358
947358
947358
947358
947358
948646
948646
948646
948646
948646
948646
948646
948646
948646
948646
948646
948646
948646
948646
948646
948646
948646
948646
951978
951978
953734
953734
953734
953734
953734
953734
953734
953734
953734
957798
957798
957798
957798
957942
957942
957942
957942
957942
957942
957942
957942
957942
957942
957942
957942
957942
957942
957942
957942
957942
957942
957942
958313
958313
958313
958313
958313
958313
958313
958313
958313
958313
958313
958313
958313
958703
958703
958703
958703
958703
958703
958703
958703
958703
958804
958804
958804
958804
958804
958804
958804
958804
958804
958804
958804
958804
958804
958804
960516
960516
960516
960516
960516
960516
960516
960516
960643
960643
960643
960643
960643
961451
961451
961451
961451
961451
961451
961451
961451
961451
961451
961451
961451
961451
961451
961451
961451
961451
961451
961451
962438
962438
962438
962438
963233
963233
963233
963233
963233
963233
963233
963233
963233
963233
963233
963233
963233
963233
964595
964595
964595
964595
964595
964595
964595
964595
964595
964640
964640
964640
964640
964640
964640
965844
965844
965844
965844
965844
965844
965844
965844
965844
965844
965844
965844
965844
965844
965844
965844
966357
966357
966357
966357
966357
966357
966357
966357
966627
966627
966627
966627
968316
968316
968316
968316
968316
968316
968316
968316
968316
968368
968368
968368
968368
968368
968368
968368
968368
968368
968368
968368
968368
968368
968368
968368
968368
968395
968395
968395
968395
968395
968395
968395
968395
968395
968692
968692
968692
968692
968692
968692
968692
968692
968692
968692
968692
969018
969018
969018
969018
969018
969018
970675
970675
970675
970675
970675
970675
970675
970675
970675
970675
970675
970675
970675
970675
970675
970675
971348
971348
971348
971348
972444
972444
972444
972444
972444
972444
972444
972444
972444
973012
973012
973012
976042
976042
976042
976042
976042
976042
976042
976042
976042
976042
976042
976042
976042
976042
976042
976042
976042
976042
976042
977362
977362
977362
977362
977362
977362
977362
977362
977362
977362
977362
977362
977362
977362
977816
977816
977816
977816
977816
977816
977816
977816
977816
977816
977816
977816
977816
977816
978031
978031
978120
978120
978120
978120
978120
978120
978120
978120
978120
978120
978120
978120
978120
978120
978120
978716
978716
978716
978716
978716
978716
978716
978716
978716
978716
978716
978716
978716
978716
978716
978716
978716
978925
978925
978925
978925
978925
978925
978925
978925
978925
978925
978925
978925
978925
978925
978925
978925
978925
978925
978925
978925
979786
979786
979786
979786
979786
979786
979786
979786
979786
979786
979786
979786
979786
979786
979786
979786
979786
979989
979989
979989
979989
979989
979989
979989
979989
979989
979989
979989
979989
979989
979989
980540
980540
980540
980540
981562
981562
981562
981562
981562
981562
981562
981562
981562
981562
981562
981562
981562
981562
981562
981562
981865
981865
981865
981865
981865
981865
981865
981865
981865
981865
981865
981865
981865
981865
981865
983128
983128
983128
983128
983128
983128
983954
983954
983954
983954
983954
983954
983954
983954
983954
983954
983954
983954
983954
983954
983954
983954
983954
983954
983954
984030
984030
984030
984030
984030
984030
984030
984030
984030
984030
984030
984030
984030
984030
984030
984030
984697
984697
984697
984697
984697
984697
984697
984697
984697
984697
985564
985564
985564
985564
985564
985564
985564
985564
985564
985564
985564
985564
985564
985564
985564
985564
989384
989384
989387
989387
989387
989387
989387
989387
989387
989387
989387
989387
989387
989387
989387
989387
989387
989641
989641
989641
989641
989641
989641
989641
989641
989641
989641
989641
989641
989641
989641
989641
989641
990335
990335
990335
990335
990335
990335
990335
990335
990335
990335
990335
990335
990335
990335
990335
990980
991332
991332
991332
991332
991332
991332
991332
991332
991332
991332
991332
991332
991332
991332
991332
991332
991332
991482
991482
991482
991482
991482
991482
991482
991482
992385
992385
992385
992385
992385
992385
992385
992385
992385
992385
992385
992385
992385
992385
992385
992385
992385
992385
993545
993545
993545
993545
993545
993545
993545
993545
993545
993545
993545
993545
993545
993545
993545
993545
993545
993826
993826
993826
993826
993826
993826
993826
993826
993826
993826
993826
993826
993826
993826
993826
994037
994037
994037
994037
994037
994037
994037
994037
994037
994037
994037
994037
994037
994037
994037
994037
996238
996238
996238
996238
996238
996238
996238
996238
996238
996238
996238
996238
996238
996238
996238
998859
998859
998859
998859
998859
998859
998859
998859
998859
999327
999327
999327
999327
999327
999327
999327
