10692 1500000
200009
200009
200009
200009
200009
200009
200009
200009
200009
200009
200009
200009
200009
200009
200009
200009
200009
200009
200272
200272
200272
200272
200272
200272
200272
200272
200272
200272
200272
200272
200272
200272
200272
200272
200272
200402
200402
200402
200402
200402
200402
200402
200402
200402
200402
200402
200402
200402
200402
200402
200402
200402
200402
200402
201149
201149
201149
201149
202431
202431
202431
202431
202431
202431
202431
202431
202431
202431
202534
202534
202534
202534
202534
202534
202534
202534
202534
202684
202684
202684
203054
203054
203054
203054
203054
203054
203054
203054
203054
203054
203054
203054
203054
203054
203054
203054
203054
203054
203054
203550
203550
203550
203550
203550
203550
203550
203550
203550
203550
203550
203550
203550
203550
203550
203550
204387
204387
204387
205073
205073
205073
205073
205073
205073
205073
205073
205073
205073
205073
205073
205073
205073
205073
205073
205073
205073
205073
205073
205110
205110
205110
205110
205110
205110
205110
205110
205110
205473
205473
205473
205473
205473
205473
205473
206588
206588
206588
206588
206588
206588
206588
206588
206588
206588
207202
207202
207202
208736
208736
208736
208736
208736
208736
208736
208736
208736
208736
208736
208736
208736
208736
208736
208736
208736
208736
210827
210827
210827
210827
210827
210827
210827
210827
210827
210827
212037
212037
212037
212037
212037
212037
212831
212831
212831
212831
212831
212831
212831
212831
212831
212831
212831
212831
212831
212831
212831
212831
214918
214918
214918
214918
214918
214918
214918
214918
214918
214918
215148
215148
215148
215148
215148
215148
215148
215148
215148
215148
215535
215535
215535
215535
215535
215535
215566
215566
215566
215700
215700
216282
216282
216282
216282
216282
216282
216282
217088
217088
217088
217088
217088
217088
217088
217088
217088
217088
217088
217251
217251
217251
217251
217251
217251
217251
217251
218083
218083
218083
218083
218083
218083
218083
218083
218083
218083
218083
218083
218083
218083
218083
218083
218083
218083
218083
218261
219348
219348
219348
219348
219348
219348
219348
219348
219348
219348
219348
219348
219348
219348
219348
224897
225258
227417
227417
227417
227417
227417
227417
227417
227417
228354
228354
228354
228354
228354
228354
228354
228354
229040
229040
229040
229040
229040
229040
229040
229040
229040
229040
229982
229982
230994
230994
230994
230994
230994
230994
230994
230994
230994
230994
230994
230994
230994
231358
231358
231358
231358
231358
231358
231358
231358
231358
231358
232558
232558
232558
232558
232558
232558
232558
232558
232558
232558
232558
232558
232558
232558
232558
234088
234088
234088
234088
234088
234088
234088
234088
234088
234088
234088
234088
234088
234088
234088
234088
234088
234088
234088
234088
234443
234443
234443
234443
234443
234443
235042
235042
235042
235042
235042
235042
235042
235042
235042
235203
237004
237004
237004
237004
237395
237395
237395
237395
237395
237395
237395
237395
237395
237395
237395
237395
237395
237395
237395
237395
237395
237395
237395
239046
239046
239046
239046
241104
241104
241104
241104
241104
241104
241104
241104
241104
241104
242283
242283
242283
242283
242283
243057
243057
243057
243057
243057
243057
243057
243092
243092
243092
243092
243092
243092
243092
243092
243092
243092
243092
243092
243092
243092
243092
243187
243187
243187
243187
243187
243187
243187
243187
243187
243187
243187
243187
243187
243187
243187
243187
245392
245392
245392
245392
245392
245392
245392
245392
245392
245392
245392
245392
245519
245519
245519
245519
245519
245519
245519
245519
245519
245519
245519
245519
245519
245679
245724
245724
245724
245724
245724
245724
245724
245724
245724
246000
246000
246000
246000
246000
246000
246000
246000
246000
246000
246000
246000
246000
246000
246000
246000
246000
246690
246690
246690
246690
246690
246690
246690
246690
246690
246690
246690
246690
246690
246690
246690
246690
246690
246690
247553
247553
247553
247553
247553
247553
247553
247553
248033
248033
248033
248547
248840
248840
248840
248840
248840
248840
248840
249393
249393
249393
249393
249393
249393
249393
249393
249393
249393
249662
249662
249662
249662
249662
249662
250336
250336
250336
250336
250336
250336
250336
250336
250336
250438
250438
250438
250438
250438
250438
250438
250438
250438
250438
250438
250652
250652
250652
251665
251665
251665
251665
251665
251665
251665
251665
251665
254891
254891
254891
254891
254891
254891
254891
254891
259311
259311
259311
259311
259311
259311
259311
259311
261634
261634
261634
261634
261634
261634
261634
261634
261634
261634
261634
261634
261634
261634
261634
261634
261634
261667
261667
261667
261667
261667
261667
261667
261667
261667
261667
261667
261667
261667
261667
261667
261667
261794
261794
261794
261794
261794
261794
261794
261794
261794
261794
261794
261794
261794
261794
263925
263925
263925
263925
263925
263925
263925
263925
264115
264115
264115
264115
264115
264115
264115
264115
264115
264115
264115
264115
264115
264115
264115
264115
265430
265632
265632
265632
265632
265632
265632
265632
265632
265632
265632
266733
266733
266733
266733
266733
266733
266733
266733
266733
266733
266733
266733
266733
266733
266733
266733
266840
266840
266840
266840
266840
266840
266840
266840
266840
266840
266840
266840
266840
266840
266840
266840
267314
267314
267314
267314
270011
270011
270516
270516
270516
270883
270883
270883
270883
270883
270883
270883
270883
270883
270883
270883
270883
272256
272256
272256
272256
272256
272256
272256
272256
272256
272256
272256
272256
272256
272256
272256
272256
272256
272256
274205
274205
274205
274205
274286
274286
274286
274286
274286
274286
274286
274286
274286
274286
274286
274286
274286
274286
274286
274286
274286
274286
274286
275109
275109
275109
275109
275109
275109
275109
275109
275109
275109
275109
275109
275109
275109
276243
276243
276243
276243
276243
279431
279431
279431
279431
281019
281019
281019
281019
281019
281019
281379
281379
281379
281379
281379
281379
281379
281379
281379
281379
281379
281379
281797
281797
281797
281797
281797
281797
281797
281797
281797
281797
281797
282013
282013
282013
282013
282013
282013
282013
282013
282013
282013
282013
282013
282013
282349
282349
282349
282349
282349
282349
282349
282349
282349
282349
282349
282349
282349
282349
282349
282349
282349
282349
283981
283981
284075
284075
284075
284075
284075
284075
284075
284075
289401
289401
289401
289401
289401
289401
289401
289401
289401
289401
289401
289401
289401
289401
289401
289401
289719
289719
289719
289719
289719
289719
289719
289719
290741
290741
290741
290741
290741
290741
290741
290741
290741
290741
290741
290741
290741
290741
290741
290741
290741
290741
290741
290741
291565
291565
291845
291845
291914
291914
291914
291914
291914
291914
291914
291914
291914
291914
291914
291914
291914
291914
291914
291914
291914
292004
292004
292004
292004
292004
292004
292004
292004
292004
292004
292004
292004
292004
292358
292358
292358
292358
292358
292358
292358
292358
293783
293783
293783
293783
293783
293783
293783
293783
293783
293783
293783
293783
293783
293783
294736
294736
294736
294736
294736
294736
294736
294736
294736
294736
294736
294736
297518
297535
298824
298824
298824
298824
298824
298824
298824
298824
298824
298824
298824
298824
298824
298824
298824
298824
298824
299082
299082
299082
299082
299082
299082
299082
299082
299082
299345
299345
299345
299345
299345
300224
300224
300224
300224
300224
300224
300224
300224
300224
300224
300224
300224
300224
300224
300224
300224
301045
301045
301045
301045
301045
301045
301045
301233
301233
301233
301233
301233
301233
301233
302486
302486
302486
302486
302486
302486
302486
302486
302486
302486
302486
302486
302486
302486
302486
302486
302486
302486
302598
302598
302598
302598
302598
302598
302598
302598
302598
302598
303219
303219
303219
303219
303219
303219
303219
303219
303219
303364
303364
303364
303364
303364
303364
303364
303364
303364
303364
303364
303364
303364
303364
303364
303364
303364
303364
303364
303364
303871
303871
303871
303871
303871
303871
303871
303871
303871
303871
303871
303871
303871
303871
303871
303871
303871
306014
306014
306014
306014
306014
306014
306014
306014
306014
306014
309683
309683
309683
309683
309683
309683
309683
309683
309683
309683
309683
309683
309683
309683
309683
309683
309683
309683
309683
309944
309944
309944
309944
309944
309944
309944
309944
309944
309944
309944
309944
309944
309944
309944
309944
309944
309944
311802
311802
311802
311802
311802
311802
311802
311802
311802
311802
311802
312236
312236
312236
312236
312499
312900
312900
312900
312900
312900
312900
312900
312900
312900
312900
312900
312900
312900
312900
312900
312900
312900
312900
312900
313301
313301
313301
313301
313301
313301
313301
313301
313301
314948
314948
314948
314948
314948
314948
314948
314948
314948
314948
314948
314948
314948
314948
314948
314948
314948
315320
315320
315320
315320
315320
315320
315320
315320
315320
315320
315320
315320
315320
315320
315320
315320
315320
315692
315692
315692
316208
316208
316208
316208
316208
316208
316208
316208
316208
318025
318025
318025
318025
318025
318025
318025
318025
318025
318025
318025
318025
318025
318025
318025
318196
318196
318196
318196
318196
320835
320835
320835
320835
320835
320835
320835
321100
321100
321100
321100
321100
321100
321100
321100
321100
321100
321100
321100
321100
321100
321100
321100
321100
321100
321100
322474
322474
322474
322474
322474
322474
322474
322474
323097
323097
323097
323097
323097
323097
323097
323097
323097
323097
323097
323097
323097
323097
323097
323097
324688
324688
324688
324688
324688
324863
324863
324863
324863
324863
324863
324863
324863
324863
324863
324863
324863
324863
324863
324863
324863
324863
324863
324863
324863
325142
325142
325142
325142
325142
325142
325142
325142
325142
325142
325251
325251
325251
325251
325251
325251
325251
325251
325251
325251
325251
325251
325251
325251
325251
325251
325251
325251
325416
325416
325416
325416
325416
325416
325416
325416
325416
325416
325416
325416
325416
325416
325416
325416
325416
325416
328067
328067
328067
328067
328067
328067
328067
328067
328809
328809
328809
328809
328809
328809
329191
329191
329191
329191
329191
329191
329191
329191
329191
329191
329191
330613
330613
330613
330613
330613
330613
330613
330613
330613
331261
331261
331502
331502
331502
331502
331502
331502
331502
331502
331502
331676
331676
331676
331676
331676
331676
331676
331676
331676
331676
331676
331676
331676
331676
332372
332372
333184
333184
333184
333184
333184
333184
333184
333184
333184
333892
333892
333892
333892
333892
333892
333892
333892
333904
335327
335327
335327
335327
335327
335327
335327
335327
335327
335327
335327
335327
335327
336955
336955
336955
336955
336955
336955
336955
336955
336955
336955
336955
336955
336955
336955
336955
336955
336955
336955
336955
336955
336967
336967
336967
338507
338507
338507
338507
338507
338507
338507
338507
338507
338507
338507
339523
339523
339523
339523
339523
339523
339523
339523
339523
339523
339523
339523
339523
339523
340604
340692
340692
342958
342958
342958
342958
342958
342958
342958
344202
344202
344202
344202
344202
344202
344202
344202
344202
344810
344810
344810
344810
345590
345590
345590
345590
345590
345590
345590
345590
345590
345590
345590
345590
345590
345590
345590
345590
345826
345826
345826
345826
345826
345826
345826
345826
345826
345826
346437
346437
347009
347009
347009
347009
347455
347455
347455
347455
347455
347455
347455
347455
347455
347455
347455
347455
347455
347455
348803
348803
348803
348803
348803
348803
348803
348803
348803
348803
348803
348803
348803
348803
348896
348896
348896
350996
351220
351220
351220
351220
351220
351220
351220
351220
351220
351220
353282
353282
353282
353282
353282
353282
353282
353282
353282
353282
353282
353282
353282
353282
353282
354021
354021
354021
354021
354021
354021
354021
354021
354021
354021
354021
354021
354021
354350
354350
354350
354350
354350
354350
355493
355493
355493
355493
355493
355493
355493
355493
355493
355493
355493
355493
355493
355493
355493
355493
355493
355493
355493
356217
356217
356217
356217
356217
356217
356217
356217
356217
357215
357215
357215
358040
358040
358040
358040
358040
358040
358040
358040
358040
358040
358040
358040
358040
358040
358040
358040
358346
358346
358346
358543
358543
358543
358543
358543
358543
358543
358845
358845
358845
358845
358845
358845
358845
358845
358845
358845
358845
358845
360086
360086
360086
360086
360086
360086
360086
360086
360086
360086
360086
360086
360086
360086
360327
360327
360327
360327
361035
361035
361035
361035
361035
361035
361035
361035
361035
361035
361035
361035
361035
361035
361035
361035
361035
361035
361137
361137
361137
361137
361137
361137
361137
361137
361137
361976
361976
361976
361976
361976
361976
361976
361976
361976
361976
361976
361976
361976
361976
361976
361976
361976
361976
362006
362006
362006
362006
362006
362006
362552
362552
362552
362552
362552
362552
362552
362552
362682
362682
362682
364881
364881
364881
364881
364881
364881
364881
364881
364881
364881
364881
364881
364881
364881
364881
364881
365912
365912
365912
365912
365912
365912
366274
366274
366274
366274
366274
366274
366274
366274
366274
366274
366274
366274
366274
366274
366274
366274
366274
366805
366805
366805
366805
366805
366805
366805
366805
366805
366805
366805
366805
366805
366805
366805
366805
367649
367649
367649
367649
367649
367649
367649
367649
367649
367649
367649
367649
367649
367649
367649
367649
367649
367649
369763
369763
369763
369763
369763
369763
369763
369763
369763
369763
369763
369763
369763
369763
369763
369763
369763
369763
369763
369763
370305
370305
370305
370305
370305
370305
370305
370305
370305
371905
371905
371905
371905
371905
371905
371905
371905
371905
371905
371905
371905
374771
374771
374771
374771
374771
374771
374771
374771
374771
374771
374771
374771
374771
374771
374771
374771
374771
374771
374771
375170
375170
375170
375170
375170
375170
375170
375170
375170
375170
375170
375170
375170
375170
375170
375170
375170
375170
375170
375170
376135
376135
376135
376135
376135
376135
376135
376135
376135
376135
376135
376135
376135
376135
376135
376135
376135
376135
376328
376328
376328
376328
376328
376328
376328
376328
377103
377103
377103
377103
377103
377103
377103
377103
377103
377450
377450
377450
377450
377450
377450
377450
377450
377450
377450
377450
377450
377450
377524
377524
377524
377524
377524
377524
377524
377524
377524
377524
379024
379024
379024
379024
379024
379024
379024
379024
379024
379024
379024
379024
381660
381660
381660
381660
381660
381660
381660
381660
381660
382324
382324
382324
382324
382324
382324
382932
382932
382932
382932
382932
382932
382932
382932
382932
382932
382932
382932
382932
382932
382932
384210
384210
384210
384210
384210
384210
384210
384210
384210
384210
384210
384210
384210
384210
384210
384210
384210
384210
384210
387299
387299
388771
388771
388771
388771
388771
388771
388771
389197
389197
389197
389197
389197
389197
389197
389386
389386
389386
389386
389401
389401
389401
389401
389401
389401
389401
389401
389401
389401
389401
389401
389401
389458
389458
389458
389458
389458
390413
390413
390413
390413
390413
390413
390413
390413
390413
390413
390413
390413
393345
393345
393345
393345
393345
393345
393345
393345
393345
393381
393381
393381
393381
393381
393381
393381
393381
393381
393381
393650
393650
393650
393650
393650
393650
393650
393650
393650
393650
393650
393650
393650
393650
393650
393650
393650
393650
393650
394541
394541
394583
394583
394583
394583
394583
394583
394583
395248
395248
395248
395248
395248
395248
395248
395248
395261
395261
395261
395261
395261
395261
395261
395261
395261
395261
395261
395261
395561
395561
395561
395950
395950
395950
395950
395950
395950
395950
395950
395950
395950
395950
395950
395950
395950
395950
395950
395950
395950
395950
397471
397471
397471
397471
397471
399826
399826
399826
399826
399826
399826
399826
399826
400344
400344
400344
400344
400344
400344
400344
400344
400344
400344
400344
400344
400344
400344
401339
401339
401339
401339
402156
402156
402156
402156
404294
404294
404294
404294
404294
404294
404294
404922
404922
404922
404922
404922
404922
404922
404922
404922
404922
404922
404922
404922
404922
404922
404922
404922
404922
404922
404922
405573
405573
405573
405573
405573
405573
405573
405573
405573
405805
405805
405805
405805
405805
405805
405805
405805
405805
405805
405805
405805
405805
406493
406493
406493
406493
406493
406493
406493
406596
406596
406596
406596
406596
406596
406596
406800
406800
406800
406800
408857
408857
411428
411428
411428
411428
411428
411428
411428
411428
411428
411428
411428
412402
412402
412402
412402
412970
412970
412970
412970
412970
412970
412970
412970
412970
412970
412970
412970
413652
413652
413652
413652
413652
413652
414190
414190
414190
414190
414190
414190
414190
414190
414190
414190
414190
415499
415499
415499
415499
415499
415595
415595
415595
415595
415595
415595
415595
415595
415595
415595
415595
417285
417285
417285
417285
417285
417285
417285
417285
417285
417285
417285
417285
417285
417285
417285
417285
417285
417285
417285
417285
418646
418646
418646
418646
418646
418646
418646
418646
418646
418646
418646
418646
418646
418646
418646
418646
419607
419607
419995
419995
419995
419995
419995
419995
419995
419995
419995
419995
419995
419995
420093
420093
420093
420093
420093
420093
420093
420093
420093
420093
420093
420093
420093
420093
421296
421296
421296
421296
421296
421296
421296
421296
421296
421296
421296
421296
421296
421296
421296
421296
422387
422387
422387
422387
422387
422387
422387
422387
422387
422387
422387
422387
422387
422387
422387
422387
422387
423588
423588
423588
423588
423588
423588
423588
423588
423588
423588
423588
423588
423588
423588
423588
423588
423588
423588
424855
424855
424855
424855
424855
424855
424855
424855
424855
424855
424855
424855
424855
424855
424855
424855
424855
424855
424855
424855
425977
425977
425977
425977
425977
425977
425977
425977
425977
425989
425989
425989
425989
425989
425989
425989
425989
425989
425989
425989
425989
425989
425989
425989
425989
425989
425989
426499
426499
426499
426499
426499
426499
426499
426499
426499
426499
426499
426499
426499
426499
426499
426499
426499
426499
426499
426925
426925
428514
428514
428514
428514
428514
428514
428514
428514
428514
428514
428974
428974
428974
428974
428974
428974
431628
431628
431628
431628
431628
431628
431628
431628
431628
431628
431628
431628
431628
431628
431628
431628
431628
431628
431628
431688
431836
431836
431836
431836
431836
431836
431836
431836
431836
431836
431836
431836
431836
431836
431836
431864
431864
431864
431864
432823
432823
432823
432823
432823
432823
432823
434010
434010
434010
434010
434010
434010
434010
434010
434104
434104
434104
434410
434410
434410
434410
434410
434410
434410
434410
434410
434410
434410
434410
434410
434410
434410
434410
434410
435563
435563
435563
435563
435563
435563
435563
435563
435563
435563
435563
435563
435563
436463
436463
436463
436463
436463
436463
436463
436463
436463
436463
436463
437246
437246
437246
437246
437246
437246
437246
437246
437246
437246
437246
437246
437246
437246
437246
437246
437246
437246
437246
437246
437661
437661
437661
437661
437661
437661
437661
437661
437661
437661
437661
437661
437661
437661
437711
437711
437711
437711
437711
437711
437711
437711
437711
437711
437711
438136
438136
438136
438136
438136
438136
438136
438136
438136
438136
438136
438136
438136
438136
438136
438136
438136
442517
442517
442517
442517
442517
442517
442517
442517
442517
442517
442517
443550
443550
443550
443550
443550
443550
443550
443550
443550
443550
443550
443550
443550
443550
443550
443550
443550
443550
443550
443550
444178
444178
444178
444178
444178
444689
444689
444689
444689
444689
444689
444689
444689
444689
444689
444924
444924
444924
444924
444924
445317
445317
445317
445317
445317
445317
445317
445317
445317
445317
445317
445317
445317
445317
445317
445317
445317
445598
445598
445598
445598
445598
445598
445598
445598
445598
445598
445598
445598
445598
445598
445598
445598
445967
445967
445967
446275
446275
446275
446275
446275
446275
446275
446275
448301
448301
448301
448301
448301
448301
448301
448301
448301
448301
448301
448301
448585
448585
448585
448585
448585
448897
448897
448897
448897
448897
448897
448897
449283
449283
449283
449283
449283
449283
449283
449283
449283
449283
449894
449894
449894
450692
451533
451533
451533
451533
451533
451533
451533
451533
451533
451533
451533
451533
451533
451533
451533
451533
451533
451775
451775
451775
451775
451775
451775
452571
453499
453499
453499
453499
453499
453499
453499
453499
453499
453499
453499
453499
453499
453499
453499
454515
454747
454747
454747
454747
454747
454747
454747
454747
454747
454747
454747
454747
454747
454747
454747
454747
455685
455685
455685
455685
455685
456305
456305
456305
456305
456305
456305
456305
456305
456305
456305
457310
457310
457310
457310
457310
457310
457310
457310
457310
457310
457310
457310
457310
457310
457310
457310
457556
457556
457556
457556
457556
457556
457556
457556
457556
457556
457556
457556
458300
458300
458300
458300
458300
458300
458300
458300
458300
458300
458300
458300
458300
458300
458300
458300
458347
458347
458347
458347
458347
458347
458347
458347
458347
458347
458347
458347
458347
458347
458347
458347
458347
458347
458367
458367
458367
458367
458367
458367
458367
458367
458367
458464
458464
458464
458464
458464
458464
458464
458464
458464
459960
459960
459960
459960
459960
459960
459960
463083
463083
463083
463083
463083
463083
463083
463083
463083
463083
463083
463083
463083
463083
463083
463083
463083
463083
463583
463583
463583
463583
463583
463583
463960
463960
463960
463960
463960
463960
463960
463960
463960
463960
463960
463960
463960
463960
463960
463960
463960
463960
463960
463960
465598
465598
465598
465598
465598
465598
465598
465598
465598
465669
465669
465669
465669
465669
465669
467532
467532
467532
467532
468510
468510
468510
468510
468510
468510
468510
468510
468510
468510
468510
468510
468510
468510
468510
468510
468609
468609
468609
468609
468609
468609
468609
468609
468609
468609
468609
468609
468609
468609
468609
468609
469015
469015
469015
469015
469015
469015
469015
469015
469015
469015
469015
469015
469015
469015
469215
469215
469215
469215
469215
469215
469215
469589
469589
469589
469589
469589
469589
469589
469589
470278
470278
470278
470278
470278
470278
470278
470278
470278
470278
470278
470278
471252
471252
471252
471328
471328
471328
471328
471328
471328
471328
471328
471328
471328
471328
471328
471328
471453
471453
471453
471453
471453
471453
471453
471453
471453
471453
471453
471453
471453
474366
474366
474366
474366
474366
474366
474366
475628
475628
475628
475628
475628
475628
475628
475628
475628
475628
475628
475628
475628
475628
475628
475628
475674
475674
475674
475674
475674
475674
475674
475674
475674
475674
475674
475674
475674
475674
477081
477081
477081
477488
477488
477488
477488
477488
477488
477488
477488
478764
478764
478764
478764
478764
478764
478764
478764
478764
478764
478764
478764
480048
480048
480048
480048
480048
480048
480048
480048
480048
480048
480048
480048
480048
480048
480048
480048
480048
480480
480480
480480
480480
480480
480480
480480
480480
480480
480480
480480
480480
480480
480480
480480
480480
480480
480480
480480
480480
482409
482409
482409
482409
482429
482429
482429
482429
482429
482429
482429
482429
482429
482429
482429
482429
482429
482429
482742
482742
482742
482742
482742
482742
482742
482742
482742
482742
482742
482742
482742
483633
483633
483633
483985
483985
483985
483985
486554
486554
487237
487318
487318
487318
487318
487318
488157
488157
488157
488157
488157
488157
488157
488157
488157
488157
488157
488157
488157
488157
488157
491070
491070
491070
491070
491070
491070
491070
491070
491070
491070
491070
491070
491070
491070
491070
491070
491070
491070
491070
492063
492063
492063
492063
492063
492063
492063
492063
492063
492063
492063
492063
492463
492463
492604
492604
492604
492604
492604
492604
492604
492604
492604
492604
492604
492604
493697
493697
493697
493697
493697
493697
493697
493697
493697
493697
494899
494899
494899
494899
494899
494899
494899
494899
495734
495734
495734
495734
495734
495734
496026
496739
496739
496739
496739
496739
496739
496739
496739
496739
496739
496739
496739
496739
497481
497481
497481
497481
497481
497481
497481
497481
497481
499834
501605
501605
501605
501605
501605
501605
501605
501605
501605
501605
501605
501605
501605
502387
502387
502387
502387
502387
502387
502387
502387
503006
503006
503006
503006
503006
503006
503006
503006
503006
503006
503006
503006
503006
503006
503006
503006
503006
503163
504359
504359
504359
504359
504359
504359
504359
504359
504359
504359
504359
504359
504359
504359
504359
504891
504891
504891
504891
504891
504891
504891
504891
504891
504891
504891
504891
504901
504901
504901
504901
504901
504901
504901
504901
504901
505117
505117
505187
505187
506545
506545
506545
506545
506545
506545
506545
506545
506545
506545
506545
506545
506545
507017
510160
510160
510160
510160
510160
510160
510160
510160
510160
510160
510160
511357
511357
511357
511357
511357
511357
511357
511357
512060
512060
512060
512060
512060
512060
512060
512060
513065
513065
513065
513065
513065
513065
513065
513065
513065
513065
513065
513065
513065
513065
513065
513065
513065
513065
513900
513900
513900
513900
513900
513900
513900
513900
513900
513900
513900
513900
513900
513900
513900
513900
513900
514020
514020
514020
514020
514020
514020
514020
514020
514020
514020
514020
514020
514020
514265
514265
514265
514265
514265
515487
515487
515487
515487
515487
515487
515487
515487
515487
515487
515487
515487
515494
515494
515494
515494
515494
515494
515494
515494
515494
515494
516143
516143
516143
516143
516143
516143
516143
516143
516143
516143
516143
516143
516143
516143
518290
518290
518290
518290
518290
518290
518290
518290
518290
518290
518290
518290
518290
518290
518290
518290
518290
518290
518290
518290
518621
519212
519212
519212
519212
519212
519212
519212
519212
519212
519212
519212
519212
519212
519212
519212
519212
519212
519212
519402
519836
519836
519836
519836
519836
519836
519836
519836
519836
519836
519836
519836
520058
520058
520058
520058
520058
520058
520058
520058
520058
520058
520058
520058
520058
520058
520058
520058
520058
520058
520058
520058
520101
520101
520101
520101
520101
520101
520101
520101
520101
520101
520271
520271
520271
520271
520271
520271
520271
520271
520271
520271
520271
520271
520271
520271
520271
520271
520271
520271
520271
520710
520710
520710
520710
520710
520710
520710
520710
520710
520710
520710
520710
520710
520745
520745
520745
520745
520745
520745
520745
520745
520745
520745
520745
520745
520745
520745
520745
520745
520815
520815
520815
520815
520815
520898
520898
520898
520898
520898
520898
520898
520898
520898
520898
520898
520898
520898
520898
520898
520898
520898
520957
520957
520957
520957
520957
520957
520957
520957
520957
520957
520957
520957
520957
520957
520957
520957
520957
520957
520957
520957
521004
521004
521004
521004
521004
521004
521004
521004
521004
521004
521570
521570
521570
521570
521570
522192
522192
522192
522574
522574
522574
522574
522574
522574
522574
522574
522574
523244
523244
523244
523244
523244
523244
523244
523244
523244
523244
523244
523244
523244
523244
523244
523244
523636
523636
523636
523636
523636
523636
523636
523636
523636
523636
523636
523636
523636
523636
523636
523636
523636
523636
523741
523741
523741
523741
523741
523741
523741
523741
523741
523741
523741
523784
524024
524024
524024
524024
524024
524024
524024
524024
524024
524024
524024
524024
524227
524227
524227
524227
524227
524227
524227
524227
524227
524227
524227
524227
524227
524227
524227
524741
524741
524741
524741
524741
524741
526001
528710
528710
528710
528710
528710
528710
528710
528710
528710
528710
528710
528710
530778
530778
530778
530778
530778
530778
530778
530778
530778
530778
530778
530778
530778
530778
531913
531913
533287
533287
533287
533287
533287
533287
533287
533287
533287
533287
533287
533287
533287
533287
533287
533534
533534
533534
533534
533534
533534
533534
533534
533534
533534
533624
533624
534016
534016
534016
534016
534016
534016
535359
535359
535359
535359
535359
535359
535359
535359
535359
535359
535359
539220
539220
539612
539612
539612
539612
539612
539612
539612
539612
539612
539612
539612
539612
539612
539612
539612
539612
539612
539612
539894
539894
539894
539894
541153
541153
541153
541153
541153
541153
541153
541239
541239
541239
541239
541239
541239
541239
541239
541239
541239
541239
541239
541239
541239
541239
541239
541239
541239
541287
541287
541287
541287
541287
541287
541287
541287
541287
541287
541287
541287
544655
544655
544655
544655
544655
544655
544655
544655
545045
545045
545045
545045
545045
545045
545045
545182
545182
545182
545182
545182
545182
545182
545182
545182
546096
546660
546660
546660
546660
546660
546660
546660
546660
546660
546660
546660
546660
546660
546683
546683
546683
546683
546683
546683
546683
546683
546683
546683
547968
547968
548711
548711
549862
549862
549862
549862
549862
549862
549862
549862
549862
549862
550527
550527
550527
550672
550672
550672
550672
550672
550672
550672
550672
550672
550672
550672
550672
550672
550672
550672
550672
551127
551127
551127
551127
551127
551127
551127
551127
551127
551127
551127
551127
551127
551127
551127
551427
551427
554112
554112
554112
554112
554112
554112
554112
554112
554112
554112
554112
554112
554112
554112
554112
554112
554112
554112
554112
555268
555268
555268
555268
555657
555657
555657
555657
555657
555657
555657
555657
555657
555657
555657
555657
555657
555657
555657
555657
555657
555657
555869
555869
556014
556014
556014
556014
556014
556014
556014
556014
556014
556014
556014
556014
556014
556014
556014
556014
556014
556552
556552
556792
556792
556792
556792
556792
556792
556792
556792
556792
556792
556792
556792
556792
556792
556792
556792
556792
556792
556792
557957
557957
557957
557957
557957
557957
557957
557957
557957
557957
557957
557957
557957
557957
557957
557957
557957
557957
557957
558690
558690
558690
558690
558690
558690
558690
558690
558690
558690
560310
560310
560310
560310
562140
562140
562140
562140
562140
562140
562140
562140
562140
562140
562140
562140
562140
562140
562140
563462
563462
563462
563462
563462
563462
563462
563462
563462
563462
563462
563462
563462
563462
563597
563597
563597
564981
564981
564981
564981
564981
564981
564981
564981
564981
564981
564981
565359
565359
565359
565359
565359
565359
565359
565359
565359
565359
565359
565359
565359
565465
565465
565465
565465
565465
565465
565465
565632
565632
565632
565632
565632
565632
565632
566403
566403
566403
566403
566403
566403
566403
566403
566403
566403
566403
566403
566403
566403
566403
566403
566403
566403
566403
566403
567268
567268
567268
567268
567268
567268
567268
567268
567268
567268
567268
567268
567268
567268
567268
567268
567268
567268
570622
570622
570622
570622
570622
570622
570622
570622
570622
570622
570622
570622
570622
570622
570986
570986
570986
570986
570986
570986
570986
570986
571699
571699
571699
571699
571699
572017
572017
572017
572017
573714
573714
573714
573714
573714
573714
573714
573714
573714
573714
573714
573714
573714
573714
573714
573714
573714
573714
573714
573714
574455
574455
574455
574455
574455
574455
574455
574455
574455
574455
574455
574455
574455
574455
574455
574455
574455
574455
574455
574455
575920
575920
575920
575920
575920
575920
575920
575920
575920
575920
575920
575920
575920
577722
577722
577722
577722
577778
577778
577778
577778
577778
577778
577778
577778
577778
577778
577778
577778
577778
577778
577778
577778
577959
577959
577959
577959
577959
577959
577959
577959
577959
577959
577959
577959
577959
577959
577959
578377
578542
578542
578542
578542
578542
578542
578542
578542
578542
578542
578542
578542
578542
578542
578660
578660
578660
578660
579258
579258
579258
579258
579258
579258
579258
579258
579804
579804
579804
579804
579804
579976
579976
579976
579976
579976
579976
579976
579976
579976
579976
579976
579976
579976
579976
579976
579976
580153
580153
580153
580153
580153
580153
580153
580153
580153
580153
580153
580153
581226
581226
581226
581226
581460
581460
581460
581460
581460
581460
581460
581460
581460
581460
581460
581514
581514
581514
581514
581514
581514
581514
581514
581514
581514
581514
581514
581514
581514
581514
581514
581514
581514
581514
581514
581573
581573
581573
581573
582552
582552
582552
582552
582552
582552
582552
582552
582552
582552
582552
582552
582552
582552
582552
582552
582552
582718
582718
583104
583104
583104
583528
583528
583528
583528
583528
583528
583528
583528
583555
583555
583555
584230
584230
584230
584230
584230
584230
584230
584230
584230
584230
586155
586155
586155
586155
586155
586155
586155
586155
586155
586155
586155
586155
586155
586155
586155
586155
587116
587116
587116
587116
587116
587116
587116
587116
587116
587116
587116
587116
587116
588300
588300
588300
588300
588300
588300
588300
588300
588300
588300
588300
588300
588300
589954
589954
589954
589969
589969
589969
589969
589969
589969
589969
589969
589969
589969
589969
589969
589969
589969
589969
589969
589969
589969
589969
590203
590203
590203
590203
590203
590657
590657
590657
590657
590657
592614
592614
592614
592614
592614
592614
592614
592614
592614
592614
592614
592614
592614
593212
593212
593212
593212
593212
593212
593212
594666
594666
594666
594666
594666
594666
594666
594666
594666
594666
594666
594666
594666
594666
594666
594666
594666
594666
594666
594771
594771
594771
594771
594771
594771
594771
594771
594771
594771
594771
594771
594771
594771
594771
594771
594771
595743
595743
595743
595743
595743
595743
596488
596488
596488
596488
596488
596488
596488
596488
596488
596488
596488
596488
596488
596488
596488
598189
598189
598189
598189
598189
598189
598189
598189
598189
598189
598189
598189
598189
598189
598189
598189
598189
598189
598605
598605
598605
598605
598605
598605
598769
598769
598769
598769
598769
598769
598769
598769
598769
598769
598769
599798
599798
599798
599798
599798
599798
599798
599798
599798
599798
599798
599798
599798
599798
599798
599798
599798
600565
600565
600565
600565
600565
600565
600565
600565
600565
600565
600565
600565
600565
600565
600565
600565
600565
601439
601439
601439
601439
602598
602598
602598
602598
602598
602598
602598
602598
602598
602598
602598
602598
602598
602598
602598
602598
604567
604567
604567
604567
604567
604567
604567
604567
604567
604567
604567
604567
604567
604567
604567
604567
606027
606027
606027
606027
606027
606027
606027
606045
606045
606045
606045
606045
606045
606045
606045
606045
606045
606045
606045
606045
606045
606045
606045
606071
606071
606071
606071
606071
606216
606216
606216
606216
606216
606216
606216
606216
606216
606216
606216
606216
606216
606216
606462
606462
606462
606462
606462
606462
606462
606462
606462
606462
606462
606462
606462
606462
606462
606462
606915
607434
607434
607434
607434
607434
607434
607434
607434
607434
607434
607434
607434
607434
607434
607434
607802
607802
607802
607802
607802
607802
607802
607802
607802
607802
607802
607802
607802
607802
609324
609324
609324
609324
610372
610372
610372
610372
610372
610372
610372
610372
610372
610372
610372
610372
610372
610857
610857
610857
610857
610857
610857
610857
610857
610857
610857
610857
610857
610857
610857
610857
610857
610857
611093
611093
611093
611093
611093
611093
612028
612028
612028
612028
612028
612028
612028
612028
612028
612028
612028
612028
612028
612028
612028
612028
612028
613470
613470
613470
613470
613470
613470
613470
613470
613470
613470
613470
613470
613470
613470
613470
613470
613470
613470
613470
613470
614655
614655
614655
614655
614655
614655
614655
614655
614655
614655
614655
614655
614655
614655
615502
615502
615502
615502
615502
615502
615502
615502
615502
615502
615502
616576
616576
616576
616576
616576
616576
616576
616576
616576
616576
616576
616576
616576
616576
616576
616576
616576
616576
616576
617343
617343
617343
617343
617343
617343
617343
617343
617343
617343
617343
617343
617343
617343
617343
617343
617348
617348
617348
617348
617348
617348
617348
617348
617348
617348
617348
618394
618394
618394
618394
618394
619213
619213
619213
619213
619213
619265
619265
619265
619265
619265
619265
619265
619265
619265
619265
619265
619265
619265
619265
619265
619265
619645
619645
619645
619645
619645
619645
620223
620223
620223
620223
620223
620223
620223
620223
620223
620223
620223
620223
620223
620223
620223
620223
620223
620223
620223
620737
620737
620737
620737
620737
620737
620737
620737
620737
620737
620737
620737
620737
620737
620737
620737
620737
620737
620737
620841
620841
620841
620841
620841
620841
620841
620841
620841
620841
620841
620841
620841
620841
620841
620841
620841
621719
621719
621719
621719
621719
621719
621719
621719
621719
621719
621719
621719
621719
621719
621719
621719
621719
621719
621719
621719
622073
622073
622073
622073
622073
622073
622073
622073
622073
622073
622073
622073
622073
622073
622073
622073
622073
622073
622626
622626
622626
622626
622626
622626
622626
622626
622626
622626
622626
622626
622626
622626
622626
622747
622747
622747
622747
622747
622747
622747
622747
622747
622747
622747
622747
622747
622747
622747
622747
622747
623860
623860
623860
624752
624752
624752
624752
624752
624752
624752
624752
624752
624752
624752
624757
624757
624757
624757
624757
624757
624757
624757
624757
624757
624757
625840
625840
625840
625840
625840
625840
625840
625840
625840
625840
625840
625840
625840
625840
625840
627487
627487
627487
627487
628271
628271
628271
628271
628271
628271
628271
628271
628271
628271
629105
629105
629105
629105
629105
629105
629105
629105
629105
629105
629105
629105
629105
629105
629105
629105
629105
629933
629933
629933
629933
629933
629933
629933
629933
630688
630688
630688
630688
630688
630688
630688
630688
630688
630688
630688
630688
630688
630688
630688
631268
631268
631268
631268
631268
631268
631268
631268
631268
631268
631268
631268
631268
631268
631268
631663
631663
631663
631663
631663
631663
632042
632042
632042
632042
632042
632042
632042
632042
632344
632344
632344
632344
632344
632344
632344
632344
632344
633279
633524
633924
633924
633924
633924
633924
633924
633924
633924
634413
634413
634413
634413
634413
634413
634413
634413
634413
634413
634413
634413
634413
634413
634413
634413
634413
634413
634413
636247
636247
636247
636247
636247
636247
636247
636247
636247
636247
636247
636247
636247
636774
636774
636774
636774
636774
636774
636774
636774
636774
636774
636774
636774
636774
636774
636774
638049
638049
638049
638049
638049
638049
638049
638049
638049
638049
638049
638049
638049
638049
638049
638049
638049
638049
638049
638811
638811
638811
638811
639568
639568
639568
639568
639568
639568
639568
639568
639568
639568
639568
639568
639568
639568
639568
639568
639568
639568
639856
639856
639856
639856
639856
641187
641187
641187
641187
641187
641187
641187
641187
641187
641187
641187
641187
641187
641187
641187
641187
641351
641351
641351
641351
641351
641351
641351
641351
641351
641351
641351
641351
641351
641351
641351
641351
641351
641666
641666
641666
641666
641666
641875
641875
641875
641875
641875
641875
641875
641875
641875
641875
642762
642762
642762
642762
642762
642762
642762
642762
642762
642762
642762
642762
642762
643664
643664
643664
643664
643664
643664
643664
645101
645101
645101
645101
645101
645101
645101
645101
645101
645101
645101
645101
645101
645101
645550
645550
645550
645550
645550
645550
645550
645550
645550
645550
645550
645550
645550
645550
645550
645550
649007
649007
649007
649007
649007
649007
649007
649007
649007
649007
649007
649007
649444
649444
649444
649444
649444
649444
649444
649444
649444
649444
649444
649631
649631
649631
649631
650584
650584
650584
650584
650584
650584
650584
650584
650584
650584
650846
650846
650846
650846
650846
651042
651042
651042
651042
651042
651042
651042
651042
651042
651042
651042
651042
652033
652033
652033
652033
652033
652033
652033
652033
652033
652033
652033
652033
652033
652033
652278
652278
652278
652278
652278
652278
652278
652278
652278
652278
652278
652278
652278
652278
652278
653094
653634
653634
653634
653634
653634
653634
653634
653634
653634
653634
653634
653634
653634
654008
654008
654008
654008
654008
654008
654008
654008
654008
654008
654008
654008
654008
654008
654008
654008
657670
657670
657670
657670
657670
657670
657670
657670
657670
657670
657670
657670
657670
657670
658852
658852
658852
658852
658852
658852
658852
658852
658852
658852
658931
658931
659109
659109
659109
659109
659109
659109
659109
659795
659795
659795
659795
659795
659795
659795
659795
659795
659795
659795
659795
659795
659795
660805
660805
660805
660805
660805
660805
660805
660805
660805
660805
660805
660805
660805
660805
660805
660805
660805
662191
662191
662191
662191
662191
662191
662209
662586
662586
662586
662586
662586
662586
664191
664191
664191
664191
664191
664191
664191
664191
664191
664191
664191
664191
664191
664191
664191
664191
664191
664191
664191
665243
665243
665243
665243
665243
665243
665243
665243
665243
665243
665243
665243
665243
665243
665243
665243
665243
665243
665243
665243
665402
665402
665402
665402
665402
665402
665402
665402
665402
665402
665402
665402
665402
665402
665797
665797
665797
665797
665797
665797
665797
665797
665797
665797
665797
665797
665797
665797
666065
666065
666065
666065
666065
666065
666065
666065
666065
666065
666065
666065
666065
666065
666417
666417
666417
666417
666417
666417
666417
666417
666417
666417
666417
666417
666417
666417
666417
666417
666417
666417
666417
666417
667505
667505
667505
667505
667505
667505
667505
667505
667505
668333
668333
668333
668333
668333
668333
668333
669204
669204
669204
669204
669204
669204
669204
669204
669204
669204
669204
669204
669204
669204
669229
669229
669229
669229
669229
669229
669229
669229
669229
669229
669229
669229
669229
669229
669229
669229
669229
669229
669229
669229
669608
669608
669608
669608
669608
669608
669608
669608
669608
669608
669608
669608
669608
669608
669608
669608
669608
669989
669989
669989
669989
669989
669989
669989
669989
669989
669989
669989
669989
669989
669989
669989
669989
671152
671152
671152
671152
671152
671152
671152
671152
671152
671267
671267
671267
671267
671267
672927
672927
672927
672927
672927
672927
672927
675101
675101
675101
675101
675101
675101
675101
675101
675101
675101
675101
675101
675101
675101
675101
675101
675101
675101
675195
675195
675195
675195
675195
675195
675195
675195
677532
677532
677532
677532
677532
677532
677532
677532
677532
677532
677532
677532
677532
677532
677532
677734
677734
677734
677734
677734
677734
677734
677734
677734
677734
678327
678327
678327
678327
678327
678327
679323
679323
679323
679965
679965
679965
679965
679965
679965
679965
679965
679965
679965
679965
679965
679965
679965
679965
679965
679965
679965
679965
680898
680898
680898
680898
681636
681636
681636
681636
681636
681636
681636
681637
681637
681637
681637
681637
681707
681707
681707
681707
681707
681707
681707
681707
681707
681707
681707
681707
681707
681707
681707
682766
682766
682766
682816
683475
683475
683475
683475
683475
683475
683475
683475
683475
683475
683475
683676
683676
683676
683676
683676
683676
683676
683676
683676
683676
684206
684206
684206
684206
684206
684206
684206
684206
684206
684206
684206
684272
684272
684272
684272
684272
684272
684272
684272
684272
684272
684272
684272
684272
684272
684272
684272
684272
684332
684332
684332
684332
684332
684332
684332
684332
684332
684332
684332
684332
684332
684332
684581
684581
684581
684581
684581
684581
684581
684669
684669
684669
684669
684669
684669
684669
684669
684669
684669
684669
684669
684669
684669
684669
684669
684783
684783
684783
684783
684783
684783
684783
684783
684783
684783
684783
684783
684783
684783
684783
684783
684783
685481
685481
685481
685481
685481
685481
685481
685481
686524
686524
686524
686524
686524
686524
686884
686884
686884
686884
686884
686884
686884
686884
686884
686884
686884
686884
686884
686884
686884
686884
686884
686884
686884
688624
688624
688624
688624
688624
688624
688624
688624
688624
688624
688624
688624
689848
689961
689961
689961
689961
689961
689961
689961
689961
689961
689961
689961
689961
689961
689961
689961
689961
689961
689961
690320
690320
690320
690320
690320
690320
690320
690320
690320
690320
690320
690320
690320
690320
690320
691154
691154
691154
691154
691154
691154
691154
691154
691154
691154
691154
691154
691154
691154
691154
691154
691154
691154
691154
691307
691307
691307
691307
691307
691307
691307
691307
691812
691812
691812
691812
691812
691812
691812
691812
691812
691812
691812
691812
691812
691812
691812
691812
691812
692716
692779
692857
692857
692857
692857
692857
692857
692857
692857
692857
692857
692857
692857
692857
692857
692857
692857
692857
693648
693648
693648
693648
693648
693648
693648
693648
693648
693648
693648
693648
693648
693648
693648
693648
695151
695151
695151
695151
695151
695151
695151
695151
695151
695151
695151
695151
695491
695491
695491
695491
695491
695491
695491
695491
695491
695491
695491
695491
697871
697871
697871
697871
697871
697871
697871
697986
697986
697986
697986
697986
699369
699369
699369
699369
699369
699369
699369
699369
699369
699369
699369
699369
700646
700646
700646
700646
700646
700646
700646
700760
700760
700760
700760
700760
700760
700760
700760
700760
700760
700760
700760
700760
700760
700944
700944
700944
700944
700944
700944
700944
700944
700944
700944
700944
700944
700944
700944
700944
700944
700944
700944
700944
701227
701227
701227
701227
701227
701227
701227
701227
701227
701227
701227
701227
701227
701227
701227
701543
701543
701543
701543
701543
701543
701543
701968
701968
701968
701968
701968
701968
701968
701968
701968
701968
701968
701968
701968
701968
701968
701968
701968
702639
702639
702639
702639
702639
702711
702711
702711
702711
702711
702711
702936
702936
702936
702936
702936
703085
703085
703085
703085
703085
703085
703085
703085
703085
703085
703085
703085
703085
703085
703085
703085
704013
704013
704013
704013
704013
704013
704013
704013
704013
704013
704013
704013
704368
704368
704368
704368
704368
704368
704368
704368
704368
704368
706041
706041
706041
706041
706041
706041
706041
706041
706041
706041
706041
706041
706041
706041
706041
706041
706041
706557
706557
706557
706557
706557
706557
706557
706557
706557
706557
706557
706557
706557
706557
706557
706557
706557
706557
706557
706557
708634
708634
708944
708944
708944
708944
708944
708944
708944
708944
708944
708944
708944
709889
709889
709889
709889
709889
709889
709889
709889
709889
709889
709889
709889
710397
710397
710397
710397
710397
710397
710397
710397
710397
710397
710397
710397
710397
710397
710397
710397
710802
710802
710802
710802
710802
710802
710802
710802
710802
710802
710802
710802
710802
711284
711284
712000
712000
712000
712000
712000
712000
712000
712000
712000
712000
714631
714631
714631
714631
714631
714631
714631
715693
715693
715693
715693
715693
715693
717009
717009
717009
717009
717009
717009
717009
717009
717009
717009
717891
717891
717891
717891
717891
717891
717891
717891
717891
717891
717891
717891
717891
717891
717891
717891
717891
718727
718727
718727
718727
718727
718727
718727
718727
718727
718727
718727
718727
718727
718727
718727
718727
718727
718727
718727
719490
719490
719490
719490
719490
719490
719490
720351
720351
720351
720351
720351
721538
721538
721538
721638
721638
721638
721638
721771
721771
721771
721771
721771
721771
721771
721771
721771
721771
721771
721771
721771
721821
721821
722271
722271
722271
722271
722271
722271
722271
722271
722271
722271
722271
722271
722271
722271
722271
722271
723043
723043
723043
723043
723043
723043
723043
723043
723043
723043
723043
723043
723043
723248
723248
723248
723248
723248
723248
723248
723248
723248
723248
723248
723248
723842
723842
723842
723842
723842
723842
723842
723842
723842
723842
723842
723842
723842
723842
723842
724058
724058
724058
724058
724058
724058
724058
724058
724058
724058
724058
724058
724058
724058
724058
724058
724058
724058
724058
724058
725095
725095
725095
725095
725095
725095
725095
725095
725095
725095
725356
725356
725356
726737
726737
726737
726737
726737
726737
726737
726737
726737
726737
726737
726737
726737
726737
728459
729205
729205
729205
729205
729205
729205
729205
729205
729205
729205
729205
729547
729547
729547
729547
729547
729547
729547
730347
730347
730347
730347
730347
730347
730347
730347
730347
730347
730347
730347
730347
730347
730347
730347
730347
730347
730772
730772
730772
731902
731902
731902
731902
731902
731902
731902
732785
732785
732785
732785
732785
732785
732785
732785
732785
732785
732785
732785
732838
732838
732838
732838
732838
732838
732838
732838
732838
732838
732838
732838
732838
732838
734583
734583
734583
734583
734583
734583
734583
734583
734583
734941
734941
735106
735106
735106
735106
735106
735106
735106
735106
735106
735106
735106
735106
735106
735106
735106
736381
736381
736381
736381
736381
736381
736381
736381
740148
740148
740542
740542
740542
740542
740542
740542
740542
740542
740542
740671
740671
740671
740671
740671
740671
741430
741430
741430
741430
741430
741430
742188
742188
742188
742188
742188
742188
742188
742188
742188
742188
742188
742188
742188
743752
743752
743752
743752
743752
743752
743752
743752
743752
743752
743752
743752
743752
743752
743752
743752
743752
746445
746445
746445
746445
746445
746445
746445
746445
746445
746445
746445
746594
746594
746594
746594
746594
746594
746594
746594
746594
746594
746594
746594
746672
746672
746672
746672
746672
746672
746672
746672
746672
746672
746672
746672
746672
746672
746672
746672
746672
746672
746672
748693
748693
748693
748693
748693
748693
748693
748693
748693
748693
748693
748693
748693
748693
748693
748693
748693
748972
748972
748972
748972
748972
748972
748972
748972
750182
750182
750295
750295
750295
750295
750295
750295
750295
750295
750295
750295
750295
750295
750295
750295
750295
750519
750519
750519
750519
750519
750519
750519
751195
751195
751195
751195
751195
751195
751195
751195
751195
751195
751195
751195
751195
751195
751195
751195
751195
751760
751760
751760
751760
751760
752036
752036
752036
752036
752036
752036
752036
752036
752036
752036
752036
752036
752036
752036
752036
752036
752036
752036
752036
752625
752625
757502
757502
757502
757502
757502
757502
757502
757502
757502
757502
757502
757502
757502
757502
757502
757502
757795
757795
757795
757795
757795
757795
757795
757795
757795
757795
757795
757795
757795
757795
757795
757795
757795
758681
758681
758681
758681
758681
758681
758681
758681
758681
758681
758681
758681
758681
758681
758681
758681
758681
759628
759628
759628
759628
759628
759628
759628
759628
759628
759628
759628
759628
759628
759944
759944
759944
759944
759944
759944
759944
759944
759944
759944
759944
759944
759944
760956
760956
760956
761403
761403
761403
761403
761403
761403
761403
761403
761403
761403
761403
761403
761403
761403
761403
761403
761403
763417
763417
764440
764440
764440
764440
764440
764440
764440
764440
764440
764440
764440
764440
764440
764440
764440
764440
764440
765859
765859
765859
766254
766254
766254
766254
766254
766254
766254
766254
766254
766254
766254
766254
766254
766254
766254
766254
766254
766254
766403
766403
766403
766403
766403
766403
766403
766403
766403
766403
769181
769181
769181
769181
769181
769181
769181
769181
769181
769181
769181
769181
769181
769390
769390
769390
769655
769655
769655
769655
769655
769655
769655
769655
769655
769655
769655
770870
770870
770870
770870
770870
770870
770870
770934
770934
770934
770934
770934
770934
770934
770934
770934
770934
770934
770934
770934
770934
770934
770934
770934
770934
770934
770934
771804
771804
771804
771804
771804
771804
771804
771804
771804
771804
771804
771804
771804
771804
771804
771804
772924
772924
772924
772924
772924
772924
772924
773171
775297
775297
775297
775297
775297
775297
775297
775297
775297
775297
775297
775297
775297
775297
775525
775525
775525
775525
776172
776172
776172
776172
776172
776172
776172
776172
776172
776172
776172
776172
776172
776172
776172
776172
776172
776172
776172
776172
776302
776302
776302
776302
776302
776302
776302
776412
776412
776412
776412
776412
776412
776412
776412
776412
776412
776412
776412
776412
776412
776412
777287
777287
777287
777287
777287
777287
777287
777287
777287
777374
777374
777374
777374
777374
777374
777374
777374
777374
777374
777374
777374
777374
777374
777374
777374
777374
777766
777766
777766
777766
777766
777766
777766
777766
777766
777766
777766
777766
777970
777970
777970
777970
777970
777970
777970
777970
777970
777970
777970
777970
777970
777970
777970
777970
777970
777970
777970
778198
778198
778198
778198
778198
778198
778198
778198
778198
778198
778198
778198
778198
778198
778198
778198
778763
778763
778763
778763
778763
778763
778763
778763
778763
778763
778763
778763
778763
778763
778763
778763
778763
778763
779726
779726
779726
779726
779726
779726
779726
779726
779726
779726
781067
781067
781067
781067
781067
781067
781067
781067
781067
781673
781673
781673
781673
781673
781673
781673
781673
781673
781673
781673
781673
781673
781673
781673
781673
781673
781850
781850
781850
781850
782649
782649
782649
782649
782649
782649
782649
782649
782649
782649
782649
782649
782649
782786
782786
782786
782786
782786
782786
782786
782786
782786
782786
782786
782786
783369
783369
783369
783369
783369
783369
783369
783369
783369
783369
783369
783369
783369
783369
784114
784114
784114
784114
784114
784114
784114
784114
784114
784114
784114
784114
784114
784114
784114
784289
784289
784289
784289
784289
786688
786688
786688
786688
786688
786688
786688
786688
786932
786932
786932
786932
786932
786932
786932
786932
786932
786932
786932
786932
786932
786932
786932
786932
786932
786932
786932
786932
787148
788364
788364
788364
788364
788364
788364
788364
788364
788571
789260
789260
789260
789260
789260
790285
790285
790285
790285
790285
790306
790306
790306
790306
790306
790306
790306
790306
790306
790306
790306
790306
790346
790346
790346
790346
790346
790346
790346
790346
790346
790346
790346
790346
790346
790346
790346
790346
790346
790346
791085
791085
791085
791085
791085
791085
791085
791085
791085
791085
791085
791085
791085
791085
791918
791918
791918
791918
791918
791918
791918
791918
791918
791918
791918
791918
791918
791918
791918
791918
791918
792807
792807
792807
792807
792807
793379
793379
793379
793379
793379
793379
793379
793379
793379
793379
793379
793379
793379
793379
794282
796141
796141
796141
796141
796141
796141
797200
797200
797200
797200
797200
797200
797200
797200
797200
797200
797200
797200
797200
797651
798663
798663
798663
798663
798663
798663
798663
798663
798663
798663
798663
798663
799430
799430
799430
799430
799430
799469
799469
799469
799469
799618
799618
799618
799618
799618
801105
801105
801105
801105
801105
801105
801105
801105
801105
801105
801105
801287
801287
801287
801287
801287
801287
801287
801287
801287
801287
801287
801287
801287
801287
801287
801287
802314
802314
802314
802314
802314
802314
802314
802314
802314
802811
802811
802811
802925
802925
802925
802925
802925
802925
802925
802925
802925
802925
802925
802925
802925
802925
802925
802925
802925
802925
802925
802925
803159
803159
803159
803159
803159
803159
803159
803159
803159
803159
803159
803159
803159
803159
803159
803159
803159
804629
804629
804629
804629
804629
804629
804629
804629
804629
804629
804629
804629
804629
804629
804629
804778
804778
804778
804778
804778
809307
809307
809459
809459
809459
809459
809459
809459
809459
809459
809590
809590
809590
809590
809590
809768
809768
809768
809768
809768
809768
809768
809768
809768
812023
812023
812023
812023
812023
812023
812023
812023
812023
812023
812023
812023
812023
812023
812023
812023
812221
812221
812221
812221
812221
812221
812221
812221
812221
812221
813561
813561
813561
813561
813561
813561
813561
813561
813561
813561
813561
813561
813561
813561
813561
813561
813561
813860
813860
813860
813860
813860
813860
813860
813860
813860
813860
813860
813860
813860
813860
813860
813860
813860
813860
813860
816126
816126
816126
816126
816126
816126
816126
816126
816126
816126
816126
816126
816126
816126
816126
816163
816163
816163
816163
816207
816207
816207
816207
816207
816207
816207
816207
817198
817198
817198
817198
817198
817198
817198
817198
817198
817198
817198
817198
817198
817198
817198
817198
817198
817198
817198
817724
817724
817724
817724
817724
817724
817724
817724
817724
817724
817724
818554
818554
818554
818554
818554
818554
818554
818554
818554
818554
818554
818554
818554
818987
818987
818987
818987
818987
818987
818987
819628
819628
819628
819628
819628
819628
819628
819628
819628
824785
824785
824785
824785
824785
824785
824785
824785
824785
824785
824785
824785
824972
824972
824972
824972
824972
824972
824972
825339
825339
825339
825339
827852
827852
827852
827852
827852
827852
827852
827852
827852
827852
827852
827852
827852
827852
827852
827852
827852
827852
827852
827852
827986
828781
828781
829188
829188
829188
829188
829188
829188
829188
829188
829188
829188
829188
829188
829188
829188
829188
829188
829188
829188
829188
829188
829783
829783
829783
829783
829783
829783
829783
829783
829783
829783
829783
829783
829783
829783
829783
829783
830186
830186
830186
830702
830702
830702
830702
830702
830702
830702
830702
830702
830702
830702
830702
830702
830702
830702
830702
830702
830777
830777
830777
830777
830777
830777
830777
830777
830777
830777
830777
830777
830777
830777
830777
830777
830777
830777
830777
831803
831803
831803
831803
831803
831803
831803
831803
832790
833931
833931
833931
833931
833931
833931
833931
833931
833931
833931
833931
833931
834472
834472
834472
834472
836477
836477
836477
836477
836477
836477
836477
836477
836477
836477
836477
836477
836477
836477
836477
836703
836703
836703
836703
836703
836703
836703
836703
836703
836703
836703
836703
836703
836703
836703
836703
836703
836703
836703
836703
837684
837684
837684
837684
837684
837684
837684
837684
837684
837684
837684
837684
837684
837684
837684
837684
838714
838714
838714
838714
838714
838714
838714
838714
838714
838714
838714
838714
838714
838714
838714
838714
838714
838714
838714
838714
840031
840031
840031
840031
840031
840031
840031
840031
840031
840031
840031
840031
840031
840031
840186
840186
840186
840186
840186
840186
840186
840186
840186
840292
840292
840292
840292
840292
840292
840292
840292
840292
840292
840292
840438
840438
840438
840438
840438
840438
840438
841215
841215
841215
841215
841215
842269
842269
842269
842269
842269
842269
842269
842269
842269
842269
842269
842269
842269
842269
842269
842269
842269
842269
842269
842269
843634
843634
843634
843634
843634
843634
843634
843634
843634
843634
843634
843634
843634
843634
844125
844125
844125
844125
844125
844125
844125
844125
844125
844125
844940
844940
844940
844940
844940
844940
844940
844940
844940
844940
844940
844940
844940
844940
844940
844940
844991
844991
844991
844991
844991
844991
844991
844991
845195
845195
845195
845319
845319
845319
845319
845319
845319
845319
845430
845430
845430
845430
845430
845430
845430
845430
845430
845430
845430
845430
845430
845430
845430
845430
845430
845430
845750
845750
845750
845750
845750
845750
845750
845750
845750
845750
845750
845750
845750
848649
848649
848649
848649
848649
848649
848649
848649
848649
848649
848649
848649
848649
848649
848649
848649
848649
848649
848649
848955
848955
848955
848955
848955
848955
848955
848955
848955
848955
848955
848955
848955
850185
850185
850185
850185
850185
850185
850185
850185
850185
852753
852753
852753
852904
852904
852904
852904
852904
852904
852904
852904
852904
852904
852904
852904
852904
852904
852904
852904
852904
852904
852904
852904
852979
852979
852979
852979
852979
852979
852979
852979
852979
852979
852979
852979
852979
852979
852979
852979
853885
853885
853885
853885
853885
853885
853885
853885
853885
853885
853885
853885
853885
853885
854011
854011
854011
854011
854011
854011
854011
854011
854011
854011
854011
854011
854011
854011
854011
854093
854093
854093
854093
854093
854093
854093
854093
854093
854093
854093
854093
854093
854093
855283
855327
855327
855327
855327
855327
855327
855327
855327
855327
855327
855327
855327
855327
855327
855327
855327
855327
855327
855327
855435
855435
855435
855435
855435
855435
855435
855435
855435
855435
856846
856846
856846
856846
856846
856846
856846
856846
856846
856846
856846
856846
856846
856846
856970
856970
856970
856970
856970
856970
856970
856970
856970
856970
856970
856970
856970
856970
856970
856970
856970
856970
858003
858003
858003
858003
858003
858003
858003
858003
858003
858003
858003
858003
858003
858003
858003
858003
858003
858003
858003
860276
860276
860276
860276
860276
860276
860276
860276
860276
860276
860276
860276
860276
860276
860276
861224
861224
861224
861224
861712
861712
861712
861712
861712
861712
861712
862086
862086
862086
862086
862086
862086
862086
862086
862086
862086
862086
862086
862086
862086
862086
862086
862086
862086
862086
862086
862713
862713
862713
862713
862713
862713
862713
862713
862713
862713
862713
862713
862713
862713
862713
862713
862713
863201
863201
863201
863201
863201
863201
863201
863201
863201
863201
863201
863201
863201
863201
863201
863201
863201
863201
863201
863563
863563
863563
863677
863677
863677
863677
863677
863677
863677
863677
863677
863677
863677
863677
863901
863901
863901
863901
863901
863901
863901
863901
865286
865286
865286
865286
865286
865286
865286
865286
865286
865286
865286
866063
866201
866201
866201
866201
866201
866201
866201
866201
866201
866201
866201
866201
866201
866201
866201
866201
866201
866276
867286
867286
867286
867286
867286
867286
867286
867286
867286
867286
867286
867286
867286
867353
867353
867353
867527
868120
868120
868120
868120
868120
868120
868120
868120
868120
868120
868120
868120
868120
868120
868365
868365
868365
868365
868365
868365
868365
868365
868908
868908
868908
868908
868908
870314
870314
870314
870314
870314
870314
870314
870314
870314
870314
870314
870314
871120
871120
871120
871120
871120
871120
871120
871120
871120
871120
871120
871120
871120
871120
871120
871120
871120
871235
871235
871235
871235
871235
871235
871235
871235
871235
871235
871235
871235
871235
871235
871235
871235
872425
872425
875351
875351
875351
875351
875351
875351
875351
875351
875351
875351
875351
875351
875351
875351
875351
875351
875351
875351
875351
875536
875536
875536
875536
875536
875536
875536
875536
875536
875536
875536
875536
875536
875536
875536
875536
875536
875665
875665
875665
875665
875665
875665
875665
875665
875665
875665
875665
875665
875665
875665
875915
875915
875915
875915
875915
875915
875915
875915
875915
875915
875915
875915
875915
876835
876835
876835
876835
876835
876835
876835
876835
876835
876835
876835
876835
876835
876835
876835
877142
877142
877142
877142
877142
877295
877295
877295
877295
877295
877295
877295
877295
877295
877295
877295
877295
878384
878384
878384
878452
878452
878452
878452
878452
878452
878452
878452
878452
878452
878453
878453
878453
878453
878453
878453
880585
880585
880585
880585
880585
880585
880585
880585
880585
880585
880585
880585
881409
881409
881409
881409
881409
881409
881409
881409
881409
881409
881409
881409
881409
881870
881870
881870
881870
881870
881870
881870
881870
881870
881870
881870
881870
881870
881870
881870
881870
882650
882650
882650
882650
882650
882650
882650
882650
882650
882650
882650
882650
882650
883620
883620
883620
883620
883620
883620
884485
884485
884485
884485
885515
885515
885515
885515
885515
885515
885515
885515
885515
885515
885515
885645
885645
885645
885645
885645
885645
885645
885645
885645
886006
886006
886006
886006
886006
886006
886006
886006
886006
886006
886006
886006
886006
886696
886696
886696
886696
887780
887780
887780
887780
887780
887780
887780
887780
887780
887780
887780
887780
887780
887780
887780
887780
889319
889319
889319
889319
889319
889319
889319
889319
889319
889319
889319
889319
889319
889319
889319
889438
889438
889438
889438
889438
891723
891723
891723
891723
891723
891723
891723
891723
891723
892073
892073
892073
892073
892073
892073
893090
893090
893090
893090
893090
893090
893090
893090
893090
893090
893801
893801
893801
893801
893801
893801
893801
893801
893801
893801
893801
893801
893801
893801
894768
894768
894768
894768
894768
894768
894768
894768
894768
894768
894768
894768
895698
895698
895698
895698
895698
895698
895698
895698
895698
895698
895698
895698
895698
895698
895780
895780
895780
895780
895780
895780
895780
895780
895780
895780
897955
897955
897955
897955
897955
897955
897955
897955
897955
897955
897955
898504
898504
898504
898504
898504
898504
898504
898820
898820
898820
898820
901400
901400
901400
901400
901400
901400
901400
901400
901400
901400
901400
901400
901400
901875
901875
901875
901875
901875
901875
901875
901875
901875
901875
901875
901875
901875
901875
901875
901875
901875
901875
901875
901875
904011
904011
904011
904011
904011
904011
904011
904232
904232
904232
904232
904232
904232
904232
904232
904232
904232
904232
904232
904232
904232
904328
904328
904328
904328
904328
904328
904328
904328
904328
904328
904328
904328
904328
906072
906072
906072
906072
906072
906072
906820
906820
906820
906820
906820
906820
906820
906820
906820
906820
906820
906820
906820
906820
906820
907058
907058
907058
907058
907058
907058
907058
907058
907058
907058
907058
907058
907058
907058
907058
907058
907058
908241
908241
908241
908241
908241
908241
908241
908241
908241
908241
908241
908241
908850
908850
908850
908850
909024
909024
909024
909024
909024
909024
909024
909024
909024
909024
909024
909024
909024
909024
909024
909024
909024
909024
909024
911618
911618
911618
911618
911618
911618
911618
911618
911618
911618
911618
911618
911618
911618
911618
911618
912199
912199
912199
912199
912199
912199
912199
912199
912199
912199
912199
912199
915236
915236
915236
915236
915236
915236
915236
915236
915236
915236
915236
915236
915236
915236
915236
915236
915236
915236
919318
919318
919318
919318
919318
919318
919318
919318
919318
919318
920039
920039
920039
920039
920039
920039
920039
920039
920039
920039
920039
920039
920039
920039
920039
920039
920039
920039
920039
920186
920186
920186
920186
920186
920186
920186
920186
920186
920186
920186
920234
920234
920234
920234
920234
920234
920234
920234
920234
920234
920234
920234
920234
920234
920234
920234
920234
920234
920234
920246
920246
920246
920246
920246
920246
920246
920246
920246
920246
920246
920246
921367
921367
924426
924426
924426
924426
924426
924426
924426
924426
924426
924426
924426
924426
924426
924426
924426
924426
924808
924808
924808
924808
924808
924808
924808
924808
924808
924808
924808
924808
924808
924808
924808
925582
925582
925582
925582
925582
925582
925582
925582
925582
925582
925582
925582
925582
925582
925582
925582
925582
925582
925582
925582
926171
926171
926171
926171
926171
926171
926171
926171
926171
926171
926171
926171
926171
926171
926171
926171
926171
926171
926171
928180
928180
928180
928180
928180
928180
928180
928672
928672
928672
928672
928672
928672
930278
930278
930278
930278
930278
930278
930278
930278
930278
930278
930278
930278
930278
931034
931034
931034
931034
931034
931034
931034
931034
931034
931034
931034
931034
931034
931034
931034
931034
931034
932369
932390
932390
932390
932390
932390
932390
932390
932390
932390
932390
933346
933346
933346
933346
933346
933346
933346
933346
933346
933346
933346
933346
933346
933346
933346
933346
935401
935401
935401
935401
935401
935401
935959
935959
935959
935959
935959
935959
935959
935959
935959
935959
935959
935959
935959
935959
935959
935959
935959
935959
936611
936611
936611
937088
937088
937088
937088
938868
938868
938868
938868
938868
938868
938868
938868
938868
938868
938868
938868
938868
938868
938868
939526
939526
939526
939526
939526
939526
939526
939526
939526
939526
939526
939534
939534
939534
939534
939534
939534
939534
941991
941991
941991
941991
941991
942396
942396
942543
942543
942543
942543
945182
945182
945182
945182
945182
945182
945182
945182
945182
945182
945182
945182
945182
945182
945494
945494
945494
945494
945494
945494
945494
945494
945494
945494
945494
945494
945494
945494
945494
945494
945494
945494
945494
945494
947164
947164
947164
947164
947164
947164
947164
947164
947164
947164
947164
947164
947164
947164
947164
947164
947164
947164
947164
947164
948256
948256
948256
948256
948256
948256
948256
951081
951081
951081
951081
951081
951081
951081
951081
951081
951081
951654
951654
951654
951654
951654
951654
951654
951654
951654
951654
951654
951654
951654
951654
951654
951654
951654
951654
951654
951654
951897
951897
951897
951897
951897
951897
951897
951897
951897
951897
951897
951897
951897
951897
951897
951897
951897
951897
951897
952376
952376
952376
952376
952376
952376
952376
952376
952376
952376
952376
952376
952376
952983
952983
952983
952983
952983
953235
953392
953392
953392
953392
953392
953392
953392
953392
953392
953392
953392
953392
953392
953392
953392
953392
953392
953392
953524
953524
953524
953524
953524
953524
953524
953524
953524
954020
954020
954020
954020
954332
954332
954332
954332
954332
954332
954332
954332
954332
954332
954332
954895
954895
954895
954895
954895
954895
954895
954895
956025
956025
956025
956025
956025
956025
956025
956396
956396
956396
956396
956396
956396
956396
956396
956396
956396
956396
956396
956396
956396
956396
956396
956396
956474
956474
956474
956474
956474
956474
956474
956752
956752
956752
956752
956752
956752
956752
956752
956752
958950
958950
958950
958950
958950
958950
958950
958950
958950
958950
958950
958950
958950
958950
958950
958950
958950
958950
958950
959322
959322
959322
959322
959322
959322
959322
959322
959322
960060
960060
960060
960060
960060
960060
960060
960060
960060
960060
960060
960060
960060
960060
962111
962111
962111
962111
962111
962111
962111
962111
962111
962111
962111
962111
962111
962111
962111
962111
962111
962610
962610
962610
962610
962610
962610
962610
962610
962610
962610
962878
962878
962878
962878
962878
962878
963435
963435
963435
963435
963435
963435
963435
963435
963435
963435
963797
963797
963797
963797
963797
963797
963797
963797
963797
963797
963797
963797
963797
963797
963797
963797
963797
963797
963797
964989
964989
964989
964989
964989
965796
965796
965796
965796
965796
967424
967424
967424
967814
967814
967814
967814
967814
967814
967814
967814
967814
967814
967814
967814
967814
967814
967814
967814
967942
967942
967942
967942
967942
967942
967942
967942
967942
967942
967942
967942
967942
967942
967942
967942
967942
967983
967983
967983
967983
967983
967983
967983
967983
968973
968973
968973
968973
968973
968973
968973
968973
968973
968973
968973
968973
968973
968973
968973
968973
969881
969881
969881
969881
969881
969881
969881
969881
969881
969881
970333
970333
970333
972141
972141
972141
972141
973766
973766
973766
973766
973766
973766
973766
973766
973766
973766
973766
973766
973766
973766
973766
973766
973766
973766
973766
973845
973845
973845
974959
974959
974959
974959
974959
974959
974959
974959
974959
974959
974959
974959
974959
974959
974959
974959
974959
974959
974959
975040
975040
975040
975040
975040
975040
975040
975040
975040
975487
975487
975487
975487
976010
976010
976010
976010
976010
976010
976010
976010
976010
976010
976010
976010
976010
976773
976773
976876
976876
976876
976876
976876
976876
976876
976876
976876
976876
976876
976876
976876
976876
976876
976876
976876
976893
976893
976893
976893
976893
976893
976893
976893
976893
976893
976893
976893
976893
976893
977820
977820
977820
977820
977820
977820
977820
977820
977820
977820
977820
977820
977820
977820
977820
977820
977820
977820
977820
977950
977950
977950
977950
977950
977950
977950
977950
977950
977950
977950
977950
977950
977950
977950
977950
977950
977950
977950
977950
978167
979525
979525
979525
979525
979525
979525
979525
979525
979525
979525
979525
979525
979525
979525
979525
979525
979525
979525
979525
979525
979699
979699
979699
979699
979699
979699
979699
979699
979699
979699
979699
979699
979699
980417
980807
980807
980807
980807
980807
980807
980807
980807
980807
980807
980807
980807
980807
980807
980807
980807
980807
982828
982828
982828
982828
982828
982828
982828
982828
982828
982828
982828
982828
982828
983058
983058
983058
983058
983058
983058
983058
983058
983058
983058
983058
983058
983058
983058
983058
983058
983058
983058
983058
983058
983093
983093
983093
983093
983093
983093
983093
983093
983093
983093
983721
983721
983721
983721
983721
984582
984582
984582
984582
984582
984582
984582
984582
984582
984582
984582
984582
984582
984582
984582
985324
985324
985324
985324
985324
985324
985324
985324
985324
985324
985324
985324
985324
985324
985324
985324
985324
985662
985662
985662
985662
985662
985662
985662
985662
985662
985662
985662
985662
985662
985662
985662
985662
985959
985959
985959
985959
985959
985959
985959
985959
985959
985959
985959
985959
985959
985959
985959
985959
985959
985959
985959
987381
987381
987381
987381
987381
987381
987381
987381
987381
988824
988824
988824
988824
988824
988824
988824
988824
988824
988824
988943
988943
988943
988943
988943
988943
988943
988943
988943
988943
988943
988943
988943
988943
989573
989573
989573
989778
989778
989778
989778
989778
989778
990200
990200
990200
990200
990200
990200
990200
990200
990200
990200
990200
990200
990200
990200
991046
991046
991046
991046
991697
991697
991697
991697
991697
991697
991697
991697
991697
991697
991697
991697
991697
991697
991697
991697
991697
991697
991735
991735
991735
991735
991735
991735
991735
991735
991735
991735
991735
991735
991735
991735
991735
991735
991735
991735
991735
992132
992132
992132
992132
992132
992132
992132
992132
992132
992132
992132
992132
992132
992132
992132
992132
992132
993736
993736
993736
993736
993736
993736
993736
993736
993736
993736
993816
993816
993816
993816
993816
993816
993816
993816
993816
993816
993816
994889
994889
994889
994889
994889
994889
994889
994889
994889
994889
994889
994889
994889
994889
994889
994889
994889
994889
994889
995610
995610
995610
995610
995610
995610
995610
995610
995610
995610
995610
995610
997047
997047
997047
997047
997047
997047
997047
997047
997047
997047
997047
997047
997047
997047
997047
997047
997047
997047
997047
998625
998625
998625
998625
998625
998625
998625
998625
998625
998625
998625
998625
998625
998625
998625
998625
998625
998625
998625
