10331 1500000
200238
200238
200238
200238
200249
200249
200249
200249
200249
200249
200249
200249
200249
200249
200249
200249
200249
200249
200249
200249
200249
200417
200417
200417
200832
200832
200832
200832
200832
200832
200832
200832
200859
200859
200859
200859
200859
200859
200859
200859
200859
200859
200859
200859
200859
200859
200859
200859
202750
202750
202750
202750
202750
202750
202750
202750
202750
202750
202750
202750
202750
202750
202958
202958
202958
202958
202958
202958
202958
202958
202958
202958
202958
202958
202958
202958
202958
203077
203077
203077
203077
203249
203249
203249
203249
203249
203249
204555
204555
204555
204555
204555
204555
204555
204555
204555
204555
204555
204555
204555
205277
205277
205277
205277
205277
205277
205277
205277
205277
205277
205277
205277
205277
205277
205277
205277
205277
205477
205477
205477
205477
205477
205477
205477
205477
205858
205858
205858
205858
205858
205858
205858
205858
205858
205858
205858
205858
205858
205858
205858
205858
205858
205858
206598
206598
206598
206598
206598
206598
206598
206598
206598
206598
207009
207009
207009
207009
207009
207009
207009
207009
207009
207009
207009
207009
207009
207009
207009
207009
207009
207009
207009
207009
208095
208095
208095
208095
208095
208095
208095
208095
208095
208095
208095
208095
208095
208095
209509
209509
209509
209509
209509
209509
209509
209509
209509
209509
209509
209509
209509
209509
209509
209787
209787
209787
209787
209787
209787
209787
209787
209787
209787
209787
209787
209787
209787
209787
209906
209906
209906
209906
209906
211931
211931
211931
211931
211931
211931
211931
211931
211931
211931
211931
213010
213010
213010
213010
213010
213010
213010
213010
213010
213010
213010
213035
213035
213035
213035
213035
213035
213035
213051
213656
213656
213656
213656
213656
213656
213656
213656
213656
213656
214285
214285
214285
214285
214285
214285
214285
214285
214285
214285
214285
214285
214497
214497
214497
214497
214497
214497
214497
214497
214497
214497
214497
214497
214497
216559
216559
216559
216559
216559
216559
216559
216559
216559
216559
216559
216559
216559
216560
217519
217519
217519
217519
217519
217519
217519
217519
217603
217603
217603
217603
217603
218074
218074
218074
218074
218074
218074
218074
218074
218074
218074
218074
218074
218074
219039
219039
219039
219039
220433
220433
220433
220433
221088
221088
221088
221088
221088
221088
221088
221088
221088
221088
221088
221088
221088
221088
221088
221088
221288
221288
221288
221288
221288
221288
224401
224401
224401
224401
224401
224401
224401
224401
224401
224401
224401
224401
224401
225580
225580
225580
225580
225580
225580
225580
225580
225580
225580
225580
225580
225580
225580
225580
226467
226467
226467
226467
232688
232688
232688
232688
232688
232688
232688
232688
233259
233259
233259
233259
233259
233259
233259
233259
233259
233259
233259
233259
233259
234287
234287
234287
234287
234287
234287
234287
234287
234287
234287
234287
234287
234287
234287
234287
234287
235107
235107
235107
235107
235107
235107
235107
235107
235107
235107
235107
235107
235107
235107
235107
235107
235107
235107
235107
235107
235912
235912
235912
236138
236138
236138
236138
236138
236138
238221
238221
238221
238221
238221
238221
238221
238221
238221
239337
239337
239337
239337
239337
239337
239337
239337
239337
239337
239337
239912
239912
239912
240684
240684
240684
240684
240684
240684
240684
240684
240684
240684
240684
240684
240684
240684
240684
240684
240684
240684
240684
242166
242166
242166
242166
242166
242166
242166
242166
242166
242166
242166
242166
242866
242866
242866
242985
242985
242985
242985
242985
242985
242985
242985
242985
242985
242985
242985
243681
244469
244469
244469
244469
244469
244469
244469
244469
244469
244469
244469
244469
244469
244469
244469
244469
245057
245057
245057
245057
245057
245057
245057
245057
245057
245057
245057
245338
245338
245338
245338
245338
245338
245338
245338
245338
245338
245338
245338
245338
245338
245338
245398
245398
245398
245398
245398
245398
245398
245398
245398
245398
245398
245398
245398
245398
245398
245398
245398
245613
245613
245613
245613
245613
245613
245613
245613
245613
246074
246074
246074
246074
246074
246074
246074
246074
246074
246074
246074
246074
246074
246304
246304
246304
247151
247151
247151
249474
249474
249474
249474
249474
249474
249474
249474
249474
249474
249474
249474
249474
249474
249921
249921
249921
249921
249921
249921
249921
249921
249921
249921
249921
249921
249921
249921
249921
249921
249921
249921
250402
250402
250402
250402
250432
250432
250432
250432
250432
250432
250432
250432
250432
250432
250432
250432
250432
250432
250432
250432
250432
250432
251090
251090
251090
251090
251090
251090
251090
251090
251090
251090
251090
251090
251090
251090
251090
251090
251101
251101
251101
251101
251101
251101
251101
251101
251101
251101
251101
251101
251101
251630
251630
251630
251630
251630
251630
251630
251630
251630
251630
251630
251630
252303
252303
252303
252303
252303
252303
252303
252303
252303
252303
252303
252303
252303
252303
252303
252303
252303
252303
252303
252303
252742
252742
252742
252742
252742
252742
252742
252742
252742
252742
252742
252742
252742
252742
252742
253954
253954
253954
255298
255298
255599
255599
255599
255599
255599
255599
255599
255599
255599
255599
255599
255599
255599
255599
255599
255599
255599
255599
255599
255599
257915
257915
257915
257915
257915
257915
257915
257915
260196
260196
260196
260196
260196
260196
260196
260196
260196
260196
260196
260196
260196
260196
260196
260196
260196
260196
260196
260196
261031
261031
261031
261031
261031
261031
261031
261031
261031
261031
261031
261031
261031
261031
261031
261031
261031
261031
261031
261539
261539
261539
261539
261539
261539
261539
261539
261539
261539
264558
264558
264558
264558
264558
264558
264558
264558
264558
264558
264558
264558
264558
264558
264558
264558
264558
264558
264558
264558
264714
264714
264714
264714
264714
264714
264714
264714
264714
264714
264714
264714
264714
264714
264714
264714
264714
264714
264714
266377
266377
266377
266377
266377
266377
266377
266377
266377
266377
266377
266377
267657
267657
267657
267657
267657
267657
267657
267657
267657
267657
267657
267657
267657
267657
267657
267657
267657
267657
267657
267838
267838
267838
267838
267838
267838
267838
267838
267838
267838
267838
267838
267838
267838
267838
267838
267838
267838
267838
267838
269045
269045
269045
269045
269045
269045
269045
269045
269045
269045
269045
269045
269045
269296
269296
269296
269296
269296
269296
269611
269611
269611
269611
269611
269611
269611
269611
269611
269611
269611
272716
272716
272716
272716
272716
272716
272716
272716
275187
275187
275187
275187
275187
275610
275610
275610
275610
275610
275610
275610
275610
275610
275720
275720
275720
275720
275720
275720
275720
275720
275720
275720
275720
275720
275720
275720
275720
275720
275720
275720
276157
276157
276157
276157
276157
276157
276157
276157
276157
276157
276157
276157
276157
276157
277426
277426
277426
277426
277426
277426
277426
277426
277426
277426
277426
277426
277426
277426
277426
277426
277426
278417
278417
278650
278650
278650
278650
278730
278730
278730
278730
278730
278730
278730
278730
278730
278730
278951
278951
278951
278951
278951
278951
278951
278951
278951
278951
278951
278951
278951
279363
279363
279363
279363
279363
279363
279363
279363
279363
279363
279363
279363
279363
279363
279363
280092
280092
280092
280092
280092
280092
280092
280092
280092
280092
280092
280092
280092
280092
280092
280092
280808
280808
280808
280808
280808
280808
281529
281529
281529
281529
281529
281529
281529
281529
281529
281529
281529
281529
281529
281867
281867
282267
282267
282267
282267
282373
282373
282373
282373
282373
282373
282373
282373
282373
282373
282373
282373
282373
282591
282591
282591
282591
282591
282591
282591
282591
282591
282591
283976
283976
283976
283976
283976
283976
284054
284054
284054
284054
284054
284054
284054
284054
284054
284054
284054
284054
284054
284054
284054
284054
284054
284054
284087
284087
284087
284820
284820
284820
284820
284820
284820
284820
284820
284820
284820
284820
284820
284820
284820
284820
284820
284820
284820
284826
284826
284826
284826
284826
284826
284826
284826
284826
284826
284826
284826
284826
285137
285137
285137
285137
285137
285137
285137
285137
285137
285137
285137
285137
285137
285137
285137
285137
285137
285137
285176
285176
285176
285176
285176
285176
285176
286285
286285
286285
286285
286285
286285
286285
286285
286285
286285
286285
286285
286285
286285
286285
286285
286285
288108
288108
291977
291977
291977
291977
291977
291977
291977
291977
291977
291977
291977
291977
291977
291977
291977
291977
291977
292647
292647
292647
292647
292647
292647
294994
294994
294994
294994
294994
294994
294994
294994
294994
294994
294994
295083
295083
295083
295083
295083
295083
295083
295254
295254
295254
295254
295254
295254
295254
295395
296072
296072
296072
296072
296072
296072
296072
296072
296072
296072
296072
296072
296072
296072
296072
296241
296241
296241
296241
296241
296241
296241
296241
296502
296502
298131
298131
298131
298131
298131
298131
299927
299927
299927
299927
299927
299927
299927
299927
299927
299927
299953
299953
299953
299953
299953
299953
299953
299953
299953
299953
300033
300033
300033
300033
300033
300033
300033
300033
300033
300033
300033
300033
304507
304507
304507
304507
304507
304507
304507
304507
304507
304507
304507
304507
304507
304507
305868
305868
305868
305868
305868
305868
305868
305868
305868
305868
305868
305868
305868
306781
306781
306781
306781
306781
306781
306781
306781
306781
307223
307223
307223
307223
307223
307336
307336
307336
307336
307336
307336
307336
307336
309212
309212
309212
309212
309212
309212
309212
309212
309212
309212
309212
309212
309212
310518
310518
310518
310518
310518
310518
311255
311255
311255
311323
311323
311323
311323
311323
311323
311323
311323
311323
311469
311469
311469
311469
311469
311469
311469
311570
311570
311570
311570
311570
311570
311570
311570
311570
311570
311570
311570
311570
311570
311570
312218
312218
312218
313027
313027
313027
313027
313027
313027
313027
313027
313027
313027
313027
313027
313027
313027
313027
313027
313027
313027
313027
313027
313465
313465
313465
313465
313465
313465
313465
313465
313465
313465
313465
313465
313465
314208
314208
314208
314208
314208
314208
314208
314208
314208
314208
314208
314208
314208
314321
314321
314321
314321
314321
314321
314321
314321
314321
314321
314321
314321
314321
314321
314321
314321
314374
314374
314956
314956
314956
314956
314956
314956
315989
315989
315989
315989
315989
315989
315989
315989
315989
315989
315989
315989
315989
315989
315989
316702
316702
316702
316702
316702
316702
316702
316702
316702
316781
316781
316781
316781
316781
316781
316781
316781
316781
316781
316781
316781
316781
316781
316781
316781
318269
318269
318269
318269
318269
318269
318630
318630
318630
318630
318630
318630
318630
318630
318630
318630
318630
318630
318630
318630
318630
318630
318630
320762
320762
320762
320762
320762
320762
320762
320762
320762
320762
320762
320762
320762
321341
321341
321341
321341
321341
321341
321341
322245
322245
322245
322245
322245
322245
322245
322245
322245
322245
322245
323579
323579
323579
323579
323579
323579
323579
323579
323579
323579
323579
323579
323639
326363
326363
326363
326380
326969
326969
326969
327008
327008
327008
327008
327296
327296
327296
327296
327296
327296
327296
327296
327968
327968
327968
329657
329657
329657
329657
329657
329657
329657
329657
329657
329657
329657
329657
329657
329657
329657
329657
329657
329657
329657
329657
329907
329907
329907
329907
329907
329907
329907
329907
329961
329961
329961
329961
329961
329961
329961
329961
329961
329961
329961
329961
329961
329961
329961
329961
329961
330359
330359
330359
330359
330359
330359
330359
330359
330359
330359
330359
330359
330359
330359
330359
330359
330359
330359
330359
330359
331437
333266
333266
333266
333266
333266
333266
333266
333266
333266
333266
333266
333461
333461
333461
333826
333826
336591
336591
336591
336591
336591
336591
336591
336591
336591
336591
337043
337043
337043
337043
337043
337043
337043
337043
337043
337043
337043
337043
337043
337043
337043
337486
337486
337486
337486
337486
337486
337486
337486
337486
337486
337486
337486
337486
337486
337486
337518
337518
337518
337518
337518
337518
337518
337518
337518
337518
337518
337518
337518
337518
337518
337518
337518
338409
338409
338409
338409
338409
338409
338409
338409
338409
338409
338409
338409
338409
338409
338409
338409
338436
338436
338436
338436
338436
338436
338436
338436
338436
338436
338436
338436
338436
338436
338436
338436
338436
338436
338436
339404
339404
339404
339404
339404
339404
339404
339404
339404
339404
339404
339797
339797
339797
339797
339797
339797
339797
339797
339797
339797
339797
340108
340108
340108
340108
340108
340108
340108
340108
340108
340108
340314
340314
340314
340314
340314
340314
341510
341510
341510
341510
341510
341510
341510
341510
342331
342331
342331
342331
342331
342331
342331
342331
342331
342331
342331
342331
342331
342331
342331
342331
342331
342331
343026
343026
343026
343026
343026
343026
343026
343026
343026
343026
343026
343026
343026
343026
343026
343026
343026
343026
343978
344898
344898
344898
344898
344898
344898
345811
345811
345811
345811
345811
345811
345811
346906
346906
347802
347802
347802
347802
348743
348743
348743
352683
352683
352962
352962
352962
352962
352962
352962
352962
352962
353185
353454
353454
353454
353454
353454
353454
353454
353454
353454
353454
353454
353454
353454
353763
353763
353763
353763
354655
354655
354655
354655
354655
354655
354655
354655
354655
354655
354655
354655
354655
357013
357013
357013
357013
357013
357013
359193
359193
359193
359193
359193
359193
359193
359193
359193
359193
359193
359193
359193
359193
359193
359193
359193
359193
360233
360233
360233
360233
360784
360784
360784
360784
360784
360784
360784
360784
360784
360784
360784
360784
361699
361699
361699
361699
363515
363515
363515
363515
363515
363515
363515
363515
363515
363515
363515
364407
364407
364407
364407
364407
364407
364407
364407
364407
364407
364407
364407
364407
364529
364628
364628
364628
364628
364628
364628
364628
364628
364628
364628
364628
364628
364628
364628
364628
364628
364628
365363
365363
365363
365363
365363
365363
365363
365363
365363
365363
365363
365363
365363
365363
365363
365363
365363
366332
366332
366332
366332
366332
366332
366332
366332
366332
366332
366332
366332
366332
366332
366332
366332
366332
366332
366332
366332
367084
367084
367084
367084
367084
367084
367084
367084
367084
367084
367084
367084
367084
367084
367084
367084
367084
367084
368159
368159
368159
368159
368159
368159
368159
368159
368159
368159
368159
368159
368159
368159
368159
369149
369149
369149
369149
369149
369149
369149
369149
369149
369149
369149
369509
369509
369866
369866
369866
369866
369866
369866
369866
369866
369866
369866
369866
369914
369914
369914
369963
369978
369978
369978
369978
369978
369978
369978
369978
369978
370221
370221
371543
371543
371873
371873
371873
371873
371873
371873
372038
372038
372038
372038
372038
372038
372038
372038
372172
372172
372172
372172
372172
372172
372172
372172
372172
372172
372172
373133
373133
373133
373923
373923
373923
373923
373923
373923
373923
373923
373923
373923
373923
373923
373923
374325
374325
374325
374325
374325
374325
374325
374325
374325
374325
374325
374325
374325
374576
374576
374576
374576
374576
374576
374576
374576
374576
374576
374576
374576
374576
374576
374607
374823
374823
374823
374823
374823
374823
374891
374891
375825
375825
375825
375825
375825
375825
375825
375825
375825
375825
375825
375825
375825
375825
375825
375825
375825
375825
377238
377238
377238
377238
377238
377238
377238
377238
377238
377238
377238
377238
377238
377238
377238
377238
377238
377238
377238
377238
377288
377288
377288
377288
377288
377288
377529
377529
377529
377529
377529
377529
377993
378824
378824
378824
378824
378824
378827
378827
379479
379479
379479
379479
379479
379479
379479
379479
379479
379479
379479
379479
379479
379479
380358
380358
380358
380358
380358
380358
380358
380358
380996
380996
380996
380996
380996
380996
380996
380996
380996
380996
380996
380996
380996
380996
380996
381603
381603
381603
381603
381603
381603
381603
381603
381603
381603
381603
381603
381603
381603
381603
381603
381603
381907
381907
381907
382336
382336
382336
382336
382336
382336
382336
382336
382336
382336
382966
382966
382966
383096
383096
383096
383096
383096
383096
383096
383096
383096
383096
383096
383096
383096
383148
383148
383148
383148
383148
383148
383148
383148
386229
386229
386229
386229
386229
386229
386229
386229
386229
386229
386229
386229
386229
386229
386229
386229
386229
386229
387798
387798
387970
387970
387970
387970
387970
387970
387970
387970
387970
387970
387970
389274
389274
389274
389274
389274
389274
389274
389274
389274
389274
389274
389274
390596
390596
390596
390596
390596
390596
390596
390596
390596
390596
390596
390596
393023
393023
393094
393155
393155
393155
393155
393155
393155
393155
393155
393155
393155
393475
393475
393475
393475
393475
393475
393475
393475
393475
393475
393475
393475
393475
393475
393475
393475
394602
394602
394602
394602
394638
394638
394638
394638
394638
394638
395537
395537
395537
395537
395537
395537
395537
395537
396387
396387
396387
396387
396387
396387
396387
396387
396387
396387
396387
396387
399927
399927
399927
399927
399927
399927
399927
399927
399927
399927
399927
399927
399927
399927
399927
400203
400203
400653
400653
400653
400653
400653
400653
400653
400653
404850
404850
404850
404850
404850
404850
404850
404850
404850
404850
404850
404850
404850
404850
404850
404850
404850
404850
404850
404850
406989
406989
406989
406989
406989
406989
406989
406989
407032
407032
407032
407032
407609
407609
409088
409324
409324
409324
409324
409324
409324
409324
409324
409324
409324
409324
409324
409324
409324
409324
409324
410109
410109
410109
410109
410109
410109
410109
410109
410109
410109
410109
410109
410109
410109
410109
410109
410109
410109
410387
410387
410387
410387
410387
410387
411159
411159
411159
411159
411159
411159
411159
411159
411159
411159
411159
411159
411159
411159
411159
411875
411875
411875
411875
411875
411875
411875
411875
411875
411875
411875
411875
411875
411875
411875
414711
414711
414711
414711
414711
414711
414711
414711
414711
414711
414711
414711
414711
414711
414711
414711
414950
414950
414950
414950
414950
414950
415274
415274
415274
415274
415274
415274
415274
415274
415274
415274
415274
415274
415274
415274
415331
415331
415331
415331
415331
415331
415331
415331
415331
415331
415331
416116
416116
416116
416116
416459
416459
416459
419596
419596
419596
419596
419596
419596
419596
419596
419596
419596
419596
419596
419596
419596
419596
419596
419596
421317
421317
421317
421317
421317
421317
421317
421317
421317
421317
421317
421317
421317
421317
421317
421317
421317
421365
421365
421365
421365
421365
421365
421365
421365
421365
421365
421365
421365
421365
421365
421365
421365
422870
422870
422870
422870
422870
422870
422870
422870
422870
422870
422870
422870
422870
422870
422870
422870
422870
422870
424835
424835
424835
424964
424964
424964
424964
424964
424964
424964
424964
424964
424964
424964
424964
424964
425666
425666
425666
425666
425666
425666
425666
425666
425666
425666
425666
425666
425666
425666
425666
425703
425703
425703
425703
425703
425703
425703
425703
425703
425703
425703
425703
425703
425703
426062
426062
426062
426062
426062
426062
426062
426062
426800
426800
426800
426800
426800
426800
426800
426800
426800
426800
426800
426800
426800
427374
427374
427374
427374
427374
427374
427374
427374
427374
427374
427374
427374
427374
427374
427374
427374
427374
427500
427500
427500
427500
427500
427500
427500
427500
427500
428037
428037
428037
428037
428037
428037
428037
428037
428037
428037
428037
428037
428037
428037
428037
428037
428037
428037
429620
429620
429620
429620
429620
429620
429620
429620
429620
429620
429620
429620
429620
429620
429620
429885
429885
429885
429885
429885
429885
429885
429885
429885
429885
429885
429885
429885
429885
429885
431469
431469
431469
431469
431469
431469
431469
431469
431469
431469
431469
431469
431469
431469
431469
433077
433077
433077
433077
433077
433077
434628
434628
435868
435868
435868
435868
435868
435868
435868
435868
435868
435868
435868
435868
435868
435868
435868
435868
435868
435868
435868
435868
436534
436534
436534
436534
436534
436534
436534
436534
436534
436534
436534
439288
439288
439288
439288
439288
439288
439288
439288
439288
439288
439288
440115
440115
440115
440115
440115
440115
440115
440115
440115
442077
442077
442077
442077
442077
442077
442077
442077
442077
442077
442077
442077
442077
442077
442077
442077
442077
445208
445208
445208
445208
445208
445208
445208
446761
446761
446761
446761
446761
446761
446761
446761
446761
447205
447205
447505
447505
447505
447505
447505
447505
447505
447505
447505
447505
447505
448621
448621
448621
448621
448621
448621
448621
448621
448621
448621
448621
448621
448621
448621
448621
450024
450024
450024
450024
450024
450024
450024
450024
450024
450024
450024
450024
450024
450024
450024
450024
450024
450024
450297
450297
450341
450341
450341
450341
450341
450471
450471
450471
451338
451338
451338
451338
451338
451338
451338
451338
451338
452065
452065
452065
452065
452065
452065
452065
452065
452128
452128
452128
452128
452128
452128
452128
452128
452128
452128
452128
452128
452128
452128
452128
452128
452128
452128
452128
454638
454638
454638
454638
454638
454638
454638
454638
454638
454638
454638
454638
454638
454638
454638
454638
454638
454638
454760
454760
454760
454760
454760
454760
454760
454760
454960
454990
454990
454990
454990
454990
454990
454990
454990
454990
454990
454990
454990
454990
460710
460710
460710
460710
460710
460710
460710
460710
460710
460710
460710
460710
460710
460710
460710
460710
461060
461060
461060
461060
461060
461250
461250
461250
461250
461250
461250
461250
461250
461811
461811
461811
461811
461811
461811
461811
461811
461811
462254
462254
462254
462254
462254
462263
462263
462263
462263
462263
462801
462801
462801
462801
462801
462801
462801
464193
464193
464193
464193
464193
464193
464193
464193
464193
464193
464193
464193
464193
464193
464193
464193
464193
464193
465843
467975
467975
467975
467975
467975
467975
467975
467975
467975
467975
467975
467975
467975
467975
467975
467975
467975
467975
467975
467975
468258
468258
468258
468258
468258
468258
468258
468258
468258
468258
468258
468258
468258
468258
468258
468258
468854
468854
468854
468854
468854
468854
468854
468854
468854
468854
468854
468854
468854
468854
468854
468854
470407
470407
470407
471316
471316
471316
471316
471316
471316
471316
471316
471316
471316
471320
473617
473617
473617
473617
473617
473617
473617
473617
473617
473617
473617
473617
473617
473617
473994
473994
473994
473994
473994
474041
474041
474041
474041
474041
474041
474041
474041
474041
474335
474335
474335
477127
477127
477127
477127
477127
477127
477621
477621
477621
477621
477621
477621
477621
480413
480413
480413
480413
480413
480413
480413
480413
480413
480413
480413
480652
481162
481162
481162
481162
481162
481162
481162
481162
481162
481553
481553
481854
481854
481854
481854
481854
481854
481854
481854
481854
481854
481854
481854
481854
481854
482369
482369
482369
482369
482369
482369
482369
482369
482369
482369
482369
482369
482369
482369
482369
482585
482585
483421
483421
483421
483421
483796
483796
483796
483845
483845
483845
483845
483845
483845
483845
483845
483845
483845
483876
484414
484414
484414
484414
485027
485027
485027
485027
485027
485027
485027
485027
485027
485027
485027
485027
485915
485915
485915
485915
485915
485915
485950
485950
485950
485950
485950
485950
485950
485950
485950
485950
485950
485950
485950
485950
485950
485950
485950
485950
485950
485950
487931
487931
487931
487931
487931
487931
487931
487931
487931
487931
487931
487931
487931
487931
489106
489106
489106
489106
489106
489106
493192
493192
493192
493192
493192
493192
493192
493192
493192
493192
493192
493192
493192
493192
493192
493192
493192
493192
493192
493192
493228
493684
493684
493684
493684
493684
493684
493684
493684
493684
493684
494022
494022
494022
496554
496554
496554
496554
496554
496554
496808
496808
496808
496808
496808
496808
496808
496808
496808
496808
496808
496808
496808
496808
496808
496808
496808
497313
497313
497343
497343
497343
497343
497343
497343
497343
497343
497343
497343
497343
497343
497343
497807
497807
497807
497807
497807
497807
497807
497807
497807
497807
497807
497807
497807
497807
497807
500253
500253
500253
500556
500556
500572
500572
500572
500572
500869
500869
500869
500869
500869
500869
500869
501543
501543
501543
501543
501543
501543
502406
502406
502406
502406
502406
502406
502406
502406
503712
503712
503712
503712
503712
504158
504158
504158
504158
504158
504158
504158
504158
504158
504158
504158
504308
504308
504308
504308
504308
504308
504308
504308
504308
504308
504308
504308
504308
504308
504308
504308
504308
504308
504308
504308
504335
504335
504335
504335
504335
504335
504335
504335
504335
504335
504335
504335
504338
504338
504338
504338
504338
505004
505004
505004
505620
505620
505620
505620
505620
505620
505620
505620
505620
505620
505620
505620
505620
505620
505620
505620
505620
505620
505620
506853
506853
506853
506853
506853
506853
506853
506853
506853
506853
506853
506853
506853
506853
506853
506853
506853
506853
506853
506853
507395
507395
507395
507395
508081
508081
508081
508081
508081
508081
508081
508081
508081
508081
508081
508081
508081
508081
508081
508705
508705
508705
508705
508705
508705
508705
508705
508705
508770
508770
508770
508770
508770
508770
508770
508770
508770
508770
508770
508770
508770
508770
508770
508770
508770
509079
509079
509079
509079
509079
510387
510387
510387
510387
512187
512187
512187
512187
512187
512187
512187
512187
512187
512187
512187
512187
512187
512187
512187
512187
512187
512187
514126
514126
514126
514126
514126
514126
514126
514126
514126
514126
514126
514126
514126
514126
514746
514746
514746
515877
515877
516033
516033
516033
516033
516033
516345
516345
516345
516345
516345
516345
516345
516345
516345
516345
516345
516345
516345
516345
516345
516345
516345
516345
517119
517119
517119
517119
517119
517119
517119
517119
517652
517652
517652
517652
517652
517652
517652
517652
517652
517652
518453
518453
518453
518453
519414
519946
519946
519946
519946
519946
519946
519946
519946
519946
519946
519946
519946
519946
520002
520002
520002
520002
520002
520002
520002
520002
520002
520002
520002
520002
520002
520002
520002
520002
520002
520002
520002
520002
520628
520628
520628
520628
520628
520628
520628
520628
520628
520628
522342
522342
522342
522342
522342
522342
522342
522342
522342
522342
522342
522342
522342
522548
522548
522548
522548
522548
524304
524304
524304
524304
524304
524304
524304
525738
525738
525738
525738
525738
525738
525738
525738
525738
525738
525738
525738
525738
526625
526625
526625
526625
526625
526625
526625
527253
527253
527253
527253
527253
527253
527253
527253
527253
527253
527253
527253
527253
527253
527253
528126
528126
528126
528126
528126
528126
528126
528126
528126
528126
528126
528126
528126
528126
528126
528126
528126
528126
528126
529084
529084
529084
529084
529084
529084
529084
529084
529084
529084
529084
529084
529084
529084
529084
529084
529084
529084
529084
529683
529683
529683
529683
529683
529683
529683
529683
529683
529683
529683
529683
529683
529683
529683
530848
530848
530848
530848
531170
531170
531170
531170
531170
531170
531170
531170
531170
531170
531170
531170
531170
531170
531170
531170
531241
531241
531241
531241
531241
531241
531241
531241
531241
531241
531241
531241
531241
531241
531241
531241
531241
531298
531298
531298
531298
531298
531298
531298
531298
531298
532589
532589
532589
532589
532589
532589
532589
532589
532589
532589
532589
532589
532589
532980
532980
532980
532980
532980
532980
532980
532980
532980
532980
532980
533791
533791
533791
533791
533791
533791
533791
533791
533791
533791
533791
533791
533997
533997
533997
533997
533997
533997
533997
533997
533997
533997
533997
533997
533997
533997
535414
535414
535414
539674
539674
539674
539674
539674
539674
539674
539674
539674
539674
539674
539674
539704
539704
539704
539704
539704
539704
539704
539704
539704
539704
539704
539757
539757
539757
539757
539757
539757
539939
539939
539939
539939
539939
539939
539939
539939
539939
539939
540153
540153
540153
540611
540611
540611
540611
540611
540611
540611
540611
540611
540611
540611
540611
540611
540611
540611
540611
541171
541171
541171
541171
541171
541171
541171
541171
543820
543820
543820
543820
543820
543820
543820
543820
543820
543820
543820
543820
543820
543820
543820
543820
543820
543820
543820
543820
544303
544303
544303
544303
544303
544303
544303
544303
544303
544303
544303
544303
544303
544303
544303
544303
544303
544303
544303
544303
544495
544495
544495
544495
544495
544495
544495
544495
544495
544495
544495
544495
544495
544495
544495
544495
544966
544966
544966
544966
544966
544966
544966
544966
544966
544966
544966
544966
544966
544966
544966
544966
544966
546435
546435
546435
546435
546435
546435
546435
546435
546435
546435
546435
546435
546435
546435
546435
546435
546517
546517
546517
546517
546517
546517
546517
546517
546517
546517
546517
546517
546517
546517
546517
546517
546517
547901
547901
547901
548326
548326
548449
548449
548449
548449
548449
548449
549827
549827
549827
549827
549827
549827
549827
549827
549827
549827
549827
549827
549827
549827
549827
549827
549827
549827
550954
550954
550954
550954
550954
550954
550954
550954
550954
550954
550954
550954
550954
551656
551656
551767
551767
551767
551767
551767
551767
551767
551767
551889
551889
551889
551889
551889
551889
551889
551889
551889
551889
551889
551889
551889
551889
551889
551889
551889
554033
554033
554033
554033
554033
554033
554033
554033
554033
554033
554493
554493
554493
554493
554493
554493
554493
554493
554493
554493
554493
554493
554493
554493
554493
555079
555079
555079
555079
555079
555079
555079
555079
555079
555079
559616
559616
559616
559616
559616
559616
559616
559616
560203
560203
560203
560203
560203
560203
560203
560203
560203
560203
561015
561015
561015
561015
561015
561015
561015
561015
561121
561121
561121
561121
561121
561121
561121
561121
561121
561121
561121
561121
561121
561121
561121
561121
561121
561121
561121
561121
561349
561349
561349
561349
561349
561349
561349
562237
562237
562237
562237
562237
562237
562237
562237
562237
562237
562237
562605
562605
562605
562605
562605
562605
562605
562637
562637
562637
562637
562637
562637
562637
562637
562637
562637
562637
562637
562637
562637
562637
562637
562637
562637
562637
562637
563088
563088
563088
563088
563088
563088
563088
563088
563088
563088
563088
563088
563088
563088
563088
563088
563088
563088
563088
563088
563190
563190
563190
563190
563190
563190
563190
563190
563190
563190
563190
563190
563190
563190
563190
563190
564983
564983
564983
565763
565763
565763
565763
565763
565763
565763
565763
565763
565763
565763
565763
565763
565763
565763
565763
565763
565763
565763
567002
567002
567002
567002
567002
567002
567002
567002
567002
567002
568068
568912
568912
569311
569311
569311
569311
569311
569311
569311
569311
569311
569311
569311
569311
569311
569311
569311
569311
569311
569311
569311
570182
570182
571254
571254
571254
571254
571254
571254
571254
571254
571254
571254
571254
573774
573774
573774
573774
573774
573774
573774
573774
573774
573774
573774
573774
573774
573774
573774
573774
573774
574348
574348
574348
574348
574348
574348
574348
574348
574348
574348
574348
574348
574348
574348
574348
574348
574348
574348
574348
574348
575133
575133
575133
575133
575133
575133
575133
575133
576037
576037
576037
576037
576037
576037
576037
576037
576037
576839
576839
576839
576839
576839
576839
576839
576839
576839
576839
577168
577168
577168
577168
577168
577168
577168
578274
578274
578274
578274
578900
578900
578900
578900
578900
578900
578900
578900
578900
578900
578900
578900
579148
579162
579162
579162
579162
579162
579162
579162
579162
579162
579162
579162
579162
579400
579400
579400
579400
579400
579400
579400
579400
580392
581339
581339
581339
581339
581339
581339
581339
581339
581339
583066
583066
583066
583066
583066
583066
583066
583066
583066
583066
583066
583066
585332
585332
585332
585332
585332
585332
585332
585332
585332
585332
585332
585332
585332
585332
585332
585332
585332
585332
585332
585742
585742
585742
586570
586570
586570
586570
586570
586570
586570
586570
586570
586570
586570
586570
586570
586570
586570
586570
586570
586570
586570
586617
586617
586617
586617
586617
586617
586617
586617
586617
586617
586617
586617
586617
586617
587301
587301
587301
587301
587301
587301
587301
587301
587301
587301
587301
589294
589294
591104
591104
591104
591104
591104
591104
591104
591104
591104
591104
591104
591104
591104
591104
591104
591104
591104
591455
591455
591455
591455
591455
591455
591455
591455
591455
591455
591952
591952
591952
591952
591952
591952
591952
591952
591952
591952
591952
591952
592883
592883
592883
592883
592883
592883
592972
592972
592972
592972
592972
592972
592972
592972
592972
592972
592972
592972
592972
592972
592972
592972
592972
593537
593537
593537
593537
593537
593537
593537
593537
593679
593679
593679
593679
593679
593679
593679
593917
593917
593917
593917
593917
593917
593917
593917
593917
593917
593917
593917
593917
593917
593917
594052
594052
594052
594052
594052
594052
594052
594052
594419
594419
594419
594419
594419
594419
594419
594419
594419
594419
594419
594419
594419
594666
594666
594666
595646
595646
595646
595646
595646
595646
595646
595646
595646
595646
597629
597629
597629
597629
597629
597629
597629
597629
597629
597629
597947
597947
597947
597947
597947
600563
600563
600563
600563
600563
600563
600563
600563
600563
600563
600563
600563
600563
600563
600563
600563
600563
600563
601171
601816
601816
601816
601816
601816
602078
602078
602078
602078
602078
602078
602078
602078
602078
602078
602078
602345
602345
602345
602345
602345
602345
602345
602956
602956
602956
602956
602956
602956
602956
602956
602956
602956
602956
602956
602956
602956
602956
602956
603650
603650
604007
604007
604007
604007
604007
604007
604194
604194
604194
604327
604327
604327
604327
604327
604327
604327
604327
604327
604327
604327
604327
604327
604327
604327
604808
604808
604808
604808
604808
605903
605903
605903
605903
605903
605903
605903
605903
605903
605903
605903
605903
605903
605903
605903
605903
605903
605903
605903
605903
606615
606615
606615
606615
606615
606783
606783
606783
606783
606783
606783
606783
606783
606783
606783
606783
606783
606783
606783
606783
606783
606783
606783
606783
606979
606979
606979
606979
606979
606979
606979
606979
606979
606979
606979
606979
606979
606979
606979
608814
608814
608814
609958
610278
610278
610278
610278
610278
610278
610278
610278
610278
610278
610278
610278
610278
610278
610278
610278
610278
610278
610278
611190
611190
611190
611190
611190
611190
611275
611275
611275
611275
611275
611275
611275
611557
611557
611557
611557
611557
611557
611557
611557
611773
611773
611773
611773
611773
611773
611773
612337
612337
612337
612337
612337
612337
612337
612337
612337
612337
612906
612906
612906
612906
612906
612906
612906
612906
612906
612906
612906
612906
612906
612906
612906
612906
612906
613361
613361
613361
613361
613361
613361
613361
613361
613361
613400
613400
613400
613400
613400
613400
613400
613400
613400
613400
613400
613400
613400
613400
614846
614846
614846
614846
614846
614846
614846
614846
614846
614846
614846
614846
614846
614846
614846
614846
614846
614846
614846
614870
614870
614870
614870
614870
614870
614870
614870
614870
614870
614870
614870
614870
614870
614870
614870
614870
614870
616519
616519
616519
616519
616866
616866
616866
616866
616866
616866
616866
616866
616866
616866
616866
616866
616866
616866
616866
616866
617008
617008
617008
617008
617008
617274
617274
617274
617274
617274
617274
617274
617274
617274
617274
617274
617274
617274
617274
617274
617274
617274
617274
617274
617274
617559
617559
617559
617559
617559
617559
617559
617559
617559
617559
617559
617559
617559
617559
618657
618657
618657
618657
618657
618657
618657
618657
618657
618657
618657
618657
618657
619828
619828
619828
619828
619828
619828
619828
619828
619828
619828
619828
619828
619828
619828
619828
619828
619828
620920
620920
620920
620920
620920
620920
620920
620920
621054
621054
621054
621054
621054
621054
621054
621054
621054
621784
621784
621784
621784
621784
621784
621784
621784
621784
621784
621784
621784
621784
623370
623370
623370
623620
623620
623620
623620
624312
624312
624312
624312
624312
624312
624312
624312
624312
624866
624866
624866
625290
625290
625290
625290
625290
625290
625290
625290
625290
625290
625290
625290
625290
625290
625290
625290
626118
626118
626118
626118
626118
626118
626118
626118
626118
628761
628761
628761
628761
628761
628761
628761
628761
628761
628761
628761
628761
628761
628761
628761
628761
629527
629527
629527
629527
629527
629527
629527
629527
629527
629527
630772
630772
630772
630772
630772
630772
630772
630772
631477
631477
631477
631477
631477
631477
631477
631477
631477
631477
632664
632664
632664
632664
632664
632664
632664
632664
632664
632664
635597
635597
635597
635597
635597
635597
635597
635597
635597
635597
635597
635597
635597
635597
635597
635597
638481
638481
638481
638481
638481
638481
638481
638481
638481
638481
638481
638481
638481
638481
638481
638481
639112
639112
639112
639112
639414
639414
639414
639414
639414
639414
639414
639414
639414
639414
639414
639858
639858
639858
639858
639858
639858
640761
640761
640761
640761
640761
640761
640761
640761
640761
640761
640761
640761
640761
640761
640761
640761
640761
640761
640838
640838
640838
640838
640838
640838
640838
640838
641660
641660
641660
641660
641660
641660
641660
641660
641660
641660
641660
641660
641660
641660
642627
642627
642627
642627
642627
642627
642627
642627
642930
642930
642930
646017
646017
646017
646017
646017
646017
646017
646017
646017
646017
646017
646017
646017
646017
646017
646234
646234
646234
646234
646234
646234
646234
646234
646234
646234
646270
646270
646270
646270
646270
646270
646270
646270
646270
646270
646270
646270
646270
646686
646686
646686
646686
646686
646686
646686
646686
646686
646686
646686
646729
646729
646729
646729
647680
647680
647680
647680
647680
647680
647680
647680
647680
647680
647680
647680
647680
647680
647680
647680
647680
647680
647680
647680
649178
649178
649731
649731
649731
649731
649731
649731
649731
649731
649731
650686
650686
650686
650686
650686
650686
650686
650686
650686
650686
650686
650686
650686
651460
651460
651460
651460
651460
651460
651460
651460
651460
651460
651460
651460
651460
651460
651460
651460
651848
652118
652118
652118
652118
652118
652118
652118
652118
652118
652118
652118
652118
652118
652137
652137
652137
652137
652137
652137
652137
652137
652137
652137
652137
652137
652137
652255
652255
652255
652472
652472
652472
652472
652472
652472
652472
652472
652472
652472
652472
652472
652472
652472
652472
652472
652472
652472
652472
652472
653012
653012
653012
653012
653051
653297
653297
653297
653297
653297
653297
653297
653297
653297
653297
653297
653297
653297
653297
653297
653297
653297
653673
653673
653673
653673
653673
653678
653678
653741
653741
653741
653741
653741
653741
653741
653741
653741
655094
655094
655094
655094
655094
655094
655094
655094
655094
655094
655094
655094
655094
655094
655635
655635
655635
655635
655635
655635
655635
655635
655635
655635
655635
655635
655635
655635
655635
655635
655635
655635
655635
655635
655642
655642
655642
655642
655642
655642
655642
655642
656180
656227
656227
656227
656227
656227
656227
656227
656227
656227
656227
657489
657489
657489
657489
657489
657489
657489
657489
657489
657489
657489
657489
657489
657489
657489
657489
657489
657489
657563
657563
657563
658517
658517
658517
658517
658517
658517
658517
658517
658517
658517
658517
658517
658517
658517
658517
658517
658517
658517
658517
659490
659490
659969
659969
660281
660281
660281
660281
660281
660281
660281
660281
660281
660281
660281
660281
660281
660281
660281
660281
660281
660281
660281
660642
660642
660642
660642
660642
660642
660642
660947
660947
660947
660947
660947
660947
660947
660947
660947
660947
660947
660947
660947
660947
660947
660947
660947
661137
661137
661137
662103
662103
662103
662103
662103
662103
662103
662103
662103
662103
662103
662103
662103
662103
662103
662103
662103
662103
662103
663070
663070
663070
663070
663070
663070
663070
663070
663070
663648
663648
663648
663648
663648
663648
663648
663648
663648
663648
663648
665315
665315
665315
665315
665315
665315
665315
669762
669762
669762
669762
669762
669762
669762
669762
669762
669762
669762
669762
669762
670334
670334
670334
670334
670334
670334
670334
670334
670334
670554
670554
670554
670554
670554
670554
670554
670554
670554
671135
671135
671135
671135
671135
671135
671135
671135
671135
671135
671135
671135
671135
671701
671701
671701
671701
671701
671701
671701
671701
671701
671701
671803
671803
671803
671803
671803
671803
671803
671803
671803
671803
671803
671803
671803
671803
671803
672631
672631
672631
672631
672631
672631
672631
672631
672631
672631
672631
672631
672631
672631
672631
672631
672631
672631
672631
672631
673780
673780
673847
673847
673847
673847
673847
673847
673847
673847
673847
673847
673847
673847
673847
673847
673847
673847
673847
675089
675089
675089
675089
675089
675089
675089
675089
675089
675089
675089
675089
675089
675089
675822
675822
678374
678374
678374
678374
678374
678374
678374
678374
678374
678374
678374
678374
678374
678374
678374
678828
678828
678828
678828
678828
678828
678828
678828
678828
678828
678828
678828
678989
678989
678989
678989
678989
678989
678989
678989
678989
678989
678989
678989
678989
678989
678989
678989
679683
679683
679683
679683
679683
679683
679966
680253
680253
680253
680253
680253
680253
680253
680253
680253
680253
680253
680253
680253
680253
680253
680253
680253
680253
680253
680694
680694
680694
680694
680694
680694
680694
680694
680694
680694
680694
680694
680694
680694
680694
680694
680694
680694
681283
681283
681283
681283
681283
681283
681283
681283
681283
681283
681283
681283
681283
681283
681283
681283
681283
681577
681577
681577
681577
681577
681577
681577
681577
681577
681577
681922
681922
681922
681922
681922
681922
681922
681922
681922
681922
681922
681922
681922
681922
681922
681922
682640
682640
682640
682640
682640
682640
682640
682640
682640
682640
682640
682640
682640
682640
682640
682640
684701
684701
684701
684701
684701
684701
684701
684701
684701
684701
684701
684701
684701
684701
684701
684701
684701
685878
685878
685878
685878
685878
685878
685878
685878
685878
685878
685878
685878
685878
685878
685878
685878
686052
686052
686052
686052
686052
686052
686052
686052
686052
686052
686052
686052
688483
688483
688483
688483
688483
688483
688483
688483
689400
689400
689400
689400
689400
689493
689493
689493
689493
689493
689493
689493
689493
689493
689493
690980
690980
690980
690980
690980
690980
690980
690980
690980
690980
690980
690980
690980
690980
690980
690980
691166
691166
691166
691166
691166
691166
691166
691166
691166
691166
691166
691843
691843
691843
691843
691843
691843
691843
691843
691843
691843
691843
691843
691843
691843
691843
691843
691843
692988
692988
692988
692988
692988
692988
692988
692988
692988
692988
692988
692988
692988
692988
692988
692988
693524
693524
693524
693524
693524
694032
694032
694032
694032
694032
694032
694032
694032
694032
694032
694461
694461
694696
694696
694696
695739
695739
695739
695739
695968
695968
695968
695968
695968
695968
695968
695968
695968
695968
695968
695968
695968
695968
695968
695968
695968
696036
696036
696036
696036
696036
696036
696036
696036
696036
696036
696036
696036
696036
697921
697921
697921
697921
697921
697921
697921
697921
697921
697921
697921
698531
698531
698531
698531
698531
698531
698531
698531
698531
698531
698531
698531
698531
698531
698531
698531
698531
698531
699403
699403
699403
699403
699403
699403
699403
699403
699403
699403
699403
699403
700094
700094
700094
700094
700094
700094
700444
700444
700444
700444
700444
700444
700712
700712
700712
700712
700712
700712
700712
700712
700712
700712
700712
700712
700712
700712
700712
700712
700712
700712
700712
700712
701033
701033
701033
701033
701033
701033
701033
701033
701033
703795
703795
703795
703795
703795
703795
703795
703795
703795
703795
703795
703795
703795
703795
703795
703795
703795
703795
704646
704646
704646
704646
704944
704944
704944
704944
704944
704944
704944
704944
704944
704944
704944
704944
704944
704944
704944
704944
704944
704944
704944
706218
706218
706218
707998
707998
707998
707998
707998
708314
708314
708314
708883
708883
708883
708883
708883
708883
708884
708884
708884
710746
710746
711383
711383
711383
711383
711383
711383
711383
711383
711383
711383
711383
711755
711755
711755
711933
711933
711933
711933
711933
711933
711933
711933
711933
711933
711933
711933
711933
711933
712043
712043
712893
712893
712893
712893
712893
712893
712893
712893
712893
712893
712893
712893
712893
713070
713070
713070
713070
713070
713070
714289
714289
714289
714289
714289
714289
714289
714289
714289
714289
714289
714289
714289
714289
714289
714289
715584
715584
715584
715584
715584
715584
715584
716178
716178
716178
716178
716178
716178
716178
716178
716178
716802
716802
716802
716802
716802
716802
716802
716802
716802
716802
716802
716802
716802
716802
716802
716802
716802
719177
719177
719177
719177
719177
719177
719177
719177
719966
719966
719966
719966
719966
719966
719966
719966
719966
719966
719966
719966
719966
719966
719966
719966
719966
719966
719966
719966
720093
720093
720093
720093
720093
720093
720093
720093
720093
720773
720773
720773
720773
720773
720773
720773
720773
720773
721039
721039
721039
722797
722797
722797
722797
722797
722797
722797
722797
722797
722797
722797
722797
722797
722797
722797
723193
723193
723193
723193
723193
723193
723193
723193
723193
723193
723193
723193
723193
723193
723193
723193
723193
723513
723513
723513
723513
723513
723513
723513
723513
723513
723513
723513
723513
723513
723513
723513
723513
723513
723513
723513
723513
723636
723636
723636
723774
723774
723774
723774
723774
723774
723774
723774
723774
723774
723774
723774
723774
723774
723774
723774
723774
723774
723774
723774
723973
723973
723973
723973
723973
723973
724930
724930
724930
724930
724930
724930
724930
724930
724930
724930
724930
724930
724930
724930
724930
726309
726309
726608
726608
726608
726608
726608
726608
726608
726608
726608
726608
726608
726608
728251
728251
728251
728251
728251
728251
728251
728251
728251
728251
728251
728251
729278
729278
729278
729278
729278
729278
729278
729278
729278
729278
729278
729278
729278
729278
729278
729278
729278
729278
729278
730681
730681
730681
731530
731530
731530
731530
731530
731530
731530
731530
731530
731530
731530
731530
731530
731530
731530
731530
731530
731530
731530
731968
731968
731968
731968
731968
731968
731968
731987
731987
731987
731987
731987
731987
731987
731987
731987
731987
731987
731987
731987
731987
731987
731987
731987
731987
731987
732436
733343
733343
733343
733343
733343
733343
733343
733343
733343
733343
733343
733343
733343
733343
733343
733343
734854
734854
734854
734854
734854
736532
736532
736532
736532
736532
736532
736532
736532
736532
736532
736532
736532
736532
736532
736532
737197
737197
737197
737197
737197
737197
737197
737197
737730
737730
737730
737730
737730
737730
737730
738072
738072
738072
738072
738072
738072
738072
738072
738072
738072
740061
740061
740061
740061
740061
740061
740061
740061
740061
740061
740061
740061
740061
740061
740061
740061
740061
740061
740061
740813
740813
740813
740813
740813
740813
740813
740813
740813
740813
740813
740813
740813
740813
740813
740813
740813
740813
740813
742396
742396
742396
742396
742396
742396
742396
742396
742396
742396
742396
742396
742396
742687
742687
742687
742687
742687
742687
742687
742687
742687
742687
742687
742687
742687
742687
742980
742980
742980
742980
742980
742980
742980
742980
742980
742980
742980
742980
742980
742980
742980
743211
743211
743211
743211
743211
743211
743211
743211
743211
743211
743211
743211
743211
743211
743211
743211
743211
743211
743211
743907
743907
743907
743907
743907
743979
743979
743979
743979
743979
743979
743979
743979
743979
743979
743979
743979
743979
743979
743979
743979
743979
743979
743979
743979
744324
744324
744336
744336
744336
744336
744336
744336
744336
744336
744336
744336
744336
744336
745470
745470
745470
745470
745470
745470
745470
745470
745470
745470
745470
745470
745470
745470
745470
745470
745470
745470
745470
745470
746664
746664
746664
746664
746664
746664
746664
746664
746664
746664
746664
746664
746664
746664
746664
746664
746664
746664
746664
746664
747143
747143
747143
747143
747143
747143
747143
747143
747143
747143
747143
747143
747143
747143
747143
747143
747143
747143
747143
747143
747550
747550
747550
747550
747550
747550
747550
747550
747550
747550
747550
747550
747550
747550
747550
747550
747550
747550
748097
749206
749206
749206
749206
749206
749206
749206
749206
749206
749206
749206
749206
749206
749206
749206
749759
749759
749759
750547
750547
750547
750547
750547
750547
750547
750547
751022
751022
751022
751022
751022
751022
751022
751022
751022
751022
751022
751022
751022
751818
751818
751818
751818
751818
751818
751818
751818
751818
751818
751818
751818
751818
751818
751818
751818
751818
752421
752421
752421
752421
752421
752421
752421
752421
752421
752421
752421
752421
752696
752696
752696
752696
752696
752696
752696
752696
752696
752696
752696
752696
754431
754431
754431
754431
754431
754431
754431
754431
754431
754431
754431
754666
754666
754666
754666
754666
754666
754666
754666
754666
754666
754666
754666
754867
754867
757340
757340
757340
757340
757340
757340
757340
757340
757340
757340
757340
757340
757340
757340
757340
758109
758109
758109
758109
758109
758109
758109
758109
758109
758109
758109
758109
758109
758109
758109
758109
758223
758223
758223
758223
758223
758223
758223
758223
758223
758223
758223
758223
758223
758223
758223
758223
758223
758223
758223
758223
758253
758253
758519
758519
758519
758519
758519
758519
758519
758519
758519
758519
758519
758519
758519
758519
758519
758519
758519
758519
758519
758519
759154
759154
759154
759154
759154
759154
759154
759154
759154
759154
759154
759154
759154
759154
759154
759154
760896
760896
761540
761540
761540
761540
761540
761900
761900
761900
761900
761900
761900
761900
761900
762197
762197
762197
762197
762197
762197
762197
762197
762197
762197
762197
762197
762197
762197
762197
762197
762197
762197
762197
762197
762654
762654
762654
762654
762654
762654
762654
762654
762654
762654
762654
763511
763511
763511
763511
763511
763511
763511
763511
763511
763511
763511
763511
764562
764562
764562
764562
764562
764562
764562
764562
764562
764562
764562
764562
764562
765495
765495
765495
765495
765495
765495
765495
765495
765495
765495
765495
765495
765495
765495
765495
765495
765495
765495
765495
765813
765813
765813
765937
765937
765937
765937
765937
765937
765937
765937
765937
765937
765937
765937
765937
765937
765937
765937
765937
767174
767174
767174
767174
767174
767174
767174
767366
767366
767366
767366
767366
767366
767366
767552
767552
767552
767552
767552
767552
767552
767552
767662
767662
767662
767662
767662
767662
767662
767945
767945
767945
767945
767945
767945
767945
767945
767945
767945
767945
767945
767945
767945
767945
767945
767945
767945
768149
768149
768149
768149
768149
768149
768149
768149
768814
768814
768814
768814
768814
768814
768814
768814
768814
768814
768814
768814
768814
768814
768814
768814
770420
770420
770550
770550
774248
774248
774248
774248
774248
774248
774248
774248
774248
774248
774248
774248
774248
774248
774248
774248
774248
774248
774248
774248
776033
776033
776033
776033
776033
776033
776033
776033
776033
776033
776033
776033
776267
777284
777284
777284
777284
777284
778493
778493
778493
778493
778493
778493
778493
778493
778493
778493
778493
778493
778493
779909
779909
779909
780045
780045
780045
781344
781344
781344
781344
781344
781344
781344
781344
781344
781344
781344
782098
782098
782098
782098
782098
782098
783732
783732
783732
783732
783732
783743
783743
783743
783743
783743
783743
783743
783743
783743
783743
783743
783743
783743
783743
783743
783743
783743
783743
784193
784193
784193
784193
784193
784193
784193
784193
784266
784266
784266
784266
784266
784266
784266
784266
784266
784266
784266
784266
784266
784266
784266
784266
784326
784326
784326
784326
784326
784326
784326
784326
784326
784326
784326
784940
784940
784940
784940
785112
785112
785112
785112
785112
785112
785112
785112
785197
785197
785197
785197
785197
785197
785197
785197
785197
785197
785197
785197
785197
785197
787050
787050
787050
787050
787050
787050
787050
787050
787050
787050
787050
788573
788573
788573
788573
788573
788573
788573
788573
788573
788573
788573
788573
788573
788573
788573
788573
788815
788815
790678
790678
790678
790678
790678
790678
790678
790678
790678
790678
790678
791086
791086
791086
791086
791086
791086
791086
791086
791086
791086
791086
791086
791086
791517
791934
791934
791934
791934
791934
791934
791934
791934
791934
791934
791934
791934
791934
791934
791934
791934
791934
791936
791936
791936
791936
791936
791936
791936
792526
792526
792526
792526
792526
793091
793091
793091
793091
793091
793091
795003
795003
795003
795003
795003
795003
795003
795003
795003
795003
795003
795003
795003
795003
795003
795003
795003
795326
795326
795326
795326
795326
797035
797035
797035
797574
797731
797731
797731
797731
797731
797731
797731
797731
797731
797731
797731
797731
797731
798255
798255
798255
798255
798255
798255
798255
798255
798255
798255
798255
798255
800363
800363
800363
800363
800363
801222
801222
801222
801222
801222
801222
801222
801222
801222
801222
801222
801222
801222
801222
801222
801758
801758
801758
801758
801758
801758
801758
801758
801758
801758
801758
801758
801758
801758
801758
801758
801758
802629
802629
802629
802629
802629
802629
802629
802629
802629
802629
802629
802629
802629
802629
802629
805325
805325
805325
805325
805325
805325
805325
805325
805325
805325
805325
805639
805639
805639
805639
805639
805639
805639
805639
805639
805639
805639
805639
805639
805639
805639
805639
805639
805639
805639
805639
808789
808789
808789
808789
808789
808789
808789
808789
808789
808789
808789
808789
808789
808789
808789
808789
808789
808789
809409
809409
809409
809409
812738
812738
812738
812738
812738
812738
812738
812738
812738
812738
812738
814830
814830
814830
814830
814830
814830
814830
814830
814830
815665
815665
815665
815665
815665
815665
815665
815665
815665
815665
815665
815665
815665
815665
815665
815665
815665
815665
815665
817236
817236
817236
817236
817236
817236
817236
817236
817236
817236
817236
817236
817236
817248
817248
817248
817248
817248
817248
817248
817248
817248
817248
817248
817248
817248
817248
817248
817248
817248
817248
817768
817768
817768
817768
817768
817768
817768
817768
817768
817768
817768
817768
817768
817768
817768
817768
817768
817768
817768
817768
818224
818224
818224
818224
818224
818224
818224
818224
818224
818224
818224
818224
818224
818224
818224
818224
818224
818224
818522
818522
818522
818522
818522
818522
818522
818522
818522
819812
819812
819812
819812
819812
819812
819812
819812
819812
819812
819812
819812
819812
819812
819812
819812
819812
819812
819896
819896
819896
819896
819896
819896
819896
819896
819896
819896
819896
819896
819896
819896
819896
819896
819896
819896
820351
820351
820351
820351
820351
820351
820351
820351
820351
820351
820351
820351
820351
820351
820351
820351
820351
820351
822976
823675
823675
823675
823675
823675
823675
823675
823675
823675
823675
823675
823675
823675
825051
825051
825051
825051
825079
825079
825079
825079
825079
825079
825079
825079
825079
825079
825079
825079
825079
825079
825079
825350
825350
825350
825350
825350
825350
825350
825350
825350
825350
825350
825350
825350
825350
825967
825967
825967
825967
825967
825967
825967
825967
825967
825967
825967
825967
825967
825967
825967
827040
827040
827040
827040
827040
827040
827040
827040
827040
827040
827040
827040
827040
827040
827532
827532
827532
827532
827532
827532
827532
827532
827532
827532
827532
827532
827532
827532
827532
827532
827532
827671
827671
827671
827671
827671
827671
827671
827671
827671
827671
827671
827671
828031
828031
828031
828031
828031
828031
828031
828031
828031
828031
828031
829247
829247
829247
829247
829247
829247
829247
829391
829391
829391
829391
829391
829391
829403
829403
829403
829403
829403
829403
829403
829403
829403
829403
829403
829403
829403
829403
829403
829403
829403
830460
830460
830460
830460
830460
830460
830641
830641
830641
832418
832418
832418
832418
832418
832418
832418
832418
832418
832418
832418
832418
832418
832418
832418
832418
832418
832418
832418
832418
833791
834203
834203
834249
834249
835050
835050
835050
835050
835050
835050
835050
835050
835050
836075
836075
836075
836075
836075
836075
836075
836075
836209
836209
836209
836209
836209
836209
836596
836596
836596
836596
836596
836596
836596
836596
836596
836596
836596
836596
836596
836596
836596
836596
836596
836596
836596
837792
837792
839335
839335
839335
839335
839335
839335
839335
839335
839706
839706
839706
839706
841145
841145
841145
841145
841145
841298
841298
841298
841298
841298
841298
841298
841298
843086
843086
843086
843086
843086
843086
843086
843086
843086
843086
843086
843086
843285
843285
843285
843285
843285
843285
843285
843285
843285
843285
843285
843285
843285
843285
843285
843285
843285
843285
843285
843285
843733
843733
843733
843733
843733
843733
843733
843733
843733
843733
843733
843733
843733
843733
843733
843733
843733
843733
843733
845071
845071
845071
845071
845071
845071
845071
845071
845071
847080
847080
847080
847080
847080
847080
847080
847080
847080
847080
847080
847080
847080
848088
848088
848088
848088
848088
848088
848088
848088
848088
848088
848088
848088
848088
848088
848088
848088
848510
848510
848510
848510
848510
848510
848510
848510
848510
848510
848510
848510
848510
848510
848571
848571
848571
848571
848571
848571
848571
848571
848571
848571
848571
848571
848571
848571
848571
848571
848571
848571
848571
848571
848868
848868
848868
848868
848868
848868
848868
848868
848868
848868
848868
848868
848868
848868
848868
849417
849417
849417
849417
849417
849417
849417
849417
849417
849417
849417
849417
849417
849417
849417
849417
849797
849797
849797
849797
849797
849797
849797
849797
849797
849797
849797
849797
849797
849797
849797
849797
849968
849968
849968
851012
851012
851012
851012
851012
851012
851012
851012
851012
851012
851012
851012
851012
851012
851012
851012
851012
851012
851408
851408
852588
852588
852588
853253
853253
853253
853253
853253
853253
853253
853253
853253
853253
853253
853253
853253
853253
853253
853253
853253
853253
853619
853619
853619
853619
853780
853780
853780
853780
853780
853780
853780
853780
853780
853780
853780
855325
855325
855325
855325
855325
855325
855325
855325
855325
855325
855325
855675
855675
855675
855675
855675
855675
855675
855675
855675
855675
855675
855675
855675
855675
855675
855675
855675
855675
855755
855755
855755
855755
855755
855755
855755
855755
855755
855755
855755
855755
855755
855755
855755
855755
855755
855755
857111
857223
857223
857223
857223
857223
857223
857223
857223
857223
857951
857951
857951
857951
857951
857951
857951
857951
857951
857951
857951
857951
857951
857951
857951
857951
857951
859637
859637
859637
859637
859637
859637
859637
859637
860498
860498
860498
860498
860498
860498
860498
860498
860498
860498
860498
861283
861283
861283
861283
861283
861283
861283
861283
861283
861283
861283
861480
861480
861480
861480
861480
861480
861480
861480
861480
861480
861480
861480
861480
862679
862679
862679
862679
862679
862679
862679
862679
862679
862679
862679
862679
862846
862846
865175
865175
865175
865175
865175
865175
865197
865436
865436
865436
865436
865436
865781
865781
865781
865781
865781
865781
866304
866304
866304
866304
866304
866304
866304
866304
866304
866304
866304
866304
866304
866304
866785
866785
866785
866785
866785
866785
866785
866785
866785
866785
867608
867608
867608
867608
868591
868591
868591
868591
868591
868591
868591
868591
868591
868591
868591
868591
868591
868591
868771
868771
868771
868771
868771
868771
868771
868771
868771
868771
868771
868771
869429
869429
869429
869429
869429
869429
869429
869429
870068
870068
870068
870068
870068
870068
870068
870068
870068
870068
870068
870068
870068
870068
870068
870717
870717
870717
870717
870717
871423
871423
871423
871423
871423
871423
871423
871423
871423
871423
871423
871423
871423
871423
871423
871423
871423
871423
871423
871423
871573
871573
871573
871573
871573
871573
871573
871573
871573
871573
871573
871573
871751
871751
871751
871751
871751
871751
871751
876610
876610
876610
876610
876610
876610
876694
876694
877582
877582
878105
878105
878105
878105
878105
878105
878105
878105
878105
878105
878105
878105
878105
878105
878105
878105
878105
878105
878344
878344
878344
878877
878877
878877
878877
878877
878877
878877
878877
879120
879120
879120
879120
879120
879120
879120
879120
879120
879120
879120
879120
879120
879120
879120
879120
879120
879704
879704
879704
879957
879957
879957
879957
879957
879957
879957
879957
879957
879957
879957
879957
879957
879957
881004
881004
881004
881004
881004
881004
881004
881004
881004
881246
881246
881246
881246
881246
881246
881246
881246
881246
881246
881246
881246
881246
881246
881246
881246
881675
881675
881675
881675
881675
881675
881675
881675
881675
881675
881675
881692
881692
881692
881692
881692
883610
883610
883610
883610
884727
884727
884727
884727
884727
884727
884727
884727
884727
884727
885701
885701
885701
885701
885701
885701
885701
885701
885701
885701
885701
885913
885913
885913
885913
885913
885913
885913
885913
885913
885913
885913
885913
885913
885913
886465
886465
886465
886465
886465
886465
886465
886465
886465
886465
888463
888463
888463
888463
888463
888463
888463
888463
888463
888463
888679
888679
888679
888679
888679
889312
889312
889312
889312
889312
889312
889312
889312
889312
889312
889312
889312
889312
889312
889312
889312
889312
889312
892056
892056
892056
892056
892056
892056
892056
892056
892056
892056
892056
892056
892112
892112
892112
892112
892112
892112
892112
892112
892112
892112
892112
892112
892112
892412
892412
892412
892412
892412
892412
892412
892412
892412
892412
892412
892412
892412
892973
892973
892973
892973
892973
892973
892973
892973
892973
892973
892973
892973
892973
892973
892973
893511
893511
893511
893511
893511
893511
893511
893511
894224
894224
894224
894409
894409
894409
894967
894967
894967
894967
894967
894967
894967
894967
894967
894967
894967
894967
894967
897673
897673
897673
897673
897673
897995
897995
897995
897995
897995
897995
897995
897995
897995
899006
899006
899006
899006
899006
899006
899006
899006
899006
899006
899006
899006
899006
899006
899077
899077
899077
899077
899077
899077
899077
899077
899077
899077
899077
899077
899077
899077
899077
900559
901381
901381
901381
901381
901381
901381
901381
901381
901381
901381
901381
901381
901381
901381
901381
901381
901381
901381
901381
901870
901870
901893
901893
901893
902081
902081
902081
902081
902081
902081
902081
902081
902081
902081
902081
903157
903157
903164
903164
903164
903164
903331
903331
903331
903331
903331
903331
903331
903331
903331
903331
903331
903331
903331
903331
903331
903354
903354
903354
903354
903354
903354
903354
904060
904060
904060
904060
904060
904060
904060
904060
904060
904060
904060
904060
904060
904060
904060
904060
904060
904647
904647
904647
904647
904647
904647
904647
904647
904647
904647
904647
904647
904647
906212
906212
906212
906463
906463
906463
906463
906463
906463
906463
906463
906463
906463
906463
906463
906463
906463
906463
906463
906463
906463
906463
906463
907204
907204
907204
907204
907204
908270
908270
908568
908568
908568
908568
908568
908568
908568
908568
908568
908568
908568
908568
908568
908568
909300
909300
909300
909300
909300
909304
909304
909304
909304
909304
909304
909304
909304
909304
909304
909304
909304
909304
909304
909304
909467
909467
909467
909467
909467
909467
909467
909467
909467
909467
909467
909467
909467
909467
909467
909467
911629
911629
911629
911629
913683
913683
913683
913683
913683
913683
913683
913683
913683
913683
913683
913683
913683
914155
914155
914874
914874
914874
914874
914874
914874
914874
914874
914874
914874
914874
914874
914874
914874
914874
914874
914874
914874
914874
915015
915015
915015
915015
915015
915015
915015
917539
917539
917539
917539
917539
917539
917539
917873
918007
918007
918007
918007
918007
918007
918007
920218
920218
920218
920218
920218
920218
920218
920218
920218
920218
920218
920218
920218
920260
920260
920260
921740
921740
921740
921740
921740
921740
921740
921740
921740
921740
921740
921740
921740
921740
921740
921817
921817
921817
921817
921817
921817
921817
921817
921817
921817
922190
922190
922190
922190
922190
922190
922190
922190
922190
922190
922190
922190
922190
922190
922759
922759
922759
922759
922759
922759
922759
922759
922759
922759
922759
922759
922759
922759
922759
922759
922759
922759
923539
923539
923629
923629
923629
925863
925863
925863
925863
925863
925863
925863
925863
925863
925863
925863
928740
928740
928740
928740
928740
929124
929124
929124
929124
929124
929124
929124
930306
930306
930397
930397
930397
930397
930397
930397
930397
930397
930397
930397
930397
930397
930397
930909
930909
930909
930909
930909
930909
930909
930909
930909
931272
931272
931272
931272
931272
931272
931272
931272
933758
933758
933758
934002
934002
934002
934002
934002
934002
934002
934002
934002
934002
934002
934002
934002
934002
934002
934002
934002
934002
934002
934002
934283
934283
934283
934283
934283
934283
934283
934283
934283
934283
934283
934283
935889
935889
935889
935889
935889
935889
935889
935889
935889
935889
935889
935889
935889
935889
935889
935889
935889
935889
936367
936367
936367
936367
936367
938234
938234
938234
939342
939342
939342
939342
939342
939342
939342
939342
939342
939342
939342
939342
940474
940474
940474
940474
940474
940474
940474
940474
940474
940474
940474
940474
940737
940737
940737
940737
940737
940737
940737
940737
940737
940737
940737
940737
940737
940737
940737
943226
943226
943226
943226
943226
943226
944160
944160
944160
944778
944778
944778
944778
944778
944778
944778
944778
944778
944778
944778
944778
944778
944778
944778
944778
944778
944778
944778
945613
947004
947004
947004
947004
947004
947004
947004
947004
947004
947004
947004
947004
947004
947004
947004
947004
947004
947004
947004
947004
947821
947821
947821
947821
947821
947821
947821
947986
947986
948817
948817
949300
949300
949300
949300
949300
949300
949300
949300
949300
949300
949300
949300
949300
949300
949300
950135
950135
950135
950135
950135
950135
950135
950135
950135
950135
950135
950135
950135
950135
950135
950135
950135
950135
950135
950524
950524
950524
950524
950524
950524
950524
950524
950524
950524
950524
950524
950524
951869
951869
951869
951869
951869
951869
951869
951869
951869
951869
951869
951869
951869
951869
951869
951869
953536
953536
953536
953536
953536
953536
953536
953536
953536
953536
953536
953536
953536
953536
953536
954583
954583
954583
954583
954583
954583
954583
954583
954583
954583
954583
954583
954583
954583
954583
954583
954583
954664
954664
954664
954664
954664
954664
954970
954970
954970
954970
954970
954970
954970
954970
954970
954970
954970
954970
954970
954970
954970
954970
954970
958393
958393
958393
958393
958393
958393
958393
958393
958393
958393
958393
958393
958393
958393
958393
958393
958393
958393
958393
958393
958998
958998
958998
958998
958998
958998
958998
958998
958998
958998
958998
958998
958998
958998
958998
958998
958998
959488
959488
959488
959488
959488
959488
959488
959488
959488
959488
960214
960214
960214
960214
960343
960343
960343
960343
960343
960343
960343
960343
960343
960343
960343
960343
960435
960435
960435
960435
960435
960435
960435
960435
960435
960435
960435
960435
960435
960435
960435
960435
960435
960435
960435
960505
960505
960505
960505
960505
960505
960505
960505
960763
960763
960763
960763
960763
960763
960763
960763
960763
960777
960777
960777
960777
960777
960777
961031
961031
961031
961031
961031
961031
961031
961031
962450
962450
962450
962450
962450
962450
962450
962450
962450
963631
963631
963631
963631
963631
963631
963631
963631
963631
963631
963631
963631
963631
963631
963631
963631
964068
964068
964068
964068
964068
964068
964068
964068
964344
964344
964344
964344
964344
964344
964344
964344
964415
964415
964415
964415
965161
965161
965161
965161
965161
965161
965161
965161
965161
965161
965161
965161
965161
965161
969423
969423
969423
969423
969423
969423
969603
969603
969603
969603
970339
970339
970339
970339
970339
970339
970339
970339
970339
970339
970400
970400
970400
970400
970400
970400
970400
970400
970400
970400
970400
970400
970400
970400
970400
970400
970400
970400
970400
970400
971675
971675
971675
971675
971675
971675
971675
971675
971675
972276
972276
972276
972276
972276
972276
972276
972276
972276
972916
972916
972916
972916
972916
972916
972916
972916
972916
972916
973704
973704
975016
975016
975016
975016
975016
975314
975314
975314
975314
975314
975314
975314
975314
975314
975314
975314
975314
975314
975314
975314
976583
976583
976583
976583
976583
976583
976583
976583
976583
976583
976583
976583
976583
976583
976583
976583
976583
976583
976583
976583
976924
976924
976924
976924
976924
976924
976924
976924
976924
976924
976924
976924
976924
976924
976924
976924
977022
977022
977022
977022
977022
977022
977022
977520
977520
977525
977525
977525
977781
977781
977781
977781
977781
977781
977781
977781
977781
977781
977781
977781
977781
977781
977781
977781
977781
977781
977921
977921
977921
977921
977921
977921
977921
977921
977921
977921
977921
977921
977921
977921
977921
977921
977921
977921
977921
978946
978946
978946
980626
980626
980626
980626
980626
980626
980626
980626
980626
980626
980626
980626
980626
980626
980626
980626
980626
980626
980626
980626
980670
980670
980670
980670
980670
980670
980670
980670
980670
980670
980670
980670
980670
980670
980670
980670
980670
980670
981583
981583
981583
981583
981583
981583
981583
981583
981583
981583
981583
981583
981583
982530
982530
982530
982530
982530
982530
982530
982530
982530
982530
982530
982530
982530
982530
982530
982530
982530
983570
983570
983570
983570
983570
983570
983570
983570
983570
983570
983570
983570
983570
984122
984122
984122
984122
984122
984122
984122
984122
984122
984122
984122
984122
984122
984122
984122
984987
984987
984987
984987
984987
984987
984987
984987
984987
984987
984987
984987
984987
984987
984987
988660
988660
988660
988660
988660
988660
988660
988660
994928
994928
994928
994928
994928
994928
994928
994928
994928
994928
994928
994928
994928
994928
994928
994928
994928
994928
994928
995469
995469
995469
995469
995469
996508
996508
996508
996508
996508
996508
996508
996508
996508
997290
997290
997290
997290
997290
997290
997290
997290
997290
997290
997290
997290
997290
997290
997290
997290
997290
997290
997290
997320
997320
997320
997320
997320
997320
997320
997320
997320
997320
997320
997320
998719
998986
998986
998986
998986
998986
998986
998986
998986
998986
998986
998986
998986
998986
998986
998986
998986
998986
998986
998986
998986
999286
999286
999286
999286
999286
999286
999286
999286
999662
999662
999662
999662
999662
999662
999662
999662
999662
999662
999662
999662
999662
999662
999662
999662
999938
999938
999938
999938
999938
999938
999938
999938
999938
999938
999938
999938
999938
999938
999938
999938
999938
999938
999938
