10919 1500000
200233
200233
200233
200233
200233
200233
200233
200233
200233
200233
200314
200314
200314
200314
200314
200314
200314
200314
200328
200328
200328
200328
200328
200328
200328
200328
200328
200328
200328
200328
200328
200328
200328
200328
200756
200756
200756
200756
200756
200756
200756
200776
200776
200776
200776
200776
200776
200776
200776
200776
200776
200776
200776
200776
200776
200776
200776
201125
201125
201125
201125
201125
201125
201125
201125
201125
201125
201125
201125
201125
201125
201125
201615
201615
201615
201615
201615
201615
201615
201615
201615
201615
201615
201615
201615
201660
201660
201660
201660
206944
206944
207710
207710
207710
207710
207710
207710
207710
207710
207710
207710
207710
207710
207710
207710
207710
207710
208209
208209
208209
208209
208209
208209
208209
208209
208209
208209
208385
208385
208385
208385
208385
208385
208385
208385
208385
208385
208385
208385
208385
208385
208385
208385
208385
208385
208700
208700
208700
208700
208700
208700
208700
209120
209120
209120
209120
209120
209120
209120
209120
209120
209120
209120
209120
209120
209120
209120
209120
209120
209120
209120
209308
209308
209308
209308
209308
209308
209308
209308
209308
209308
209352
209352
209352
210298
210298
210298
210298
210298
210298
210298
210298
210298
210298
210298
210298
212541
212541
212541
212541
212541
212541
212541
212690
212690
212690
212690
212690
212690
212690
212690
212690
212690
212690
212690
212690
212690
212771
212771
212771
212771
212771
212771
212771
212771
212771
212771
212771
212771
212771
212771
212771
212771
212771
213034
213034
213034
213034
213034
213034
213034
213034
213034
213034
213034
213034
213163
213163
213163
213163
213163
213163
213163
213488
213488
213488
213488
213488
213488
213488
213488
213488
213488
213488
213488
213488
213488
213488
213488
213729
213729
213729
213729
213729
213729
213729
213729
213729
213729
213729
213729
213729
213729
213729
214235
214235
214235
214235
216272
216272
216272
216272
216272
216272
220833
220833
220833
220833
220833
220833
220833
220833
220833
220833
220833
220833
220833
220833
220833
220833
221271
221271
221271
221271
221271
221271
221271
221271
221271
221271
221271
221271
221271
221271
221271
221271
222189
222189
222189
222189
222746
223290
223290
223290
223290
223290
223290
223290
223290
223290
223290
223290
223290
223290
223290
223290
223290
223290
223307
223307
223307
223307
224059
224059
224059
224059
224059
224059
224059
224059
224059
224059
224059
224059
224059
224059
224059
224059
224059
224497
224497
224497
224497
224497
224497
224497
224497
224497
224497
224497
224497
224497
224497
224754
224754
224754
224754
224754
224754
224754
224754
224754
225013
225013
225013
225013
225013
225013
225013
225013
225013
225013
225013
225013
225013
225013
225013
225013
225013
225013
225131
225131
225131
225131
225131
225131
225131
225131
225131
225131
225131
225131
225131
225131
225131
225131
225131
225332
225332
225332
225332
225332
225332
225332
225332
225332
225332
225992
225992
225992
225992
225992
225992
225992
225992
225992
225992
225992
225992
225992
225992
225992
226055
226768
226768
226768
226768
226768
226768
226768
226768
226768
227517
227517
227688
227688
227688
227688
227688
227688
227688
227688
227688
227688
227688
227688
227688
227688
228135
228135
228135
228135
228135
228135
228135
228135
228135
228135
228135
228135
229171
229171
229171
229171
229171
229171
229171
230596
230596
230596
230596
230760
230760
230760
230760
230760
230760
230760
230760
230760
230760
230760
230760
230760
230760
230760
230760
230760
230876
230876
230876
230876
230876
230876
230876
230876
230876
230876
230876
230876
230876
230876
231067
231067
231302
231302
231302
231302
231302
231302
231302
231302
231302
231302
231302
231302
231302
231302
231302
231302
231775
231775
231775
232233
232233
232233
232233
232233
232233
232233
232233
232233
232233
232233
232233
232233
232233
232233
232233
232233
232233
232233
232233
233090
233137
233137
233137
233137
233137
233137
233137
233137
233137
233137
233137
233137
233137
233137
233137
233137
233137
233137
233137
233266
233266
233266
233266
233266
233266
233266
233266
233266
233266
233266
233266
233678
233678
233678
233678
233678
233678
233678
233678
233678
233678
233961
233961
233961
233961
233961
233961
233961
233961
233961
233961
234107
234107
234107
234107
234107
234107
234107
234107
234107
234107
234107
234997
234997
234997
234997
234997
234997
234997
234997
234997
234997
234997
234997
234997
234997
234997
234997
234997
234997
234997
234997
235495
235495
235495
235495
235495
236117
236117
236117
236117
236117
236788
237955
237955
237955
237955
237955
237955
237955
237955
237955
238670
238670
238670
238670
238670
238670
238670
238670
238670
238670
238670
238670
238670
238756
240581
240581
240581
240581
240581
240581
240581
240581
240581
240581
240581
242602
242602
242602
242602
242602
242602
242602
244544
244544
244544
244544
244544
244544
244544
244544
244544
244544
244544
244544
244544
244544
244544
244544
244544
244544
246292
246292
246292
246292
246292
246292
246823
246823
246823
246823
246823
246823
246823
246823
246823
246823
246823
246823
246823
246823
246823
248440
248440
248440
248440
248440
248440
248440
248440
248658
248658
248658
248658
248658
248658
248658
248658
248658
248658
248658
248658
249873
249873
249873
249873
249873
249873
249873
249873
250042
250042
250042
250042
250042
250042
250042
250042
250042
250042
250042
250042
250042
250042
250042
250042
250042
250042
250042
250042
250940
250940
250940
250940
250940
250940
250940
250940
250940
250940
250940
250940
252594
252594
252594
252594
252594
252594
252594
252594
252594
252594
252594
252594
252594
252594
252594
252594
252594
252594
253414
253414
253414
253414
253414
253414
253414
253414
253414
253414
253414
253414
253414
253414
254668
254668
254668
254668
254668
254668
254668
254668
254668
254668
254668
254668
254668
254668
254668
254668
254668
254668
254668
254668
254797
254797
254939
254939
254939
254939
254939
254939
254939
254939
254939
254939
254939
254939
254939
254939
254939
254939
254939
254939
256522
256522
256522
257108
257108
257108
257108
258081
258081
258081
258081
258081
258081
258081
258081
258081
258081
258081
258081
258081
258081
258081
260197
260251
260251
260251
260251
260251
260251
260251
260251
260251
260251
260251
260251
260251
262801
262801
262801
262801
262801
262801
262801
262801
262801
262801
262801
262801
262801
262801
262801
262801
262801
262801
262801
264580
267225
267225
267225
267225
267225
268498
268498
268498
268709
268709
268709
268709
268709
268709
268709
268709
268709
268709
268753
268753
268753
268753
268753
268753
269053
269053
269053
269053
269053
269053
269053
269053
269053
269053
269053
269186
269186
269186
269186
269186
269186
269186
269186
269186
269186
269186
269186
269186
269186
269186
269186
269186
269472
269472
269472
269472
269472
269472
269472
269472
269472
269472
270696
270696
270696
270696
271266
271266
271266
271266
271266
271266
271266
271266
271266
271266
271266
271266
271266
271531
272055
272055
272055
272055
272392
272392
272392
272392
272392
272392
274633
274633
274633
274633
274633
274633
274633
274633
274633
274633
274633
274633
274633
274633
274828
274828
274828
274828
274828
274828
274828
274828
274828
274828
274828
274828
274828
274828
275520
275520
275520
276785
276785
276785
276785
276785
276785
276785
276785
276785
276785
276785
276785
276785
276785
276785
276785
276785
279292
279292
279292
279292
279292
279292
279292
279292
279292
279292
279292
279292
279292
279453
279453
279453
279453
279453
279453
279453
279453
279453
279453
279453
279453
279453
279453
279453
279453
279453
279453
279453
279453
280271
280271
280271
280271
280271
280271
280271
280271
280271
280271
281123
281123
281123
281123
281123
281123
281123
281123
281123
281123
281123
281123
281123
281123
281123
281752
281752
281752
281752
281752
281752
281752
281752
281752
281752
281752
281752
282093
282093
282093
282093
282093
282093
282093
282093
282093
282093
282093
282093
282093
282093
282093
282093
282093
282093
282093
282093
282694
282694
282694
282694
282694
282694
282694
282694
282694
282694
282694
282694
282694
282694
282694
282694
282899
282899
282899
282899
283188
283188
283188
283188
283188
283188
283188
283188
283188
283188
283188
283188
283188
283188
283188
283188
283188
283188
283188
283188
284180
284180
284180
284180
284180
284180
285042
285042
285411
285411
285411
285411
285535
285755
287103
287103
287103
287103
287103
287103
287103
287103
287103
287103
287103
287103
287103
287103
287103
287103
287103
287103
288236
288236
290544
290544
290544
290544
290544
290544
290544
290544
290544
290544
290544
290544
290544
290615
290615
290615
290615
290615
290615
290615
291532
291532
291532
291999
291999
291999
291999
291999
291999
291999
291999
291999
291999
291999
291999
291999
291999
291999
291999
291999
293296
293296
293296
293296
293296
293296
293296
294134
294134
294134
294134
294255
294255
294255
294255
294255
294255
294255
294255
294255
294255
294255
294255
294255
294255
294255
294255
294255
294255
294255
294529
294529
294529
294923
294923
294923
294923
294923
294923
294923
294923
294923
295381
295381
295381
295381
295381
295381
295381
295381
295381
295381
295381
295381
295381
296453
296453
296453
296453
296453
296453
296453
296875
296875
296875
296875
296875
296875
296875
296875
296875
297254
297254
297254
297254
297254
297254
297254
297254
297254
297254
297254
297254
298509
298509
298509
298509
298509
298509
298509
298547
298547
298547
298547
298547
298547
298547
298547
298547
298547
298547
299260
299260
299260
299260
299260
299260
299260
299260
299260
299260
299260
299260
299260
299260
299260
299260
300386
300386
300386
300386
300386
300386
300386
300386
300386
300386
300454
300454
300454
300454
300454
300454
300454
301788
301788
301788
301788
301788
301788
301788
301788
301788
301788
301788
301788
301788
301788
301788
301788
301788
302566
302566
302566
302566
302566
302566
302566
302566
302566
302566
302566
302566
302566
302566
302566
302566
302566
302566
302566
303674
303674
303674
303674
303674
303674
303674
303674
303674
303674
303674
305082
305082
305082
305082
305082
305082
305082
305082
305082
305082
305082
305082
305082
305082
305082
305082
305082
305082
305082
306333
306333
306333
306333
306333
306333
306333
306333
306333
306333
306984
306984
306984
306984
306984
306984
306984
306984
307468
308616
308616
308616
308616
308616
308616
308616
308616
308616
308616
308616
308616
308616
308616
308616
308616
308616
309613
309613
309613
309613
309613
309613
309613
309613
309613
309613
310265
310265
310265
310265
310265
310265
310265
310265
310265
310265
310265
310265
310265
310265
310265
310265
310671
310671
311413
311413
311413
311413
311441
311441
311441
311441
315885
315885
315885
315885
315885
315885
315885
315885
315885
315885
315885
315885
315885
315885
315885
315991
315991
315991
315991
315991
315991
315991
315991
315991
315991
315991
315991
315991
315991
315991
317118
317118
317118
317118
317118
317118
317118
317118
317118
317118
317118
317845
317845
317845
317845
317845
317845
317845
317845
317845
317845
317977
317977
317977
317977
317977
317977
317977
317977
317977
317977
317977
318403
318403
318403
318403
318403
318403
318403
318403
318403
318403
318403
318403
318403
318403
318657
318657
318657
318689
318689
318689
318689
318689
318689
318689
318689
318689
318689
318689
318689
318689
319268
319268
319268
319268
319268
319268
319268
319268
319268
319268
319268
319268
321000
321000
321000
321000
321000
321000
321000
321000
321000
321000
321000
321000
321000
323974
323974
324402
324402
324402
324402
324402
324402
324402
324402
324402
324402
324402
324402
324402
324402
324402
324402
324402
324402
324402
326753
326753
326753
326753
326753
326753
326753
326753
326753
326753
326753
326753
326753
326753
326866
326866
326866
326866
326866
326866
326866
326866
326866
326866
326866
326866
326866
326866
326866
327577
327634
327634
327634
327634
327634
327634
327634
327634
327634
327634
327634
327634
327634
327634
327634
327634
327634
327634
327634
327634
328129
328129
328129
328129
328129
328129
328129
328129
328129
328129
328129
328129
328129
328129
328129
328129
328129
328129
328129
330507
330507
330507
330507
330507
330507
330507
330507
330507
330507
330507
330507
330507
330507
330507
330507
330507
330507
331204
331204
331204
331204
331204
331204
331204
331204
331204
331204
331204
331903
331903
331903
332279
332279
332279
332279
332279
332279
332279
332279
332279
332279
332279
332279
332279
332279
332279
332279
332279
332279
332279
332456
332456
332456
332456
332456
332456
332974
332974
332974
332974
332974
332974
332974
332974
332974
332974
332974
332974
332974
333821
333821
333821
333821
333821
333821
333821
333821
333821
333821
333821
333821
333821
333821
333821
334001
334001
334001
334001
334001
334001
334001
334001
334001
334001
334001
334001
334001
334001
334001
334001
334001
334001
334001
334083
334083
334083
334083
334083
334083
334083
334775
334775
334775
334775
334775
334775
334775
334775
334775
334775
334775
334775
334775
334775
334775
334775
334775
334775
334775
336613
336613
336613
336613
336613
336613
336613
336613
336613
336613
336613
336613
336613
336613
336613
336613
336613
336613
338435
338435
338435
338435
338435
338435
338435
338435
338435
338435
338435
338435
338435
338457
338457
338457
338457
338457
338457
338457
338457
338457
338457
338457
338457
338457
338457
338457
338457
338457
339845
339845
339845
339845
339845
339845
339845
339845
339845
340889
340889
340889
340889
340889
340889
340889
340889
340889
340889
340889
340889
340889
340889
340889
340889
340889
340889
340889
340889
341553
341553
341553
341740
341740
341740
341740
341740
341740
341740
341740
341740
341740
341740
341740
341740
341740
341740
341740
341740
342529
342529
342529
342529
343346
343670
343670
343670
343670
343670
343670
343670
343670
343670
343670
343670
343670
343670
343994
343994
343994
343994
343994
343994
343994
343994
343994
343994
343994
343994
343994
344559
344559
344559
344559
344559
344559
344693
344693
344693
344693
344693
344693
344693
344693
344693
344693
344693
344693
344693
344693
344696
344696
344696
344696
344696
344696
344696
344696
344696
344696
344696
344696
344696
344696
344696
344696
344696
345043
345043
345043
345043
345043
345043
345043
345043
345043
345043
345043
345043
345043
345043
345043
345043
345043
345043
345043
345043
345596
345596
345596
345596
345596
345596
345596
345596
345596
345596
345596
346155
346155
346155
346155
346155
346155
346155
346155
346155
347729
347729
347729
347729
347729
347729
347729
347729
347729
347729
347729
347729
347729
347729
347729
347729
347729
347729
347729
349645
349645
349645
349645
349645
349645
349645
349645
349645
349645
349645
349645
350884
350884
350884
350884
350884
350884
350884
350884
350884
350884
350884
350884
350884
350884
351650
351650
351650
351650
351650
351650
351650
351650
352167
352167
352167
352167
352167
352167
352167
352167
352618
352618
352618
352618
352618
352618
352618
352618
352618
352618
352618
352618
352618
352618
352618
352618
352618
352618
352618
352618
353751
353751
353751
353751
354213
354213
354213
354213
354213
354213
354213
354213
354213
354213
355007
355007
355007
355007
355248
355248
355248
355248
355248
355248
355248
355248
355248
355248
355248
355248
355248
355248
355248
355777
355777
355777
355777
355777
355777
355777
358597
358597
358597
358597
358597
358597
358597
358597
358597
358597
358597
358597
358733
358733
358733
358733
358733
358733
361196
361196
361196
361196
361196
361196
362771
362771
362771
362771
362771
362771
362771
362771
362771
362771
362771
362771
362771
362771
362771
362771
362771
362771
362771
362786
362786
362786
362786
362786
362786
362786
362786
362786
362786
362786
362786
362786
362786
362882
362882
362882
362882
362882
362882
362882
362882
362882
362882
362882
362882
362882
362882
364254
364254
364254
364254
364254
364254
364254
364254
364254
364254
364254
364254
364254
364254
364254
364254
364254
364254
364254
364254
365188
365188
365188
365188
365188
365188
365756
365756
365756
365756
365756
365756
365756
365756
365756
365756
366062
366062
366062
366062
366062
366062
366062
366062
366062
366062
366062
366062
366062
366062
366062
366062
366062
366062
366995
366995
366995
366995
366995
366995
366995
366995
368234
368234
368234
368691
368691
368691
368691
368691
368691
368691
368691
368691
368691
369349
369973
369973
369973
369973
369973
369973
369973
369973
369973
369973
369973
369973
369973
369973
369973
370033
370033
370033
370033
370033
370033
370033
370033
370033
370033
370033
370033
370033
370033
370033
370033
370262
370262
370262
370262
370262
370262
370262
370262
370262
370262
370262
370262
370262
370745
370745
370745
370745
370745
371880
371880
371880
371880
371880
371880
371880
371880
371880
371880
371880
371880
371880
371880
371880
371880
371880
371880
371880
372887
372887
372887
372887
372887
372887
372887
372887
372887
374504
374504
374504
374504
374504
374504
374504
374504
374504
374504
374504
374504
374504
374504
374504
374504
374504
374504
374504
374504
375180
375180
375180
375180
375180
375180
375180
375180
375180
375180
375180
375180
375859
375859
375859
375859
375859
375859
375859
375859
375859
375859
377163
377163
377163
377163
377163
377163
377163
377163
377437
377437
377437
377437
377437
377437
377437
377437
377437
377437
377437
377437
377437
377437
377482
377482
377482
377482
377482
377482
377482
377482
377482
377482
377482
377482
377482
377482
377482
377482
378843
379732
379732
379732
379732
379732
379732
379732
379732
379732
379732
379732
379732
379732
379732
379732
379732
379732
380156
380156
380156
380156
380156
380156
380156
380156
380156
380156
380156
380156
380156
380156
380156
380156
380156
380156
380156
380487
380487
380487
380487
380487
380487
380487
380487
380487
380487
380487
380487
380487
380487
380487
380487
382441
382441
382441
382441
382441
382441
382441
382698
382698
382698
382698
382698
382698
384840
385438
385438
385438
385438
385438
385438
385438
385438
385438
385438
385438
385438
385438
386103
386384
386384
386384
387009
387009
387009
387009
387009
387009
387009
387009
387009
387009
387009
387009
387009
387009
387009
387678
387678
387678
387678
387783
387783
387783
387783
388497
388497
388497
388497
388497
388497
388497
388497
389400
389400
389400
389400
389792
389792
389792
389792
389792
389792
389792
389792
389792
389792
389792
389792
389792
389792
389792
389792
389792
389792
389860
389860
389860
389860
389860
389860
389860
389860
389860
389860
389860
389860
389860
389860
389860
390390
390390
390390
390809
390809
390809
390809
390809
390809
390809
390809
390809
390809
390809
390809
391031
391031
391031
391031
391031
391031
391031
391031
391031
391031
391031
391031
391031
391031
391031
391770
391770
391770
391770
391770
392592
392592
392592
392592
392592
392592
392592
392592
392776
392776
392776
392776
392776
392776
392776
392776
392776
392776
392776
392776
392776
392776
392776
392776
392992
392992
392992
392992
392992
392992
392992
392992
392992
392992
392992
392992
393290
393290
393290
393290
394205
394205
394205
394205
394205
394205
394205
394205
394205
394205
394205
394205
394205
394205
394205
394205
394205
394205
394205
394205
394393
394393
394393
394393
394393
394393
394393
395863
395863
395863
395863
395863
395863
395863
395863
395863
395863
395863
395863
395863
395863
396293
396293
396293
396293
396293
396293
396293
396293
396293
396293
396293
396293
396293
396293
396293
396293
396293
397024
397024
397024
397024
397024
397024
397024
397024
397024
397024
397024
397024
397024
397024
397024
397024
397024
397292
397292
397292
397292
397292
397292
397292
397292
397292
397292
397292
397292
397292
397292
398201
398201
398201
398201
398201
398201
398201
398201
398201
398201
398201
398471
398471
398471
398471
398471
398471
398601
398601
398601
398605
398605
398605
398605
398605
398605
398605
398605
398605
398605
398605
398605
398605
398605
398605
398605
398605
398605
398605
398605
400243
400243
400243
400243
400243
400243
400243
400243
400243
400243
400243
400243
400243
400243
400243
400243
400243
400744
400744
400744
400744
400744
400744
400851
400851
400851
400851
400851
400851
400851
400851
400851
400851
400851
402408
402408
402408
402408
402408
402408
402408
406302
406302
406302
406302
406302
406302
406302
406302
407345
407345
407345
407345
407345
407345
407345
407345
407345
407345
407345
407345
407345
407345
407345
407345
407968
407968
407968
407968
407968
407968
407968
407968
407968
407968
407968
407968
407968
407968
407968
408755
408755
408755
408755
408755
408755
408755
408755
408755
408755
408755
408755
409981
409981
409981
410054
410054
410054
410054
410054
410054
410054
410054
410054
410054
410054
410054
410054
410688
410688
410688
410688
410688
410688
410688
410688
410688
410688
410688
410688
410688
410688
410688
410688
412159
412159
412159
412159
412159
412159
412159
412159
412159
412159
412159
412159
412159
412159
412159
412159
412159
412159
412159
412391
412391
412391
412391
412391
412391
412391
412391
412391
412391
412391
413443
413443
413636
413636
413636
413636
413636
413636
413636
413636
413636
413636
413636
417619
417619
417619
417619
417619
417619
417619
417619
417619
417619
417619
417619
419554
419554
419554
419554
419554
419554
419554
419554
419554
419554
419554
419554
419554
419554
419554
419668
419668
419668
420526
420526
420526
420526
420874
420874
420874
422032
422106
422106
422106
422106
422106
422106
422106
422106
422796
422796
422796
422796
422796
422796
422796
422796
422796
422947
422947
422947
422947
422947
422947
422947
422947
422947
422947
422947
422947
422947
422947
422947
422947
422947
422947
423340
423340
424707
424707
424707
424707
424707
424707
424707
425273
425273
425273
425273
425452
425452
425452
425452
425452
425452
425452
425520
425520
425520
425520
425520
425520
425520
425520
425520
425520
425520
425520
425520
425520
425520
425520
425520
425520
425557
425557
425557
427544
427544
427544
427544
427544
427544
427544
427544
427544
427544
427544
427544
427544
427544
427544
427544
427544
428253
428253
428253
428253
428253
428253
428253
428253
428253
428253
428253
428253
428253
428253
428253
428253
429489
429489
429489
429489
429489
429489
429490
429490
429490
429490
429490
429490
429490
429490
429490
429490
429490
429490
429490
429490
429490
429490
429490
429490
429490
430224
430224
430224
430224
430224
430224
430224
430224
430224
430224
430611
430611
430611
430611
430611
430611
430611
430611
430611
430611
430611
430611
430611
430611
430611
430611
430611
430611
430611
430611
430653
430653
430653
430653
430916
430916
430916
430916
430916
430916
430916
430916
430916
430916
430916
430916
430916
430916
431262
431262
431262
431262
431262
431262
431262
432215
432215
432215
432215
432215
432215
432215
432215
432215
432215
432215
432792
432792
432792
432792
432792
432792
432792
432792
432792
432792
432792
432864
432864
432864
432864
432864
432864
432864
432864
432864
432864
432864
432864
432864
433395
433630
433630
433630
433630
433630
433630
433630
433630
433630
433630
433630
435168
435168
435168
435168
435168
435168
435168
435168
435168
435168
435168
435168
435168
437661
437661
437661
437661
437661
437661
437661
437661
437661
437661
437661
437661
437661
437661
437661
437661
437661
437661
438539
438539
438539
438539
438539
438539
438539
438539
438539
438539
438539
438539
438539
438539
438539
438654
439457
439457
439457
439457
439457
439958
439958
439958
439958
439958
439958
439958
439958
440058
440058
440058
440058
440058
440058
440058
440058
440058
440058
440058
440058
440058
440058
440198
440198
440198
440198
440198
440198
440198
440198
440198
440198
440198
440198
440198
440198
440589
440589
440589
440589
440589
440589
440589
440589
440589
440589
441117
441117
441117
441117
441117
441117
441117
441117
441117
441117
441117
441117
443585
443585
443585
443585
443585
443585
443585
443585
443585
443585
443585
443585
443585
443887
443887
443887
443887
443887
443887
443887
443887
443887
443887
443887
443887
443887
443887
443887
443887
443887
443887
443887
443887
445977
445977
445977
445977
445977
445977
445977
446922
446922
446922
446922
446922
446922
447829
447829
447829
447829
447829
447829
447829
447829
447829
447829
447829
447829
447829
447829
447829
448288
448288
448288
448288
448288
448288
448288
448288
448288
448288
448288
448288
448288
448288
448349
448349
448349
448349
448349
448349
448349
448349
448349
448349
448349
448349
451699
451699
451699
451699
451699
451699
451699
451699
451699
451699
451699
451699
453792
453792
453792
453792
453792
453792
453792
453792
453792
453792
453792
453792
453792
453792
453792
453792
453792
453792
453792
456899
456899
456899
456899
456899
456899
456899
456899
456899
456899
456899
456899
456899
456899
456899
456899
458455
458455
458703
458703
458703
458703
458703
458703
458703
458703
458703
458703
458703
458703
458703
461268
461268
461268
461268
461268
461268
461268
461268
461268
461268
461268
461268
461268
461268
463462
463462
463462
463462
463462
463462
463462
463462
463462
463462
463462
463462
463462
463462
463462
465975
466221
466221
466221
466221
466221
466221
466221
466221
466221
466221
466924
466924
466924
466924
466924
466924
466924
466924
466924
466924
466924
466924
466924
466924
466924
466924
466924
466924
466924
466924
467317
467317
467518
467518
467518
467518
467518
467518
467518
469393
469393
469393
469393
469393
469393
469393
469393
469393
469393
469393
469393
469393
469393
469393
469393
469393
469393
470746
470746
470746
470746
470746
470746
470746
470746
470746
470746
470746
470746
470746
470746
470746
470746
471541
471541
471541
471541
471541
471541
471541
471541
471541
471541
471541
471541
471541
472076
472076
472076
472076
472076
472076
472076
472076
472076
472076
472076
472076
472076
472076
472076
472076
472076
472076
472076
472388
472388
472388
472388
472388
472388
472388
472388
472388
472388
472388
472388
472388
472388
472478
472478
472478
472711
472711
472711
472711
472711
472711
472773
472773
472773
472773
472773
472773
472773
472773
472773
472773
472773
473933
473933
473933
473933
473933
473933
473933
473933
473933
473933
473933
473933
473933
473933
475167
475167
475167
475167
475167
475167
475167
475167
479489
479489
480611
480611
480611
480611
480611
480611
480611
480611
480611
480611
480611
480611
480877
480877
480877
480877
480877
482221
482221
482221
482221
482221
482221
482221
482221
482222
482222
482973
482973
482973
482973
482973
482973
482973
482973
482973
482973
482973
482973
483283
483283
483283
483283
483283
483283
483283
483283
483283
483283
483283
483283
483283
483283
483283
483283
483283
483283
483350
483350
483350
483350
483350
483350
483350
483350
483350
483350
483350
483350
483350
483350
483621
483621
483621
483621
483621
483621
483621
483621
483621
483621
483621
483621
483621
484403
484403
484403
484403
484403
484403
484403
484403
484403
484403
484403
484403
484403
484403
484403
484403
484403
484403
484403
484403
484458
484458
484458
484458
484458
484458
484458
484458
484458
484458
484458
484458
484458
484917
484917
484917
484917
484917
484917
484917
484917
484917
484917
484917
484917
484917
484917
485122
485122
485122
485122
485122
485122
485122
485122
485122
485122
485122
485122
485122
485122
485122
485122
485122
488061
488061
488061
488061
488061
488061
488061
488061
488061
488061
488061
488061
488330
488330
488330
488330
488330
488330
488330
488330
488330
488330
488330
489179
489179
489179
489179
489179
489179
489179
489179
489179
489179
489179
489179
489179
489179
489179
489179
489179
489179
489179
489179
489629
489629
489629
490546
490546
490546
490546
490546
490546
490546
490546
490546
490546
490977
490977
490977
490977
490977
490977
490977
491395
491395
491395
491588
491588
491588
491588
491588
491588
491588
491588
491588
491588
491588
491588
491588
491588
491588
491588
491588
491588
491588
491588
492163
492163
492163
492163
492163
492163
492163
492163
492163
492163
492163
492163
492163
492163
492163
496120
496120
496120
496120
496120
496120
496120
496120
496120
496120
497690
497690
497690
497690
497690
497690
497690
497690
497690
497690
497690
497690
497690
497690
497690
497690
497690
497690
497690
497690
498994
498994
498994
498994
498994
498994
498994
498994
498994
498994
498994
498994
498994
498994
498994
498994
498994
499908
499908
499908
500465
500465
500465
500465
501236
501236
501236
501236
501236
501236
501236
501236
503102
503102
503102
503102
503102
503102
503102
503102
503102
503332
503332
503332
507747
507747
507747
507747
507747
507747
507747
507747
507747
507747
507747
508104
508104
508104
508104
508104
508104
508104
508104
508104
509220
509220
509220
509220
509220
509220
509220
509220
509220
509220
509220
509220
509220
509220
509948
509948
509948
509948
509948
509948
509948
509948
510049
510049
510049
510049
510049
510049
510049
510049
510049
510049
510049
510049
510049
510049
510049
510049
510049
510049
510049
510049
510214
510214
510214
510214
510214
510214
510214
510287
510287
510287
510287
510287
510287
510287
510287
510287
510287
510287
510334
510334
510334
510334
510334
510334
510334
510334
510334
510334
510334
510334
510334
510334
511154
511154
511154
511154
511154
511154
511154
511154
513758
516615
518565
518565
519229
519229
519229
519229
519229
519229
519229
519229
519229
519229
519229
519229
519229
519428
519428
519428
522573
522573
522573
522573
522573
522573
522573
522873
522873
522873
522873
522873
522873
522873
522873
523163
523163
523163
523163
523163
523163
523163
523163
523163
523163
523163
523163
523163
523163
523473
523473
524917
524917
524917
524917
524917
524917
524917
524917
524917
524917
524917
524917
524917
524917
525081
525081
525081
525081
525081
525081
525081
525081
525081
525081
525081
525081
525081
525081
525081
525081
528333
528333
528333
528333
528333
528333
528333
528333
528333
528333
528333
528333
528333
528333
528333
528333
528333
528333
529407
529407
529407
529407
529407
529668
529668
529668
529668
529668
529668
529668
529668
529668
529668
529668
529668
529668
529668
529668
530040
530040
530040
530040
530040
530040
530040
530040
530040
530040
530040
530040
531180
531180
531180
531180
531180
531180
531180
531180
531180
531180
531202
531202
531202
531202
531202
531202
531202
531202
531202
531202
531202
531202
531202
531202
531202
531202
531202
531390
531390
531390
531390
531390
531390
531682
531682
531682
531682
531682
531682
531682
531682
531682
531682
531958
531958
533246
533246
533246
533246
533246
533246
533246
533246
533246
533246
533246
533246
533246
533246
533246
533246
533246
535121
535121
535121
535121
535121
535121
535121
535121
535121
535121
535121
535121
535121
535121
535121
535121
535121
535121
535121
536637
536637
536637
536637
536637
536637
536637
536637
536637
537979
537979
537979
537979
537979
537979
537979
537979
538611
538611
538611
538611
538611
538611
538611
538611
538611
538611
538611
538611
538611
538611
538611
538611
538611
538611
540338
540338
540338
540338
540338
540338
540338
540338
540338
540338
540338
540338
540338
540338
540372
540372
540372
540372
540372
540372
540372
540372
540372
540372
540372
540372
540372
540372
540372
540372
540440
540440
540440
540440
540440
540440
540440
540440
540440
540440
540440
540440
540440
540440
540440
540440
540440
540527
540527
540527
540527
540527
540527
540527
541808
541808
541808
541808
541808
541808
541808
541808
541808
541808
541808
541808
541808
541808
541979
541979
541979
541979
541979
543277
543277
543277
543277
543277
543277
543277
543277
543277
543277
543277
545089
545089
545089
545089
545089
545089
545445
545445
545445
545445
545445
545445
545445
545445
545445
545445
545445
545445
545445
545445
545445
545445
545445
545445
545445
545719
545719
545719
545719
545910
545910
545910
545910
545910
545910
545910
545910
546769
546769
546769
546769
546769
546769
546769
546769
546769
546769
546769
546769
546769
547185
547185
547185
547185
547185
547185
547185
547185
547185
547185
547185
547185
547185
547185
547185
547185
547185
547201
547201
547201
547201
547201
547201
547201
547201
547201
547201
547201
547201
547201
547201
547201
547201
547201
547201
547382
547382
547382
547382
547382
547382
547382
547382
547382
547382
547382
547802
547802
547802
547802
547802
549898
549898
549898
549898
549898
549898
549898
549898
550211
550211
550211
550211
550211
550211
550211
550211
550211
550718
550718
550718
551602
551602
551602
551602
551602
551602
551602
551602
551602
551602
551602
551602
551759
551759
551759
551759
551759
551759
551759
551759
551759
551759
551759
551759
552944
552944
553521
553521
553521
553521
553521
553521
553521
553521
553521
553521
553521
553521
553521
553521
553799
553799
553799
553799
553799
553799
553799
553799
553799
553799
553799
553799
553799
553799
553799
553799
553799
555059
555059
555059
555059
555059
555059
555059
555059
555059
555059
555059
555059
555059
555059
555059
555059
555059
555059
555565
555565
555565
555565
555864
555864
555864
555864
555864
558477
558477
558477
558477
558477
558477
558603
558603
558603
558603
558603
558603
558603
558603
558603
558603
558722
558722
558722
558722
558722
558722
561934
561934
561934
561934
562091
562091
562091
562091
562091
562607
562607
562607
562607
562607
562607
562607
562607
562607
562607
562607
562607
562854
562854
562907
562907
562907
562907
562907
562907
563239
563239
563239
563239
563239
563239
563239
563239
563239
563239
563239
563239
563239
563443
563443
563443
563443
563443
563443
563443
563443
563443
563443
563443
563443
563443
563443
563443
563443
563443
563443
563443
566617
566617
566617
566617
566617
566617
566617
566617
566617
566630
566630
566630
566630
567594
567594
567594
567594
567594
567594
567732
567732
567732
567732
567732
567732
567732
567732
567732
567732
567732
567732
567732
570341
570341
570341
570341
570341
570341
570341
570341
570341
570341
570341
570341
570341
570341
570341
570341
570341
570557
571685
573250
573250
573250
573250
573250
573250
573250
573250
573250
573250
573250
573250
573250
573250
573250
573950
573950
573950
574338
574338
574338
574338
574338
574338
574338
574338
574610
574610
574610
574610
574633
574633
574633
574633
574633
574633
575114
575114
575114
575114
575114
575114
575114
575114
575114
575114
575114
575114
575114
575114
576598
576598
576598
576598
576598
576598
576598
576598
576598
576598
576598
576598
576598
576598
576598
576598
576598
576598
576598
576598
577797
577797
577797
577797
577797
577797
577797
577797
577797
577797
577797
577797
577797
577797
577797
577797
577797
577797
578443
578443
578443
578443
578443
578443
578443
578443
578443
578443
579356
579356
579356
579356
579356
579356
579356
579356
579356
579356
579356
579356
579356
581151
581151
581151
581151
581151
581151
581151
581151
581151
581151
581151
581151
581151
581151
581151
581151
581516
581516
581516
581516
581516
581516
581516
581772
581997
581997
581997
581997
581997
581997
581997
581997
581997
581997
581997
581997
581997
581997
581997
581997
581997
581997
581997
581997
582295
582295
582295
582295
582295
582775
582775
582775
582775
585430
585430
585430
585430
585430
585430
585430
585430
585430
585430
585430
585430
585430
585430
585430
585430
585430
585430
585430
585674
585674
585674
585674
585674
585674
585674
585674
585674
585674
585674
585674
585857
585857
585857
585857
585857
585857
585857
585857
585857
585857
585857
585857
585857
585857
585857
585857
585857
585857
586323
586323
586323
586323
586323
586323
586323
586323
586323
586323
586323
586323
586323
588034
588034
588034
588034
588034
588034
588034
588034
588034
588034
588034
588034
588034
588034
588034
588034
588542
588542
588542
588542
588542
588542
588542
588542
588542
588542
588542
588542
588542
588542
589243
589243
589243
589243
589243
589243
589243
589243
589243
589243
589243
589243
589243
589243
590232
590232
590232
590232
590232
590232
590232
590232
590232
590232
590232
590232
590232
590232
590232
590232
590232
590232
591037
591037
591037
591037
591037
591037
591037
591037
591037
591037
591037
591037
592240
592240
592240
592240
592240
592708
592708
592708
592708
592708
592708
592708
592708
592708
592708
592708
592708
592708
592708
592708
592708
592708
592708
593003
593003
593003
593003
593003
593003
593003
593003
593003
593003
593003
593003
593003
593455
593455
593455
593455
593455
593455
593455
593455
593455
593498
593498
593498
593498
593498
593498
593498
593498
593498
593498
593895
593895
593895
593895
593895
593895
593895
593895
593895
593895
593895
593895
593895
593895
593895
593895
594367
594367
594367
594367
594367
594367
594367
594367
594367
594367
594367
594367
594367
594367
594367
594367
594367
594367
594367
595746
595746
595746
595746
595746
595746
595746
595746
595746
595746
597127
597127
597127
597127
597127
597127
597127
597127
597127
597127
597127
597127
597127
597127
597127
597127
597127
597127
597584
597584
597584
597584
599109
599109
599641
599641
599641
599641
599641
599641
599641
599641
599641
599641
599641
599641
599641
599641
599641
599641
599641
599641
599641
599641
600191
600191
600191
600191
600191
600191
600191
600191
600191
600191
600191
600191
600191
600191
600191
600191
600191
601733
601733
601733
601733
601733
601733
601733
601733
601733
601733
601733
601733
601733
601733
601733
601733
601733
601733
602166
602166
602166
602166
602166
602166
602166
602166
602166
602166
602609
602609
602609
602609
602609
603679
603775
604128
604128
604128
604128
604128
604128
604128
604128
604128
604128
604128
604128
604128
604128
604128
604128
604128
604598
604598
604598
604598
604598
604598
604598
604598
604598
604598
604598
604598
604598
604598
606260
606260
606260
606260
606260
606260
606260
606260
606260
606260
606260
606260
606260
606260
606502
606502
606502
606502
606502
606502
606502
606502
606502
606502
606502
606502
606502
606502
606502
606502
606850
606850
606850
606850
606850
606850
606850
606850
606850
606850
606850
607254
607254
607499
607499
607499
607499
607499
607499
607499
607499
607499
607499
607499
607499
607499
607499
607499
607499
607499
607499
607499
607499
607869
607869
607869
607869
607869
607869
607869
607869
607869
607869
607869
607869
607869
607869
607869
607869
607869
607869
607869
607869
608178
608178
608178
608178
608178
608178
608178
608178
608178
608178
610314
610314
610314
610314
610314
610314
610314
610314
610314
610314
610314
610314
610314
610314
610314
610314
611153
611153
611153
611153
611153
611153
611153
611153
611153
612336
612336
612336
612336
613665
613665
613665
613665
613665
613665
613665
613665
613665
613665
613665
613665
614873
614873
614873
614873
614873
614873
614873
615968
615968
615968
615968
615968
615968
615968
615968
615968
615968
615968
615968
615968
615968
615968
618086
618109
618109
618109
618109
618109
618109
618109
618109
618109
618109
618109
618109
618109
618109
618109
618109
618109
618109
618109
618204
618204
618204
618204
618204
618204
618204
618204
618204
618204
618204
618204
619287
619287
619287
619287
619287
620207
620207
620207
620207
620207
620207
620207
620207
620207
620207
620207
620207
620207
620207
620207
620207
620207
621167
621167
621167
621167
621167
621167
621167
621167
621167
621167
621167
621167
621167
621167
621167
621167
621167
621167
621167
621167
621366
621366
621366
621998
621998
621998
621998
621998
621998
621998
621998
621998
621998
621998
621998
621998
621998
621998
622160
622160
622160
622160
622160
622160
622160
622160
622160
622160
622160
622160
622160
622160
622711
622711
622711
622711
622711
622711
622711
622711
622711
622711
622711
622711
622711
622711
622711
622711
622711
624015
624015
624015
624015
624015
624015
624015
624015
624015
624015
624015
624299
624299
624299
624299
624299
624299
624299
624299
624299
624299
624299
624299
624299
624299
624978
624978
624978
624978
624978
626560
626560
626560
626560
626560
626560
626560
626560
626560
626560
626560
626560
626560
626560
627315
627315
627315
627315
627315
627315
627315
627315
627315
627315
627315
627315
627315
627315
627315
627315
627315
627315
628655
628655
628655
628655
628655
628655
628655
628655
628655
628655
628655
628655
630794
630794
630794
630794
630794
630794
630794
630794
630794
630794
630794
630794
630794
630794
630794
631313
631313
631313
631313
631313
631313
631313
631313
631313
631512
631512
631661
631661
631893
631893
631893
631893
631893
631893
631893
631893
631893
631893
631893
631893
631893
631893
631893
631893
631893
631893
631893
631893
631966
631966
631966
631966
631966
633937
633937
633937
633937
633937
633937
633937
633937
633937
633937
633937
633937
633937
633937
633937
633937
633937
635489
635489
635489
635922
635922
635922
635922
635922
636271
636271
636271
636271
636271
636271
636271
636271
636271
636271
636271
636271
636271
636271
636271
636271
636558
636558
636558
636558
636558
636558
636558
636558
637361
637361
637361
638168
638168
638168
638168
638168
638168
638168
638168
638168
638168
638168
638168
638168
638168
638168
638168
638168
638168
638168
638168
638179
638179
638179
638179
638179
638179
638179
638179
638179
638179
638179
638179
638179
638179
638179
638179
638179
638179
638179
638248
638248
638248
638248
638248
638248
638248
638248
638248
638248
638248
638248
638248
639647
639647
639647
639647
639647
639647
639647
639647
639647
639647
639647
639647
639647
639647
640363
640363
640363
640363
640363
640363
640363
640363
640363
640363
640363
640363
640363
640363
640363
640363
640363
640363
640594
640594
640594
640594
640594
640594
640594
640934
640934
640934
640934
640934
640934
640934
640934
640934
640934
640934
640934
640934
640934
640934
640934
640934
640934
640934
640934
641352
641352
641352
641352
641352
641352
641352
641352
641352
641352
641352
641352
641352
641352
641666
641666
641666
641666
641666
641666
641666
641666
642666
642666
642666
642666
642666
642666
642666
644805
644805
644805
644805
644805
644805
645321
645321
645321
645321
645321
645321
645321
645321
645321
645673
645673
645923
645923
645923
645923
645923
645923
645923
645923
645923
645923
645923
645923
645923
645923
645923
645923
645923
645923
646031
646031
646031
646031
646031
646031
646031
646031
646276
646276
646276
646276
646276
646276
646276
646276
646276
646276
646276
646276
646276
646276
646276
646276
646276
646276
646276
647559
647559
647559
647559
647559
647559
647559
647559
647559
647559
647559
647559
647559
647559
647559
647774
647774
647774
647774
647971
647971
647971
647971
647971
647971
648267
648267
648267
648267
648267
648267
648267
648267
648267
648267
648267
649732
650334
650334
650334
650334
650334
650334
650334
650334
650334
650334
650334
650334
650334
650334
650334
650334
650334
650334
650334
651353
651353
651353
651353
651353
651353
651353
651353
651353
651353
651353
651353
651353
651353
651353
651353
651353
651353
651353
652694
652694
652694
652694
652694
652694
652694
652694
652694
652694
652694
652694
652694
652694
652694
652694
652830
652830
652830
652830
652830
652830
652830
652830
652830
652830
654922
654922
654922
654922
654922
654922
654922
654922
655940
655940
655940
655940
655940
655940
655940
655940
655940
655940
655940
655940
655940
655940
655940
655940
655940
655940
656700
656700
656700
656700
656700
656700
656700
656700
656700
656700
656700
657486
657486
657486
657486
657486
657486
657486
657486
657486
657486
657486
657486
657486
657486
657486
657486
657502
657502
657502
657502
657624
657624
657624
657624
657624
657624
657624
657624
657881
657881
657881
657881
657881
657881
657881
657881
657881
657881
657881
657881
657881
657881
657881
658799
658799
658799
658799
658799
658799
658799
658799
658799
658799
658799
661833
661833
661833
661833
661833
661833
661833
661833
661833
661833
661833
661833
661833
661833
661833
661833
662475
662475
662475
662475
667037
667037
667037
667037
667037
667037
667037
667037
667037
667448
667448
667448
667448
667448
667448
667448
667448
667448
667448
667448
668180
668180
668180
668180
668180
668180
668180
668180
668180
668180
668180
668180
668180
668180
668180
668531
668531
668531
668531
668531
668531
668531
668531
668531
668531
670397
670397
670397
670397
670397
670397
670397
670397
670397
670397
670397
670397
670397
670397
670397
670397
670397
671707
671707
671707
671707
671707
671707
671707
671707
671707
671707
671707
671707
672754
672754
672754
672754
672754
672754
672754
672754
672754
672754
672754
672754
672754
672754
672754
672754
672754
672754
672754
673421
673421
673421
673421
673421
673421
673421
673421
673421
673421
673421
673421
674291
674291
674291
674291
674291
674291
674291
674291
674291
674291
674291
674291
674291
674291
674291
674291
676019
676019
676019
676019
676019
676019
676019
676019
678351
678351
678351
678351
678351
678351
678351
678351
678351
678351
678533
678533
678533
678533
678533
678533
678533
678533
678533
678533
678533
680655
680655
680655
680655
680655
680655
680655
680655
680655
680655
680655
681167
681167
681167
681167
681167
681167
681167
681167
681167
681167
681167
681570
681570
681570
681570
681570
681570
681570
681570
681570
681570
681570
681570
681570
681570
681570
681700
681700
682179
682179
682179
682179
682179
682179
682179
682179
682179
682179
682382
682382
682382
682382
682382
682382
682382
682382
682382
682382
682382
682382
682382
682382
682382
682382
682382
682739
682739
682739
682739
682739
682739
682739
682739
682739
682739
682739
682739
682739
684392
684392
684392
684392
684392
684392
684392
684392
684392
684392
684392
684392
684567
684567
684567
684567
684567
684567
684567
684567
684567
684567
684567
684567
684567
684567
684567
684567
685305
685305
685305
685305
685305
685305
685305
685305
685305
685305
685305
685305
685305
685305
685305
685305
685305
685395
685395
685395
685395
685395
685395
685395
685395
685395
685395
685395
685395
685395
685395
685395
685395
685395
685395
685395
685884
685884
685884
685884
685884
685884
685884
685884
687730
687730
687730
687730
687730
687730
687730
687730
687730
687730
687730
687730
687730
687730
687730
687730
687730
687730
687730
687730
688410
688410
688410
688410
688410
688410
688410
688410
688410
688410
688410
688410
688410
688410
688410
688410
688410
688410
688410
689108
689108
689108
689108
689108
689108
689108
689108
689108
689108
689108
689108
689108
689108
689108
689108
689108
690980
690980
690980
690980
690980
690980
690980
690980
690980
691020
691020
691020
691020
691020
691020
691020
691020
691020
691020
691020
691020
691020
691020
691020
691754
691754
691754
691754
691754
691754
691754
691754
691754
691754
691754
691754
691754
691754
691754
691754
691754
692025
692025
692025
692025
692025
692025
692025
692025
692025
692025
692091
692796
692796
692796
692796
692796
692796
692796
692796
692796
692796
692796
693126
693126
693126
693126
693126
693126
693126
693126
693126
693126
693126
693126
693126
693483
693483
694784
694784
694784
694784
694784
694784
694784
694784
694784
694784
694784
694784
694784
694784
694784
694784
694784
694784
694784
694784
694855
694855
694855
694855
694855
694855
694855
695297
695297
695297
695297
695297
695297
695297
695297
695297
695297
696201
696201
696201
696201
696201
696201
696201
696201
696201
696201
696201
696201
698453
698453
698453
698453
698453
698453
698453
698453
698453
698453
698453
698453
698453
698453
699577
699577
699577
699577
699577
699577
699577
699577
699577
701149
701149
701149
701149
701149
701149
701149
701149
701149
701149
701149
701149
701149
701149
701483
701483
701483
701483
701483
701483
701483
702564
702564
702564
702564
702564
702564
703289
703289
703289
703289
703289
703289
703289
703289
703289
703289
703289
703643
703643
703643
703643
703643
703643
703643
704034
704034
704034
704034
704034
704034
704034
704034
704034
704034
704034
704034
704034
704034
704034
704334
704334
704334
704334
704334
704334
704334
704334
705634
705634
705634
705634
705634
705634
705634
705634
705634
705634
705634
705634
705634
705672
705672
705672
705672
705672
705672
705672
705725
705725
705725
705725
705725
705725
705725
705725
705725
705725
705725
705725
705725
705725
705725
705725
705725
705725
705725
705725
706816
706816
706816
706816
706816
706816
706816
706816
706816
706816
706816
706816
706816
706816
706816
706816
706816
707451
707451
707451
707451
707451
707451
707451
707451
707451
707451
707451
707451
707451
707451
707451
707451
707451
707451
707451
709499
709499
709499
709499
709499
709499
709499
710671
710671
710671
710671
710671
710671
710671
710671
710671
711797
711797
711797
711797
711797
711797
711797
711797
711797
711797
712728
712728
712728
712728
712728
712728
712728
712728
712728
713108
713108
713108
713108
713108
713108
713108
713108
713108
713108
713108
713108
713108
713108
713108
713108
713312
713312
713312
713312
713312
713312
713312
713886
713886
713886
713886
713886
713886
713886
713886
713886
713886
713886
714540
714540
714540
714540
714540
714540
714540
714540
714540
714741
714741
714741
714741
714741
714741
714741
714741
714741
714741
714741
714741
714741
714741
714741
714741
714741
714741
714741
714741
714955
714955
714955
714955
714955
714955
714955
714955
715323
715323
715323
715323
715323
715323
715323
715323
715323
715323
715323
715323
715323
715323
715323
715323
715323
715323
716559
716559
716559
716559
716559
716559
716559
716559
716624
716624
716624
716624
716624
716624
716624
716624
716624
716624
716624
716624
716624
716624
716779
716779
716779
716779
716779
716779
716779
716779
717113
717113
717113
717113
717113
717147
717147
717147
717147
717147
717147
717147
717147
717147
717147
717147
717147
717250
717250
717250
717250
717250
717250
717250
717250
717250
717250
717250
717250
717250
717250
717250
717250
717250
717250
717250
717250
717362
717362
717362
717362
717362
717362
717362
717362
717362
717362
717362
717362
717362
718339
718339
718339
718339
718339
718339
718339
718339
718339
718339
718339
718339
718339
718978
718978
718978
718978
718978
718978
718978
718978
718978
718978
718978
718978
718978
718978
718978
718978
718978
718978
718978
718978
721410
721410
721410
721410
721410
721410
721410
721410
721410
721410
721410
721410
721410
721410
721410
721410
721410
721410
721410
721410
721434
721434
721434
721434
722241
722241
722241
722241
722241
722241
722241
722241
722241
722241
722241
722241
722241
722241
722241
722241
722241
722241
722241
722790
722790
722790
722790
722790
722790
722790
722790
722790
722790
722790
723684
723684
723684
723684
723684
723684
723684
723684
723684
723684
723684
723684
723684
723684
723684
723684
723684
723684
724232
724232
724232
724408
724408
724408
724408
724408
724408
724408
724408
724408
724408
724408
724408
724408
724408
724408
725516
725516
725516
725516
725516
725776
725776
725776
725776
725776
725776
725776
725776
725776
725776
725776
725776
725776
725776
726024
726024
726024
726024
726024
726024
727506
727506
727506
727506
727506
727506
727506
727506
727506
727506
727506
727506
727506
727506
727506
727506
727506
727506
727562
727562
727562
727562
727562
727562
727562
727562
727562
727562
727562
727562
727562
727562
727562
727562
727562
727562
729607
729607
729607
730882
730882
730882
730882
730882
732165
732165
732165
732918
732918
732918
732918
732918
732918
732918
732918
732918
732918
732918
732918
732918
732918
733653
733653
733653
733653
733653
733653
733653
733653
733653
733653
733653
733653
733653
733653
733653
733653
734310
734310
734310
734310
734310
734310
734310
734310
734310
734310
734310
734310
734778
734778
734778
734778
734778
734778
734778
734778
734778
734778
734778
734778
734778
734778
734778
734778
734778
734778
734778
734778
734850
735641
735641
735641
735641
735641
735641
735641
735641
735641
735641
735727
735727
735727
735727
735727
738223
738223
738223
738223
738223
738223
738223
738223
738223
738223
738223
738223
738223
738223
738223
738223
738223
739535
739535
739535
739535
739535
739535
739535
739535
739535
739535
739535
739535
739535
739535
739535
739535
739535
739896
739896
739896
739896
739896
739896
739896
739896
739896
739896
739896
739896
739896
739896
739896
739896
739896
739896
740144
740144
740144
740144
740144
740144
740144
740144
740144
740144
740144
740144
740144
740419
740419
740419
740419
740419
740419
740419
740419
740419
740419
740419
740419
740419
740419
740419
740419
740419
740419
740419
740419
740661
740661
740661
740661
740661
740661
740661
740661
740661
740661
740661
740997
740997
740997
740997
740997
740997
740997
740997
740997
740997
743273
743273
743273
743273
743273
743273
743273
743273
743273
743273
743273
743273
743273
743273
743273
743273
743273
743850
743850
743850
743850
743850
743850
743850
743850
743850
743850
745189
745189
745189
745189
745189
745189
745564
745564
745564
745564
745564
745564
745564
745564
745564
745704
745704
745704
748053
751201
751201
751201
751201
751201
751201
751201
751201
751201
751201
751201
751201
751201
751507
751507
751507
751507
751507
751507
751507
751507
751507
751507
751507
752464
752464
752464
752464
752464
752464
752464
752464
752464
752464
752464
752464
752464
753159
753159
753159
753159
753159
753159
754320
754320
754320
754320
754320
754320
754320
754320
754320
754320
754320
754320
754320
754320
754320
754320
754320
754320
754320
754320
754322
754322
754322
754322
754322
754322
754322
754322
754322
755480
755480
755480
757422
757422
757422
757422
758699
758699
758699
758699
758699
758699
758699
758699
758699
758699
758699
758699
758699
758699
758699
758699
759182
759182
759182
760229
760229
760229
760229
760229
760229
760229
760229
760229
760229
760229
760229
760229
760229
760229
760229
760229
760808
760808
760808
760808
760808
760998
760998
760998
760998
761281
761281
761281
761281
761281
761281
761281
761281
761281
761281
761281
762015
762015
762015
762015
762015
762015
762015
762015
762015
762015
763290
763290
763290
763290
763290
763290
763290
763290
763290
763290
763290
763290
763290
763290
763301
763301
763301
763301
763301
763301
763301
763301
763301
763301
763301
763301
763393
763393
763393
763393
763393
763393
763393
763393
763393
763393
763393
763393
763795
763795
763795
763795
763795
763923
763923
763923
763923
763923
763923
763923
763923
763923
763923
763923
763923
764416
765018
765018
765018
765018
765018
765018
765018
765018
765018
765018
765018
765018
765018
765018
765018
765018
765018
765018
765578
765578
765578
765578
765578
766896
766896
773253
773253
773253
773253
773253
773253
773253
773753
773753
773753
773753
773753
773753
773753
773753
773753
773753
773753
773753
773753
773753
773753
773928
773928
773928
773928
773928
773928
773928
773928
773928
773928
773928
773928
773928
773928
773928
773928
775014
775014
775014
775014
775014
775014
775677
776180
776180
776180
776180
776180
776180
776180
776180
776180
776180
776180
776180
776180
776180
776180
776180
776180
776180
776180
776180
777014
777014
777014
777014
777014
777014
777014
777014
777014
777014
777014
777014
777014
777014
777014
777014
777014
777014
777014
777584
777584
777584
777584
777584
777584
777584
777584
777584
777584
777584
777584
777584
777898
777898
777898
777898
777898
777898
777898
777898
777898
777898
777898
777898
778519
778519
778519
778519
778519
778519
778519
778519
778519
779353
779353
779353
779353
779353
779353
779353
779353
779353
779353
779353
779353
779353
779353
779353
779798
779798
779798
779798
779798
779798
779798
779798
779798
779798
779798
779798
779798
779798
779798
779798
779798
781050
781050
781050
781050
781050
781328
781328
781328
781490
781490
781490
781490
781490
781490
781490
781490
782142
782142
782142
782142
783417
783417
783417
783417
783417
783417
783417
783417
783417
783417
783417
783417
783417
783485
783485
783485
783485
783485
783485
783485
783485
783485
783485
783485
783485
784227
784227
784227
784227
784227
784227
784227
784227
784227
784227
784227
784227
784227
784227
784227
784227
784227
784227
784227
785485
787092
787136
787136
787136
787136
787136
787347
787347
787347
787347
787347
787347
787347
787347
787347
787347
787347
787347
788328
788328
788328
788328
788328
788328
788328
789292
789292
789292
789292
789292
789292
789292
789292
789292
791173
791173
791173
791173
791173
791173
791173
791173
791173
791173
791173
793122
793122
793122
793122
793122
793122
793122
793122
793122
793122
793122
793122
793122
793122
793122
793649
793649
793649
793649
793649
793649
793649
793649
793649
793649
793649
793649
793649
793649
793649
793649
793649
793649
793719
793719
793719
793719
793719
793719
793719
793719
793719
793719
793719
794020
794020
794020
794020
794020
794020
794020
794020
794020
794020
794020
794154
794154
794154
794154
794154
794154
794154
794154
794154
794154
794154
794154
794154
794154
794154
794154
794154
794154
794693
794693
794693
794693
794693
794693
794693
794693
794693
794693
794693
794693
794693
794693
794693
794693
794693
794693
794693
795213
795213
795213
795213
795213
795213
795213
795213
795213
795213
795213
795213
795213
795213
795213
795213
795213
795786
795786
795786
795786
795786
795786
795786
795786
795786
795786
795786
795786
795786
795786
795843
795843
795843
795843
797354
797354
797354
797457
797457
797457
797457
797457
797457
797457
797457
797457
797457
797457
797457
797457
797457
797457
797457
797457
797457
798107
798107
798107
798107
798107
798107
798107
798107
798107
798107
798107
798107
798107
798107
798107
798107
798107
798480
798480
798480
798480
798480
798480
798480
798480
798480
798480
798480
798480
798657
798657
798657
798657
798657
798657
798657
799247
799247
799247
799247
799247
799247
799509
799509
799509
799509
799509
799509
799509
799509
799509
799509
799509
799509
799509
799509
799509
799509
799761
799761
799761
799761
799761
799761
799761
799761
799761
799761
799761
799761
799761
799761
799764
799764
799764
799764
799764
799764
800041
800041
800041
800041
800041
800041
800041
800041
800041
800041
804840
804840
804840
804840
804840
804840
804840
804840
804840
804840
804840
804840
804840
804840
804840
804840
804840
804840
804840
805041
805041
805041
805041
805041
805041
805051
805051
805051
805051
805051
805051
805051
805051
805051
805051
805051
805051
805051
805051
805051
805051
805051
805051
805051
805277
805277
805277
805277
805277
805277
805277
805277
805277
805277
805538
805538
805538
805538
805538
805538
805538
805538
805538
805589
805589
805589
805589
805589
805589
805589
806314
806314
806314
806314
806314
806314
806314
806314
807448
807448
807448
807448
807448
807448
807448
807448
807448
807448
807492
807492
807492
807492
807492
807492
807492
807492
807492
807492
807492
807492
807492
807982
807982
809496
809496
809496
809496
809496
809496
809496
809496
809496
809496
809496
809496
809496
809496
809496
809496
811690
811690
812369
812369
812369
812369
812369
812369
812369
812369
812610
812610
812610
812610
812610
812610
812610
812610
812610
812610
812610
812610
812610
814558
814558
814558
814558
814558
814558
814558
814558
814558
814558
814558
814558
814558
814558
814558
814558
814912
814912
814912
814912
814912
814912
814912
814912
814912
814912
814912
814912
818637
818637
818637
818637
818637
818637
818637
818637
818637
818637
818637
818637
818637
818637
818637
818637
818637
818637
818637
818660
818660
818660
818660
818660
818660
818660
818660
818660
818660
818660
818660
818660
818660
818660
819122
819122
819122
819122
819122
819122
819122
819122
819122
819122
819122
819122
819122
819122
819122
819122
819122
819226
819226
819226
819226
819226
819226
819226
819226
819226
819226
819226
819226
819226
819226
822508
822508
822508
822508
822508
822508
822508
822508
822508
822508
822508
822508
822508
822508
822508
822508
822508
822508
822508
822508
823455
823455
823455
823455
823455
823455
823455
823455
823455
823455
823455
823455
823455
823455
823455
823455
825546
825546
825546
825767
825767
825767
825767
825767
825767
825874
825874
825874
825874
825874
825874
825874
825874
825874
825874
825874
825874
825874
825874
825874
825874
825874
825874
825874
825874
826422
826422
826422
826422
826422
826422
826422
826422
826422
826422
826422
826422
826422
826422
826422
826514
826514
826514
826514
826514
826514
826514
826514
828749
828749
828749
828749
828749
828749
828749
829640
829640
829640
829640
829640
829640
829640
829640
829640
829640
829640
829640
829640
829640
829640
829640
829640
829640
829788
829788
829788
829788
829788
829788
829788
829788
829788
829788
829788
829788
830017
830017
830017
830017
830017
830017
830017
830017
830017
830017
830017
830017
830017
830017
830017
830017
830017
830017
830017
830017
830256
830256
830256
830256
830256
830256
830256
830256
830256
830256
830256
830256
830530
830530
830530
830530
830530
830822
830822
830822
830822
830822
830822
830822
830822
830822
830902
830902
830902
830902
830902
830902
830902
830902
830902
830902
830902
830902
831582
831582
831582
831582
831582
831582
831582
831582
831582
831582
831582
831582
831582
831582
831582
831582
831582
831582
831582
831582
832269
832269
832269
832269
832269
832269
832269
832269
832269
832269
832269
832335
832335
832335
832335
832335
832335
832335
832335
832335
832335
832335
832335
832335
832335
832335
832335
832335
832335
832335
832335
833681
833681
833681
833681
833813
833813
833813
833813
833813
833813
833813
833813
833813
833813
833813
833813
833813
833813
833813
833813
833813
833813
833813
833813
834728
834728
834728
834728
834728
834728
834728
834728
834728
834728
834728
834728
834728
834728
834728
834728
834728
834728
834728
835052
835052
835052
835052
835052
835052
835052
835052
835052
835052
835052
835052
837054
837054
837054
837054
837054
837054
837054
837054
837054
837054
837054
838028
838028
838028
838028
838028
838028
838028
838028
838028
838028
838028
838028
838028
838028
838028
839051
839051
839887
841233
841233
841233
841625
841625
841625
841625
841625
841625
841625
841816
841816
842524
842524
842524
842524
842524
842524
843255
843255
843255
843255
843255
843255
843255
843255
843255
843255
843255
843255
843255
843255
843255
843255
843255
843255
844782
844782
844782
844782
844782
844782
844782
844782
844782
844782
844782
844782
844782
844782
844782
844782
844782
844782
844782
844782
846384
846384
846384
846384
846384
846384
846384
846384
846384
846384
846384
846384
846384
846384
846384
846384
846384
846384
846384
846898
846898
846898
846898
846898
846898
846898
846898
846898
846898
846898
848771
848771
848771
848771
848771
849684
849684
849684
849684
849684
849684
849684
849684
849684
849684
850160
850214
850214
851025
851025
851025
851025
851025
851025
851025
851025
851025
851025
851025
851025
851025
851025
851701
851701
851701
851701
851701
851701
851701
851701
851701
851701
851701
851701
851701
851701
851701
852307
852307
852307
852307
852307
852307
852307
852307
852307
852307
852307
852307
852307
852307
852307
852307
852307
852307
852307
852307
852709
852709
852709
852709
852709
852709
852709
852709
852709
853066
853066
853066
853066
853066
853066
853066
853066
853066
853066
853066
853066
853066
853066
853066
853066
853435
853873
856336
856336
856336
856336
856447
856447
856447
856447
856447
856447
856447
856447
856447
856447
856447
856447
856447
856447
856447
856447
856868
856868
856868
856868
856868
856868
856868
856868
856868
856868
856868
856868
856868
857359
857359
857359
857359
857359
857359
857359
857359
857359
857359
857359
857359
857359
857359
857359
857359
857359
857359
857364
857364
857364
857364
857364
858067
858067
858067
858067
858067
858067
858067
858067
858067
858067
858067
858067
858067
858067
858802
858802
858802
858802
858802
858802
858802
858802
858802
858802
858802
858802
858802
858802
858802
858802
858802
858802
860983
860983
860983
860983
860983
861214
861214
861214
861214
861214
861214
861214
861214
861214
861214
862405
862405
862405
862405
862405
862405
862405
862405
862405
862405
862405
862405
862405
862550
862550
862550
862550
862550
862550
862550
862550
862550
862550
862675
862675
862675
862675
862675
862675
862675
862675
862675
862675
862696
862696
863959
863959
863959
863959
863959
863959
863959
863959
863959
863959
863959
863959
863959
863959
863959
864197
864197
864197
864197
864197
864679
864679
864679
864679
864679
864679
864947
864947
864947
864947
864947
864947
864947
864947
864947
866116
866116
866116
866116
866116
866116
866116
866116
866116
866116
866116
866116
866116
866116
866116
866116
866116
866116
866524
866946
869045
870232
870232
870232
870232
870232
870232
870232
870232
870232
870232
870232
870232
870232
870232
870232
870232
870232
870232
870232
870297
870297
870297
870297
870297
870297
870297
870297
870297
870297
870297
870297
870297
870297
870297
870297
870297
870297
870297
872265
872265
872265
872265
872265
872265
872265
872265
872265
872265
872265
872265
872265
872420
872420
872420
872420
872420
872420
872420
872420
872420
872420
872420
872420
872420
872420
872420
872420
872420
872420
872420
873731
873731
873731
873731
873731
873731
873731
873731
873731
873731
873731
873731
873731
873731
873731
873731
874230
874230
874230
874230
874230
874230
874266
874266
874266
874266
874266
874266
874266
874266
874266
874266
874266
874266
874266
874266
874266
874266
874266
874308
874308
874308
874308
875244
875244
875244
875244
875244
875244
875244
875244
875244
875244
875244
875244
875244
875244
875244
875244
875244
875435
875435
875435
875435
875435
875435
875435
875435
875435
875435
875435
875435
875435
875435
875435
876657
876657
876657
876657
876657
876657
876657
876657
876657
876865
876865
876865
876865
876865
876865
876865
876865
876865
876865
876865
876865
876865
876865
876878
876878
876878
876878
876878
876878
876878
876878
876878
876878
876878
876878
876878
876878
876878
876878
877793
877793
877793
877793
877793
877793
877793
877793
877793
877793
877793
877793
877793
877793
877793
877793
877793
877793
877793
877793
878021
878021
878651
878651
878651
878651
878651
878651
878651
878651
878651
878651
878651
878651
878651
878651
878651
878651
878651
880293
880293
880293
880293
880293
880293
880293
880293
880293
880293
880293
880293
880293
880293
881617
881617
881617
881617
881617
881617
881617
881617
881617
881617
881617
881617
881617
881617
881617
881617
881617
881617
881617
881617
882418
882418
882418
882418
882418
883869
883869
883869
883869
883869
883869
885015
885015
885015
885015
885777
885777
885777
885777
885777
885777
885777
885777
885777
885777
885777
885777
886012
886012
886012
886012
886012
886012
886012
886012
886012
886012
886012
886012
886931
886931
886931
887656
887656
887656
887656
887656
887656
887656
887656
887656
887656
887656
887656
887743
887743
887743
887743
887743
887743
887743
887743
887743
887743
887743
887743
887743
887743
887743
888243
888243
888243
888243
888243
888243
888243
888243
888243
888243
888243
888243
888243
888243
888243
888243
888243
888243
889046
889046
889046
889046
889046
889046
889372
889372
889372
889372
889372
889372
889372
889372
889372
889372
889372
889372
889372
889372
889372
889372
889372
889372
889607
889607
889607
889607
889607
889607
889607
889607
891970
891970
891970
891970
891970
891970
891970
891970
893162
893162
893162
893162
893162
893162
893162
893162
893162
893162
893162
893162
893162
893162
893267
893267
894290
894290
894290
894290
896107
896107
896107
896107
896636
896636
896636
896636
896636
896636
896636
896636
896636
896636
896636
896636
896636
896636
896636
896636
896636
896636
896636
896988
896988
896988
896988
898511
898511
898511
898511
898511
898511
898511
898511
898511
898511
898511
898511
898511
898511
898511
898511
898511
898660
898660
898660
898660
898660
898660
898660
898660
898660
898660
898660
899184
899184
899184
899184
899184
899184
899184
899184
899184
899184
899184
899184
899186
899186
899186
899186
899186
899186
899186
899186
899186
899186
899186
899186
899209
899209
899209
899209
899209
899209
899209
899209
899209
899398
899398
899398
899398
899398
899398
899398
899398
899398
899398
899398
899398
899398
899398
899532
899532
899532
899532
899532
899532
899532
900097
900097
900097
900097
900097
900097
900097
900231
900231
900231
900231
900231
900231
900231
900231
900231
900231
900231
901560
901560
901560
901560
901560
901560
901560
901560
901560
901560
901560
901560
902161
902616
902616
902616
902616
902616
902616
902616
902616
902616
902616
902616
902616
903761
903761
903761
903761
903761
903761
903761
903761
903761
903761
903761
903761
903761
903761
903761
903761
903794
903794
903794
903843
904146
904146
904146
904146
904146
904146
904146
904375
904375
904375
904375
904375
904375
904375
904375
904375
904375
904569
904569
904569
904569
904569
904569
904569
904569
904569
904569
904569
904569
904569
904569
905024
905024
905024
905024
905024
905024
905024
905024
905024
907268
907268
907268
908138
908138
908138
908138
908138
908138
908138
908138
908138
908138
908138
909098
909098
909098
909098
909098
909098
909098
909098
909098
909098
909098
909098
909098
909098
909098
909098
909098
909098
909098
909098
909779
909779
909779
909779
909779
909779
909779
909779
909779
909779
909779
909779
909779
909779
909779
909779
909961
909961
909961
909961
909961
910438
910438
910438
910438
910438
910438
910438
910438
910768
910768
910768
910768
910768
910768
910768
910768
910768
910768
910768
910768
911372
911372
911372
911372
911372
911372
911372
911372
911372
911372
911372
911815
911843
911843
911843
911843
911843
911843
911843
911843
911843
911843
913836
913836
913836
913836
913836
913836
913836
913836
913836
913836
913836
913836
913836
913836
914545
914545
914545
914545
914545
914545
914545
914545
914545
914545
914545
914545
914545
914545
914545
914545
914545
914545
914545
914545
914804
914804
914804
915740
915740
915740
915740
915740
915740
915740
915740
915740
917916
917916
917916
918489
918489
918489
918489
918489
918489
918489
918489
918489
918489
918489
918489
918489
918489
918489
918489
918489
919520
919520
919695
919695
919695
919695
919695
919695
919695
919695
919695
919695
919695
921604
921604
921604
921604
921604
922166
922166
922166
922166
922166
922166
922166
922166
922166
922166
922166
922166
922166
922166
922166
922166
922166
922166
922166
922509
922509
922509
922509
922509
922509
922509
922509
922509
922509
922509
922509
922509
922509
922509
922509
922509
924791
924791
924791
924791
924791
924791
924791
924791
924791
924791
924791
924791
924791
924791
924791
924791
924791
924791
925215
925215
925215
925215
925215
925215
926611
926611
926611
926611
926611
926611
926611
926611
926611
926611
926611
926611
926611
926611
926611
926611
926611
926611
926658
926658
926658
926658
926658
926658
926658
926658
926658
926658
926658
926658
926658
926658
926658
926658
926658
926658
926658
926658
930866
930866
930866
930866
930866
930866
930866
930866
930866
930866
930866
930866
930866
930866
930866
933948
933948
933948
935052
935052
935052
936934
937647
937647
937647
937647
937647
937647
937647
937647
937647
937647
938283
938283
938283
938283
938283
938283
938283
938283
938283
938283
938283
939801
939801
939801
939801
939801
939801
940792
940792
940792
940792
940792
940792
940792
940792
940792
940792
940792
940792
940792
940792
940792
940792
940792
940792
941276
941276
941276
941276
941276
941276
941276
941276
941276
941276
941903
941903
941903
941903
941903
941903
941903
941903
941903
941903
941903
941903
941903
941903
944153
944153
944153
944153
944153
944153
944153
944153
944380
944380
944380
944380
944380
944380
944380
944380
944380
944380
944380
944380
944812
944812
944812
944812
944812
944812
944812
944812
944812
944812
944812
944812
944812
944812
944812
944812
945931
945931
945931
945931
945931
945931
945931
945931
945931
945931
945931
945931
946280
946280
946280
946280
946280
946280
946280
946280
946280
946280
946280
946280
946280
946280
946280
946280
946280
946482
946482
946482
946482
946482
949565
949565
949565
949565
949565
949565
949565
949565
949565
949565
949565
949565
950557
951954
951954
951954
951954
951954
951954
951954
951954
951954
951954
951954
951954
951954
951954
951954
951954
952268
952268
952268
952268
952268
952268
952268
952268
952268
952268
952268
952268
952268
952268
952268
952268
952731
952731
952731
952731
952731
952731
952731
952731
952731
952731
952731
952731
952731
952731
952731
952731
952731
952731
954393
954393
954393
954393
954393
954393
954393
954393
954393
954393
954393
954393
954393
954393
954393
955502
955502
955502
955502
955502
955502
955502
955502
955502
955502
955502
955502
955502
955502
955502
955502
955776
955776
955776
955776
955776
955776
955776
955776
955776
955776
955776
955776
955776
955776
955776
955776
955776
955776
955776
956304
956304
956304
956304
956304
956304
956304
956304
956304
956304
956304
956304
956304
956715
956715
956715
956715
956715
956715
956715
956715
956715
956715
956715
956715
956715
956715
956715
956715
958638
958638
958638
958638
958638
958638
958638
958638
958638
958638
958638
958821
958821
958821
958821
959315
959315
959315
959315
959315
959315
959315
959315
959315
959315
959315
959315
959315
959315
960785
960785
960785
960785
960785
960785
960785
960785
960785
960785
960785
961353
961353
961353
961353
961353
961353
961353
961353
961353
961353
961353
961353
961353
961353
961353
962565
962565
962565
962565
963867
963867
963867
963900
963900
963900
963900
963900
963900
963900
963900
963900
963900
963900
963900
963900
963958
963958
963958
963958
964119
964119
964119
964119
964119
964119
964119
964119
964119
964119
964119
964119
964119
964119
964119
964119
964119
964119
964119
964119
964830
964830
964830
964830
964830
964830
964830
964830
964830
964830
967490
967490
967490
967490
967490
967490
967490
967490
967490
967490
967490
967490
967490
967490
967490
967820
967820
967820
967820
967964
968324
968324
968324
968324
970375
970375
970375
970375
970849
970849
970849
970849
970849
970849
970849
970849
970849
970849
970849
970849
970849
974914
974914
974914
974914
974914
974914
974914
974914
974914
975988
975988
975988
975988
975988
975988
975988
975988
975988
975988
975988
975988
975988
975988
975988
976532
976532
976532
976532
976532
976532
976532
976996
976996
976996
976996
976996
976996
976996
976996
976996
976996
977850
977850
977850
977850
977850
977850
977850
977850
977850
977850
977850
977850
977850
977850
977850
977850
977850
977850
977850
980240
980240
980800
980800
980800
980800
980800
980800
980800
980800
980800
980800
980800
980800
980921
980921
980921
980921
980921
980921
980921
980921
980921
980921
980921
980921
980921
980921
980921
981065
981065
981065
981065
981065
981065
981065
981065
981065
981065
981065
981065
981065
981065
981065
981065
981065
981065
981065
981065
981215
981215
981215
981215
981215
981215
981215
981215
981215
981215
981215
981215
981232
981232
981232
981431
981431
981431
981431
981431
981431
981431
982315
982315
982315
982315
982315
982315
982315
982315
982315
982315
982315
982315
982315
982315
982315
982315
982315
983783
983783
983783
984385
984385
984385
984385
984385
984385
984385
984385
984385
984400
984400
984400
984400
984400
984400
984400
984400
984400
984400
984400
984400
984400
984400
984400
985342
985342
985342
985342
985342
985342
985342
985342
985342
985342
985356
985356
985356
985356
985356
985356
985356
985356
985356
985356
985356
985356
985356
985356
985356
985731
985731
985731
985731
985731
985731
985731
986501
986501
986501
986501
986501
986861
986861
986861
986861
986861
986861
986861
987585
987585
987585
987585
987585
987585
987585
987585
987585
987585
987585
987585
987585
987585
987585
987585
988617
988617
988617
988617
988617
988617
988617
988617
988617
988617
988617
988617
988617
988617
988617
988617
988617
989301
989301
989301
989301
989301
989301
989301
989301
989301
989301
989852
989852
989852
989852
989852
989852
989852
989852
989852
989852
989852
989852
989852
989852
989852
989852
989852
989852
989852
989944
989944
989944
990180
990180
990180
990180
990180
990180
990180
990180
990180
990180
991880
991880
991880
991880
991880
991880
991880
991880
991880
991880
991880
991880
991880
991880
991880
991880
991880
992348
992348
993298
993298
993298
993298
993298
993298
993298
997465
997465
997465
997465
997465
997465
997465
997465
997465
997465
997465
997465
997465
997465
997465
997465
997465
997465
997465
997465
998360
998360
998360
998360
998360
998811
998811
998811
998811
998811
998811
998811
998811
998811
998811
998811
998811
998811
998811
998811
998811
998811
998811
998811
998811
999730
999730
999730
999730
999730
999730
999730
999730
999730
999730
999730
999730
999730
999730
999730
999730
999730
999730
999862
999862
999862
999862
999862
999862
999862
999862
999862
999862
