10323 1500000
202787
202787
202787
202787
202787
202787
202787
202787
202787
202787
202787
205532
205532
205532
205532
205532
206029
206029
206029
206029
206029
206029
206029
207264
207264
207264
207264
207264
207264
207264
207264
207264
207397
207397
207397
207397
207397
207397
207397
207397
207397
207510
207510
207510
207510
207510
208197
208197
208197
208197
208197
208197
208197
209587
209587
209587
209587
209587
209587
209587
209587
209587
209587
209587
210071
210071
210071
210071
210071
210071
210071
210071
210071
210071
210071
210071
210071
210071
212464
212464
212464
212464
212464
212464
212464
212464
212464
212464
212464
212464
212464
212464
212464
212464
212464
212464
212464
213255
213255
213255
213255
213255
213255
213255
213255
213255
213255
213255
213255
213255
213255
213255
214019
214019
214019
214019
214019
214019
214048
214048
214048
214048
214048
214073
214073
214073
214073
214073
214073
214073
214073
214073
214073
214073
214073
214073
214073
214073
214073
214073
214073
214413
214413
214570
214570
214570
214570
214570
214570
214570
214570
214570
214570
214570
214570
214570
214570
214858
214858
214858
214858
214858
214858
214858
214858
214858
214858
214858
214858
214858
214858
214858
215033
215033
215033
215033
215417
215417
215417
215417
215417
215417
215417
215417
215417
215417
215417
215417
215417
215417
216353
216353
216353
216353
216353
216353
216353
216353
216353
217701
217701
217701
217701
217701
217701
217701
217701
217701
217701
217701
217701
217701
217701
217701
217701
217701
217701
217701
217701
217996
217996
217996
217996
217996
217996
217996
217996
218472
218472
218472
218472
218472
218472
218472
219207
219207
219207
220144
220144
220144
220144
220144
220144
220144
220144
220144
220144
220144
220144
220144
220144
220490
220490
220490
220490
220490
220490
220490
220490
220490
220490
220490
220490
220490
221871
221871
222616
222616
222616
223094
223094
223094
223094
223094
223094
223225
223225
223225
223225
223225
223225
223225
223225
223225
223225
223225
223225
223365
223365
223365
223365
223365
223365
223365
223365
223365
223365
223365
223365
223365
223365
223365
223365
224301
224301
224301
224301
224301
224301
224301
224301
224301
224301
224301
224301
224301
224301
224301
224301
224301
227153
227153
227153
227153
227153
227153
227153
227153
227153
227609
227609
227609
227609
227609
227609
227609
227609
227609
227609
227609
227609
227609
227609
227609
227609
227705
227705
227705
227705
227705
227705
227705
227705
227705
227705
227705
227705
227813
227813
227813
229020
229020
229020
229020
229768
229768
229768
229768
229768
229768
229768
229768
229768
229799
229799
229799
229799
229799
229799
229799
229799
230162
230162
230162
230162
230162
230162
230162
230162
230162
230162
230162
230162
230162
230162
230162
230162
230162
230162
230162
230162
230579
230579
230579
230579
230579
230579
230579
230579
230579
230579
230579
230579
230579
230579
230579
230579
230579
230603
230603
230603
230603
230603
230603
230603
230603
230603
230603
230603
230603
231132
231132
231132
231132
231132
231132
231132
231132
231132
231132
231132
231132
231132
231132
231132
231132
231149
231149
231149
231149
231149
231149
231149
231881
231881
231881
231881
231881
232441
232441
232441
232441
233221
233221
233221
233221
233221
233221
233221
233221
233221
233221
233221
233221
233221
233221
235077
235077
235077
235077
235077
235077
235077
235077
235077
235077
236750
236750
236750
236750
236837
236837
237094
237094
237094
237094
237094
237094
237094
237275
237275
237275
237275
237275
237275
237275
237275
237275
237275
237275
237275
237275
237275
237275
237275
237275
237275
237306
237306
237306
237306
237306
237306
237306
237306
237306
237306
237306
237306
237306
237306
237306
237306
237306
237306
237306
237430
237853
237853
237853
238569
238569
238569
238569
238569
238569
238569
238569
238569
238569
238569
238569
238569
238569
238569
238569
238569
239181
239181
239181
239181
239181
239192
239192
239192
239192
239192
239192
239192
239192
239192
239192
239192
239192
239192
239192
239192
239192
239670
239670
239670
239670
239670
239670
239670
239670
239670
239670
239670
239670
239670
239670
239670
239830
239830
239830
239830
239830
239830
239830
239830
239830
239830
239830
239830
239830
240064
240064
240064
240064
240064
240064
240064
240064
240064
240064
240064
240064
240064
240064
240064
240064
240064
240064
240064
241372
241372
241372
241372
241997
241997
241997
241997
244413
244413
244413
244413
244413
244413
244413
244413
244413
244413
244413
244413
244413
244413
244413
244913
244913
244913
244913
244913
245323
245323
245323
245323
245323
245323
245323
245323
245323
247564
247564
247564
247564
247564
247564
247564
247564
247564
247564
247564
247564
247564
247564
247564
247564
247564
247564
247564
249701
249701
249701
249701
249701
249701
249701
249701
249701
249701
249701
249701
249959
249959
249959
250119
250119
250119
250119
250119
250119
250119
250119
250119
250119
250119
250119
250119
250119
250119
250119
250754
250754
250754
250754
250754
250754
250754
250754
250754
250754
250754
250754
250754
250754
250754
250754
250754
250754
250754
250754
250807
250807
250807
250807
251772
251772
251772
251772
251772
251772
251772
251772
251772
251772
251772
251772
251772
251772
251772
251772
252421
252421
252421
252421
252421
253711
253711
253755
253755
253755
253755
254542
254542
254542
254542
254542
254542
254542
254542
254542
254542
254542
254542
254542
254542
254542
254542
254542
254542
254542
255339
255339
255339
255339
255339
255339
255339
255339
255339
255339
255723
255723
255723
255723
255723
255723
255723
255723
256022
256022
256022
256022
256022
256022
256022
256022
256022
256022
256022
256022
256022
256022
256022
256022
256022
256022
256299
256299
256299
256299
256299
256299
256560
256560
256560
256560
256560
256560
256560
256642
256688
256688
256688
256688
256688
256688
256688
256688
256688
256688
256688
256688
258001
258001
258001
258063
258063
258063
258063
258063
258063
258063
258063
258063
258063
258063
258063
258063
258063
258063
259178
259178
259178
259186
259186
259186
259186
259186
259186
259186
259186
259186
259186
259186
259186
259186
259186
259186
259186
259186
259517
259517
259517
259517
259517
259517
259517
259517
259517
259517
259517
259517
259517
259517
259517
260579
261239
261239
261239
261239
261239
261239
261239
261239
261239
261239
261239
262133
262133
262133
262133
262133
262133
262133
262779
262779
262779
262779
262779
262779
262779
262779
263265
263265
263265
263265
263265
263265
263265
263265
263265
263265
263265
263265
263265
263265
263265
263265
263265
263323
263323
263323
263323
263323
263323
263323
263323
263323
263323
263323
263323
263323
263323
263323
263323
263429
263429
263429
263429
263429
263429
263429
263429
263429
263429
263429
264994
264994
264994
264994
264994
264994
264994
264994
264994
264994
264994
264994
264994
264994
264994
264994
264994
264994
264994
264994
267352
267352
267352
267352
267352
267352
267352
267352
267352
267352
267352
267352
267352
267352
267352
267352
267352
267352
268474
268474
268474
268474
268474
268474
268474
268474
268474
268474
268474
269086
269086
269086
269086
269357
269357
269357
269357
269357
269357
269498
269498
269498
269498
269498
269498
269498
269498
269498
269498
269498
270069
271084
271084
271084
271084
271084
271084
271084
271084
271084
271084
271084
271084
273023
273023
273023
273023
273023
273023
273023
273023
273023
273023
273023
273023
273023
273023
273023
273023
273023
273284
273284
273284
273284
273284
273600
273600
273600
274284
274284
274284
274529
274529
274529
276370
276370
276370
276370
276370
276370
276981
276981
276981
276981
276981
276981
276981
276981
276981
276981
276981
276981
280481
280481
280481
280481
280481
280481
280481
280481
280481
280481
280481
280481
280481
282028
282028
282028
282028
282028
282028
282028
282028
282028
282028
282691
282691
282691
282691
282691
282691
283027
283027
283027
283027
283027
283027
283027
284186
284283
284283
284283
284283
284283
284283
284283
284283
284283
284283
284283
284283
284283
284283
284283
284283
284283
284283
284283
284840
284840
284840
284840
284840
284840
284840
284840
285910
285910
285910
285910
285910
285910
285910
285910
285910
285910
285910
285910
287215
287215
287215
287215
287215
287215
287215
287215
287215
287215
287215
287215
288072
288072
288072
288072
288072
288072
288072
288072
288072
288072
288072
288072
288072
288072
288072
288072
288072
288072
288072
288072
288207
288207
288207
288207
288207
288207
288207
288207
288207
288207
288207
288207
288207
288207
288207
288207
288207
288207
288207
288207
290969
290969
290969
290969
290969
290969
290969
290969
290969
290969
290969
290969
290969
290969
291482
291482
291482
291482
291482
291482
293774
294382
294382
294382
294382
294382
294382
294382
294382
294382
294499
294499
294499
294499
294499
294499
294499
294499
294499
294499
294499
294499
295482
295482
295482
295482
295482
295482
295482
295482
295482
295482
295482
295482
295482
295482
296741
296741
296741
296741
296741
296741
296741
296741
296741
296741
297296
297296
297296
297296
297296
297296
297296
297514
297514
297514
297514
297514
297514
297514
297514
297514
297725
297725
297725
297725
297725
297725
297725
297725
297725
298124
298124
298124
298124
298124
298124
298124
298124
298124
298124
298124
298124
298124
298124
298124
298124
298124
299404
299404
299404
299404
299404
299551
300146
300146
300146
300146
300146
300146
300146
300146
300146
300146
300146
300146
300146
300146
300146
300146
300146
300146
300146
300318
300318
300318
300318
300318
300318
300318
300318
302127
302127
302127
302127
302127
302127
304315
304315
304315
304315
304315
304315
304315
304315
304835
304835
304835
304835
304835
304835
304835
304835
304835
304835
304835
304835
304835
304835
304835
304835
304835
304835
304835
305261
305261
305261
305261
305261
305261
305261
305261
305261
305261
305261
305261
305261
305997
305997
305997
305997
305997
305997
305997
305997
305997
305997
306538
306648
306648
306648
306648
306648
306648
306648
306648
306648
306648
306648
306648
307400
307400
307400
307400
307400
307400
307400
307400
307400
307400
307457
307457
307457
307457
307457
308064
308064
308064
308064
308064
308064
308064
308064
308064
308064
308064
308064
308064
308064
308064
308631
308631
308631
308631
308631
308631
308631
308631
308672
308672
308672
308672
308719
308719
310422
310422
310422
310676
310676
310676
310676
310676
310676
310676
310676
311759
311759
311759
311759
311759
311759
311759
311759
311759
311759
311759
311759
311759
311759
312893
312893
312893
312893
312893
312893
312893
312893
312893
313174
313239
313239
313239
313239
313239
313239
313239
313239
313554
313554
313554
313554
313554
313554
313554
313619
313619
313619
314562
314562
314562
314562
314562
314562
314562
314562
314562
314562
314562
314562
314562
314562
314562
314562
314562
314562
314562
314748
314748
314748
314748
314748
314748
314748
314748
314748
314748
314748
314748
314748
314748
314748
315245
315245
315245
315245
315245
315245
315245
315245
315245
315245
315245
315245
315245
315245
315245
315245
315245
315245
317634
317634
317634
317634
317634
317634
317634
317634
317634
317634
317634
317634
317634
317634
317634
317634
317634
317634
317634
317634
318284
318284
318284
318284
318284
318284
318872
319509
319509
319509
319509
319509
319509
319509
319509
319509
319509
319509
319509
319509
321842
321842
321842
321842
321842
321842
322737
322737
322737
322737
322737
322737
322737
322737
322737
322737
322737
322737
324319
324319
324319
324319
324319
324319
324319
324319
324319
324319
324319
324319
324319
324319
324319
324445
324445
324445
324445
324445
324445
324445
324445
324445
326285
326285
326285
326285
326285
326285
326285
326285
326285
326285
326285
328215
328215
328215
328215
328215
328215
328215
328215
328215
328215
328215
328215
328215
328399
328399
328399
328399
328399
328399
328399
328399
328399
328399
328399
328399
328399
328399
328399
328399
328399
328399
328399
328399
329292
329292
329292
329292
329292
329292
329292
329292
329292
329292
329292
329292
329292
329292
329292
329292
329292
329292
329292
329636
329636
329636
329636
329636
329636
331014
331014
331014
331014
331014
331014
331014
331014
331014
331014
331014
331767
331767
331767
331767
331767
331767
331767
331767
331767
331767
331767
331767
333675
333675
333675
333675
333675
333675
333675
333675
333675
333675
333675
333675
333675
333675
333675
333675
333675
336269
336269
336269
336269
336269
336269
336269
336269
336269
336269
337191
337368
337368
337368
337368
337368
337368
337368
337368
337368
337368
337368
337368
337368
337368
337368
337368
337368
338335
338335
338335
338335
338335
338335
338335
338335
338335
338335
338335
338335
338335
338335
339510
339510
339510
339510
339510
339510
339510
339510
339510
339510
339510
339510
339510
340651
340651
340651
340651
340651
340651
340651
340651
340651
340651
340651
340651
340651
340651
341896
341896
341896
341896
341896
341896
341896
341896
341896
341896
341896
341896
341896
341896
342510
342510
342510
342510
342510
342510
342510
342510
344084
344084
345290
345290
345290
345290
345290
345290
345290
345290
345290
345290
346582
346582
346582
346582
346582
346582
346582
346582
346582
346582
346582
346582
346582
346582
347017
347017
347017
347017
347017
347017
347017
347017
347017
347017
347017
347017
347017
347017
347017
348924
349522
349522
349522
349522
349522
349522
349522
349522
349522
349522
349522
349522
349522
349522
349522
349670
349670
349670
349670
349670
349670
349670
349670
349670
349670
349670
349670
349670
349815
349815
349815
349815
349815
349815
349830
349830
349830
349830
349830
349830
349830
350924
350924
350924
350924
350924
350924
350924
350924
350924
350924
350924
351500
351721
351721
355089
355089
355089
355089
355089
355089
355089
355089
355089
355089
355089
355089
355089
355089
355089
355089
355089
355380
355380
355380
355380
356797
356797
356797
356797
356797
356797
356797
356797
356797
356797
356797
356797
356797
356797
356797
356797
356797
356797
357439
357439
357439
357439
358365
358365
358365
358365
358365
358365
358365
358365
358365
358365
359067
359067
359067
359067
359067
359067
359067
359067
359067
359067
359067
359067
359067
359067
360042
360042
360042
360042
360042
360042
360042
360042
360042
360042
360042
360042
360042
362705
362705
362705
362705
362705
362705
362705
362705
362705
362705
362705
362705
362705
362705
362705
362705
362705
362705
362705
362705
362928
362928
362928
362928
362928
362928
362928
362928
362928
362928
362928
362928
362928
362928
362928
364200
364200
364200
364239
364239
364239
364239
364239
364239
364239
364239
364239
364239
364239
364239
364239
364239
364239
365292
365292
365292
365292
365292
365292
365292
365292
365292
365292
365292
365292
365292
365292
365930
365930
365930
365930
365930
365930
365930
365930
366468
366468
366468
366468
366468
366468
367389
367389
367389
367389
367389
367389
367389
367389
367389
367389
367389
367389
367389
367389
367389
367389
367389
367389
368085
368085
368085
370698
370698
370698
370698
370698
370698
370698
370698
370698
370698
370698
370698
370698
370698
370698
371080
373146
373146
373146
373146
373146
373146
373146
374266
374266
374266
374266
374266
374266
374266
374266
374266
374266
374266
374266
374266
374266
375472
375472
375472
375472
375683
375683
375683
375683
375683
375683
375683
375683
375683
375683
376584
376584
376584
376584
376584
376584
376584
376584
376584
376584
376584
376584
376739
376739
376739
376739
377178
377178
377178
377178
377178
377178
377178
377178
377178
377178
377178
377178
377178
377178
377178
377178
377178
377178
378173
378582
378582
378582
378582
378582
378582
378582
378582
378582
378582
378582
378582
378582
378582
378582
378582
378582
378641
378641
378641
378641
378641
378641
378641
378641
378641
378641
378641
378641
378641
378641
378641
378641
378641
381181
381181
381181
381181
381181
381181
381181
381181
381181
381181
381181
381181
381181
381181
381181
381181
381181
381181
382756
382756
382756
382756
382756
382756
382756
382756
383575
383575
385680
385680
385680
385680
385680
385680
385680
385680
385680
385680
385680
385680
385680
385680
385680
385680
385680
385680
385680
385787
385787
385787
385787
385787
385787
385787
385787
385787
385787
385787
385787
385787
385787
385787
386378
386378
386378
386378
386378
386378
386378
386378
386378
386756
386756
386756
386756
386756
386756
386756
386756
386756
386756
386756
386756
386756
386756
386756
386756
386756
386756
386756
386756
386788
386788
386788
386788
386788
386788
387545
387545
387545
387545
387545
387545
387545
387545
387545
387545
387545
387545
387545
387545
387545
387545
387545
387545
387545
389344
389344
389344
389344
389344
389344
389344
389344
389344
389344
389344
389344
389344
389344
389344
391017
391017
391017
391017
391017
391017
391017
391112
391112
391112
391112
391112
392505
392505
392505
392772
393254
393254
393254
393254
393254
393254
393254
393254
393254
393254
393254
393951
393951
393951
393951
393951
393951
393951
393951
393951
393951
393951
393951
393951
393951
393951
393951
394335
394335
394335
394701
394701
394701
394701
394701
394701
394701
394701
394701
394701
394701
394701
394701
394701
394701
394701
394701
394701
394701
394701
394778
394778
394778
394788
394788
394788
394788
394788
394788
394788
394788
394788
394788
394788
394788
394788
394788
394788
394788
394788
394788
394788
394870
394870
394870
394870
394870
394870
394870
394870
394870
394870
394870
394870
394870
394870
394870
394870
394870
394870
394932
394932
394932
394932
394932
394932
394932
394932
394932
394932
395416
395416
395416
395416
395416
395416
395416
395416
395416
395416
395416
395416
395416
395416
395481
396459
396837
396837
396837
398583
398583
398583
398583
398583
398583
398583
398583
398583
398583
398603
398603
398603
398603
398603
398603
398603
398603
398603
398603
398603
398603
398603
398603
398603
398603
398603
398603
398778
398778
398778
398778
398778
398778
398778
402829
402829
402829
402829
402829
402829
402829
402829
402829
402829
403998
403998
403998
403998
403998
403998
403998
403998
404925
404925
404925
404925
404925
404925
404925
404925
404925
404925
404925
404925
404925
404925
404925
404965
404965
404965
404965
404965
404965
404965
404965
404965
404965
404965
404965
404965
404965
405171
405171
405620
405620
408224
408224
408224
408224
408224
408224
408224
409932
409932
409932
409932
409932
409932
409932
409932
409932
409932
409932
409932
409932
409932
409932
409932
409932
410916
410916
410916
410916
410916
410916
410916
410916
410916
410916
410916
410916
410916
410916
410916
410977
410977
410977
410977
410977
410977
410977
410977
410977
410977
410977
410977
411146
411146
411146
411146
411146
411146
411146
411146
411146
411146
411146
411146
411146
411146
411146
411146
411146
411146
411146
411915
411915
411915
411915
411915
411915
411915
411915
411915
411915
411915
411915
412568
412568
412568
412568
412568
412568
412568
412568
412568
413117
413117
413117
413117
413117
413117
413117
413117
413117
413117
413117
413117
413117
413117
413117
413117
414175
414175
414175
414175
414175
414175
414175
414175
414175
414467
414467
414467
414877
414877
414877
414877
414877
414877
414877
414877
415586
415586
417858
417858
417858
417858
417858
417858
417858
417858
417858
417858
417858
417858
417858
417858
418216
418216
418216
418216
418216
418216
418216
418227
418227
418227
418227
418227
418227
420345
420345
420345
420345
420345
420345
420345
420345
420345
420345
420345
420345
420345
420345
420345
420345
420345
420345
420345
420376
420376
420376
420376
420376
420376
420376
420376
420376
420376
420376
420376
420376
420376
420376
420376
420760
420760
420760
421510
421630
421630
421630
422298
422298
422298
422298
422298
422298
422298
422298
422298
422298
422298
422298
422298
422298
422298
422298
424837
424837
424837
424837
424837
424837
424837
424837
425954
425954
425954
425954
425954
425954
425954
425954
426330
426330
426330
426330
426330
426330
426330
426330
426330
426330
426330
426330
426649
426649
426649
426649
426649
426649
426649
426649
426649
426649
426649
426649
426927
426927
426927
426927
426927
426927
426927
426927
426927
426927
426927
426927
426927
426927
427837
427837
427837
427837
427837
427837
427837
427837
427837
427837
428262
428262
428262
428262
428262
428262
428262
428262
428262
428262
428262
428262
428262
428262
428262
428262
428262
428262
428262
428459
429239
429239
429239
429239
429239
429239
429239
429316
429316
429316
429316
429316
429316
429316
429316
429316
429316
429316
429316
429316
429316
429695
429695
429695
429695
429695
429695
429695
429695
429695
429695
429695
429695
429695
429695
429695
429902
429902
429902
429902
429902
429902
429902
429902
429902
429902
429902
429902
429902
432201
432201
432201
432201
432201
432201
432201
432201
432201
432201
432201
432201
433737
433737
433737
433737
433737
433737
433737
433737
433737
433737
433737
433782
433782
433782
433782
433782
433782
433782
433782
433782
433782
433782
433782
433782
433782
433782
433782
433782
433782
433782
433782
434578
434578
434578
434578
434578
434847
434847
434847
434847
434847
434847
434847
434847
435346
435346
435346
435346
435346
435346
435346
435346
435346
435346
435346
435346
435346
435346
435346
435428
435428
435428
435428
435428
435428
435428
435428
435428
435428
436102
436102
436102
436102
436102
436102
436180
438079
438079
438079
438079
438079
438079
438079
438079
438079
438079
438079
438079
438079
438079
438079
438079
438079
438079
438079
440032
440032
440032
440032
440032
440032
440032
440032
440032
440482
440482
440482
440482
440482
440482
441331
441331
441331
441331
441331
441331
441331
442190
442190
442190
442190
442190
442190
442190
442190
442190
442338
442338
442338
442338
443081
443081
443081
443081
443081
443081
443081
443081
443081
446319
446319
446319
446319
446319
446319
446319
446319
448743
448743
448743
448743
448743
448743
448743
448743
448743
448743
448743
448743
448743
448743
448743
448743
448743
448743
448743
448932
448932
448932
448932
448932
448932
448932
448932
448932
449479
449479
449479
449479
449479
449479
449479
449479
449479
449479
450905
450905
450905
450905
450905
450905
450905
451157
451157
451157
451157
451157
451157
451428
451428
451428
451428
451428
451428
451428
451428
451428
451428
452642
452642
452642
452642
452642
452642
452642
452642
452642
452642
452642
452642
452642
452642
452682
452682
452682
452682
452682
452682
452682
452682
452682
452682
452682
452682
452682
452682
452682
452682
452682
452682
452878
452878
452878
453434
453434
453434
453434
453434
453434
453434
453434
453434
453434
453434
453434
453434
453434
453434
454082
454082
454082
454082
454425
454425
454425
454425
454425
454425
454425
454425
454425
454425
454723
454723
454723
454723
454723
454723
454723
454723
454723
454723
454723
454723
455643
455643
455643
455643
455643
455643
455643
455643
455907
455907
456322
456322
456322
456322
456322
456322
456322
456322
456322
456322
456670
456670
457270
457370
457370
457370
457678
457678
457678
457678
457678
457678
459989
459989
459989
459989
459989
459989
459989
459989
459989
459989
459989
459989
459989
459989
459989
459989
459989
459989
459989
461552
462298
462753
462753
462753
462753
462753
463122
463122
463122
463122
463122
463122
463122
463122
463122
463122
463122
463122
463122
463122
463580
463580
463580
463580
463580
463580
463580
463580
463580
463580
463580
463580
463580
463580
463580
463580
463580
463580
463580
463580
463826
463826
463826
463826
463826
463826
463826
463826
463826
463826
463826
463826
463826
463826
463826
463826
463826
464693
464693
464693
464693
464693
464693
464693
464693
464693
464693
464693
464823
464823
464823
464823
464823
464823
464823
464823
464823
464823
464823
464823
464823
464823
464823
466162
466162
466162
466162
466162
466162
466748
466748
466748
466748
466748
466748
466748
466748
466748
466748
466748
466748
466748
466748
466748
466748
466748
466748
466748
466748
468471
468471
468526
468526
468526
468526
468526
468526
468526
468526
468526
468526
468526
468526
468526
468526
468526
468526
468526
468526
468526
468526
468746
468746
468746
468746
468746
468746
468746
468746
468746
468746
468746
468746
468746
468746
468746
468746
468746
468746
468746
468746
470283
470283
470283
470283
470511
470511
470511
470511
470511
470511
470511
470511
470511
470511
470619
470619
470619
470619
470619
470619
470619
470619
470619
470619
470619
470619
470619
470619
470619
470619
470688
470688
470688
470688
470688
470688
470688
470688
470688
470688
470688
470688
471549
471549
471549
471549
471549
471549
471549
471797
471797
472361
472361
472361
472361
473761
473761
473761
473761
474291
474291
474291
474291
475196
475196
475196
475196
475196
475196
476617
476617
476617
476617
476617
476617
476617
476617
476617
476617
477641
477641
477641
477641
477641
477641
477641
477641
477641
478529
478529
478529
478529
478529
478529
478529
478529
478743
478743
478743
478743
478743
478743
478743
478743
478743
478743
478743
478743
478743
478743
478743
478743
478743
478743
478743
482200
482200
482200
482200
482200
482200
482200
482200
482200
482200
482200
482200
482200
482200
482200
482200
482317
482317
482317
482317
482317
482317
482317
482317
482317
482553
482553
482553
482553
482553
482553
482553
482553
482553
482553
482553
482553
482553
482553
482553
482553
482553
482553
483166
483166
483166
483166
483166
483166
483166
483166
483166
483166
483166
483166
483166
483166
483924
483924
483924
483924
483924
483924
483924
483924
483924
483924
483924
483924
483924
483924
483924
483924
483924
485334
485334
485334
485334
485334
485334
485334
485334
485334
485334
485421
485421
485421
485421
485421
485421
485421
485421
485421
485421
485421
485654
485654
485654
485654
485654
485654
485654
485654
485654
485654
485654
485654
485654
485654
485654
485654
485654
485654
486500
486500
486500
486500
486500
486500
486500
487397
487397
487397
487397
487397
487397
487397
487497
487497
487497
487497
487497
487497
487497
487497
487497
487497
487497
487497
487497
487497
487497
487497
487497
487497
487497
488576
488576
488576
488576
488576
489115
490458
490458
490458
490458
490458
490458
490458
490458
490458
490458
490458
490458
490458
490458
490458
490553
490553
490553
490553
490553
490553
490553
490553
490553
490553
490553
490553
490553
491680
491680
491680
491749
491749
491749
491749
491749
491836
491836
491836
491836
491836
491836
491836
491836
491836
491836
491836
491836
491836
491836
491836
491836
491836
494031
494031
494031
494031
494031
494031
494031
494031
494031
494031
494031
494031
494031
494031
494031
494031
494188
494188
494188
494188
494188
494188
494188
494188
494188
494188
494188
494773
495112
495112
495112
495112
495112
495112
496555
496555
496555
496555
496555
496555
496555
496585
496585
496585
496585
496585
496585
496585
496585
496585
496585
496585
496585
496585
496585
496585
496585
496585
497437
497437
497437
497437
497437
497437
497437
497437
497672
497672
497672
497672
497672
497672
497672
497672
497672
497672
497672
497672
497672
497672
497672
497672
497672
497672
497672
497672
499625
499625
499625
499625
499625
499625
499625
499625
499625
499625
499625
499625
499702
499702
499702
499702
499702
499702
499702
499702
499702
499921
499921
499921
499921
499921
499921
499921
499921
500440
500440
500823
500823
500823
500823
500823
500823
500823
500823
500823
500823
500823
500823
500823
500823
500823
501417
501417
501417
501417
501417
501417
501417
501417
501636
501636
502516
502516
502516
502516
502516
502516
502516
502516
502516
502516
502516
502516
502516
502516
502802
502802
502802
502802
502802
502802
502802
502802
502802
502802
502802
502802
502802
502802
502802
502802
502802
502802
502802
502802
503409
503409
503409
503603
503603
503603
503603
503603
503603
503603
503603
503603
503603
503603
503603
504281
504281
504281
504281
504281
504281
504281
504281
504281
504281
504281
504331
504331
504331
504331
506099
506099
506099
506099
506099
506099
506099
506099
506099
506099
506099
506099
506099
506099
506099
507584
507584
507584
507584
507584
507584
507584
507584
507584
507584
507584
507584
507584
507584
507584
507720
507720
507720
507720
507720
507720
507720
507720
507720
507720
507720
507720
507720
507720
508720
508720
508720
508903
508903
508903
508903
508903
508903
508903
508903
508903
509037
509037
509037
509037
509037
509037
509037
509037
509037
509037
509037
509037
509598
509598
509598
509598
509598
509598
509598
509598
509598
509598
509598
509598
509598
509598
509598
509817
509817
509817
509817
509817
509817
509817
509817
511333
511333
511333
511333
511333
511333
512060
512060
512060
512060
512060
512295
512295
512295
512295
512295
512295
512295
512295
512295
512295
512295
512295
512295
512295
512295
512295
512295
512295
512295
512295
514743
514743
514743
514743
515185
515185
515185
515185
515185
515185
515185
515185
515185
515185
515185
515185
515185
515185
515185
515185
515185
517130
517130
517130
517130
517130
517130
517130
517130
517130
517130
517130
517130
517130
517130
517130
517130
517130
517173
517173
517173
517173
517173
517173
517173
517173
517173
517173
517173
517173
517173
517173
517173
517173
520100
520240
520240
520240
520240
520240
520240
520240
520240
520240
520240
520426
520426
520426
520426
520426
520426
520426
520426
520426
520426
520426
520426
520426
520426
520426
520426
520426
520426
520426
522149
522149
522149
522149
522149
522149
522149
522149
522149
522149
522149
522149
522149
522149
522788
522788
522788
522788
522788
522788
522788
522788
524220
524220
524220
524220
524220
524220
524220
524220
524220
524220
524220
524220
524220
524220
525685
525685
525685
525685
525685
525685
525685
525685
525685
525685
525685
525685
525685
525685
525685
526184
526184
526184
526562
527426
527426
527426
527426
527593
527593
527593
527593
527593
527648
527648
527648
527901
528126
528126
528126
528126
528126
528126
528126
528126
528126
528126
528126
528126
528126
528126
528126
528166
529075
529075
529075
529075
529075
529075
529075
529075
529075
529075
529270
529270
529270
529270
529270
529270
529270
529270
529270
529270
529270
529270
529270
529270
529270
529270
529270
529270
529270
529270
530021
530021
530021
530021
530021
530021
530186
530186
530186
530186
530186
530186
530186
530625
530625
530625
530625
530625
530625
530625
530625
530625
530625
530625
530625
530625
530625
530625
530625
530625
530625
530625
530885
530885
530885
530885
530885
530885
530885
530885
530885
530885
530885
530885
530885
530885
530885
530885
531784
531784
531784
531784
531784
531784
531784
531784
531784
531784
531784
531784
531784
531784
531784
531784
533311
533311
533311
533311
533311
533311
533311
533311
536022
536022
536022
536022
536022
536022
536022
536022
536022
536022
536022
536022
536022
536022
536022
536022
536022
536022
536944
536944
536944
536944
536944
536944
536944
536944
536944
536944
536944
536944
536944
536944
536944
536944
536944
536944
537886
538106
538106
539784
539784
539784
539784
539784
540279
540381
540381
540381
540381
540381
540381
540381
540983
542123
542123
542123
542123
544119
544119
544119
544119
544119
544119
544119
544119
544119
544119
544119
544119
544119
544119
544119
544119
544119
544119
544119
544119
544225
544225
544225
544225
544225
544225
544225
544225
544225
544225
544225
546554
546554
546554
546554
546554
546554
546554
546673
546673
546673
546673
546673
546673
546673
546673
546673
546673
546673
546673
546673
546673
546673
546673
546673
546673
546673
547212
547212
547212
547212
547212
547212
547212
547212
547212
547212
547212
547212
547212
547212
547424
547424
547424
547424
547424
547424
547424
547424
547424
547424
547895
547895
547895
547895
548513
548513
550406
550406
550406
550406
550406
550406
550406
550406
550406
550406
550406
550406
550406
550406
550406
550406
550406
550406
552460
552460
552460
552460
552460
552460
552460
552460
552460
552840
552840
552840
552840
552840
552840
552840
552840
552840
552840
552840
552840
552840
552840
552840
552840
552840
552840
552840
552840
553856
553856
553856
553856
553856
553856
553856
553856
553856
553856
553856
553856
553856
553856
553856
558049
558049
558049
558049
558049
558049
558049
558049
558049
558355
558355
558355
559342
559342
559342
560675
560675
560675
560675
560675
560675
560675
560675
560675
560675
561137
561137
561137
561137
561137
561137
561137
561137
561137
561137
561137
561137
561137
561137
561137
561137
561137
561137
561302
561302
561302
561302
561302
561302
561302
561302
561302
561302
561302
561302
562034
562034
562034
562034
562034
562034
562034
562034
562034
562034
562034
562034
562034
562034
562034
562034
562034
562034
562034
562034
562589
562589
562801
562801
562801
562801
562801
562801
562801
562801
562801
563609
564894
564894
564894
564894
564894
564894
564894
564894
564894
564894
564894
564894
564894
564894
564894
564894
564894
565225
565225
565225
565225
565225
565225
565225
565225
565225
565225
565225
565225
565225
565611
565611
565611
565611
565611
565611
565611
566505
566505
566505
566505
566505
566505
566505
566505
566505
566505
566505
566505
566505
566505
566505
566505
566505
566505
566505
566505
568754
568754
568754
568754
568754
568754
568754
568754
568809
568809
568809
568809
569234
569234
569234
569234
569234
569537
569537
569537
569537
569537
569537
569537
569537
569537
569537
569537
569986
569986
569986
569986
569986
569986
569986
569986
569986
570089
570089
570089
570089
570089
570089
570089
570089
570089
570089
570089
570089
571981
571981
571981
571981
571981
571981
571981
571981
571981
571981
571981
571981
571981
571981
571981
571981
571981
571981
572600
572600
572600
572600
572600
572600
572737
572737
572737
572737
572737
572737
572737
574380
574380
574380
574380
574380
574380
574380
574380
574380
574380
574380
574380
574380
574380
574380
574380
574867
574867
574867
574867
576216
576216
576216
576216
576216
576216
576216
576216
576858
576858
576858
576858
576858
577329
577329
577329
577329
577329
577329
577329
577329
577329
577329
577329
577329
577329
577329
577329
577329
577329
577329
577384
577384
577384
577384
577384
577384
577384
577384
577384
577384
577384
577384
577384
577384
577384
577384
577384
577384
577384
578060
578060
578060
578060
578060
578060
578060
578060
578060
578060
578060
578060
578060
578060
578060
578060
578753
578753
578753
578753
578753
578753
578753
578753
578753
578753
578753
578906
578906
578906
578906
578906
578906
578906
579288
579288
579288
579288
579288
579288
579288
579288
579288
579288
579288
579288
579288
579288
579288
579288
579288
579288
579288
579737
579737
579737
579737
579737
579737
579737
579737
579737
579737
579737
579737
579737
579737
579737
579737
579737
581750
581750
581750
581750
582195
582195
582195
582195
582195
582195
582195
582195
582195
582195
582195
582195
582195
582195
582195
582195
582195
582195
582195
583425
583425
583425
583425
583606
583606
583606
583606
583606
583606
583606
583606
583606
583606
583606
583606
583767
583767
583767
583767
583767
583767
583767
583767
583767
583767
583767
583767
583767
583890
583890
583890
586833
586833
588263
588263
588263
588263
588263
588263
588263
588263
588263
588263
590733
590733
590733
590733
590733
590733
590733
590733
590733
590733
590733
590733
590733
590733
591271
591271
591271
591271
591271
591271
591271
591271
591271
591271
591271
591271
591271
591271
591271
591271
591271
591271
591311
591311
591311
591311
591311
591311
591311
591311
591311
591311
591311
591311
591311
592364
592364
592364
592364
592364
592364
592364
592364
592364
592364
592962
592962
592962
593773
593773
593773
593773
593773
593773
593773
593773
593773
593773
593773
593773
593773
593773
593773
593773
593773
593773
593773
594342
594342
594342
594342
594342
594342
594342
594342
594342
594342
594342
594342
594342
594342
594342
594342
594342
594342
594342
595619
595619
595619
595619
595619
595821
595821
595821
595821
595821
595821
595821
595821
595821
595821
595821
595821
595821
595821
595821
595821
595821
595821
596507
596507
596507
597479
597479
599771
599771
599771
599771
599771
599771
599771
599771
599771
600018
600018
600018
600018
600018
600018
600018
600018
600018
600018
600018
600018
600018
600018
600018
600018
600915
600915
600915
600915
600915
600915
600915
600928
600928
600928
600928
600928
600928
600928
600928
600928
600928
600928
600928
600928
605370
605370
605370
605370
605370
605370
605370
605370
605370
605370
605370
605370
605370
605370
605370
605370
605954
605954
605954
605954
605954
605954
605954
605954
605954
605954
605954
605954
605954
605954
606395
606395
606395
606395
606395
606395
606395
606395
606395
606395
606395
606395
606666
606897
608504
608504
608504
608504
608504
608504
608504
608504
608504
608504
608504
608504
608504
608504
608504
608504
609845
609845
609845
610182
610429
612756
612756
612756
612756
612756
612756
612756
612756
612756
612756
612756
613589
613589
613589
613589
613589
613589
613589
613589
613589
613589
613589
613589
613589
613589
613589
613589
613589
614327
614327
614327
614327
614327
614995
614995
614995
614995
614995
614995
614995
614995
614995
615403
615403
616323
616323
616323
616323
616323
616323
616730
616730
616730
616730
616730
618727
618727
618727
618727
618727
618727
618727
618727
618727
618727
618769
618769
619003
619003
619003
619010
619010
619010
619010
619010
619010
619010
619010
619010
619010
619010
619010
619010
620123
620123
620123
620123
620123
620123
620123
620123
620123
620123
620123
620123
620123
620123
620123
620123
620123
621629
621724
621724
621724
621724
621724
621724
621724
621724
621724
621724
621724
621724
621724
621724
621948
621948
621948
621948
621948
621948
621948
621948
621948
621948
621948
622291
622291
622291
622291
622291
624780
624780
624780
624780
624780
624780
624780
624780
624780
624780
625137
625137
625137
625250
625250
625250
625250
625250
625250
625250
625250
625250
625250
625250
625250
625250
625250
625250
625250
625250
625250
625250
626608
626608
626608
626608
626608
626608
626608
626608
626608
626608
626608
626608
626608
626608
626608
626625
626625
626625
626625
626625
626625
626625
626705
626705
626705
626705
626705
626705
626705
627382
627382
627382
627382
627382
627382
627382
627382
627382
627382
627382
627382
627382
627382
627382
627382
627382
627382
627382
627831
627831
627831
627831
627831
627928
627928
627928
627928
627928
627928
627928
627928
627928
627928
627928
627928
627928
627928
627928
627928
627928
627953
627953
627953
627953
627953
628075
628075
628075
628075
628075
628075
628075
628075
628075
628075
628075
628075
628687
629344
629344
629344
629344
629344
629344
629344
629344
629344
629344
629344
629344
629344
629344
629344
629344
629344
629344
630427
630427
630731
632175
632175
632175
632175
633325
633325
633325
633325
633325
633325
633325
634069
634069
634069
634069
634069
634069
634069
634069
637338
637338
637338
637338
637476
637476
637476
637476
640075
640075
640075
640075
640075
640075
640075
640075
640075
640075
640075
640075
640075
640075
640504
640504
640504
640504
640504
640504
640504
640504
640504
640504
640610
640610
640610
640610
640610
640610
640610
640610
640880
640880
640880
640880
640880
640880
640880
640880
640880
640880
640880
640880
640880
640880
640880
640880
640880
640880
641481
641481
641481
641481
641481
641481
642226
642226
642226
642226
642226
642226
642226
642226
642226
642226
642226
642226
642226
642226
642226
643881
643881
643881
643881
643881
643881
643881
643881
643881
643881
643881
643881
643881
643881
643881
643881
643881
643881
646141
646141
646141
647807
647807
647807
647807
647807
647807
647807
647807
647807
647807
647807
647807
647807
647807
648291
648291
648291
649627
649627
649627
649627
649627
649627
650943
651953
651953
651953
651953
651953
651953
651953
651953
651953
651953
651953
651953
651953
651953
651953
651953
651953
651953
651953
651953
652496
652496
652496
655534
655534
655534
655534
655534
655534
655534
655534
655534
655534
655534
655534
655534
655534
655534
655534
655534
655534
657108
657108
657108
657108
657108
657108
657108
657108
657108
657108
657108
657108
657108
657108
657108
658126
658126
658126
658126
658126
658126
658126
658126
658126
658126
658126
658126
658126
658126
658126
658188
658188
658188
658188
658188
658188
658359
658359
658359
658359
658359
658359
658359
658359
658359
658359
658359
658359
658359
658359
658359
658359
658359
658359
658359
658359
658576
658576
658576
658576
658576
658576
658576
658576
658576
658576
658576
658576
658576
658838
658838
658838
658838
658838
658838
659657
659657
659657
659657
659657
659657
659657
659657
659657
659657
659657
659657
659657
659657
659657
659693
659693
659693
659693
659693
659693
659693
659693
659693
659693
660398
660398
660398
660398
660398
660398
660398
660398
660398
660398
660398
661184
661184
661184
661184
661184
661184
661184
661184
661184
661184
661184
661184
661184
661184
661184
661184
661184
661852
661852
661852
661852
661852
661852
661852
661852
661852
661852
661852
661852
661852
661852
661852
661852
661852
661852
662186
662186
662186
662186
662186
662186
662186
662186
662186
662186
662186
662186
664469
664469
664469
664469
664469
664469
664469
664469
664469
664469
664469
664469
664469
664469
665824
665824
666160
666160
666160
666160
666160
666160
666160
666160
666160
666160
666160
666160
666160
666160
666160
666160
666160
666160
666160
666376
666376
666376
666376
666376
666376
666376
666376
666376
666376
666376
666376
666631
666631
666631
666631
666631
666631
666631
666631
666631
666631
666631
666631
666631
666631
666747
666747
668822
668822
668822
668822
668822
668822
668822
668822
668822
668822
668822
670148
670148
670148
670226
670226
670226
670226
670226
670226
670226
670226
670226
670226
670226
670226
670226
670226
670226
670247
670247
670247
670247
670247
670247
670247
670247
670247
670247
670247
670247
670786
670786
671124
671124
671124
671124
671124
671618
671618
671618
671618
671618
671618
671618
671618
671618
671618
671618
671618
671618
671788
671788
671788
671788
671788
671788
671788
671788
671788
672025
672025
672025
672025
672025
672025
672025
672025
672025
672025
672025
672025
672025
672025
672025
672025
672246
672246
672246
672246
672246
672246
672246
672246
672246
672246
672246
672246
672246
672246
672246
672246
672246
672246
672246
673202
673202
673202
673202
673202
673202
674856
674856
674856
674856
674856
674856
674856
674856
674856
674856
674856
674856
674856
674856
674856
674856
675879
675879
675879
675879
675879
675879
675879
675879
675879
675879
675879
675879
675879
675879
675879
675879
675879
675879
675918
675918
675918
675918
675918
675918
675918
675918
675918
675918
675918
675918
675918
675918
675918
675918
675918
675918
675988
675988
675988
675988
675988
675988
675988
675988
675988
675988
676676
676676
676676
676676
676676
676676
676676
676676
676676
677425
677425
677425
677589
677589
677589
677589
677589
677589
677589
677589
677589
677589
677589
677589
677589
677986
677986
677986
677986
677986
677986
677986
677986
677986
678017
678017
678017
678017
678716
678716
678716
678716
678716
678716
678716
678716
678716
678716
678716
678716
678716
678716
678716
678731
678731
678731
678731
678731
678731
678731
678731
678731
678731
678731
678731
680449
680449
680449
680449
680449
680449
680449
680449
680449
680449
680449
680449
680449
680449
680449
680449
680449
680449
680449
680449
681247
681247
681247
681247
681247
681247
681247
681247
681247
681247
681247
681247
681247
681247
681247
681247
682280
682280
682280
682280
682280
682280
682280
682280
682280
682280
682280
682280
683895
683895
683895
683895
683895
683895
683895
683895
683895
683895
683895
683895
683895
683895
683895
684180
684180
684180
684180
684180
684180
684180
684180
684180
684180
684180
684180
684180
684180
684180
684180
684180
684180
684180
684180
684538
684538
684538
684538
684538
684538
684538
684538
684538
685148
685148
685148
685148
685148
685148
685148
685693
685693
685693
685693
685693
685693
685693
685693
685693
685693
685693
687746
687746
687746
687746
687746
687746
687746
687746
687746
687746
687746
687746
687746
687746
687746
687746
687746
687746
687746
688568
688568
688568
688568
688568
688568
688568
688568
688568
688568
688568
688568
688568
688568
688568
688568
688568
688994
688994
689747
689747
689747
689747
689747
689747
689747
689747
689747
689747
689747
689887
689887
689887
689887
689887
689887
689887
689887
689887
689887
689887
689887
689887
689887
690529
690529
690529
690529
690529
690529
690529
690529
690529
690529
690529
690809
690809
690809
690809
690809
690809
690809
690809
690809
690809
690809
690809
690809
690809
690809
690809
690809
690809
691194
691194
691194
691194
691194
691194
691194
691194
691194
691194
691194
691194
691194
691194
691194
691194
691194
693109
693518
693518
693518
693518
693518
693518
693518
693518
693518
693518
693518
693518
693518
693518
693518
693518
693518
693518
693518
693910
693910
693910
693910
693910
693910
693910
693910
693910
693910
693910
693910
693910
693910
694343
694343
694343
694343
694343
694343
694343
694343
694343
694343
694343
694343
694343
694343
694343
694343
694343
694343
694343
694343
694493
694493
694493
694493
694493
694493
694493
694493
694493
694493
694493
694493
694725
694725
694725
694725
694725
694725
694725
694725
694725
694725
694725
694725
694725
694725
694725
694725
694725
694855
694855
694855
694855
694855
694855
694855
694855
694855
694855
694855
695198
695198
695198
695198
695198
695198
695198
695198
695198
695198
695198
695198
695198
699178
699178
699178
699614
699614
699614
699614
699614
699614
699614
699614
699614
699614
699614
699614
699614
699614
699614
699614
700454
700454
700454
700454
700454
700454
700454
700454
700454
700454
700454
700454
700454
700454
700454
700454
700454
700454
700454
702114
702261
702261
702261
702261
702261
702261
702261
702261
702261
702261
702261
702261
702261
702261
702261
702261
702261
702601
702601
702601
702601
702601
702601
702601
702601
702601
702601
702601
702601
702601
702601
702601
702601
702601
702601
702601
702604
702604
702604
702604
702604
703654
703654
703654
703654
703654
703654
703654
703654
703654
703654
703654
703654
703673
703673
703673
703673
704759
704759
704759
704759
704759
704759
704759
704759
704759
704759
704759
704759
704759
705294
705294
705294
705294
705294
705294
705294
705294
705294
705294
705294
705294
705294
705294
705294
705294
707513
707513
707513
707513
707513
707513
707513
707513
707513
707513
707513
707513
707513
707513
707513
707513
707513
707513
707513
708393
708393
708393
708393
708393
708393
708393
708393
708393
708393
708393
708393
708393
708393
708393
708393
708393
708393
708745
708745
708885
708885
708885
712088
712088
712088
712088
712088
712088
712622
712622
712622
712622
712622
712622
712622
712622
712622
712622
712622
712622
712622
712622
712622
712622
712622
712622
713018
713018
713020
713020
713020
713020
713020
713020
713020
713020
713020
713020
713020
713020
713020
713020
713020
713020
713020
713083
713083
713083
713083
713083
713083
714183
714183
714295
714295
714295
714295
714295
715362
715362
715362
715362
715362
715362
715362
715362
715362
715362
715362
715362
715362
715362
715362
715362
715362
715362
715362
716454
716454
717565
717565
717565
717565
717565
717565
717565
717565
717565
717565
717565
717565
717565
717565
717685
717685
717685
717685
717685
717685
717685
717685
717685
717685
717685
717685
717685
717685
717685
717685
717685
717685
717685
718856
718856
718856
718856
718856
718856
718856
718856
718856
718856
718856
718856
719373
719373
719373
719373
719373
721866
721866
721866
721866
721866
721866
721866
721866
721866
721866
721866
721866
721866
721866
722030
722030
722030
722030
722030
722030
723034
723034
723034
723034
723034
723034
723034
723034
723034
723034
723034
723034
723034
723034
723034
723034
723034
723034
723034
723938
723938
725684
725684
725684
725684
725684
725684
725684
727680
727680
727680
730042
730042
730042
730042
730042
730042
730042
730042
731394
731394
731394
731394
731394
731394
731394
731394
731394
731394
731394
731394
731394
731394
731394
731394
731394
731394
732128
732128
732128
732128
732128
732128
732128
732128
732128
732128
732128
732128
732128
732128
732128
732128
732128
733010
733010
733010
733010
733010
733010
733010
733010
733010
733010
733010
733010
733010
733010
733010
733010
733010
733010
733010
734544
734544
734544
734544
734544
734544
734544
734544
734783
734783
734783
734783
734783
734783
735219
735219
735219
736028
736028
736028
736028
736028
736028
736028
736028
736028
736028
736028
737272
737272
737272
737272
737272
737272
737522
737522
737522
737522
737522
737522
737522
737522
737522
737522
737522
737522
737699
737905
737905
737905
737905
737905
737905
737905
737905
737905
737905
737905
737905
737905
737905
737905
738833
738833
739141
739141
739141
739141
739141
739141
739748
741308
742268
742268
742268
743410
743410
743410
743410
743410
743410
743727
743727
743727
743727
743727
743727
743727
743727
743727
743727
743727
743727
743727
743727
743727
743727
743727
743727
743727
743727
744303
744303
744303
744303
746826
746826
746826
746826
746826
746826
746826
747844
747844
747844
747844
747844
747986
747986
747986
747986
747986
747986
747986
747986
747986
747986
749128
749128
749128
749128
749128
749128
749128
749128
749128
749128
749128
749128
749128
749243
749243
749243
749243
749243
749243
749243
749243
749243
749243
749243
749243
749243
749243
749243
749243
749243
749243
749599
749599
749599
749599
749599
749599
749599
749599
749599
749599
749599
749599
750775
750775
750775
750775
750775
750775
750775
750775
750775
750775
750775
750775
750775
750775
750775
750775
750775
750775
750775
750775
751512
751512
753984
753984
753984
753984
753984
753984
753984
753984
753984
753984
753984
753984
753984
753984
753984
753984
753984
754019
754019
754019
754019
757121
757121
757121
757121
757121
757121
757121
757121
757121
757121
757121
757121
757121
757121
757121
757121
758276
758276
758276
758276
758276
758276
758276
758276
758770
758770
758770
758770
758770
758770
758770
758770
758770
758770
758770
760086
760086
760086
760086
760086
760086
760086
760086
760086
760086
761026
761026
761026
761026
761026
761026
762558
762558
762558
762558
762558
762558
762558
762558
763434
763434
763434
763434
763434
763434
763434
763434
763434
765218
765218
765218
765218
765218
765218
765218
765218
765218
765218
765218
765218
765218
765218
765740
765740
765740
765740
765740
765740
765740
765740
765740
765740
765740
765740
765740
765740
765740
765740
767953
767953
767953
767953
767953
767953
767953
767953
767953
767953
767953
767953
767953
767953
772098
772098
772098
772098
772098
772098
772098
772098
772098
772098
772098
772098
772098
772098
772098
772098
772098
772098
772098
772098
773533
773533
773533
773533
773533
773533
773533
773533
773533
773533
773719
773719
773719
773719
774021
774021
774021
780150
780150
780150
780150
780171
780171
780517
780517
780517
780517
780517
780517
780517
780517
780517
780517
780517
780517
780517
780517
780517
780517
780517
781352
781352
781352
781352
781352
781352
781352
781352
781352
781352
781352
781352
781352
781352
781352
781352
781352
781352
781352
781866
781866
781866
781866
781866
781866
781866
781866
781866
781866
781866
781866
781866
781866
782185
782185
782919
782919
782919
782919
782919
782919
782919
782919
782919
782919
782919
782919
782919
783049
783049
783049
783049
783049
783673
783673
783673
783673
783720
783720
783720
783720
783720
783720
783720
784066
784066
784066
784066
784066
784066
784066
785584
785584
785584
785584
785584
785584
785584
785584
785584
785584
785584
785584
785584
785584
785584
785584
786518
786518
786518
786518
788963
788963
788963
788963
788963
788963
788963
788963
788963
788963
788963
788963
788963
788963
788963
788963
788963
788963
788963
788963
789542
789542
789542
790160
790160
790160
790160
790160
790160
793296
793296
793296
793296
793296
793296
793296
793296
793296
793296
793296
793296
793381
793381
793381
793381
793381
793381
793629
793629
793629
793629
793629
793629
793629
793629
793665
793665
793665
793665
793665
793665
793665
793665
793665
793665
793665
793665
793665
793665
793665
793665
793665
793665
793665
793773
793773
793773
793773
793773
793773
793773
793773
793773
794362
794362
794362
794362
794362
794362
794362
794362
794362
794362
794362
794362
794362
794362
794362
794362
794458
794458
794458
794458
794458
794458
794458
794458
794458
794566
794566
794566
795704
795704
795704
795704
795704
795704
795704
795704
795704
795704
795704
796025
796025
796025
796025
796025
796025
796025
796025
796025
796025
796822
796822
796822
796822
796822
796822
797240
797240
797240
797240
797240
797240
797240
797240
797240
797240
797240
797240
797240
797240
797240
797240
797240
797240
797240
797240
798088
798088
798088
798088
798088
798088
798088
798088
798088
798088
798088
800576
800576
800576
800576
800576
800576
802177
802177
802177
802177
802177
802177
802177
802177
802177
802177
802177
802177
802177
802177
802177
802273
802273
802273
802273
802273
802273
802273
802273
802273
802273
802273
802273
802273
802273
802273
802273
802273
802273
802273
802273
802300
802300
802300
802300
802300
802300
802300
802300
802300
802300
802300
802300
802300
802300
802324
802324
802324
803080
803080
803080
803080
803080
803080
803080
803080
803080
803080
803080
803080
803080
803507
803507
803507
803507
803507
803507
803507
803507
803507
803507
803507
803507
803507
803507
803507
804804
804804
804804
805327
805327
805327
805327
805327
805327
805327
805327
805327
805327
805327
805327
805327
805327
805327
805327
805327
805474
805474
805474
805474
805474
805474
805474
805474
805474
805474
805474
805474
805474
805834
805834
805834
805834
805834
805834
805834
805834
805834
805834
805834
805834
805834
805834
805834
805834
805855
805855
805855
805855
805855
805855
805855
805855
805855
805855
805855
806427
806427
806427
806427
806427
806427
806427
806427
806427
806427
806427
806427
807270
807270
807270
807270
807270
807270
807270
807270
807270
807270
807270
807270
807270
808268
808268
808268
808268
808268
808268
808268
808268
808268
808268
808268
808268
808268
808598
809144
809144
809144
809144
809144
809144
809144
809144
809144
809144
809509
809509
809509
809509
809509
809509
809509
809509
809509
809509
809509
809786
809786
809786
809786
809786
809786
809786
811075
811075
811075
812433
812433
812433
812433
812433
812433
812433
812433
812433
812433
812433
812433
812433
812433
812433
812433
812433
812433
812620
812620
812620
812620
812620
812620
812644
812644
812644
812644
812644
812644
812644
812644
812644
812644
812644
813046
813046
813046
813046
813046
813046
813046
813046
813046
813046
813046
813046
813046
813046
813046
813046
813046
813046
813046
813206
813206
813206
813206
813206
813206
813206
813206
813206
813206
813206
813206
813206
813206
813206
814351
814351
814351
814351
814351
814351
814351
814351
814351
814351
814351
814911
814911
814911
814911
814911
814911
814911
814911
814911
814911
814911
814911
814911
814911
814911
814911
814911
814911
814992
814992
814992
814992
814992
814992
814992
814992
814992
814992
814992
814992
814992
814992
814992
814992
814992
814992
814992
815543
816413
816711
816711
816711
816711
816711
816711
816711
816711
816711
816711
816711
816711
816711
816711
816711
816931
816931
816931
816931
816931
816931
816931
817437
817437
817437
817437
817437
817437
817437
817437
817437
817437
817437
818864
818864
818864
818864
818864
818864
818864
818864
820450
820450
820450
820450
820450
820536
820536
820536
820536
820536
820536
820536
820536
820671
820671
820671
820671
820671
820671
820671
820705
820705
820705
820705
820705
820705
820705
820705
820705
820705
820705
820705
820705
820705
820705
820705
821984
821984
821984
821984
821984
821984
821984
821984
821984
822339
822339
822339
822339
822339
822339
822339
822339
822852
822852
822852
822852
822852
822852
822852
822852
822852
823314
823314
823314
823441
823441
823441
823441
823441
823441
823441
823441
823441
823441
823441
823441
823441
823441
823441
823441
823441
823441
823441
823674
823698
823698
823698
823698
823698
823698
823698
823698
823698
823698
823698
823698
823698
823698
823698
823698
824360
824360
824877
824877
824877
824877
824877
824877
824877
825580
825580
825580
825580
825580
825580
825580
825580
825580
825580
825580
825580
825580
825580
825580
825580
825580
825580
825580
825580
827202
827202
827202
827202
827469
827469
827469
827469
827469
827469
827469
827469
827469
827469
827469
827469
827469
827469
827656
827656
827656
827656
827656
827656
827656
827656
828637
828637
828637
828637
828637
828637
828637
828637
828637
828637
828637
829263
829263
829263
829263
829263
829263
829263
829263
829263
829263
829263
829263
829263
829263
829263
829263
829606
829606
829606
829606
830252
830252
830252
830252
830252
830252
830252
830252
830252
830252
830252
830252
830252
831191
831191
833647
833647
833647
833647
833647
833647
833647
833647
833647
833647
834957
834957
834957
834957
834957
834957
835091
835091
835091
835091
835091
835091
835091
835091
835091
837162
837162
837162
837162
837162
837162
837162
837162
837162
837162
837162
837709
837709
837709
837709
837823
837823
837823
837823
837823
837823
837823
837823
837823
837823
837961
837961
837961
837961
837961
837961
837961
837961
837961
837961
837961
837961
839667
839667
839667
839667
839667
839667
839667
839667
839667
839667
839667
839667
839667
839667
839667
839667
839667
839667
841289
841289
841289
841289
841289
841289
841289
841289
841289
841289
841289
841289
841289
843093
843093
843093
843093
843093
843093
843093
843093
843093
843093
843093
843093
843093
843093
843294
843294
843294
843294
843294
844368
844368
846001
846001
846001
846001
846001
846001
846001
846001
846001
846001
846001
846001
846001
846001
846001
846001
846001
846001
846001
846985
848391
848391
848391
848391
848391
848391
848391
848391
848391
848391
848391
848391
848391
848511
848511
848511
848511
848511
848511
848511
848511
848804
848804
848804
848804
848804
848804
848804
848804
848804
848804
848804
848804
848804
848804
848929
848929
848929
848929
848929
848929
848929
848929
848929
848929
848929
848929
848929
849106
849106
849106
849106
849106
849106
849106
849106
849106
849106
849106
849106
849106
849106
849106
849106
849106
849106
849106
849199
849199
849199
849199
849199
849199
849199
849199
849199
849199
849199
849199
849199
849199
849472
849472
849472
849472
849472
849472
849472
849472
849472
849472
849472
850716
850716
850716
850716
850716
850716
850716
850716
850716
851963
851963
851963
851963
851963
851963
851963
851963
851963
851963
851963
851963
851963
851963
851963
853844
853844
853844
853844
853844
853844
853844
853844
853844
853844
853844
853844
853844
853844
853844
853844
853844
853844
854301
854301
854332
854332
854332
854332
854332
855155
855155
855155
855155
855155
855155
855155
855155
855155
855155
855155
855155
855155
855155
855155
855155
855155
855155
855155
855155
855441
855441
855762
855762
855762
855762
855762
855762
855762
856361
856361
856361
856361
856361
856361
856361
856361
856361
856361
856361
856361
856361
856361
856361
856361
856361
856361
856361
856361
856595
856595
856595
856595
856595
856595
856595
856595
856595
856595
856595
856595
856595
856595
856595
856595
856595
856595
856595
858038
858038
858038
858038
858038
858038
858038
858038
858038
860147
860147
860147
860147
860147
860147
860240
860240
860240
860240
860240
860240
860240
860240
860240
860240
860240
860240
860240
860240
860240
860240
860240
860860
860860
860860
860860
860860
860860
860860
860860
860860
860860
860860
860860
860860
860860
860860
860860
861062
861062
861062
861062
861062
861062
861062
861062
861062
861062
861062
861062
861062
861062
861062
861062
862414
862414
862414
862414
862414
862414
862414
862414
863017
863017
863017
863017
863017
863017
863017
863017
863017
863288
863288
863288
866293
866293
866293
866293
866293
866293
866293
866293
866293
866293
866293
866293
866293
866293
866293
866293
866293
866896
866896
867616
867616
867616
867616
867616
867616
867616
867616
867616
867616
867616
867616
867616
867616
867616
867808
867808
867808
867808
867808
867808
867808
867808
867808
867808
867808
867808
867808
867808
867808
867808
867808
867861
867861
867861
867861
867861
867861
867861
867861
867861
867861
867861
867861
869776
869776
869776
869776
869776
869776
869776
869776
869776
869776
869776
869776
869776
869776
870540
870540
870540
870540
870885
870885
870885
870885
870885
870885
870885
870885
870885
870885
870885
870885
870885
870885
870885
870885
870885
870885
870885
870885
872675
872675
872675
872675
872675
872675
872675
872675
872675
872675
872675
872675
872675
872675
872675
872675
872675
873999
873999
873999
873999
873999
873999
873999
873999
873999
874216
874216
874216
874216
874216
874216
874216
874216
874216
874216
874216
874216
874216
874216
874216
874216
875319
875319
875319
875319
875319
875319
875319
878558
878558
878558
878558
878763
878763
878763
878763
878763
878763
878763
878763
878763
878763
878763
878763
878763
879258
879258
879258
879258
881250
881250
881250
881250
881250
881250
881250
881250
881250
881250
881523
881523
881523
881523
881523
881523
882258
882258
882258
882258
882258
882258
882258
882258
882258
882258
882258
882258
882258
882258
882258
882258
884667
884667
884667
884667
884667
884667
884667
884667
884687
884687
884687
884687
884687
884687
884687
884869
884869
884869
884869
884869
884869
884869
884869
884869
884869
884869
884869
884869
884869
884869
884869
885116
885116
885116
885116
885116
885116
885116
885116
885116
885116
885116
885116
885116
885116
885116
885116
885116
885547
885547
885547
885547
885547
885547
885547
885547
885547
885547
886765
886765
886765
886765
886765
886765
886765
886765
886765
886765
886765
886765
886765
886765
886765
886765
886765
886765
886765
886765
888448
888448
888448
888448
888448
888448
888448
888448
888977
888977
888977
888977
888977
888977
888977
888977
888977
889050
889050
889050
889050
889050
889050
889050
889050
889050
889050
889050
889050
889050
889050
889050
889050
889050
889050
889050
889050
889411
889411
889411
889411
889411
889411
889411
889411
889411
889411
889411
889411
889411
889411
889411
889411
889411
889411
890586
890586
890586
890586
891448
891448
891448
891448
891448
891448
891448
891448
891448
891448
891448
893367
893367
893367
893367
893367
893367
893367
893367
893367
893367
893367
893367
893367
893367
893367
894214
894214
894214
894214
894214
894214
894214
894214
894214
894214
894214
894214
894214
894214
894214
894214
894214
894214
894214
894498
894498
894498
894498
894498
894498
894498
894498
894498
894498
894498
894498
894498
894498
897772
897772
897772
897772
897772
897772
897772
897772
897772
897772
897772
897772
897772
897772
897772
897772
897772
897772
897772
900310
900310
900951
900951
900951
900951
900951
900951
900951
900951
901004
901004
901004
901004
901004
901004
901004
901004
901004
901004
901004
901004
901004
901004
901004
901267
901267
901267
901267
901267
901267
901267
901267
901267
901267
901267
901267
901267
901267
901267
901267
901267
901267
901573
901573
901573
901573
901573
901573
901573
901573
901573
901573
901573
902483
902483
902483
902483
902483
902483
902483
902682
902682
902682
902682
902682
902682
902682
902682
902682
902682
902682
902682
902682
902682
902682
902682
902682
902682
902682
902682
903950
903950
903950
903950
903950
903950
903950
903950
903950
903950
903950
905306
905306
905306
905306
905306
906078
906078
906078
906078
906078
906078
906078
906078
906078
906078
906078
906078
906078
906078
906078
906078
906973
906973
906973
906973
906973
906984
906984
906984
907558
907558
907558
907558
907558
907558
907558
907558
907558
907558
909028
909028
909028
909028
909028
909296
909296
909296
909296
912308
912308
912829
912829
912829
912829
912829
912829
912829
912829
912829
912829
912829
912829
912829
912829
912829
914543
914543
914543
914543
914543
914543
914543
914543
914543
914543
914543
914911
914911
914911
914911
914911
914911
914911
914911
914911
914911
914911
914911
914911
914911
914911
915661
915661
915661
915661
915661
915661
915661
915661
915661
915661
915729
915729
915729
915729
915729
915729
915729
915729
915729
915729
915729
915729
915729
916113
916113
916113
916113
916113
916113
916113
916113
916113
916113
916113
916113
916113
916113
916113
916113
916113
916113
916113
918364
918364
918364
918364
918364
918364
918364
918364
918364
918364
918364
918364
918364
918364
918364
918522
918522
918522
918522
918522
918522
918522
919559
919559
919559
919559
919559
919559
919559
919559
919559
919559
919559
919559
919559
919559
919559
919559
919559
920553
920553
920894
920894
920894
920894
920894
920894
920894
920894
920894
920894
920894
920894
922086
922086
922086
922086
922086
922086
922086
922086
922086
922086
922086
922086
922745
923398
923398
923398
923398
923398
923783
923783
923783
923783
923783
923783
923783
923783
923783
923783
923783
923783
923783
923783
923783
923783
923783
927799
927799
927799
927799
927799
927799
927799
927799
927868
928716
928716
929447
929447
929447
929447
929447
929447
929447
929447
929447
929447
929447
929447
929519
929519
929519
929519
929519
929519
929519
929519
929519
929519
929519
929519
929519
929519
929519
930245
930245
930245
930245
930245
930245
930245
930245
930245
930245
930245
930245
930519
930519
930519
930519
930519
930519
930519
930519
930519
930519
930519
930519
930519
930519
930519
930519
930519
930519
930794
930794
930794
931000
931000
931000
931000
931000
931000
931000
931000
931000
931000
931000
932219
932219
932219
932219
932219
932219
932219
933610
933610
934744
934744
934744
934744
934744
935081
935081
935081
935081
935081
935081
935081
935081
935081
935081
935081
935081
935957
935957
935957
935957
935957
935957
935957
935957
935957
935957
935957
935957
935957
935957
935957
935957
935957
935957
935957
936058
936058
936058
936058
936058
936058
936058
936058
936058
936058
936058
936058
936918
936918
936918
936918
936918
936918
936918
936918
936918
938244
938244
938244
938244
938244
938244
942040
942040
942040
942040
942040
942040
942040
942040
942040
942040
942040
942040
942040
942040
942040
942040
942040
942040
942040
942408
942408
942408
942408
942408
942408
942408
942408
942408
943424
943424
943424
943424
943424
943424
943424
943424
943424
943424
943424
943424
943424
944860
944860
944860
944860
944860
944860
944860
944860
944860
944860
944860
944860
944860
944860
944860
947164
947164
947164
947164
947164
947164
947164
947164
947897
947897
947897
947897
947897
947897
947897
947897
948054
948054
948054
948054
948054
948054
948054
948054
948054
948054
948054
948054
948054
948054
948054
948054
948054
952534
952534
952534
952534
952534
952534
952534
952534
952534
952534
952534
952534
952534
952534
952534
952534
952534
953079
953079
953079
953079
953079
953079
954264
954264
954264
954264
954264
954264
954264
954264
954264
954264
954264
954264
954264
954264
955905
955905
955905
955905
955905
955905
955905
955905
955905
956630
956630
956630
956630
956630
956630
956630
956630
956630
956630
956630
956630
956630
956630
956630
957983
957983
957983
957983
957983
957983
957983
958299
958299
958299
958299
958299
958299
958299
958299
958299
958299
958299
958299
958299
958299
958572
958572
958572
958572
958572
958572
960248
960248
960248
960248
960248
960248
960248
960248
960248
960248
960248
960248
960248
960248
960248
960248
960248
960248
960367
960367
960367
960681
960681
960681
960849
960849
961354
961354
961354
961354
961354
961354
961354
961354
961354
961354
961354
961354
961354
961354
961354
961354
961354
961440
961440
961440
961440
961440
961440
961440
961440
961440
961440
961440
961440
961440
961440
961440
961440
961865
961865
961865
961865
961865
961865
961865
961865
961865
961865
961865
961865
961865
961865
961865
961865
961865
963243
963243
963243
963243
963243
963243
963243
963968
963968
963968
963968
963968
963968
963968
963968
963968
963968
964451
964451
964451
964451
964451
964451
964451
964451
964451
964451
964451
964451
964451
964451
964451
964883
964883
964883
964883
964883
964883
964883
965849
965849
965849
965849
965849
965849
965849
965849
965849
965849
965849
966250
966250
966250
966250
966250
966250
966250
966250
966250
966250
966250
966250
966514
966514
966514
966514
966514
966514
966514
966514
966519
966519
966519
966519
966519
966519
966519
966741
966741
966741
966741
966741
966741
966741
966741
967584
967584
967584
967584
967584
967584
967584
967584
967584
967584
967584
967584
967584
967584
967584
967584
967584
967660
967660
967660
967660
967660
967660
967660
967660
967660
967660
967660
967660
967660
967660
967660
967660
967874
967874
967874
967874
967874
967874
967874
967933
967933
967933
968177
968177
968177
968177
968177
968177
968177
968177
968177
968177
968177
968177
968177
968177
968177
968663
968663
968663
968663
968663
968663
968663
968663
968663
968663
968663
968663
968663
968663
968663
968758
968758
969726
969726
969726
969726
969726
969726
970466
970808
970808
970808
970808
970808
970808
970808
970808
970808
970808
970808
970808
970808
970808
970808
970808
970808
970808
971502
971502
971502
971502
971979
971979
971979
971979
971979
971979
971979
971979
971979
971979
971979
971979
971979
971979
971979
971979
971979
971979
971979
971979
972290
972290
972290
972290
972290
972290
972290
972290
972498
972498
972498
973661
973661
973661
973661
973661
974000
974000
974000
974000
974000
974000
974000
974000
974000
974000
974000
974000
974000
974000
974000
974000
974428
974428
974428
974428
974428
974428
974428
974702
974702
974702
974702
974702
974702
974702
974702
974702
974702
974702
974702
974702
974702
974702
974702
974702
974702
974962
974962
974962
974962
974962
975505
975505
975505
975505
975505
975505
975505
975505
975505
975505
975505
975505
975505
975505
975505
975505
975505
975505
975505
975505
976540
976540
976540
976540
976540
976540
976540
976540
976540
976540
976540
976540
976540
976540
976540
976540
976540
976540
976540
976540
978088
980197
980197
980197
980197
980197
980197
980197
980197
980197
980197
980197
982008
982008
982008
982008
982008
982008
982008
982008
982008
982008
982008
982008
982008
982008
982008
982008
982008
982008
982008
982111
982111
982111
982111
982111
982111
982111
982111
982111
982111
982111
982111
982111
982111
982111
982111
982249
982249
982249
982249
982249
982249
982249
982249
982249
982249
982873
982873
982873
982873
983433
983433
983433
983433
983433
983433
983433
983433
983433
983433
983452
983452
983452
983452
983452
983452
983452
983452
983452
983452
984064
984064
984064
984064
984064
984291
984291
984291
984291
984291
984291
984291
984291
984291
984291
984291
984291
984291
984291
984325
984325
984325
984325
984325
984325
984325
984325
984325
984325
984325
984325
984325
984325
985951
985951
985951
985951
986683
986683
986683
986683
986683
986683
986683
986683
986683
986683
986683
986683
986683
986683
986683
986683
986683
988279
988279
988279
988279
988279
988279
988279
988279
988279
988279
988279
988753
988753
988753
988753
988753
988753
988753
988753
988753
988753
988753
988753
988753
988753
988753
988753
990832
990832
990832
990832
990832
990832
990832
990832
990832
990832
990832
990832
990832
990832
990832
990832
990832
990832
990832
992084
992084
992084
992084
992084
992084
992084
992084
992084
992084
992084
992084
992084
992084
992084
992084
992084
992084
992084
992084
992825
992825
992825
995155
995155
995155
995155
995155
995155
995155
995155
995155
995155
995155
995155
995155
995155
995155
995155
995531
995531
995531
995531
995531
995531
995531
995531
995531
995704
995704
995704
995704
995704
995704
995704
995704
995704
995704
995704
995704
995704
995704
995704
995704
995704
995704
995704
995704
996462
996462
996462
996462
996462
996482
996482
996482
996482
996482
996482
996482
996482
996482
996482
996482
996482
996482
996482
997270
997270
997270
997270
997270
997270
997270
997270
997270
997270
997270
997270
997270
997859
997859
997859
997859
997859
997859
997859
997859
997859
997859
997859
997859
997859
999656
999656
999656
999656
999656
999656
999656
999656
999656
999656
999656
999656
999660
999660
999660
999660
999660
999660
999660
999660
999660
999660
999660
999660
999660
999660
999660
