10435 1500000
200056
200056
200056
200056
200056
200056
200056
200056
200056
202093
202093
202093
202093
202093
202093
202093
203619
203619
203619
203654
203654
203959
203959
203959
203959
203959
203959
203959
203959
205123
205123
205123
205123
205123
205123
205123
205123
205123
205123
205123
205879
205879
206021
206021
206021
206021
206021
206021
206021
206021
206560
206560
206560
206560
207049
207049
207049
207049
207049
208425
208425
208425
208425
208425
208425
208425
208425
208425
208425
208425
208425
208425
208425
208425
208455
208455
208455
208455
208455
208455
208455
208455
208455
208455
208455
208455
208455
208455
208455
208455
208455
209223
209223
209223
209223
209223
209223
209223
209223
209223
209223
209223
209223
209848
209848
209848
209848
209848
209848
209848
209848
209848
210902
210902
210902
210902
210902
210902
210902
210902
210902
210902
210902
210902
210902
210902
210902
210902
210902
210902
210902
210902
212010
212010
212010
212010
212010
214114
214114
214114
214114
214114
214841
214841
214841
214841
214841
214841
214841
214841
214841
214841
214841
214841
214841
214841
214841
214841
215252
215252
215252
215252
215252
215790
215790
215790
215790
215790
215790
215790
215790
215790
215790
215790
215790
215790
215790
215790
215790
216465
216465
216465
216465
216465
217331
217331
217331
217331
217331
217331
217331
217331
217331
217331
217331
217331
217331
217331
217331
217331
217331
217331
217331
217331
217703
217703
217703
217703
217703
217703
217703
217703
217703
218311
218311
218311
218311
218311
218311
218311
218311
218311
218311
218311
218311
218311
218311
218311
218311
218311
218311
218311
218311
219272
219661
219661
219661
219661
219661
219970
219970
219970
219970
219970
219970
219970
219970
219970
219970
219970
219970
219970
219970
221176
221176
221176
221176
221176
221176
221176
221176
221176
221176
221176
221176
221176
221176
221176
221657
221657
221657
221657
221657
221720
221720
221720
221720
221720
221720
222393
222393
222393
222393
222393
222393
222393
222393
222393
222393
222393
222393
222393
222393
222393
222897
222897
222897
222897
222897
222897
222897
222897
222897
222897
222897
222897
222897
223225
223225
223225
223225
223225
223225
223225
223225
223488
223488
223488
223488
223488
223488
223488
223488
223488
223488
223488
223488
223488
223652
223652
223652
223652
223652
223652
223652
223652
223652
223652
223652
223733
223733
223733
223733
223733
223733
223733
223733
223733
225232
225232
225232
225232
225232
225232
225232
225232
225232
226327
226327
226327
226327
226327
226327
226327
226327
226327
226327
226327
226327
226327
226327
226327
226327
226327
226327
226327
226327
226340
226340
226340
226340
226340
226340
226340
226340
226340
226340
226340
226340
226914
226914
226914
226914
226914
226914
226914
226914
226914
226914
226914
226914
226914
226914
226914
226914
226914
226914
226914
226914
227607
227607
227607
227607
227607
227607
227607
227607
227607
227607
227607
228597
228597
228597
228597
228597
228597
228597
228597
228597
228597
228597
228597
228597
228597
228597
228597
232079
232079
232115
232115
232115
232115
232115
232115
232115
232115
232115
232493
235510
235510
235510
235510
235510
235510
235510
235510
235510
235779
235779
235779
235779
235779
235779
235779
235779
235779
235779
235779
235779
235779
235779
235779
235779
235779
235779
235779
235779
237093
237093
237093
237093
237093
237093
237093
237093
237093
237093
237093
237093
237093
237093
237093
237093
237093
237093
237093
237093
238013
238013
238013
238013
238013
238013
238013
238013
238013
238013
238013
238483
238483
238483
238483
238483
238483
238483
238483
238483
238483
238483
240111
241186
241186
241186
241186
241186
241186
241186
241186
241186
241186
241186
241186
241298
241298
241298
241298
241298
241298
242353
242353
242353
242353
243518
243518
243518
243518
243518
243518
243518
243518
243518
243518
243518
243518
243518
243518
243518
243518
243518
243518
243518
245463
245463
245463
245463
247238
247238
247238
247238
247238
247238
247238
247238
247238
247238
247238
247238
247238
247238
247238
247238
247238
247238
247238
248813
248813
248813
249662
249662
249662
249662
249662
249662
249662
249662
249662
249662
249662
250320
250320
250320
250320
250320
250320
250320
250534
250534
250534
250534
250534
250534
250534
250534
250534
250534
250534
250534
250534
250719
250719
250719
250719
250719
250719
250719
250719
250719
250719
250719
251217
251217
251217
251217
251217
251217
251217
251217
252438
252438
252438
252438
252438
252438
252438
252438
252438
252438
252438
252438
252438
252438
252438
252438
253275
253275
253275
253275
253275
253547
253547
253547
253547
253547
253547
253547
253547
253547
254775
254775
254775
254775
254775
254775
254775
254775
254775
254775
254775
254775
254775
254775
254775
254775
255232
255232
255395
255395
255395
255395
255395
255395
255395
255395
255395
255395
255395
256121
256121
256121
256121
256121
256121
256121
256121
256121
256121
256121
256121
256121
256121
256121
256121
256121
256121
257165
257165
257165
257165
257165
257165
257165
258906
258906
258906
258906
258906
258906
258906
258906
258906
258906
258906
258906
258906
258906
258906
258906
258906
258906
258906
258906
259655
260379
260379
262086
262086
262086
262086
262086
262086
262086
262086
262086
262086
264059
264059
264059
264059
264059
264059
264059
264059
264923
264923
264923
264923
264923
264923
264923
264923
264923
264923
264923
264923
264923
264923
264923
265573
265573
265573
265573
265573
265573
265866
265866
265866
265866
265866
265866
265866
265866
265866
265866
265866
265866
265866
265866
265866
265866
265866
265866
267286
267286
267286
267286
267286
267286
267286
267286
267286
267770
267770
267770
267770
267770
267770
268102
268102
268102
268102
268102
268102
268102
268102
268102
268102
268524
268524
268524
268524
268524
268524
268524
268524
268524
268524
268524
268524
268524
268524
268524
268524
268524
268524
268524
268524
268555
268555
268555
268555
268555
268555
268555
268555
268555
268555
268555
268555
268555
268555
268555
268555
268555
268555
268555
268555
268561
268561
268561
268561
268561
268658
268658
268658
268658
268658
268658
268658
268658
268658
268658
268658
268658
268658
269155
269155
269155
269155
269155
269710
269710
269710
269710
269710
269710
269710
269710
269710
269710
269710
269710
271016
271016
271016
271016
271016
271016
271016
271016
271016
271016
273501
273501
273501
273501
273501
273501
273501
273501
273501
273501
273596
273596
273596
273596
273596
273596
273596
273596
273596
274732
274732
274732
274732
274732
274732
274732
274732
274732
274732
274732
274732
274732
274732
274732
274983
274983
274983
274983
274983
274983
274983
274983
274983
274983
274983
274983
274983
274983
274983
274983
274983
274983
275602
275602
275602
275602
275602
275602
275602
275602
276182
276182
276182
276182
276182
276182
276182
276182
276182
276182
276807
276807
276807
276807
276807
276807
279898
279898
279898
279898
279898
279898
279898
279898
279898
279898
279898
279898
279898
279898
279898
279898
279898
282184
282184
282184
282184
282184
282184
282184
282184
282184
282184
282184
282184
282184
282184
282184
282184
282184
282184
282363
282363
282363
282363
282363
282363
282363
282363
282363
282363
282363
282363
282363
282363
282363
282363
282363
286187
286187
286187
286187
286187
286187
286187
286187
286187
286187
286187
286187
286757
286757
286757
286757
286757
286757
286757
286757
286757
286757
286757
286757
286757
286757
286757
286757
286757
286757
288211
288211
288211
288211
288211
288211
288211
288211
288211
288211
288211
288211
288211
288211
289177
289177
289177
289177
289177
289177
289561
289561
289561
289561
289561
289561
289561
289561
289561
289561
289561
289561
289806
289806
289806
289806
289806
289806
289806
289806
289806
289806
289806
289806
289806
289806
289806
289806
289806
289806
289834
289834
289834
289834
289834
289834
289834
289834
289834
289834
290071
290071
290071
290071
290071
290071
290071
290071
290071
290071
290845
290845
290845
291476
291476
291476
292533
292533
292533
292533
292533
292533
292533
292533
292533
292533
292533
292533
292533
292533
292621
292621
292621
292621
292621
292621
292621
293074
293074
293074
293074
293074
293074
293074
293074
293074
294571
294571
294571
294571
295094
295094
295094
295094
295094
295094
295094
295094
295094
295094
295094
295094
295094
295094
295094
295094
295094
295094
295459
295459
295459
295459
295459
295459
295459
295459
295459
295459
295985
295985
295985
295985
295985
295985
297286
297286
297286
297286
297286
297286
297286
297286
297286
297286
297286
297286
297286
297286
297669
297669
297669
297669
297669
297669
297669
297669
297669
297669
297669
297669
297669
297669
297669
297669
297669
298473
298473
298473
298473
298473
298473
298473
298473
298473
298473
298473
298473
298473
298473
299311
299311
299311
299311
299311
299311
299311
299311
299311
299311
299311
299311
299311
299311
299311
299311
299311
299311
299549
299549
299549
299549
299549
299549
299549
299549
299549
299549
299742
300059
300059
300059
300059
300059
300059
300059
300059
300059
300059
300059
300059
301467
301467
301467
301467
301467
301467
301467
301467
301467
301467
301467
301467
301467
301467
302188
302188
302188
302245
302245
302245
302245
302935
302935
302935
302935
302935
302935
302935
302935
302935
302935
302935
302935
302935
302935
302935
302935
302935
302941
302941
302941
302941
302941
302941
302941
302941
302941
302941
302941
302941
304864
304864
304864
304864
305194
305194
305580
305580
305580
305580
305580
305580
305580
305580
305580
306347
306347
306347
306347
306347
306347
306347
306347
306347
306347
306347
306347
306347
306347
306347
306347
306616
306616
306616
306616
306616
306616
306616
306616
306616
306616
306616
306616
306616
306616
306616
306616
306616
306616
307103
307103
307103
307103
307103
307103
307103
307103
309129
309129
309129
309129
309129
309129
309129
309129
309129
309129
309129
309129
309129
309129
309129
315776
315776
315776
315776
315776
315776
315776
318521
318521
318521
318521
318521
318521
318652
318652
318652
318652
318652
318652
318652
318652
318652
318652
318652
318652
318652
318652
320297
320297
320297
320297
320297
320297
320297
320297
320297
320297
320297
320297
320297
320648
320648
320648
320648
320648
320648
320648
320648
320648
320740
320740
320740
322160
322160
322160
322160
322160
323968
323968
323968
323968
323968
323968
323968
327785
327785
327785
328224
328224
328224
328224
328224
328287
328287
328287
328287
328287
328287
328287
328287
328287
328287
328287
328287
328287
328287
328287
328287
328746
328746
328746
328746
328746
328746
328746
328746
328746
328746
328746
328746
328746
328746
328746
328746
328746
328746
328746
328746
329563
329664
329664
329664
329664
329664
329664
329664
329799
329799
329799
331431
331431
331431
331431
333872
333872
333872
333872
333872
333872
333872
333872
333872
333872
333872
333872
333872
333872
333872
334329
334329
334329
334329
334329
334329
334329
334329
334329
334329
334329
334329
334329
334329
334378
334378
334378
334378
334378
334378
334378
334378
334378
334378
334378
334378
334378
334378
334378
334378
334378
336289
336289
336289
336289
336289
336289
336289
336289
336289
336289
336289
336289
336289
336289
336289
336289
336289
336289
336296
336904
336904
336904
339227
339227
339227
339227
339227
339227
339227
339227
339623
339623
339623
339623
339623
339623
339623
339623
339623
340064
340064
340064
340064
340064
340064
340064
340064
340835
340835
340835
340835
340835
340835
340835
340835
340835
341405
341405
341405
341405
341405
341405
341405
341405
341405
341405
341405
341405
341405
343050
343050
343050
344254
344254
344254
344254
344254
344254
344254
344254
344254
344254
344254
344254
344268
344268
344268
344268
344268
344268
344268
344810
344810
344810
344810
344810
344810
344810
344810
344810
344810
344810
344810
344810
344810
344992
344992
344992
344992
344992
344992
344992
344992
344992
344992
344992
344992
344992
344992
344992
344992
345058
345058
345058
345058
345058
345058
345058
345058
345058
345058
345058
345058
345058
345058
345058
345058
345279
345279
345279
345279
345279
345279
345279
345279
345279
345279
346087
346087
346087
346087
346087
346087
346087
346087
346087
346087
346087
346087
346087
346087
346256
346256
346256
346256
346256
346256
346256
346256
346256
346256
346256
346256
346256
346256
346256
346256
346256
346256
346256
346651
346651
346651
346651
346651
346651
346651
346651
346651
346651
346651
346651
346651
346651
346651
346651
346836
346836
346836
346836
346836
348225
348225
348225
348225
348225
348225
348225
348225
348225
348225
348225
348225
348225
348225
348725
348725
348725
348725
348775
348775
348775
348775
348775
350279
350279
350279
350279
350949
350949
350949
350949
350949
350949
350949
350949
350949
350949
350949
350949
353391
353391
353391
353391
353391
353844
353844
353844
353844
353844
353844
354057
354057
354057
354057
354057
354057
354057
354057
354057
354057
354057
354057
354057
354057
354057
354057
354057
354057
358193
358193
358193
358193
358193
358193
358193
359154
359154
359154
359154
359154
359154
359154
359154
360066
360066
360066
360066
361693
361693
361693
361693
361693
361693
361693
361693
361693
361693
361693
362422
362422
362422
362422
362422
362422
362422
362422
362422
362422
362422
362422
362422
362422
362422
362422
362422
362422
362422
362422
362857
362857
362857
362857
362857
362857
362857
362857
362857
362857
362857
362857
362857
362857
363235
363235
363235
363235
363235
363235
363235
363235
363235
363235
363235
363235
363235
363235
363235
363235
363235
363235
363235
363464
363464
363464
363464
363464
364041
364041
364041
364041
364041
364041
364041
364041
364041
364041
364041
364041
364041
364077
364077
364077
364077
364077
364077
364077
364077
364077
364077
364077
364077
364077
364077
364077
364937
364937
364937
364937
364937
364937
364937
364937
364937
364937
364937
364937
365058
365058
365058
365058
365058
365058
365058
365058
365058
365058
365058
365058
365058
365058
365058
367584
367584
367584
367584
367584
367584
367584
367584
367584
367584
367584
367584
367584
367584
367584
367584
367584
367584
367584
367734
368292
368292
368292
368292
368292
370981
370981
371076
371076
371199
371199
371199
371199
371199
371199
371199
371199
371199
371199
371199
371199
371199
371199
371199
371199
371199
372787
372787
372787
372787
372787
372787
372787
372787
372787
372787
372787
372787
372787
372787
372787
372787
372787
372787
372787
372787
374809
374809
374809
374809
374809
374809
374809
374809
374809
374809
374809
374809
374809
376388
376388
376388
376388
376388
376388
376388
376402
376402
376402
376402
376402
376402
376402
376402
377279
377279
377279
378698
378698
378698
378698
378698
378698
378698
378698
378698
378698
379561
379561
379561
379561
379561
379561
379561
379561
380002
380002
380002
380002
380002
380002
380002
380002
380002
380084
380084
380084
380084
380084
380084
380084
380084
380084
380084
380084
380084
380084
380084
380084
380084
380084
382379
382379
383211
383762
383762
383762
383762
383762
383762
385600
385600
385600
385600
385600
385600
385600
385600
385600
385600
385600
385600
385600
385600
385600
385600
385600
386107
386107
386107
386107
386107
386107
386107
386107
386107
386107
386107
386107
386107
386107
386107
386107
386107
387100
387100
387100
389768
389768
389768
389768
390305
390305
390305
390305
390305
390305
390305
390305
390305
390305
390305
390305
390305
390305
390305
390305
390305
395820
395820
395820
395820
395820
395820
395820
395820
395820
395820
395820
395820
395820
395820
395942
395942
395942
395942
395942
395942
395942
395942
395942
395942
396216
396216
396216
396216
396216
396216
396216
396216
396524
396524
396524
396524
396524
396524
396524
396524
396524
396524
396524
396524
396524
396524
396524
396524
396524
397302
397302
398340
398485
398485
398485
398485
398485
398485
398485
398485
398485
398801
398801
398801
398801
398801
398801
398801
398801
398801
399037
399037
399037
399037
399037
399037
399251
399251
399251
399251
399251
399251
399251
399251
399251
399887
399887
399887
399887
399887
399887
399887
399887
399887
399887
399887
399887
399887
401030
401030
401030
401030
401030
401030
401030
401030
401030
401030
401030
401727
401727
401727
401727
401727
401727
401727
401727
401727
401727
401727
401727
401727
401727
401727
401727
401727
401727
401778
401778
401778
401778
401778
401778
401778
401778
402081
402081
402081
402081
402081
402081
402081
402081
402081
402081
402154
402154
402154
402361
402361
402361
402361
402361
402361
402361
402361
402361
402361
402392
402392
402392
402392
402392
402392
402392
402392
402392
402392
402392
402392
402824
402824
402824
402824
402824
403521
403524
403524
403524
403524
403524
403524
403524
403524
403524
403524
403524
403524
403524
403885
403885
403885
403885
403885
403885
403885
404386
404386
404386
404386
404386
404386
404386
404386
404386
404386
405037
405037
405037
405037
405037
405037
405037
405037
405037
405037
405037
405037
405037
405037
405037
405037
405037
405037
405037
405037
406594
406594
407746
407746
407746
407746
407746
407746
407746
408786
408786
408786
408786
408786
409089
409089
409089
409089
409089
409089
409089
409408
409408
409408
409408
409408
409408
409408
409408
409408
409408
409408
409408
409408
409408
409408
409408
410783
410783
410783
410783
410783
410783
410783
410783
410783
410783
410783
410783
410783
410783
410783
410783
410783
412780
412780
412780
412780
412780
412780
413142
413142
413142
413142
413142
413563
413563
413563
413563
413563
413563
413563
413563
413563
413563
413563
413601
413601
413601
413601
413601
414388
414388
414388
414388
414388
414388
414388
414388
414388
414388
414388
414388
414388
414388
414388
414388
414388
414440
414440
414440
414992
414992
414992
414992
414992
415439
417281
417281
417281
417281
417281
417281
417281
417281
417281
417281
417281
417860
417860
417860
417860
417860
417860
417860
417860
417860
417860
417860
417860
417860
417860
417860
417860
417860
418036
418036
418036
418036
420290
420290
420290
420290
420290
420290
420290
420290
420290
420290
420368
420368
420368
420368
420368
420368
420368
420368
420368
420368
420368
420368
420368
420368
420368
421020
421020
421107
421107
421107
421107
421107
421107
421107
421107
421107
421107
421107
421107
421107
421173
421173
421173
421173
421173
421173
421173
421173
421173
421173
421173
421173
421173
421173
421173
421173
421173
421173
421776
421776
421776
421776
421776
423872
423872
423872
423872
423872
423872
423872
423872
423872
423872
423872
423872
423872
423872
423872
423872
423872
423872
425274
425274
425274
425274
425274
425274
425274
425274
425274
425274
425274
425274
425540
425540
425540
425540
425540
425540
425540
425540
425540
425540
425540
425540
425540
425540
425672
425672
425672
425672
425672
425672
425672
425672
425672
425672
425696
425696
425696
425696
425696
425696
425696
425696
425696
425696
425696
425696
425988
425988
425988
425988
425988
425988
425988
425988
425988
425988
425988
425988
425988
425988
425988
425988
425988
427798
427798
427798
427798
427798
427798
427798
427798
427798
427798
427798
427798
427798
427798
427798
427798
427798
427798
427798
427798
428083
428083
428083
428083
428083
428083
428083
428083
428083
428083
428083
428816
428816
428816
428816
428816
428816
428816
428816
428816
428816
428816
428816
428816
429884
429884
429884
429884
429884
429884
429884
429884
429884
430009
430009
430009
430009
430009
430009
430009
430009
430009
430009
430009
430009
430245
430245
430245
430245
430245
430245
430245
430245
430245
430245
431015
431015
431015
431015
431015
431015
431015
431015
431415
431415
431415
431531
431531
431531
431531
431531
431531
431531
431531
431531
431531
431531
431531
431531
432743
432743
432743
433818
433818
433818
433818
433818
433818
433818
433818
434362
434362
434362
434362
434362
434362
434362
434362
434362
434362
435790
435790
435790
435790
435790
435790
435790
435790
436623
436623
436623
436623
436623
436623
436623
436623
436623
436623
436623
436623
436623
436623
436627
436627
436627
436627
436627
436627
436627
436627
436627
436627
439366
439366
439366
439366
439366
439366
439366
439366
439366
439366
439366
439366
439366
439366
439636
439636
439636
439636
439636
439636
439636
439636
439636
439636
439636
439636
439636
439636
439636
439636
439968
439968
439968
439968
441168
441168
441168
441168
441168
441168
441513
441513
441513
441513
441513
441513
441513
441513
441513
441513
441513
441513
441513
441618
441618
441618
441618
441618
441618
441618
441618
442941
442941
442941
442941
443352
443352
443352
443352
443858
443858
443858
444455
444455
444455
444455
444455
445958
445958
445958
445958
445958
445958
445958
445958
445993
445993
445993
445993
445993
445993
445993
445993
445993
445993
445993
445993
445993
447691
447691
447691
447691
447691
447691
447691
447691
447691
447691
448178
448178
448178
448178
448178
448178
448405
448405
448405
448405
448405
448405
448405
448405
448405
448405
448405
448405
448405
448405
448405
448405
448405
448405
448405
448839
448839
448839
448839
448839
448839
448839
448839
448839
449448
449448
450045
450045
450045
450045
450045
450045
450045
450045
450045
450045
450171
450171
450171
450171
450171
451124
452662
452662
452662
452662
452662
452662
452662
452662
452662
452703
452703
452703
452703
452703
452703
452703
452703
452703
452703
452703
452703
452703
452703
452703
452703
452703
452703
452703
452703
453067
453067
453067
453067
453067
453067
453067
453067
453067
453067
453067
453067
453067
453067
455851
455851
455851
455851
455851
455851
455851
455851
455851
455851
455851
455851
455851
455851
455851
455851
455851
455851
456413
456413
456413
456413
456413
456413
456413
456413
456413
456413
456413
456413
456413
456413
456413
456413
456413
456413
456413
456581
456581
456581
456581
456581
456581
456581
456581
457104
457104
457104
457104
457104
457104
457104
457104
457104
457104
457237
458552
458552
458552
458552
458552
458552
458552
458552
458552
458552
458772
458772
461735
461735
461735
461735
461735
461735
461735
461735
461735
461735
461735
461735
461735
461735
461735
461735
461769
461769
464491
464491
464491
464491
464491
464491
464491
464491
464491
464491
464733
464733
464733
464733
464733
464733
464733
464733
464733
464733
464733
464733
464733
464733
464733
465002
465002
465002
465002
465002
465002
465002
465002
465841
465841
465841
465841
465841
465841
465841
465841
465841
469961
469961
469961
469961
469961
469961
469961
469961
469961
469961
469961
469961
470229
470229
470229
470229
470229
470321
470321
470321
470321
470321
470321
470321
470321
470321
470321
470321
470321
470321
470321
470321
470321
472424
472424
472424
472424
472424
472424
472424
472424
472424
472424
472424
472424
472424
472424
472424
472424
472424
472424
472855
472855
472855
472855
474456
474456
474456
474456
474456
474456
474456
474456
474456
474456
474456
474456
474456
474456
474456
475148
475148
475148
475148
475148
475148
475148
475148
475148
475148
475620
475620
475620
475620
475620
475620
475620
475620
475620
475620
475620
475620
475620
475620
475620
475620
475620
475620
475620
475620
475910
475910
475910
475910
475910
475910
475910
475910
475910
475910
475910
475910
475910
475910
475910
475910
476179
476179
476179
476179
476179
476179
476179
476179
476179
476179
476179
476179
476179
476179
476179
476179
476179
476456
476456
476456
476456
476456
476456
477452
477452
477452
477452
477452
477452
477452
478652
478652
478652
478652
478652
478652
478652
478652
478652
478652
479348
479348
479348
479348
479348
479348
479348
479348
479348
479348
479348
479348
479348
479348
479348
479348
480340
480340
480340
480340
480340
481725
481725
481725
481725
481725
481725
481725
481725
481725
481725
481725
481725
481725
481725
481725
481725
483290
483290
483290
483290
483290
483290
483290
483290
483290
483290
483290
483746
483746
483746
483746
483746
483944
483944
483944
484013
484013
484013
484013
484013
484013
484013
484013
484013
484013
484013
484013
484013
484013
484013
484013
484013
484013
484013
484947
484947
484947
484947
484947
484947
484962
484962
484962
484962
484962
484962
484962
484962
484962
484962
484962
484962
484962
484962
484962
485794
485794
487303
487303
487303
487303
487303
487303
487421
487421
487421
487421
487421
487421
487421
487421
487421
487421
487505
487505
487505
487505
487505
488132
488132
488132
488132
488132
488132
488132
488132
488132
488132
488132
488132
488132
489957
489957
489957
489957
489957
489957
489957
489957
489957
489957
489957
489957
489957
490245
490245
490245
490245
490245
490245
490245
490245
490245
490245
490245
490245
490245
490245
490245
490245
490245
490245
490245
490245
491333
491333
491656
491656
491786
491786
491786
491786
491786
491786
491821
491821
492895
492895
492895
492895
492895
492895
492895
492895
493865
493865
493865
493865
493965
493965
493965
493965
493965
493965
493965
493965
494013
494013
494013
494013
494013
494013
494013
494013
494013
494013
494013
494013
494013
494013
494013
494013
494013
494013
494028
494028
494028
494028
494028
494028
494028
494028
494028
495102
495102
495102
495107
495107
495107
495107
495107
495107
495107
495107
495107
495107
495107
495107
495107
495107
495107
495107
495464
495604
495604
495604
495604
495604
495604
495604
495604
495604
495604
495604
496387
496387
498381
498381
498381
498381
498381
498791
498791
498791
498791
498791
498791
499155
499155
499155
499718
499718
499718
499718
499718
499718
499718
499718
499718
499718
499718
499718
499718
500361
500361
500361
500361
500361
500361
500361
500361
500361
500361
500361
500586
500586
500586
500586
500586
500586
500586
500586
500586
500586
500586
500586
500586
500586
500586
500586
501560
501560
501560
501560
501560
501560
501560
502571
502571
502571
502571
502983
502983
502983
502983
502983
502983
502983
502983
502983
502983
502983
502983
502983
502983
502983
502983
502985
502985
502985
502985
502985
502985
502985
502985
502985
505196
505196
505196
505196
505196
505196
505196
505196
505196
505816
505816
505816
505816
506079
506079
506079
506079
506079
507239
507239
507239
507239
507239
507239
507239
507239
507239
507239
507239
507239
507239
507239
507239
507572
508269
508269
508269
508269
508762
508762
508762
508762
508762
508762
508762
508762
508762
509537
509537
509537
511711
511711
511711
511711
511711
511711
511711
511711
511711
511711
511711
511711
511711
511711
511711
511711
511711
511711
511711
511962
511962
511962
511962
513722
513722
515880
515880
515880
515880
515880
515880
515880
515880
515880
515880
515880
516237
516237
516327
516327
516327
516327
516327
516327
516428
516428
516428
516428
516428
516428
516428
516428
516428
516428
516428
516428
516753
516753
516753
516753
516753
516753
516753
516753
516753
516753
516753
516753
516753
518521
518521
518521
518521
518521
518521
518521
518521
518521
518521
518521
518521
520478
520478
520478
520478
520478
520478
520478
520478
520478
520478
520478
520478
520478
520478
520478
520478
520478
520478
520478
520983
520983
520983
520983
520983
520983
520983
520983
520983
520983
520983
520983
520983
521395
523241
523241
523241
523241
523241
523241
523241
523241
523241
524120
524120
524120
524120
524120
524228
524228
524228
524228
524228
524228
524228
524228
524228
524228
524228
524618
524618
524618
524618
524618
524618
524618
524618
524618
524618
524618
524618
524618
524618
524618
524618
524618
524618
524618
524618
525877
525877
525877
525877
525877
525877
525877
526816
526816
526816
526911
526911
526911
526911
526911
526911
526911
526911
526911
526911
526911
526911
527252
527252
528125
528125
528125
528125
528125
528336
528336
528336
528336
528336
528336
528336
528336
528336
528336
528336
528336
528336
528336
528592
528592
528592
528592
528592
528592
528592
528592
528592
528592
528592
528592
528592
529506
529506
530102
530102
530102
530102
530102
530102
530102
530675
530675
530675
530675
530675
530704
530704
530704
530704
535471
535471
535471
535471
535471
536756
536756
536756
536756
536756
536756
536756
536756
536756
536756
536756
536756
536756
536756
536756
536756
537019
537019
537019
537019
537019
537019
537019
537019
537019
537019
537019
537019
537019
537019
537019
537688
537688
537688
537688
537688
537688
537688
537688
537688
538121
538121
538121
538121
538121
538121
538121
538121
538121
538121
538121
538121
538121
538121
538121
538121
538607
538607
538607
538607
538607
538607
538607
538607
538607
538607
538607
538652
538652
538652
538652
538652
538652
538652
538652
538652
538652
538652
538845
540496
540496
540496
543587
543587
543587
543587
543587
543587
543587
543587
543587
543587
543587
543587
543587
543587
544716
544716
544716
544716
544716
544716
544716
544716
544716
544716
544716
544716
545436
545436
545436
545436
545436
545436
545623
545623
545623
545623
545623
545623
545623
545623
545623
545623
546024
546024
546024
546209
546209
547303
547303
547303
547303
547303
547303
547303
547303
547303
547303
547303
547303
547303
547303
547303
547303
547303
547438
547438
547438
547438
547438
547438
547438
547438
547438
547438
547438
547438
547438
547438
547438
548809
548809
548809
548809
548809
548809
548809
548809
548809
549310
549310
549310
549310
549310
549310
549572
549572
549572
549572
549572
549572
549572
549572
549572
549572
549572
549572
549572
549572
549572
550333
550333
550333
550333
550333
550333
550333
550333
550333
550333
550333
550333
550333
550333
550333
550333
550709
550709
550709
550709
550709
550709
550709
550709
550709
550709
550709
550709
550709
550709
550709
550709
550709
550709
550709
550957
550957
550957
550957
550957
550957
550957
550957
550957
550957
550957
550957
550957
551043
551043
551043
551043
551043
551043
551043
551043
551043
551043
551043
551043
551043
551043
551043
551043
551043
551043
551043
551043
552840
552840
552840
552840
553395
553395
553395
553395
553395
553395
553395
553395
553584
553584
553584
553584
553584
553584
553584
553584
553584
553584
553584
553584
553584
553584
553584
553584
553584
554641
554641
554641
554641
554641
555873
555873
556197
556197
556197
556197
556197
556197
556197
556197
556197
556197
556197
556197
556197
556370
556370
556370
556370
556370
556370
556370
556370
556370
556370
556370
556370
556370
556427
556427
556427
556427
556427
556427
556427
556427
556427
556912
556912
556912
556912
556912
556912
556912
556912
556912
556979
556979
556979
556979
556979
557673
557673
558754
558754
558754
558754
558754
558754
558754
558754
558754
558754
558754
558754
558754
558754
558754
558754
558754
558754
558754
558891
558891
558891
558891
558891
558891
558891
558891
558891
558891
558891
558891
558891
558891
559846
559846
559846
559846
559846
559846
559846
559846
559846
559846
559846
559964
559964
559964
559964
559964
559964
559964
559964
559964
559964
559964
559964
559964
559964
559964
559964
560782
560782
560782
560782
560782
560782
560782
560782
560782
560782
560782
560782
560782
560782
560782
560782
560782
560799
560799
560799
560799
560799
561603
561603
561603
561603
561603
561603
561603
561603
561603
561603
561603
561603
561603
561603
561603
561603
561603
561739
562457
562457
562457
562457
562457
562457
562457
562457
562457
562457
562457
562457
562457
562457
562545
562545
562545
562545
562545
562843
562843
562843
563265
563265
563265
563265
563265
563265
563265
563265
563265
563265
563265
563265
563390
563390
563390
563390
563390
563390
563390
563390
563390
563390
563390
563390
563390
563390
563390
563390
563390
563390
563390
563390
568289
568289
568289
568289
568289
568289
568289
568289
568289
568289
568289
568289
568289
569154
569154
569154
569154
569154
569154
569154
569154
569154
569154
569154
569154
569540
569540
569540
569540
569540
569540
569540
569540
569540
569540
569540
569540
569540
569540
569540
570681
570681
570923
570923
570923
570923
570923
570923
570923
570923
570923
570923
570923
570923
570945
570945
570945
571331
571331
571331
571331
571331
571331
571331
571331
571331
571331
571331
571553
571553
571553
571651
571651
571651
571651
571651
571651
571651
571651
571651
571651
571651
571651
571651
571651
571651
571651
571651
571651
571712
571712
571712
571712
571712
571712
571712
571712
571712
571712
571712
571712
571712
571712
571712
571712
571712
571712
571712
571812
571812
571812
571812
571812
571812
571812
571812
572177
572177
572177
572177
572177
572177
572177
572177
572177
572177
572177
572177
572177
572177
572177
572177
572177
572177
572177
572311
572311
572311
572311
572311
572311
572311
572311
572311
572311
572311
572311
572311
572311
572311
572311
572311
572311
572311
572324
572324
572324
572324
572324
572324
572324
573017
573017
573017
573017
573017
573017
573017
573017
573017
573017
573017
573017
573017
573017
573017
573017
573017
573017
573017
573017
573336
573336
573670
573670
573670
574523
574523
574523
574523
574523
574523
574523
574523
574523
574523
574523
574523
574523
574523
574523
574523
574523
574523
574922
574922
575401
575401
575401
575401
575401
575401
575401
575401
575401
575401
576382
576382
576382
577929
577929
577929
577929
577929
577929
577929
577929
577929
577929
578917
578917
578917
578917
578917
578917
578917
578917
578917
578917
578917
578917
578917
578917
578917
578917
581556
581556
581556
581556
581556
581556
581556
581556
581556
581556
581556
581556
581556
581556
581556
581556
581556
581556
581556
581556
582059
582059
582059
582059
582059
582059
582059
582059
582059
582059
582059
582059
582123
582123
582123
582123
582123
582123
582123
582123
582123
582123
582123
582123
582280
582280
582280
582977
584172
584172
584172
584172
584172
584172
584172
584172
584172
584172
584172
584172
584172
584172
584172
584172
584172
584172
585927
585927
585927
585927
585927
585927
585927
585927
585927
585927
585927
585927
586895
586895
586895
586895
586895
586895
586895
586895
586895
586895
586895
586895
586895
586895
587222
587222
587222
587222
587222
587222
587222
587222
587222
587222
587548
587548
587548
587548
587548
587548
587548
587548
587548
588480
588480
588480
588480
588480
588480
588480
588480
588480
588480
588480
588480
588480
588480
588480
588480
589837
589837
589837
590203
590203
590203
590203
590203
590203
590203
590203
590680
590680
590680
590680
590680
590680
590680
590680
590680
590680
590680
590680
590680
590680
590680
590680
590680
590680
590680
590680
591076
591076
591076
591076
591076
591076
591114
591114
591114
591114
591114
591114
591114
591114
591114
591114
591114
591114
591114
591114
591114
591114
591114
591114
591114
591406
591406
591406
591406
591420
591420
591420
591420
591420
591420
591420
591420
591420
592920
592920
592920
592920
593666
593666
593666
593960
593960
593960
593960
593960
593960
593960
596045
596045
596045
596045
596045
598072
598072
598072
598072
598072
598072
598072
598072
598072
598072
598072
598072
598072
598072
598072
598072
598072
599047
599047
599047
599047
599047
599047
599047
599047
599506
599506
599506
599506
599506
599506
599506
599506
599506
599506
599506
599616
599616
599616
599616
599616
599616
599616
599616
599616
599616
599616
599616
599616
601544
601544
601544
601544
601544
601544
601544
601544
601544
601544
601544
601544
601544
601544
601544
602981
602981
602981
602981
602981
602981
602981
602981
602981
602981
602981
602981
602981
602981
602981
602981
602981
602981
603738
603738
603738
603738
603738
603738
603738
603958
603958
603958
603958
603958
603958
603958
603958
603958
605218
605218
605218
605218
605218
605218
605218
605218
605218
605218
605218
605218
605218
605218
605218
605218
605218
605218
605218
605218
605704
605704
605704
606004
606004
606004
606004
606004
606004
606004
606004
606004
606004
606004
606004
606004
606004
606004
606004
606004
606004
607254
607254
607254
607254
607254
607254
607254
607254
608188
608188
608188
608188
608188
608188
608188
608188
612395
612395
612395
612395
612395
612395
612395
612395
612395
612395
612395
612395
612395
612395
612395
612395
612395
612395
612395
612445
612445
612445
612445
612445
612445
612445
612445
612445
612674
612674
612674
612674
612674
612674
612674
612674
612674
612674
612674
612674
612674
612674
612674
612674
612674
612996
613781
613781
613781
613781
613781
613781
613781
613781
613781
613781
613781
613781
613781
613781
613781
614206
614206
614206
614206
614647
614647
614647
614647
614647
614647
614647
614647
614818
614818
614818
614818
614818
614818
614818
614818
614818
614818
614818
614818
614818
614818
614818
614818
614818
614818
615017
615017
615017
615017
615017
615017
615017
615017
615017
615017
615017
615017
615017
615017
615017
615017
615017
615017
617366
617366
617366
617366
618034
618034
618034
618034
618034
618034
618034
618034
618034
618642
618642
618642
618642
618642
618642
618642
618642
618642
618642
618642
618642
618642
618642
618642
618642
618642
618642
618642
618642
618735
618735
618735
618735
618735
618735
618735
618735
618735
618735
618735
619560
619560
619560
619560
619560
619560
619560
619560
619560
619560
619560
619560
619560
619560
619560
619560
619560
619560
619560
619560
619584
619584
619584
619584
619584
619584
619584
619584
619584
619584
619584
619584
619584
619584
619584
619584
619584
619584
620791
620791
620791
620791
620791
620791
620791
620791
620791
620791
620791
620791
620791
620791
620791
620791
620840
620840
620840
620840
620840
621912
621912
621912
621912
621912
621912
621912
621912
621912
621912
621912
621912
621912
621912
621912
621912
621912
621912
621912
623348
623348
623348
623348
623348
623348
623348
623348
623348
623894
623894
623894
623894
623894
623894
623894
623894
623894
623894
623894
623894
623894
623934
623934
623934
623934
623934
623934
623934
623934
623934
623934
623934
623934
623934
623934
623934
623934
624692
624692
624692
624692
624692
624692
624692
624692
624692
624692
624692
624692
624692
624692
625146
625146
625146
625146
625146
625146
625146
625146
625146
625146
625146
625146
625146
625146
626186
626186
626186
626186
626186
626186
626186
626186
626186
626186
626186
626186
626186
626295
626295
626295
626295
626295
626295
626295
626295
626295
626295
627176
627176
627176
627176
627176
627176
627176
627176
627176
627176
627176
627176
627176
627176
627176
627176
627176
627176
627210
627210
627210
627784
627784
627784
627784
627784
631135
631135
631135
631135
631135
631135
631135
631135
631135
631135
631135
631135
631135
631135
631135
631190
631190
631190
631190
631190
631739
631739
631739
632206
632206
632206
632206
632234
632234
632273
632273
632273
632273
632273
632273
632273
632273
632273
632273
632273
632273
632273
632273
632273
632273
632273
635332
635332
635332
635332
635332
635332
635332
635332
635332
635332
635332
636188
636188
636188
636188
636188
636188
636188
636214
636214
636214
636214
636214
636214
636214
636214
636214
636214
636214
636214
636214
636214
636214
636214
636214
636214
636214
637247
637247
637247
637247
637247
637247
637247
637247
637247
637247
637247
637247
637247
637247
639123
639123
639123
639123
639123
639123
639775
639775
639775
639775
639775
640327
640327
640327
640327
640327
641141
641141
641141
641141
641141
641141
641141
641141
641141
641141
641141
641141
641141
641141
641141
641141
641141
641141
641141
641278
641702
641702
641702
641702
641702
641702
641702
641702
641702
641702
641702
641702
641702
641702
641702
641702
642031
642031
642031
642031
642031
642046
642046
642046
642046
642046
642046
642046
642046
642046
642046
642046
642046
642046
642046
642046
642850
642850
642850
642850
642850
642850
642850
642850
642850
642850
642850
642850
642850
642850
642850
642850
642850
642850
642850
643099
643099
643099
643099
643099
643099
643099
643099
643099
643099
643099
643099
643099
643099
645084
645084
645084
645869
645869
645869
645869
645869
645869
645869
645869
645869
645869
645869
645869
645869
645869
645869
645869
645869
645869
646356
646356
646356
646356
646356
646356
646356
646356
646356
647051
647051
647051
647051
647051
647051
647051
647152
647152
647152
647152
647152
647152
647152
647152
647152
647152
647152
647152
647152
647152
647152
647242
647242
647242
647242
647242
647242
647242
647242
647242
647242
647242
647242
647242
647242
647242
647242
647980
647980
647980
647980
647980
647980
647980
647980
647980
647980
647980
647980
647980
647980
647980
647980
647980
647980
647980
647980
648435
648435
648435
648435
648435
648435
648435
648435
648435
648435
648435
648435
648435
648435
648435
648435
648435
648716
648716
648716
648716
648716
648716
648716
648716
648716
648716
648716
648716
650122
651309
651309
651309
651309
651309
651309
652898
652898
652898
652898
652898
652898
652898
652898
653580
653580
653580
653580
653580
653580
653580
653580
653580
653580
653580
653580
653580
653580
653580
653580
653580
653580
653580
654335
654335
654335
654335
654335
654335
654335
656191
656191
656191
656191
656191
656191
656191
656191
656191
656191
656191
656191
656191
656191
656625
656625
656625
656625
656625
656625
656625
656625
656625
656625
656625
656625
656625
656707
658625
658625
658625
658625
658625
658625
658625
658625
658625
658625
658625
658625
659152
659152
659152
659152
659152
659152
659152
659152
659198
659198
659198
659198
660107
660107
660107
660107
660107
660107
660107
660107
660107
660107
660107
660107
660303
660303
660303
660303
660303
660303
660303
660303
660303
660303
660303
660303
660303
660303
660303
660303
660303
660424
660424
660424
660424
660424
660424
660424
660424
660424
660424
660424
661122
661122
661122
661122
661122
661122
661122
661122
661385
661385
661914
661914
661914
661914
661914
661914
661914
661914
661914
661914
661914
661914
661914
661914
661914
661914
661914
661946
661946
661946
661946
661946
661946
661946
661946
661946
661946
661946
661946
661946
662315
662315
662315
662315
663015
663015
663015
663015
663015
663015
663015
663015
663015
663015
663015
663015
663015
663412
663412
663412
663412
663412
663412
663412
663412
663412
663412
663412
663412
663412
663412
663412
663412
663412
663412
663412
663529
663529
663529
663529
663529
663529
664585
664585
664585
664585
664585
664585
664585
664585
664585
664585
664585
664585
664585
664585
665435
665435
665435
665435
665435
665435
665435
665435
666244
666244
666244
666244
666244
666244
666244
666244
666244
666244
666244
666244
666244
666244
666244
666628
666628
666628
666628
666628
666628
666628
666628
666628
666628
666628
667042
667042
667042
667042
667042
667042
667042
667042
667042
667042
667042
667042
667042
667042
667042
667042
667042
667042
668551
668551
668551
668551
670159
670159
670159
670159
670263
670263
670263
670263
670263
670263
670263
670263
670263
670263
670263
670263
670263
671145
671145
671145
671145
672493
672493
672493
672493
672493
672493
672493
672493
672493
672493
672493
672493
672493
672493
672493
672493
672493
672493
672493
672645
672645
672645
672645
672645
672645
672645
672645
672645
672645
672645
672645
672645
672645
672645
672645
672645
672645
672973
672973
675200
675200
676471
676471
676471
676471
676471
676471
676471
676471
676471
676471
676471
676471
676471
676471
676471
676471
676471
676471
676471
680401
680401
680401
683306
683306
683306
683306
683306
683306
683306
683306
683306
683306
683306
683306
683306
683306
683306
683306
683906
683906
683906
683906
683906
683906
683906
683906
683906
683906
683906
683906
683906
683906
683906
683906
683906
683906
687797
687797
687797
687997
687997
687997
687997
687997
687997
687997
687997
687997
687997
687997
687997
688111
688111
688111
688111
688111
688111
688111
688111
688111
688111
688111
688111
688111
688111
688111
689363
689363
689363
689363
689363
689363
689363
690181
691313
691313
691313
691313
691313
691313
691313
691313
691313
691313
691313
691313
691313
691313
691313
693406
693406
693406
693406
693406
693406
693406
693406
693406
693406
693406
694642
694642
694642
694642
694642
694642
694642
694642
694642
694642
694642
694642
694642
694642
694642
694728
694728
694728
694728
694728
694728
694728
694728
694728
694728
694728
694728
694728
695213
695213
695213
695213
695213
695213
695213
695213
695213
695213
696504
696504
696504
696504
696504
696504
696504
696504
696504
698068
698068
698068
698068
698068
698068
698068
698068
698068
698068
698170
698170
698170
698170
698170
698170
698170
698170
698170
698170
698170
698170
698170
698170
698170
698170
698413
698413
698413
698413
698413
698413
698413
698413
698413
698607
698607
698607
698607
698607
698607
698607
698607
698607
700284
700284
700284
700284
700284
700284
700284
700284
700284
700284
700284
700685
700685
700685
700685
700685
700685
700685
700685
700685
700685
700685
700685
700685
700685
700685
700730
700730
700730
700730
700730
700730
700883
700883
700883
700883
700883
700883
700883
700883
700883
700883
700883
700883
700883
700883
700883
700883
702344
702344
702344
702344
702344
702344
702344
702511
702511
702511
702511
702511
702828
703354
703354
703354
703354
703354
703354
703751
703751
703751
703751
703751
703751
703751
703751
703751
703751
703751
703751
703751
703751
703751
703751
703751
703751
703751
703751
705507
705507
705507
705507
705507
705507
705507
705507
705507
705507
705507
705507
706045
706045
706045
706045
706045
706045
706045
706045
706045
706045
706045
706045
706045
708553
708553
708553
708553
708553
708553
708553
708553
708553
708553
708553
708553
708553
708553
708553
708553
708553
708553
708553
708553
709168
709168
709168
709196
709196
709196
709196
709420
709420
709420
709420
709420
709420
709449
709449
709449
709449
709449
709449
709449
709449
709449
709449
709449
709558
709558
709558
709558
709558
709558
709558
709558
709558
709558
709558
709558
709558
709558
709558
709558
709559
709559
710817
711246
711246
711246
711246
711246
711246
711246
711246
711246
711246
711246
711246
711246
711246
711246
712051
712051
712051
712051
712051
712051
712051
712051
712051
712407
712407
712407
712407
712407
712407
712407
712407
712407
712407
712407
712407
712407
712407
712685
712685
712685
712685
712685
712685
712685
712685
712685
712685
712685
712685
712855
712855
712855
712855
712855
712855
712855
712855
712855
712855
712855
712855
712855
712855
712855
712855
712855
712855
712855
713358
713358
713358
713358
713358
713358
713358
713358
713358
713528
713528
713528
713528
714073
714073
714073
714073
714073
714073
714073
714073
714073
714073
714073
714073
714452
714452
714452
714452
714452
714452
714452
714452
714452
714728
714728
714728
714728
714728
714728
714728
715053
715053
715053
715053
715053
715053
715053
715053
715053
715053
715053
715053
715053
715053
715053
715053
715053
716313
716313
716313
716313
716313
716313
716445
716445
716445
716445
717084
717084
717084
717214
717214
717214
717214
717214
717214
717214
717214
719825
719825
719825
719825
719825
719825
719825
719825
719825
719825
719825
719825
719825
719825
719825
719825
719957
719957
719957
719957
719957
719957
719957
719957
719957
719957
719957
719957
719957
719957
719957
721235
721235
721235
721235
721235
721235
721235
721235
721235
721235
722813
722813
722813
722813
722813
722813
722813
722813
722813
722813
722813
722813
724594
724768
724768
724768
724768
724768
724768
724768
724768
724768
724768
724768
724768
724768
724768
724768
725102
725102
725102
727796
727796
727796
728615
728615
728615
728615
728615
728615
728615
728615
728615
728615
728615
728615
728615
728615
728615
728615
728615
728615
728615
728615
730364
730364
730364
730364
730364
730364
730364
730364
730364
730364
731493
731493
731493
731493
731493
731493
731493
731493
731493
731493
731493
731493
731493
731493
731493
731493
732251
732251
732251
732251
732251
732251
732251
732251
732251
732251
732251
732251
732251
732251
732251
732251
734583
734583
734583
734583
734583
734583
734583
734583
734583
734583
734583
734583
734583
734583
734583
734740
734740
734740
734740
734740
734740
734740
734740
734740
734740
734740
734740
735068
735068
735068
735068
735068
735068
735068
735068
735068
735068
735068
735068
735891
735891
735891
735891
735891
735891
735891
735891
736364
736364
736364
736364
736364
736364
736364
738562
738562
738562
738562
738562
738562
739067
739067
739067
739067
739067
739067
739067
739067
739067
739067
739498
739498
739498
739498
739498
739498
739498
739498
739498
739498
739498
739498
739498
739498
739498
739498
739498
739498
741336
741336
741336
741336
741336
741336
741336
741336
741336
741336
741336
741336
742135
742135
742135
742135
742135
742135
742135
742135
742135
742135
742135
742135
742135
742135
742135
742135
742135
742135
742859
742859
742859
742859
742859
742859
743818
743818
743818
743818
743818
743818
743818
743818
743818
743818
743818
743818
743818
743818
743818
743818
743818
743818
743818
743818
744021
744021
744021
744021
744177
744177
744658
744658
744658
744658
744658
744658
744658
744658
744658
744658
744658
744658
744658
744658
744658
744658
744658
744658
744658
746977
746977
746977
746977
746977
746977
746977
746977
746977
746977
746977
746977
746977
746977
747142
747142
747142
747142
747142
747142
747142
747142
747142
747142
747142
747142
747142
747142
747142
748038
748038
748038
748038
748038
748038
748038
748038
748038
748038
748038
748038
748038
748038
749371
749371
749371
749371
749371
749371
749371
750648
750648
750648
750648
750648
750648
750648
750648
750648
750648
750648
750648
751455
751455
751455
751455
751455
751455
751455
751455
751455
751455
751455
751455
751455
751455
751988
751988
751988
751988
751988
751988
751988
751988
751988
751988
751988
751988
751988
751988
751988
751988
752806
752806
752806
752806
752806
752806
752806
752806
752806
752806
752806
752806
752806
752806
752806
752806
752806
752806
752806
752806
753032
753032
753032
753032
753032
753032
753032
753032
753032
753032
753032
753032
753032
753032
753032
753032
753032
753032
753529
753529
753529
753529
753529
753529
753529
753529
753529
753529
753529
753529
753529
753529
753529
753529
755896
755896
755896
755896
755896
755896
755896
755896
755896
755896
755896
755896
755896
755896
755896
755896
756549
756549
756549
756549
756549
757047
757047
757047
757047
757047
757047
757047
757047
757047
757047
757047
757047
757718
757718
757718
757718
757718
757718
757718
757718
757718
758828
759445
759445
759524
759524
759524
759524
759524
759524
759524
759524
759524
759524
759524
759524
759524
759524
760040
760040
760040
760040
760040
760040
760040
760040
760040
760040
760040
760040
760040
760040
760121
760121
760121
760121
760121
760121
760121
760121
760121
760121
760121
760121
761774
761774
761774
761997
761997
761997
761997
761997
761997
761997
761997
761997
761997
761997
761997
761997
761997
761997
761997
761997
761997
761997
761997
762012
762012
762012
762012
762012
762012
762012
762012
762012
762012
762012
762012
762012
762012
762012
762012
762012
762012
762129
762129
762129
762129
762129
762129
762129
762129
762538
762538
762538
762538
762538
762538
762538
764528
764528
766263
766263
766263
766263
766263
766302
766302
766684
766684
766684
766684
766684
766684
766684
766684
766684
766684
766684
766684
766684
766684
766684
766684
766684
766684
766684
768960
768960
768960
768960
768960
768960
768960
768960
768960
768960
768960
768960
769652
769652
769652
769652
769652
769652
769652
769652
769652
769652
770224
770224
770224
770224
770224
770224
770224
770224
770224
770224
770224
770224
770224
770224
770224
770224
770224
770224
770224
772048
772048
772048
772048
772048
772048
772048
772048
772048
772048
772048
772048
772326
772326
772326
772326
772326
772326
772326
772326
772326
772326
772326
772326
772326
772326
772326
772326
772326
772871
772871
772871
772871
772871
772871
772871
772871
772871
772871
772871
772871
772871
772871
772871
772871
772871
772871
775193
775193
775193
775193
775193
775193
775193
775193
775193
775193
775193
775193
775193
775193
775193
775193
775193
775193
775193
775193
776639
776639
776639
776639
777112
777112
777112
777112
777112
777112
777112
777112
778634
778634
779146
779146
779609
779609
779609
779609
779609
779609
779609
779609
779609
779609
779609
779609
779609
779609
779609
779609
779609
782370
782370
782370
782370
782370
782370
782370
782370
782370
782370
782370
782370
782370
782370
782370
782370
782729
782729
782729
782729
782729
782729
782729
782729
782831
783209
783209
783209
783209
784499
784499
784499
784499
784499
784499
784499
784499
784499
784499
784499
784499
784499
784499
784499
784499
786008
786008
786008
786008
786008
786008
786008
786008
786008
786008
786008
786008
786008
786008
786008
786008
786008
786008
786008
786113
786113
786113
786113
786113
786113
786113
786113
786113
786113
786113
786113
786113
786185
786185
786185
786185
786185
786185
786185
786185
786185
786185
786185
786185
786185
786447
786447
786447
786447
786447
786447
786447
786447
786447
786447
786447
786447
786447
786447
786447
786447
786459
786459
786459
786459
786459
786459
786459
786459
786459
786459
786459
786459
786459
786533
786533
786533
786533
786533
786533
786533
786533
786533
786533
786533
786533
786533
786533
786533
786565
786565
786565
786565
786565
786565
786565
786565
787137
787137
787137
787137
787137
787137
787137
787137
787137
787137
787137
787137
787137
787137
787137
787137
787137
787137
787137
787137
787450
787450
787450
787450
787450
787450
787450
787450
787450
787450
787450
787450
788069
788069
788069
788069
788069
788069
788069
788069
788069
788069
788069
788069
788069
788069
788069
788069
788069
788069
788172
788172
788172
788172
788172
788172
788172
788172
788172
788172
788172
788172
788172
788172
788172
788172
788172
788172
790215
790215
790215
790215
790215
790215
790215
790215
790215
790215
790215
790215
790215
790215
790215
790215
790215
790215
790215
790215
791824
791824
791824
792157
792157
792157
792157
792157
792157
795030
795030
795030
795030
795030
795030
795030
795030
795030
795030
795030
795030
795030
795030
795030
795030
795030
795030
795030
795030
795203
795203
795203
795203
795203
795203
795203
795203
795203
795309
795754
795754
795754
795754
795754
795754
795754
795754
795754
795754
795754
795754
795754
795754
795754
795754
795937
795937
795937
795937
795937
795937
796578
796578
796578
796578
796578
796578
796578
796578
796578
796578
796578
796578
796578
796678
796678
796678
796678
796678
796678
796678
796678
796678
796678
796678
796678
796678
796678
796678
796678
796678
796678
796741
796741
796741
796741
796741
796741
796741
796741
796741
796741
796741
796741
796741
796741
799412
799412
799412
799412
799412
799412
799412
799412
801677
801677
801677
801786
801786
801786
801786
801786
801786
801786
801786
801786
801786
801786
801786
801786
801786
801786
801978
801978
801978
803439
803439
803439
803439
803439
803439
803439
803439
803439
803439
803439
803439
803439
803439
803439
803439
803439
803439
803444
803444
803444
803591
806511
806511
806511
806511
806511
806511
806511
806511
806511
806511
806511
807138
807138
807138
807138
807138
807138
807138
807138
807138
807138
807138
807138
807138
807138
807138
807138
807138
807138
807138
807375
807375
807375
807375
807375
807375
807375
807375
808043
808043
808043
808043
808043
808043
808043
808043
808043
808043
808043
808043
808043
808043
808810
808810
808810
808810
808810
808810
808810
808810
808810
808810
808810
808811
808811
808811
808811
808811
808811
808811
808811
808811
808811
808811
808811
808811
808811
808811
808811
808811
808811
809400
809400
809400
809400
809400
809400
809400
809400
809400
809798
809798
809798
809798
809798
809798
809798
809798
809798
811225
811225
811225
811225
811225
811225
811225
811225
811225
811225
811225
811225
811225
811225
811225
811225
811225
812030
812030
812030
812030
812030
812030
812030
812030
812030
812030
812030
812030
812030
812030
812030
812030
812030
813239
813239
813239
813362
813362
813362
813362
813362
813362
813362
813362
813362
813362
813362
813362
813362
813362
813362
813362
813362
813362
813362
814399
814399
814399
814399
814399
814399
814399
814399
814399
814399
814399
814399
815416
815416
815416
815416
815416
815416
815416
815416
815416
815416
815416
815416
815416
815416
815416
815416
815416
815416
815416
815416
815703
815703
815703
815703
815703
815703
815703
815703
815703
815703
817107
817107
817107
817107
817107
817107
817107
817904
817904
817904
817993
817993
817993
817993
817993
817993
817993
817993
817993
817993
817993
817993
817993
817993
817993
817993
819298
819298
819298
819298
819298
819298
819298
819298
819298
819298
819298
819298
819298
819298
819298
819298
819298
819298
820135
820135
820135
820135
820135
820135
820135
820135
820135
820135
820135
820135
820135
821077
821077
821077
821077
821077
821077
821077
821077
821077
821077
821077
821077
821077
821077
821077
821077
821077
821077
822634
822634
823050
823050
823050
823050
823050
823050
823050
823050
823050
823050
823268
823652
823652
823652
823652
823652
823652
823652
823652
823652
825441
825441
825441
825441
825441
825441
825441
825441
825441
825441
825441
825441
826201
826201
826201
826201
826201
826201
826201
826201
826201
826201
826201
826201
826201
826201
826201
826201
826201
826201
826412
826412
826412
826412
826412
826412
827890
827890
827890
827890
827890
827890
827890
827890
827890
827890
827890
827890
827890
827890
827890
827890
827927
827927
827927
827927
827927
827927
827927
827927
827927
827927
827927
827927
827927
827927
827927
827927
827927
827927
830145
830145
830145
830145
830145
830145
830145
830145
830145
830145
830145
830145
830145
830145
830145
830145
830145
830294
830294
830294
830294
830294
830294
830294
830294
830294
830294
830294
830294
830294
830294
830294
830294
830294
830294
830294
830294
830399
830399
830399
830399
830399
830399
830399
830399
830399
830399
830399
830399
830399
830399
833552
833552
833552
833552
833552
833552
833552
833942
833942
833942
833942
833942
833942
833942
834260
834260
834260
834260
834260
834260
834260
834260
834260
834260
834260
834260
834260
834260
834260
834316
834316
834316
834316
834316
834316
834316
834316
834316
834552
834552
834552
834552
834552
834552
834725
834725
834725
834725
834725
834725
834725
834725
834725
834725
834725
834725
834725
834725
834725
834725
834725
834725
834725
835260
835260
835260
835260
835260
835260
835260
835260
835260
835260
835260
835260
835260
835260
835260
835260
837569
837569
837569
837569
837569
837569
837844
837844
837844
837844
837844
837844
837844
837844
837844
837844
837844
837844
837844
837844
837844
837844
837844
837844
837844
839477
839477
839477
839477
840418
840418
840418
840418
840418
840418
840418
840418
840890
840890
840890
840890
840890
840890
840890
840890
840890
840890
840890
840890
840890
840890
841057
841057
841057
841057
841303
841303
841303
841303
841303
841303
841303
841303
841303
841303
841303
841303
841303
841303
841303
841303
841303
841457
841457
841457
841457
841618
841618
841618
841618
841618
841618
841618
841618
841618
841618
841618
841618
841618
841618
841618
841618
841618
841618
841618
841618
842534
842534
842534
842534
845026
845026
845503
845503
845561
845561
845561
845561
845561
845561
845561
845561
845561
845561
845561
845561
845631
845631
845631
845631
845631
845631
845958
845958
845958
845958
845958
845958
845958
845958
845958
845958
846508
846508
846508
846508
846508
846508
846508
846508
846508
846508
846508
846508
846508
846634
846634
846634
846634
846634
846634
846634
846634
846634
846634
846634
846634
846634
846634
846634
846634
846634
846634
846634
846634
846947
846947
846947
846947
846947
846947
846947
846947
846947
846947
846947
846947
846947
846947
846947
846981
846981
846981
846981
846981
846981
847237
847237
847237
847237
847237
847237
847237
847237
847237
847237
847237
847237
847237
847237
847237
847237
848793
848793
848793
848793
848793
848793
848882
848882
848882
848882
848882
848882
848882
848882
848882
848882
848882
848882
848882
848882
848882
848882
848882
848882
848882
848882
849336
849336
849336
849336
849336
849336
849336
849336
850518
850518
850518
850518
850518
850518
850518
850518
850518
850518
850518
850518
850518
850518
850518
850518
852336
852336
852336
852336
852336
852336
852336
852415
852415
852415
852415
852415
852415
852415
852415
852415
852415
852415
852415
852415
853430
853430
853430
854652
854652
854652
854652
854652
854652
854751
857126
857126
857126
857126
857126
857126
857126
857126
857126
857126
857126
857126
857126
857126
859608
859608
859608
859608
859608
859608
859608
859608
860658
860658
860658
860658
860658
860658
860658
860658
860658
860658
860658
860658
860658
861130
861130
862500
862500
862500
862500
862500
862500
862500
862500
862500
862500
862500
862500
862500
862500
862500
862500
862500
862500
862500
862500
862997
862997
862997
862997
862997
862997
863068
863068
863068
863068
863068
863068
863068
863068
863068
863068
863068
863068
863068
863068
863068
863507
863507
863507
863507
863507
863507
863507
863507
863507
863507
863507
863507
863507
863507
866423
866423
867781
867781
867781
867781
867781
867781
867781
867781
867781
867781
867781
867781
867781
867781
867781
867781
867781
867781
867781
867781
868675
868675
868675
868675
868675
868675
868675
868675
868675
869841
869841
869841
869841
869841
869841
869841
869841
869841
869841
869841
869841
869841
869841
869841
869841
869841
869841
869841
869954
869954
869954
869954
869954
869954
869954
869954
869954
869954
869954
869954
869954
869954
869954
869954
870372
870372
870372
870372
870372
870372
870372
870372
870372
870372
870372
870372
870372
870372
870372
870372
874540
874540
874540
875831
875831
875831
875831
875831
875831
875831
875831
875831
875831
875831
875831
875831
875831
875831
875831
877647
877647
877647
877647
877647
877647
877647
877647
877647
877647
877647
877647
877647
877647
877647
877647
877647
877647
877714
877714
877714
877714
877714
877714
877714
877714
877714
877714
877797
877797
877797
877797
877797
877797
877797
877797
877797
878451
878451
878451
881533
881533
881533
881533
881533
881533
881533
881533
881533
881533
881533
881533
881533
881533
881533
881533
881533
882038
882038
882038
882038
882038
882038
882038
882038
882038
882038
882038
882038
882038
882038
882038
882038
882038
882038
885857
885857
885857
885857
885857
885857
885857
885857
885857
885857
885857
885857
885857
888575
888575
888575
888575
888575
888575
888575
888575
888575
888575
888575
888575
888575
888575
888575
888575
888640
888640
888640
888640
888640
888640
888640
888640
888640
888640
888640
888640
888640
889410
889410
889410
889410
889410
889410
889410
889410
889410
889410
889410
889410
889410
889410
889410
889410
889410
889410
889410
889434
889446
889446
889446
889446
889446
889446
889446
889446
889446
889446
890408
890408
890408
890408
890408
890408
890408
890408
890408
890408
890408
890408
890408
890408
890408
890408
890408
890408
892377
892377
892377
892377
892377
892377
892377
892377
892377
892377
892377
892377
892377
892377
892495
892495
892495
892495
892495
892495
892495
892495
892495
892495
892495
892495
892495
892495
892495
892495
892495
892495
892495
892495
892966
892966
892966
892966
892966
892966
892966
892966
892966
892966
892966
894469
894469
894469
895509
895509
895509
895509
895509
895509
895509
895509
895509
895509
895509
895582
895582
895582
895582
895582
895582
895582
895820
895820
895820
895820
895820
895820
895820
895820
895820
895820
895820
896668
896668
896668
896668
896668
896668
896668
896668
896668
896668
896668
896668
896668
896668
896668
896668
896668
896668
896668
896991
896991
896991
896991
896991
896991
896991
896991
896991
896991
896991
896991
896991
896991
897499
897499
897499
897499
897499
897499
897499
897499
897499
897870
897870
897870
897870
897870
897870
897870
897870
897870
897870
897870
897870
897870
897870
897870
897870
897870
898538
898538
898538
898538
898590
898590
898590
898590
898590
898590
898590
898590
898590
898590
898694
898694
898694
898694
898694
898694
898694
898694
898694
899866
899866
899866
899866
899866
899866
899866
900658
900658
900658
900658
900658
900658
900658
900658
900658
900658
900658
900658
901115
901115
901115
901115
901115
901115
901115
901115
901115
901115
901115
902765
902765
902765
902765
902765
902765
902765
902765
903552
903552
903552
903836
903836
903836
903836
903993
903993
903993
903993
903993
903993
903993
903993
903993
903993
903993
903993
904177
904177
904177
904177
904177
904177
904177
904177
904177
904177
904177
904177
904177
904177
904177
904177
904177
904177
904177
904465
904465
904465
904465
905095
905095
905095
905531
905531
905531
905531
905531
905531
905531
905531
905531
905531
905531
905531
905531
905832
905832
905832
905832
905832
905832
905832
905832
905832
905832
906027
906027
906027
906027
906027
906027
906027
906027
906454
906454
906454
906454
906454
906454
906454
906454
906454
906454
906454
906454
906454
906454
906454
906454
907054
908640
908640
908640
908640
908640
908640
908640
908640
908640
908640
908640
908640
908640
908640
908640
908640
909083
909083
909083
909083
909083
909083
909083
909083
909083
909083
909083
909083
909083
909083
909266
909266
909266
909266
909266
909266
909266
909266
909266
910412
910412
910412
910412
910412
910412
910412
910412
910557
910625
910625
910625
910625
910625
910625
910625
910625
910625
910625
910625
910625
910625
910625
910625
910625
910625
911127
912918
912918
912918
912918
912918
912918
912918
912918
912918
912918
912918
912918
912918
912918
912918
912918
913016
913016
913016
913016
913016
913016
913016
913016
913016
913016
913016
913016
913016
913016
913016
913016
913016
914628
914628
914628
914628
914628
914628
914628
914628
914628
914628
914628
914628
914817
914817
914817
916062
916062
916062
916062
916062
916062
916062
916062
916062
916062
916062
916062
916062
916062
916062
916062
918032
918032
918032
918032
918352
918352
918352
918352
918352
920074
920074
920074
920074
920074
920074
920074
920074
920074
920074
920692
920692
920692
920692
920692
920692
920692
920692
920692
920692
920692
920692
920692
920692
920692
920692
922358
922358
922548
922548
922548
922548
922548
922548
922548
923053
923053
923053
923053
923053
923053
923053
923053
923053
923053
923053
923053
923053
923053
923053
923053
924615
924615
924615
924615
924615
924615
924615
924615
924615
924615
924615
924615
924615
924615
924615
925769
925769
925769
925769
925769
925769
925769
925769
925769
925769
925769
925769
925769
925769
925769
925769
925769
925769
927089
927089
927089
927089
927089
927089
927089
927486
927486
927486
927486
927486
927486
927486
927486
927486
927486
927486
927486
927486
927486
927486
927486
927486
927486
928060
928060
928060
928060
928060
928060
928060
928060
928060
928060
928060
928060
928060
928060
929832
929832
929832
930007
930007
930007
930007
930007
930007
930007
930528
930528
930528
930528
931121
931121
931121
931121
931121
931121
931121
931121
931121
931121
931121
931121
931121
931121
931121
931121
931121
931121
931121
932258
932258
932258
932258
932258
932258
932258
932295
932295
932295
932295
932428
932428
932428
932428
932428
932428
932428
932428
933701
933701
934864
934864
934864
935143
935143
935143
935143
935143
935143
935143
935143
935143
935143
935479
935479
935479
935479
935479
935479
935479
936247
936247
936247
936247
936247
936247
936247
936247
936247
936247
936247
936247
936247
936247
936762
936762
938022
938022
938022
938022
938022
938455
938455
938455
938455
938455
938455
938455
938455
938455
938455
939180
939180
939574
939574
939574
939574
939574
939574
939574
939574
939574
939574
939574
939574
939574
939574
939574
939693
939693
939693
939693
939693
939693
939693
939693
939693
939693
939693
939693
939693
939693
939693
939693
939979
939979
939979
939979
939979
939979
939979
939979
939979
940512
940512
940512
940512
940512
940512
940512
940512
940512
940512
940512
940512
940512
940512
940512
940512
940512
940512
940512
940683
940683
940683
940683
940683
940683
940958
940958
940958
940958
940958
940958
940958
940958
940958
940958
940958
940958
940958
940958
940958
940958
940958
940958
940958
941561
941561
941561
941561
941561
941561
941561
941561
941561
941561
941561
941561
941561
941561
941561
941561
941983
941983
941983
941983
941983
941983
941983
941983
941983
941983
941983
941983
941983
941983
941983
943563
943563
943563
943563
943563
943563
943563
943563
943563
943563
943563
943563
943669
943669
943669
943669
944158
944158
944158
944158
944158
944158
944158
944158
944158
944158
944158
944158
944158
944158
944158
944158
944158
944158
944949
944949
944949
944949
944949
944949
945042
945042
947435
947435
947435
947435
947435
947435
947435
947435
947435
947435
947435
947435
947435
948599
948599
948599
948599
948599
948599
948599
948599
948599
948599
948599
948775
948775
948775
948775
948775
948775
949394
949394
949394
949394
949394
949394
949394
949394
949394
949394
949394
949394
949394
949394
949394
949394
949394
949394
949394
949394
949577
949577
949577
949577
949577
949577
949577
949577
949577
949577
949577
949577
949577
949577
949577
950374
950374
950374
950374
950374
950374
950374
950374
950374
950374
950374
950374
950608
950908
950908
950908
950908
950908
950908
950908
951669
951669
951669
951669
951669
951669
951669
951669
951669
951669
951669
951669
951669
951669
951669
951669
951669
952950
952950
952950
952950
953056
953056
953056
953056
953056
953056
953056
953056
953056
953056
953056
953056
953056
953056
953056
953056
954458
954458
954458
954458
954458
954458
954458
954458
954458
954458
954458
954458
954458
954459
954459
954459
954459
954459
954459
954459
954459
954459
954459
954459
954459
954459
954459
954459
954459
955191
955191
955191
955191
955191
955191
955191
955191
955191
956963
956963
956963
956963
956963
956963
956963
956963
956963
956963
956963
956963
956963
956963
956963
958571
958571
958571
958998
958998
958998
958998
958998
958998
958998
958998
958998
958998
958998
959072
959072
959072
960399
960399
960399
960399
960399
960399
960399
960399
960399
960399
960399
960399
960399
960399
960399
960399
962747
962747
962747
962747
962747
962747
962747
962747
962747
962747
962747
962747
962926
962926
962926
962926
962926
962926
962926
962926
962926
962926
962926
962926
962926
962926
962926
962926
962926
962926
962926
963044
963044
963044
963044
963044
963044
963044
963044
963044
963044
963044
963849
963849
963849
963849
963849
963849
963849
963849
963849
963849
963849
963849
963849
963849
963849
963849
963849
963849
963849
963849
964827
964827
964827
964827
964827
964827
964827
964827
964827
964827
964827
964827
964827
964827
964827
964827
965963
965963
965963
965963
965963
965963
965963
965963
966258
966258
966258
966258
966258
966258
966258
966258
966258
966258
966258
966258
966258
966258
966258
966258
966258
966258
967985
967985
967985
967985
967985
967985
967985
967985
968794
968794
968794
968794
968794
968794
968794
968794
968794
968794
970176
970176
970176
970176
970176
970176
970176
970176
970176
970176
970176
970176
970176
970176
973178
973178
973178
973178
973178
973178
973178
973178
973178
973178
973178
973178
973178
973178
973178
973314
973314
973314
973314
973314
975143
975143
975143
975143
975143
976519
976519
976519
976519
976519
976519
976519
976519
976519
976519
976519
976519
976519
976519
976519
976519
976519
976519
976519
976519
977217
977217
977217
977217
977217
977217
977217
977217
977217
977217
978572
978572
978572
978572
978572
978572
978572
978572
978572
978572
978572
978572
978572
978572
978627
978627
978627
978627
978627
978627
978627
978627
978627
978627
978956
978956
978956
978956
978956
978956
978956
978956
978956
978956
978956
978956
978956
978956
978956
978956
978956
978956
979885
979885
979885
979885
979885
979885
979885
979885
979885
979885
979885
979885
981027
981027
981027
981027
981027
981027
981027
981027
981027
981109
981109
981109
981109
982013
982013
982013
982013
982013
982013
982032
982032
982032
982032
982032
982032
982648
982648
982648
982648
983975
983975
983975
983975
983975
983975
983975
983975
983975
983975
983975
983975
985793
985793
985793
985793
985793
985793
985793
985793
985793
985793
985793
985793
986307
986307
986307
986307
986307
986307
986307
986307
986307
986307
986307
986307
986307
986307
986307
986307
987683
987683
987683
987683
987683
987683
987683
987683
987683
987683
987683
987683
987891
987891
987891
987891
987891
987891
987891
987891
987891
987891
987891
987891
987891
987891
987891
989132
989132
989432
989432
989432
989432
989432
989432
989432
989432
989432
989432
989432
989432
989432
989432
989432
989432
989432
989432
989979
989979
989979
989979
989979
989979
989979
989979
989979
989979
989979
989979
989979
989979
989979
989979
993075
993075
993075
993075
993075
993075
993576
993576
993576
993576
993576
993576
994311
994311
994311
994311
994311
994311
994311
994311
994311
994311
994311
994311
994311
994311
994740
994740
994740
994740
994740
994740
994740
994740
994740
994740
994740
994740
994740
994740
994740
994740
994740
994740
994740
995347
995347
995347
995347
995347
995347
995347
995347
995347
995347
995347
995347
995347
995370
995370
995370
995370
995370
995370
995370
995370
995370
995370
995370
995370
995370
996126
996126
996126
996126
996126
996126
996126
996126
996126
996126
996126
996126
996126
996126
996126
997434
997434
997434
997434
997434
997434
999252
999252
999252
