405
15000
3037	1
3059	1
3064	1
3072	1
3114	1
3116	1
3119	1
3136	1
3150	1
3161	1
3162	1
3165	1
3168	1
3180	1
3196	1
3210	1
3212	1
3221	1
3224	1
3227	1
3238	1
3273	1
3288	1
3294	1
3308	1
3309	1
3322	1
3328	1
3342	1
3345	1
3355	1
3379	1
3381	1
3382	1
3399	1
3400	1
3404	1
3422	1
3442	1
3447	1
3452	1
3458	1
3459	1
3460	1
3467	1
3479	1
3488	1
3496	1
3499	1
3526	1
3531	1
3532	1
3541	1
3551	1
3561	1
3566	1
3572	1
3575	1
3583	1
3595	1
3600	1
3602	1
3606	1
3612	1
3614	1
3616	1
3623	1
3628	1
3635	1
3643	1
3644	1
3657	1
3659	1
3660	1
3662	1
3682	1
3683	1
3684	1
3688	1
3693	1
3696	1
3698	1
3725	1
3753	1
3777	1
3778	1
3790	1
3801	1
3805	1
3807	1
3810	1
3817	1
3821	1
3823	1
3826	1
3830	1
3836	1
3843	1
3847	1
3849	1
3853	1
3856	1
3857	1
3860	1
3862	1
3863	1
3868	1
3872	1
3877	1
3883	1
3886	1
3890	1
3891	1
3898	1
3904	1
3933	1
3939	1
3941	1
3960	1
3969	1
3970	1
3979	1
3980	1
4001	1
4017	1
4024	1
4025	1
4029	1
4039	1
4049	1
4052	1
4074	1
4076	1
4085	1
4102	1
4120	1
4123	1
4127	1
4138	1
4145	1
4149	1
4164	1
4172	1
4174	1
4180	1
4189	1
4204	1
4227	1
4232	1
4235	1
4240	1
4245	1
4246	1
4247	1
4250	1
4253	1
4255	1
4263	1
4281	1
4285	1
4312	1
4322	1
4353	1
4373	1
4387	1
4401	1
4404	1
4415	1
4417	1
4433	1
4448	1
4474	1
4484	1
4504	1
4506	1
4513	1
4558	1
4562	1
4577	1
4583	1
4585	1
4586	1
4598	1
4629	1
4676	1
4680	1
4726	1
4728	1
4735	1
4770	1
4779	1
4783	1
4785	1
4787	1
4812	1
4818	1
4833	1
4839	1
4864	1
4873	1
4878	1
4896	1
4903	1
4907	1
4909	1
4922	1
4929	1
4933	1
4939	1
4942	1
4949	1
4955	1
4958	1
4959	1
4974	1
4975	1
4986	1
4989	1
4999	1
5035	1
5044	1
5048	1
5070	1
5110	1
5117	1
5128	1
5141	1
5157	1
5170	1
5183	1
5204	1
5207	1
5209	1
5219	1
5225	1
5226	1
5233	1
5242	1
5286	1
5289	1
5299	1
5303	1
5304	1
5311	1
5323	1
5330	1
5332	1
5340	1
5341	1
5353	1
5362	1
5380	1
5387	1
5389	1
5396	1
5421	1
5428	1
5429	1
5435	1
5436	1
5444	1
5482	1
5484	1
5495	1
5496	1
5499	1
5500	1
5507	1
5508	1
5513	1
5539	1
5547	1
5549	1
5557	1
5569	1
5582	1
5594	1
5606	1
5609	1
5610	1
5617	1
5619	1
5632	1
5634	1
5644	1
5656	1
5669	1
5677	1
5700	1
5733	1
5745	1
5747	1
5755	1
5762	1
5767	1
5779	1
5791	1
5795	1
5798	1
5806	1
5807	1
5812	1
5859	1
5872	1
5873	1
5880	1
5899	1
5901	1
5924	1
5926	1
5930	1
5935	1
5945	1
5950	1
5967	1
5971	1
5975	1
5996	1
6032	1
6033	1
6036	1
6037	1
6043	1
6073	1
6075	1
6076	1
6089	1
6107	1
6142	1
6152	1
6158	1
6161	1
6171	1
6262	1
6269	1
6277	1
6300	1
6304	1
6328	1
6332	1
6406	1
6423	1
6434	1
6438	1
6498	1
6504	1
6552	1
6556	1
6560	1
6575	1
6587	1
6594	1
6595	1
6613	1
6625	1
6664	1
6747	1
6764	1
6779	1
6786	1
6816	1
6820	1
6849	1
6937	1
6945	1
7011	1
7059	1
7072	1
7110	1
7112	1
7153	1
7191	1
7193	1
7260	1
7295	1
7298	1
7316	1
7341	1
7343	1
7390	1
7409	1
7416	1
7420	1
7606	1
7639	1
7641	1
7722	1
7741	1
7743	1
7749	1
7787	1
7799	1
7843	1
7903	1
7952	1
7956	1
8049	1
8079	1
8083	1
8104	1
8130	1
8170	1
8370	1
8438	1
8716	1
