405
15000
3016	1
3017	1
3020	1
3022	1
3024	1
3029	1
3031	1
3045	1
3052	1
3064	1
3075	1
3079	1
3114	1
3117	1
3139	1
3150	1
3154	1
3156	1
3167	1
3168	1
3175	1
3182	1
3185	1
3209	1
3210	1
3216	1
3226	1
3241	1
3248	1
3259	1
3265	1
3276	1
3282	1
3287	1
3293	1
3294	1
3301	1
3306	1
3328	1
3333	1
3341	1
3347	1
3353	1
3356	1
3358	1
3366	1
3371	1
3375	1
3383	1
3387	1
3388	1
3389	1
3423	1
3440	1
3445	1
3463	1
3466	1
3488	1
3492	1
3499	1
3500	1
3503	1
3516	1
3521	1
3527	1
3532	1
3562	1
3563	1
3565	1
3568	1
3584	1
3585	1
3589	1
3591	1
3595	1
3596	1
3597	1
3609	1
3611	1
3619	1
3670	1
3681	1
3718	1
3719	1
3727	1
3748	1
3760	1
3769	1
3785	1
3790	1
3798	1
3801	1
3844	1
3848	1
3864	1
3871	1
3882	1
3888	1
3897	1
3898	1
3900	1
3902	1
3909	1
3917	1
3928	1
3942	1
3943	1
3957	1
3959	1
3961	1
3963	1
3980	1
3998	1
4003	1
4010	1
4014	1
4018	1
4035	1
4041	1
4044	1
4059	1
4064	1
4071	1
4076	1
4084	1
4085	1
4092	1
4107	1
4110	1
4124	1
4128	1
4130	1
4131	1
4153	1
4162	1
4186	1
4199	1
4208	1
4211	1
4216	1
4219	1
4230	1
4240	1
4246	1
4248	1
4253	1
4261	1
4278	1
4285	1
4302	1
4310	1
4333	1
4345	1
4354	1
4366	1
4381	1
4386	1
4389	1
4392	1
4398	1
4403	1
4416	1
4417	1
4424	1
4439	1
4440	1
4462	1
4466	1
4467	1
4482	1
4509	1
4514	1
4531	1
4532	1
4535	1
4562	1
4570	1
4571	1
4580	1
4584	1
4585	1
4588	1
4590	1
4591	1
4635	1
4636	1
4668	1
4676	1
4692	1
4700	1
4701	1
4726	1
4727	1
4754	1
4755	1
4787	1
4804	1
4806	1
4815	1
4820	1
4835	1
4838	1
4846	1
4851	1
4853	1
4895	1
4903	1
4908	1
4950	1
4959	1
4960	1
4961	1
4977	1
4990	1
4995	1
5004	1
5005	1
5008	1
5011	1
5014	1
5021	1
5033	1
5043	1
5066	1
5104	1
5116	1
5130	1
5132	1
5149	1
5152	1
5161	1
5165	1
5175	1
5182	1
5191	1
5192	1
5214	1
5218	1
5232	1
5238	1
5240	1
5244	1
5249	1
5250	1
5256	1
5272	1
5287	1
5322	1
5326	1
5343	1
5344	1
5353	1
5373	1
5415	1
5431	1
5434	1
5444	1
5454	1
5465	1
5473	1
5480	1
5496	1
5501	1
5507	1
5515	1
5568	1
5578	1
5592	1
5613	1
5614	1
5616	1
5620	1
5628	1
5635	1
5638	1
5644	1
5664	1
5670	1
5680	1
5684	1
5703	1
5707	1
5708	1
5709	1
5718	1
5723	1
5733	1
5738	1
5754	1
5761	1
5767	1
5779	1
5789	1
5799	1
5808	1
5813	1
5823	1
5845	1
5846	1
5870	1
5875	1
5880	1
5918	1
5919	1
5937	1
5938	1
5940	1
5948	1
5957	1
5959	1
5979	1
6004	1
6028	1
6051	1
6062	1
6084	1
6131	1
6143	1
6146	1
6151	1
6152	1
6157	1
6179	1
6195	1
6197	1
6261	1
6286	1
6302	1
6357	1
6359	1
6381	1
6392	1
6394	1
6405	1
6431	1
6441	1
6448	1
6453	1
6469	1
6475	1
6488	1
6505	1
6518	1
6527	1
6541	1
6548	1
6558	1
6566	1
6590	1
6592	1
6603	1
6616	1
6625	1
6662	1
6665	1
6712	1
6721	1
6738	1
6746	1
6747	1
6757	1
6796	1
6821	1
6846	1
6865	1
6878	1
6884	1
6925	1
6961	1
6978	1
7002	1
7003	1
7009	1
7063	1
7084	1
7089	1
7106	1
7135	1
7196	1
7249	1
7277	1
7335	1
7351	1
7356	1
7389	1
7393	1
7396	1
7422	1
7448	1
7481	1
7662	1
7689	1
7776	1
7874	1
7913	1
7964	1
7976	1
8030	1
8071	1
8354	1
8380	1
8384	1
8585	1
8678	1
8757	1
