405
15000
3018	1
3024	1
3042	1
3044	1
3052	1
3074	1
3088	1
3093	1
3094	1
3117	1
3118	1
3128	1
3139	1
3142	1
3152	1
3153	1
3169	1
3175	1
3187	1
3192	1
3193	1
3204	1
3225	1
3231	1
3243	1
3244	1
3250	1
3262	1
3270	1
3285	1
3291	1
3292	1
3296	1
3299	1
3305	1
3311	1
3313	1
3318	1
3325	1
3328	1
3335	1
3358	1
3360	1
3361	1
3364	1
3365	1
3370	1
3381	1
3391	1
3402	1
3411	1
3412	1
3414	1
3418	1
3421	1
3422	1
3423	1
3433	1
3448	1
3449	1
3452	1
3458	1
3464	1
3473	1
3476	1
3479	1
3492	1
3500	1
3506	1
3508	1
3523	1
3551	1
3572	1
3575	1
3596	1
3603	1
3605	1
3620	1
3638	1
3644	1
3652	1
3656	1
3660	1
3661	1
3665	1
3675	1
3685	1
3686	1
3695	1
3700	1
3706	1
3707	1
3742	1
3746	1
3752	1
3755	1
3756	1
3759	1
3764	1
3777	1
3782	1
3784	1
3788	1
3794	1
3797	1
3804	1
3814	1
3820	1
3822	1
3827	1
3832	1
3846	1
3849	1
3852	1
3856	1
3862	1
3867	1
3869	1
3877	1
3884	1
3889	1
3913	1
3927	1
3931	1
3960	1
3969	1
3972	1
3984	1
3996	1
4007	1
4011	1
4021	1
4026	1
4030	1
4032	1
4038	1
4039	1
4050	1
4054	1
4058	1
4063	1
4065	1
4067	1
4071	1
4074	1
4093	1
4094	1
4106	1
4125	1
4153	1
4154	1
4170	1
4174	1
4192	1
4206	1
4211	1
4213	1
4232	1
4237	1
4246	1
4262	1
4290	1
4302	1
4308	1
4311	1
4316	1
4323	1
4326	1
4339	1
4350	1
4354	1
4355	1
4362	1
4377	1
4383	1
4431	1
4437	1
4444	1
4446	1
4448	1
4450	1
4457	1
4460	1
4473	1
4509	1
4516	1
4521	1
4537	1
4539	1
4540	1
4555	1
4564	1
4574	1
4592	1
4604	1
4605	1
4608	1
4623	1
4628	1
4630	1
4641	1
4664	1
4673	1
4681	1
4688	1
4699	1
4734	1
4741	1
4744	1
4756	1
4771	1
4776	1
4792	1
4833	1
4846	1
4869	1
4871	1
4902	1
4921	1
4926	1
4953	1
4968	1
4983	1
4986	1
5017	1
5024	1
5033	1
5035	1
5043	1
5058	1
5061	1
5063	1
5077	1
5089	1
5123	1
5143	1
5148	1
5153	1
5156	1
5164	1
5181	1
5182	1
5186	1
5212	1
5256	1
5282	1
5313	1
5321	1
5327	1
5347	1
5365	1
5366	1
5373	1
5387	1
5399	1
5401	1
5410	1
5428	1
5435	1
5437	1
5441	1
5450	1
5466	1
5474	1
5505	1
5524	1
5526	1
5527	1
5532	1
5539	1
5567	1
5613	1
5625	1
5665	1
5674	1
5677	1
5694	1
5740	1
5747	1
5752	1
5754	1
5762	1
5767	1
5776	1
5799	1
5802	1
5814	1
5817	1
5823	1
5827	1
5845	1
5851	1
5858	1
5864	1
5876	1
5899	1
5957	1
5970	1
5984	1
5992	1
6012	1
6017	1
6022	1
6029	1
6032	1
6042	1
6080	1
6081	1
6083	1
6094	1
6125	1
6127	1
6173	1
6185	1
6201	1
6205	1
6220	1
6236	1
6240	1
6246	1
6259	1
6266	1
6276	1
6301	1
6309	1
6310	1
6344	1
6386	1
6388	1
6442	1
6481	1
6482	1
6509	1
6520	1
6529	1
6543	1
6562	1
6563	1
6566	1
6571	1
6581	1
6583	1
6648	1
6651	1
6654	1
6700	1
6732	1
6740	1
6773	1
6833	1
6932	1
6959	1
6962	1
6969	1
6990	1
6999	1
7036	1
7147	1
7151	1
7188	1
7216	1
7259	1
7260	1
7276	1
7301	1
7310	1
7315	1
7318	1
7323	1
7343	1
7402	1
7417	1
7426	1
7429	1
7444	1
7505	1
7515	1
7541	1
7592	1
7628	1
7644	1
7688	1
7694	1
7705	1
7717	1
7718	1
7748	1
7786	1
7792	1
7842	1
7865	1
7886	1
7916	1
7936	1
7992	1
7998	1
8004	1
8010	1
8086	1
8139	1
8156	1
8255	1
8293	1
8320	1
8331	1
