405
15000
3004	1
3005	1
3078	1
3079	1
3082	1
3086	1
3089	1
3104	1
3129	1
3135	1
3139	1
3155	1
3157	1
3159	1
3164	1
3173	1
3185	1
3187	1
3191	1
3192	1
3197	1
3201	1
3205	1
3209	1
3210	1
3212	1
3217	1
3220	1
3221	1
3226	1
3238	1
3242	1
3243	1
3248	1
3251	1
3255	1
3262	1
3263	1
3274	1
3283	1
3290	1
3295	1
3301	1
3302	1
3312	1
3325	1
3326	1
3327	1
3343	1
3346	1
3354	1
3355	1
3357	1
3358	1
3359	1
3368	1
3370	1
3387	1
3395	1
3396	1
3406	1
3417	1
3418	1
3427	1
3428	1
3464	1
3473	1
3484	1
3488	1
3494	1
3497	1
3504	1
3515	1
3518	1
3528	1
3543	1
3553	1
3568	1
3581	1
3593	1
3594	1
3612	1
3617	1
3622	1
3625	1
3637	1
3648	1
3655	1
3656	1
3683	1
3685	1
3705	1
3721	1
3724	1
3748	1
3751	1
3756	1
3759	1
3761	1
3766	1
3790	1
3810	1
3812	1
3816	1
3832	1
3851	1
3864	1
3867	1
3877	1
3883	1
3886	1
3904	1
3906	1
3922	1
3924	1
3927	1
3937	1
3938	1
3942	1
3958	1
3964	1
3965	1
3978	1
3987	1
4002	1
4003	1
4004	1
4010	1
4017	1
4023	1
4036	1
4038	1
4042	1
4047	1
4060	1
4062	1
4073	1
4082	1
4084	1
4092	1
4112	1
4116	1
4122	1
4131	1
4139	1
4140	1
4141	1
4152	1
4155	1
4157	1
4159	1
4164	1
4165	1
4177	1
4192	1
4203	1
4204	1
4206	1
4208	1
4210	1
4233	1
4234	1
4237	1
4245	1
4253	1
4254	1
4259	1
4271	1
4273	1
4279	1
4282	1
4283	1
4294	1
4296	1
4300	1
4310	1
4313	1
4316	1
4325	1
4336	1
4340	1
4350	1
4366	1
4376	1
4409	1
4421	1
4446	1
4495	1
4500	1
4506	1
4523	1
4524	1
4525	1
4534	1
4579	1
4592	1
4600	1
4602	1
4603	1
4608	1
4620	1
4621	1
4636	1
4641	1
4644	1
4652	1
4678	1
4695	1
4707	1
4708	1
4734	1
4735	1
4781	1
4782	1
4785	1
4790	1
4829	1
4849	1
4856	1
4874	1
4875	1
4890	1
4903	1
4918	1
4924	1
4939	1
4940	1
4951	1
4956	1
4958	1
4974	1
4987	1
4989	1
5017	1
5019	1
5020	1
5021	1
5044	1
5047	1
5061	1
5077	1
5093	1
5103	1
5119	1
5129	1
5137	1
5152	1
5154	1
5159	1
5205	1
5208	1
5217	1
5238	1
5244	1
5298	1
5300	1
5303	1
5333	1
5353	1
5360	1
5395	1
5397	1
5432	1
5436	1
5508	1
5513	1
5517	1
5527	1
5531	1
5554	1
5579	1
5626	1
5632	1
5697	1
5701	1
5726	1
5728	1
5759	1
5774	1
5780	1
5782	1
5805	1
5819	1
5820	1
5826	1
5837	1
5855	1
5868	1
5869	1
5871	1
5884	1
5901	1
5916	1
5922	1
5927	1
5931	1
5935	1
5943	1
5961	1
5965	1
6002	1
6009	1
6014	1
6069	1
6085	1
6089	1
6112	1
6174	1
6182	1
6222	1
6281	1
6301	1
6305	1
6359	1
6405	1
6411	1
6430	1
6432	1
6439	1
6455	1
6470	1
6471	1
6483	1
6518	1
6529	1
6536	1
6561	1
6572	1
6575	1
6589	1
6608	1
6624	1
6638	1
6654	1
6701	1
6703	1
6743	1
6757	1
6776	1
6780	1
6787	1
6824	1
6841	1
6888	1
6893	1
6897	1
6920	1
6939	1
6943	1
6980	1
7019	1
7023	1
7042	1
7046	1
7054	1
7080	1
7082	1
7087	1
7094	1
7107	1
7110	1
7126	1
7147	1
7166	1
7171	1
7187	1
7188	1
7200	1
7296	1
7317	1
7400	1
7414	1
7475	1
7480	1
7523	1
7549	1
7571	1
7575	1
7606	1
7612	1
7627	1
7629	1
7651	1
7658	1
7680	1
7696	1
7724	1
7753	1
7766	1
7772	1
7814	1
7817	1
7862	1
7871	1
7879	1
7909	1
7993	1
8147	1
8155	1
8178	1
8215	1
8400	1
8526	1
8606	1
8648	1
