405
15000
3000	1
3007	1
3017	1
3022	1
3025	1
3027	1
3037	1
3040	1
3060	1
3065	1
3066	1
3068	1
3084	1
3085	1
3093	1
3095	1
3124	1
3127	1
3128	1
3132	1
3162	1
3171	1
3189	1
3191	1
3200	1
3202	1
3214	1
3219	1
3220	1
3247	1
3250	1
3257	1
3262	1
3269	1
3277	1
3289	1
3292	1
3300	1
3301	1
3315	1
3316	1
3327	1
3331	1
3355	1
3357	1
3360	1
3361	1
3376	1
3381	1
3421	1
3429	1
3438	1
3457	1
3472	1
3490	1
3491	1
3503	1
3511	1
3527	1
3530	1
3531	1
3539	1
3549	1
3557	1
3567	1
3571	1
3590	1
3592	1
3598	1
3602	1
3609	1
3611	1
3642	1
3650	1
3655	1
3656	1
3674	1
3731	1
3733	1
3741	1
3745	1
3750	1
3753	1
3755	1
3759	1
3760	1
3762	1
3770	1
3784	1
3785	1
3788	1
3798	1
3817	1
3826	1
3833	1
3839	1
3843	1
3853	1
3864	1
3867	1
3869	1
3871	1
3874	1
3951	1
3956	1
3966	1
3972	1
3973	1
3975	1
3976	1
3982	1
3990	1
4004	1
4009	1
4011	1
4020	1
4023	1
4027	1
4034	1
4036	1
4042	1
4047	1
4055	1
4060	1
4075	1
4078	1
4080	1
4083	1
4101	1
4112	1
4115	1
4117	1
4120	1
4134	1
4144	1
4151	1
4153	1
4155	1
4161	1
4162	1
4173	1
4175	1
4189	1
4191	1
4198	1
4215	1
4219	1
4220	1
4233	1
4294	1
4298	1
4308	1
4311	1
4312	1
4320	1
4329	1
4332	1
4339	1
4347	1
4349	1
4359	1
4370	1
4372	1
4389	1
4392	1
4394	1
4395	1
4398	1
4411	1
4427	1
4430	1
4432	1
4449	1
4451	1
4459	1
4471	1
4477	1
4503	1
4505	1
4508	1
4515	1
4533	1
4549	1
4551	1
4560	1
4563	1
4583	1
4584	1
4594	1
4601	1
4606	1
4607	1
4626	1
4638	1
4667	1
4668	1
4669	1
4670	1
4694	1
4695	1
4708	1
4721	1
4726	1
4729	1
4751	1
4754	1
4789	1
4810	1
4818	1
4823	1
4827	1
4834	1
4847	1
4853	1
4869	1
4880	1
4885	1
4887	1
4925	1
4928	1
4931	1
4937	1
4976	1
4984	1
4997	1
5004	1
5016	1
5019	1
5027	1
5046	1
5050	1
5055	1
5056	1
5059	1
5074	1
5075	1
5077	1
5081	1
5097	1
5114	1
5164	1
5181	1
5194	1
5196	1
5213	1
5220	1
5222	1
5236	1
5276	1
5294	1
5295	1
5309	1
5317	1
5334	1
5340	1
5377	1
5381	1
5385	1
5402	1
5423	1
5429	1
5432	1
5440	1
5456	1
5462	1
5472	1
5484	1
5516	1
5535	1
5540	1
5554	1
5566	1
5584	1
5587	1
5592	1
5596	1
5598	1
5614	1
5621	1
5633	1
5651	1
5661	1
5676	1
5686	1
5701	1
5724	1
5734	1
5776	1
5778	1
5784	1
5790	1
5815	1
5821	1
5842	1
5864	1
5878	1
5879	1
5885	1
5938	1
5940	1
5998	1
6013	1
6017	1
6031	1
6047	1
6071	1
6074	1
6097	1
6098	1
6119	1
6128	1
6148	1
6158	1
6196	1
6204	1
6238	1
6282	1
6284	1
6303	1
6308	1
6314	1
6334	1
6337	1
6345	1
6346	1
6349	1
6364	1
6370	1
6388	1
6389	1
6396	1
6423	1
6432	1
6438	1
6443	1
6453	1
6476	1
6530	1
6533	1
6550	1
6555	1
6570	1
6585	1
6619	1
6621	1
6632	1
6640	1
6642	1
6658	1
6694	1
6709	1
6730	1
6754	1
6766	1
6804	1
6820	1
6842	1
6855	1
6858	1
6888	1
6927	1
6942	1
6984	1
7045	1
7046	1
7047	1
7079	1
7083	1
7100	1
7111	1
7125	1
7135	1
7150	1
7203	1
7206	1
7213	1
7238	1
7246	1
7319	1
7349	1
7387	1
7426	1
7442	1
7454	1
7531	1
7580	1
7591	1
7648	1
7676	1
7710	1
7736	1
7840	1
7854	1
7957	1
7966	1
7969	1
7973	1
7990	1
8034	1
8053	1
8079	1
8151	1
8519	1
8783	1
8813	1
