405
15000
3013	1
3021	1
3025	1
3031	1
3037	1
3052	1
3055	1
3058	1
3062	1
3085	1
3088	1
3091	1
3094	1
3101	1
3102	1
3103	1
3123	1
3125	1
3128	1
3131	1
3154	1
3166	1
3172	1
3176	1
3178	1
3197	1
3198	1
3201	1
3204	1
3224	1
3233	1
3235	1
3251	1
3255	1
3259	1
3264	1
3268	1
3269	1
3278	1
3283	1
3287	1
3303	1
3305	1
3316	1
3324	1
3339	1
3350	1
3355	1
3366	1
3371	1
3385	1
3399	1
3405	1
3406	1
3413	1
3426	1
3430	1
3431	1
3441	1
3445	1
3465	1
3471	1
3474	1
3477	1
3497	1
3501	1
3516	1
3525	1
3526	1
3527	1
3530	1
3534	1
3539	1
3548	1
3549	1
3551	1
3574	1
3587	1
3592	1
3593	1
3594	1
3596	1
3600	1
3607	1
3615	1
3627	1
3634	1
3651	1
3663	1
3666	1
3673	1
3675	1
3710	1
3713	1
3744	1
3749	1
3752	1
3760	1
3795	1
3798	1
3822	1
3830	1
3836	1
3846	1
3854	1
3856	1
3876	1
3877	1
3886	1
3896	1
3899	1
3902	1
3908	1
3915	1
3919	1
3927	1
3936	1
3937	1
3941	1
3943	1
3952	1
3968	1
3978	1
3988	1
4000	1
4002	1
4018	1
4024	1
4029	1
4041	1
4046	1
4047	1
4048	1
4063	1
4064	1
4067	1
4075	1
4085	1
4088	1
4101	1
4111	1
4150	1
4156	1
4157	1
4158	1
4162	1
4166	1
4171	1
4175	1
4180	1
4181	1
4199	1
4222	1
4268	1
4284	1
4287	1
4298	1
4316	1
4329	1
4341	1
4364	1
4366	1
4380	1
4383	1
4399	1
4407	1
4411	1
4418	1
4422	1
4460	1
4473	1
4481	1
4482	1
4484	1
4502	1
4511	1
4513	1
4542	1
4552	1
4555	1
4558	1
4564	1
4578	1
4584	1
4586	1
4587	1
4596	1
4602	1
4603	1
4612	1
4641	1
4646	1
4648	1
4705	1
4716	1
4719	1
4729	1
4735	1
4744	1
4756	1
4769	1
4784	1
4822	1
4836	1
4850	1
4855	1
4858	1
4860	1
4865	1
4874	1
4880	1
4903	1
4911	1
4926	1
4931	1
4937	1
4957	1
5001	1
5008	1
5017	1
5025	1
5028	1
5029	1
5037	1
5045	1
5052	1
5082	1
5083	1
5102	1
5103	1
5142	1
5163	1
5171	1
5180	1
5181	1
5188	1
5193	1
5198	1
5223	1
5239	1
5246	1
5249	1
5250	1
5260	1
5274	1
5281	1
5289	1
5294	1
5318	1
5323	1
5326	1
5330	1
5373	1
5374	1
5399	1
5405	1
5447	1
5451	1
5453	1
5473	1
5491	1
5494	1
5500	1
5506	1
5511	1
5519	1
5525	1
5528	1
5536	1
5539	1
5554	1
5561	1
5583	1
5590	1
5609	1
5626	1
5631	1
5639	1
5670	1
5675	1
5683	1
5723	1
5766	1
5770	1
5777	1
5784	1
5789	1
5791	1
5803	1
5845	1
5862	1
5867	1
5870	1
5872	1
5884	1
5897	1
5912	1
5915	1
5950	1
5966	1
6002	1
6027	1
6050	1
6055	1
6069	1
6076	1
6083	1
6102	1
6115	1
6124	1
6136	1
6147	1
6154	1
6161	1
6178	1
6185	1
6213	1
6220	1
6223	1
6225	1
6235	1
6250	1
6251	1
6254	1
6280	1
6291	1
6312	1
6337	1
6376	1
6397	1
6403	1
6408	1
6435	1
6436	1
6458	1
6471	1
6486	1
6489	1
6499	1
6501	1
6513	1
6527	1
6537	1
6551	1
6570	1
6612	1
6616	1
6620	1
6658	1
6670	1
6689	1
6696	1
6704	1
6714	1
6757	1
6771	1
6876	1
6880	1
6924	1
6942	1
6945	1
6988	1
7000	1
7080	1
7117	1
7121	1
7129	1
7130	1
7227	1
7251	1
7269	1
7285	1
7347	1
7348	1
7351	1
7357	1
7373	1
7409	1
7414	1
7426	1
7463	1
7531	1
7553	1
7588	1
7644	1
7666	1
7674	1
7695	1
7727	1
7786	1
7789	1
7804	1
7813	1
7877	1
7897	1
7967	1
8201	1
8292	1
8301	1
8312	1
8364	1
8369	1
8377	1
8444	1
8722	1
