405
15000
3000	1
3001	1
3003	1
3025	1
3026	1
3036	1
3037	1
3039	1
3047	1
3053	1
3064	1
3094	1
3098	1
3099	1
3128	1
3130	1
3150	1
3152	1
3156	1
3158	1
3159	1
3161	1
3171	1
3184	1
3195	1
3197	1
3207	1
3212	1
3225	1
3228	1
3234	1
3236	1
3242	1
3247	1
3249	1
3253	1
3255	1
3267	1
3294	1
3302	1
3306	1
3309	1
3312	1
3319	1
3320	1
3323	1
3341	1
3355	1
3379	1
3386	1
3397	1
3399	1
3404	1
3411	1
3414	1
3416	1
3418	1
3422	1
3437	1
3450	1
3458	1
3467	1
3481	1
3488	1
3497	1
3499	1
3506	1
3508	1
3510	1
3513	1
3522	1
3526	1
3530	1
3546	1
3552	1
3561	1
3577	1
3587	1
3593	1
3596	1
3599	1
3612	1
3622	1
3626	1
3644	1
3646	1
3651	1
3660	1
3663	1
3665	1
3683	1
3699	1
3704	1
3712	1
3725	1
3728	1
3739	1
3740	1
3746	1
3751	1
3763	1
3765	1
3777	1
3783	1
3799	1
3816	1
3823	1
3827	1
3835	1
3839	1
3857	1
3861	1
3868	1
3881	1
3884	1
3911	1
3915	1
3918	1
3934	1
3942	1
3946	1
3956	1
3962	1
3970	1
3972	1
3975	1
3982	1
3987	1
4000	1
4008	1
4013	1
4015	1
4026	1
4029	1
4046	1
4053	1
4057	1
4069	1
4085	1
4107	1
4115	1
4119	1
4123	1
4131	1
4139	1
4141	1
4156	1
4184	1
4206	1
4208	1
4211	1
4226	1
4227	1
4238	1
4246	1
4254	1
4257	1
4271	1
4276	1
4283	1
4284	1
4300	1
4311	1
4314	1
4320	1
4324	1
4326	1
4365	1
4367	1
4371	1
4372	1
4378	1
4383	1
4402	1
4416	1
4419	1
4420	1
4424	1
4437	1
4439	1
4466	1
4479	1
4481	1
4482	1
4501	1
4507	1
4510	1
4533	1
4571	1
4593	1
4594	1
4608	1
4617	1
4636	1
4644	1
4667	1
4671	1
4678	1
4684	1
4696	1
4699	1
4700	1
4703	1
4717	1
4729	1
4734	1
4740	1
4742	1
4743	1
4745	1
4746	1
4747	1
4758	1
4759	1
4789	1
4795	1
4804	1
4822	1
4828	1
4837	1
4864	1
4865	1
4869	1
4873	1
4886	1
4909	1
4922	1
4928	1
4941	1
4956	1
4974	1
4980	1
4982	1
4987	1
4998	1
5019	1
5020	1
5034	1
5037	1
5052	1
5055	1
5068	1
5069	1
5097	1
5113	1
5120	1
5122	1
5131	1
5142	1
5155	1
5158	1
5185	1
5239	1
5252	1
5254	1
5257	1
5282	1
5326	1
5336	1
5346	1
5402	1
5432	1
5443	1
5453	1
5467	1
5472	1
5479	1
5484	1
5486	1
5525	1
5530	1
5533	1
5536	1
5562	1
5577	1
5599	1
5604	1
5624	1
5636	1
5643	1
5646	1
5667	1
5691	1
5710	1
5724	1
5774	1
5816	1
5851	1
5867	1
5882	1
5883	1
5887	1
5922	1
5927	1
5953	1
5955	1
5957	1
5990	1
5993	1
6009	1
6033	1
6051	1
6052	1
6062	1
6099	1
6102	1
6103	1
6115	1
6119	1
6121	1
6137	1
6159	1
6182	1
6189	1
6208	1
6280	1
6315	1
6317	1
6336	1
6348	1
6368	1
6379	1
6389	1
6450	1
6469	1
6470	1
6472	1
6483	1
6485	1
6500	1
6532	1
6579	1
6597	1
6643	1
6676	1
6679	1
6684	1
6724	1
6730	1
6747	1
6796	1
6823	1
6919	1
6924	1
6934	1
6939	1
6991	1
6999	1
7013	1
7020	1
7030	1
7055	1
7062	1
7084	1
7095	1
7098	1
7099	1
7110	1
7112	1
7127	1
7133	1
7152	1
7190	1
7198	1
7201	1
7204	1
7208	1
7251	1
7261	1
7307	1
7358	1
7359	1
7386	1
7407	1
7423	1
7430	1
7434	1
7456	1
7500	1
7503	1
7513	1
7518	1
7530	1
7537	1
7547	1
7569	1
7582	1
7628	1
7727	1
7778	1
7882	1
7952	1
7982	1
8069	1
8075	1
8098	1
8216	1
8246	1
8308	1
8470	1
8527	1
8576	1
8707	1
8725	1
8811	1
