405
15000
3029	1
3034	1
3042	1
3043	1
3050	1
3055	1
3074	1
3076	1
3077	1
3082	1
3087	1
3090	1
3120	1
3124	1
3136	1
3144	1
3152	1
3154	1
3162	1
3164	1
3166	1
3168	1
3174	1
3175	1
3181	1
3202	1
3209	1
3221	1
3236	1
3245	1
3252	1
3255	1
3269	1
3276	1
3280	1
3283	1
3297	1
3323	1
3330	1
3343	1
3347	1
3355	1
3367	1
3371	1
3387	1
3388	1
3389	1
3394	1
3399	1
3404	1
3415	1
3420	1
3422	1
3434	1
3462	1
3510	1
3513	1
3541	1
3545	1
3550	1
3561	1
3564	1
3574	1
3576	1
3595	1
3597	1
3608	1
3624	1
3628	1
3639	1
3657	1
3661	1
3715	1
3730	1
3739	1
3750	1
3753	1
3762	1
3770	1
3774	1
3775	1
3779	1
3797	1
3814	1
3822	1
3823	1
3830	1
3842	1
3865	1
3871	1
3883	1
3889	1
3891	1
3892	1
3913	1
3917	1
3921	1
3924	1
3929	1
3932	1
3936	1
3951	1
3956	1
3961	1
3968	1
3969	1
3971	1
3975	1
3981	1
3985	1
3993	1
4011	1
4046	1
4052	1
4060	1
4068	1
4071	1
4073	1
4080	1
4089	1
4106	1
4109	1
4138	1
4144	1
4151	1
4154	1
4179	1
4198	1
4199	1
4201	1
4205	1
4217	1
4218	1
4222	1
4227	1
4229	1
4237	1
4245	1
4255	1
4259	1
4261	1
4268	1
4274	1
4282	1
4286	1
4295	1
4307	1
4326	1
4327	1
4329	1
4348	1
4357	1
4363	1
4369	1
4371	1
4398	1
4411	1
4416	1
4419	1
4433	1
4437	1
4444	1
4456	1
4461	1
4465	1
4468	1
4480	1
4483	1
4493	1
4495	1
4497	1
4503	1
4507	1
4509	1
4516	1
4530	1
4532	1
4552	1
4555	1
4557	1
4567	1
4576	1
4581	1
4589	1
4597	1
4603	1
4618	1
4640	1
4655	1
4667	1
4673	1
4682	1
4687	1
4696	1
4698	1
4699	1
4706	1
4707	1
4712	1
4726	1
4749	1
4759	1
4765	1
4768	1
4775	1
4782	1
4785	1
4787	1
4793	1
4794	1
4810	1
4822	1
4827	1
4828	1
4833	1
4842	1
4852	1
4874	1
4887	1
4890	1
4902	1
4905	1
4907	1
4910	1
4925	1
4930	1
4931	1
4936	1
4939	1
4940	1
4951	1
4952	1
4962	1
4967	1
5002	1
5019	1
5028	1
5033	1
5035	1
5057	1
5063	1
5111	1
5113	1
5121	1
5136	1
5139	1
5176	1
5185	1
5188	1
5237	1
5254	1
5264	1
5281	1
5299	1
5300	1
5315	1
5321	1
5380	1
5383	1
5384	1
5390	1
5422	1
5445	1
5452	1
5480	1
5490	1
5501	1
5502	1
5507	1
5522	1
5531	1
5538	1
5572	1
5575	1
5599	1
5600	1
5615	1
5616	1
5645	1
5657	1
5659	1
5662	1
5686	1
5690	1
5722	1
5730	1
5756	1
5778	1
5806	1
5830	1
5833	1
5840	1
5872	1
5889	1
5897	1
5902	1
5920	1
5939	1
5941	1
5960	1
5985	1
5996	1
5998	1
6000	1
6035	1
6048	1
6057	1
6072	1
6087	1
6101	1
6105	1
6127	1
6142	1
6157	1
6163	1
6186	1
6190	1
6196	1
6209	1
6215	1
6219	1
6223	1
6247	1
6260	1
6297	1
6321	1
6333	1
6340	1
6363	1
6368	1
6376	1
6396	1
6412	1
6433	1
6438	1
6464	1
6468	1
6482	1
6501	1
6504	1
6520	1
6538	1
6549	1
6550	1
6571	1
6595	1
6598	1
6649	1
6660	1
6666	1
6718	1
6724	1
6741	1
6753	1
6768	1
6791	1
6806	1
6817	1
6819	1
6851	1
6855	1
6881	1
6885	1
6925	1
7004	1
7012	1
7031	1
7040	1
7043	1
7066	1
7073	1
7079	1
7099	1
7138	1
7144	1
7150	1
7153	1
7154	1
7193	1
7199	1
7238	1
7272	1
7301	1
7310	1
7332	1
7368	1
7396	1
7420	1
7491	1
7500	1
7502	1
7573	1
7611	1
7649	1
7720	1
7762	1
7876	1
7967	1
8002	1
8080	1
8224	1
8333	1
8542	1
8567	1
8641	1
