404
15000
3004	1
3014	1
3022	1
3033	1
3034	1
3035	1
3036	1
3042	1
3059	1
3062	1
3065	1
3066	1
3069	1
3071	1
3072	1
3079	1
3084	1
3090	1
3097	1
3099	1
3112	1
3131	1
3152	1
3153	1
3173	1
3174	1
3176	1
3184	1
3187	1
3188	1
3189	1
3195	1
3203	1
3214	1
3215	1
3238	1
3245	1
3246	1
3256	1
3272	1
3278	1
3279	1
3290	1
3304	1
3306	1
3331	1
3337	1
3350	1
3363	1
3369	1
3378	1
3379	1
3384	1
3396	1
3408	1
3418	1
3438	1
3452	1
3455	1
3464	1
3466	1
3481	1
3482	1
3489	1
3494	1
3497	1
3510	1
3511	1
3513	1
3516	1
3530	1
3531	1
3540	2
3541	1
3582	1
3599	1
3604	1
3606	1
3618	1
3629	1
3631	1
3633	1
3645	1
3659	1
3660	1
3669	1
3684	1
3695	1
3699	1
3714	1
3722	1
3725	1
3727	1
3748	1
3751	1
3753	1
3784	1
3791	1
3794	1
3798	1
3799	1
3805	1
3810	1
3816	1
3826	1
3843	1
3849	1
3851	1
3859	1
3869	1
3872	1
3877	1
3880	1
3883	1
3889	1
3894	1
3922	1
3934	1
3937	1
3944	1
3949	1
3955	1
3962	1
3981	1
3988	1
3991	1
3992	1
3995	1
4008	1
4024	1
4025	1
4033	1
4057	1
4064	1
4065	1
4067	1
4079	1
4085	1
4125	1
4147	1
4154	1
4180	1
4189	1
4209	1
4224	1
4226	1
4229	1
4249	1
4251	1
4268	1
4276	1
4280	1
4286	1
4302	1
4307	1
4310	1
4314	1
4319	1
4323	1
4332	1
4348	1
4368	1
4374	1
4390	1
4408	1
4423	1
4442	1
4452	1
4467	1
4468	1
4482	1
4488	1
4491	1
4492	1
4505	1
4507	1
4514	1
4517	1
4545	1
4546	1
4552	1
4560	1
4562	1
4571	1
4581	1
4588	1
4601	1
4602	1
4606	1
4628	1
4642	1
4647	1
4654	1
4673	1
4678	1
4690	1
4707	1
4714	1
4757	1
4759	1
4765	1
4769	1
4774	1
4783	1
4793	1
4798	1
4813	1
4828	1
4835	1
4837	1
4853	1
4869	1
4878	1
4897	1
4904	1
4917	1
4923	1
4932	1
4936	1
4977	1
4979	1
4999	1
5000	1
5003	1
5005	1
5007	1
5035	1
5040	1
5094	1
5100	1
5119	1
5121	1
5146	1
5147	1
5167	1
5169	1
5174	1
5199	1
5217	1
5234	1
5236	1
5251	1
5252	1
5258	1
5262	1
5267	1
5275	1
5294	1
5305	1
5338	1
5352	1
5363	1
5368	1
5369	1
5376	1
5379	1
5380	1
5381	1
5393	1
5394	1
5409	1
5414	1
5419	1
5427	1
5451	1
5456	1
5461	1
5473	1
5478	1
5488	1
5495	1
5502	1
5515	1
5525	1
5528	1
5541	1
5553	1
5557	1
5570	1
5572	1
5578	1
5610	1
5627	1
5647	1
5659	1
5668	1
5684	1
5704	1
5709	1
5768	1
5769	1
5847	1
5866	1
5873	1
5874	1
5907	1
5914	1
5933	1
5939	1
5952	1
5954	1
6009	1
6043	1
6077	1
6079	1
6085	1
6112	1
6132	1
6135	1
6140	1
6152	1
6192	1
6213	1
6224	1
6228	1
6254	1
6261	1
6270	1
6278	1
6281	1
6330	1
6344	1
6349	1
6352	1
6360	1
6374	1
6378	1
6431	1
6448	1
6453	1
6460	1
6463	1
6489	1
6502	1
6506	1
6513	1
6518	1
6527	1
6541	1
6546	1
6566	1
6588	1
6595	1
6607	1
6639	1
6657	1
6689	1
6742	1
6747	1
6761	1
6827	1
6880	1
6889	1
6891	1
6942	1
6964	1
6977	1
7032	1
7060	1
7081	1
7147	1
7159	1
7215	1
7259	1
7260	1
7267	1
7269	1
7275	1
7290	1
7302	1
7314	1
7333	1
7350	1
7390	1
7420	1
7436	1
7511	1
7524	1
7650	1
7661	1
7695	1
7697	1
7709	1
7733	1
7812	1
7833	1
7852	1
7855	1
7905	1
7920	1
7923	1
7933	1
7936	1
7953	1
7959	1
7978	1
7985	1
8090	1
8140	1
8230	1
8466	1
8568	1
8689	1
8925	1
