405
15000
3008	1
3020	1
3024	1
3031	1
3044	1
3045	1
3057	1
3058	1
3076	1
3106	1
3109	1
3111	1
3114	1
3118	1
3123	1
3132	1
3133	1
3138	1
3143	1
3146	1
3162	1
3170	1
3171	1
3174	1
3178	1
3185	1
3186	1
3198	1
3204	1
3209	1
3221	1
3222	1
3228	1
3237	1
3245	1
3247	1
3249	1
3257	1
3265	1
3266	1
3270	1
3274	1
3279	1
3291	1
3294	1
3301	1
3303	1
3310	1
3324	1
3327	1
3337	1
3338	1
3347	1
3359	1
3368	1
3381	1
3384	1
3385	1
3392	1
3393	1
3399	1
3405	1
3410	1
3424	1
3443	1
3446	1
3447	1
3456	1
3468	1
3474	1
3483	1
3485	1
3492	1
3494	1
3504	1
3516	1
3536	1
3554	1
3555	1
3557	1
3562	1
3564	1
3584	1
3587	1
3590	1
3610	1
3613	1
3617	1
3625	1
3633	1
3641	1
3644	1
3645	1
3646	1
3648	1
3652	1
3667	1
3672	1
3675	1
3687	1
3694	1
3699	1
3708	1
3750	1
3752	1
3777	1
3787	1
3789	1
3793	1
3820	1
3824	1
3838	1
3848	1
3852	1
3854	1
3868	1
3870	1
3889	1
3893	1
3904	1
3909	1
3912	1
3932	1
3934	1
3938	1
3949	1
3987	1
3990	1
4000	1
4003	1
4005	1
4006	1
4023	1
4025	1
4038	1
4055	1
4058	1
4063	1
4065	1
4066	1
4075	1
4079	1
4083	1
4095	1
4105	1
4113	1
4118	1
4135	1
4178	1
4182	1
4195	1
4198	1
4208	1
4213	1
4218	1
4219	1
4234	1
4243	1
4264	1
4272	1
4281	1
4290	1
4306	1
4307	1
4327	1
4329	1
4348	1
4350	1
4357	1
4362	1
4384	1
4386	1
4387	1
4401	1
4421	1
4422	1
4424	1
4430	1
4449	1
4450	1
4459	1
4464	1
4473	1
4494	1
4519	1
4520	1
4527	1
4533	1
4534	1
4555	1
4558	1
4559	1
4571	1
4577	1
4609	1
4630	1
4634	1
4638	1
4645	1
4656	1
4662	1
4681	1
4696	1
4728	1
4736	1
4752	1
4769	1
4790	1
4791	1
4795	1
4797	1
4803	1
4825	1
4827	1
4842	1
4883	1
4886	1
4891	1
4899	1
4915	1
4932	1
4937	1
4941	1
4971	1
4978	1
5012	1
5042	1
5055	1
5084	1
5089	1
5093	1
5101	1
5116	1
5131	1
5161	1
5163	1
5165	1
5177	1
5178	1
5192	1
5218	1
5219	1
5227	1
5238	1
5242	1
5247	1
5260	1
5262	1
5267	1
5284	1
5299	1
5302	1
5322	1
5344	1
5352	1
5358	1
5367	1
5373	1
5380	1
5391	1
5392	1
5408	1
5423	1
5444	1
5467	1
5478	1
5487	1
5490	1
5494	1
5497	1
5507	1
5533	1
5557	1
5586	1
5605	1
5606	1
5628	1
5642	1
5687	1
5693	1
5696	1
5712	1
5723	1
5729	1
5736	1
5761	1
5791	1
5800	1
5827	1
5840	1
5855	1
5891	1
5900	1
5908	1
5914	1
5920	1
5923	1
5924	1
5952	1
5954	1
5973	1
5982	1
6022	1
6026	1
6030	1
6033	1
6044	1
6056	1
6060	1
6061	1
6064	1
6090	1
6106	1
6129	1
6132	1
6208	1
6256	1
6263	1
6276	1
6291	1
6296	1
6318	1
6342	1
6362	1
6386	1
6392	1
6395	1
6448	1
6456	1
6458	1
6460	1
6482	1
6532	1
6533	1
6549	1
6571	1
6604	1
6610	1
6614	1
6620	1
6652	1
6763	1
6784	1
6796	1
6797	1
6812	1
6824	1
6828	1
6862	1
6885	1
6892	1
6894	1
6896	1
6914	1
6974	1
7010	1
7023	1
7035	1
7070	1
7071	1
7094	1
7105	1
7250	1
7309	1
7311	1
7344	1
7357	1
7430	1
7440	1
7458	1
7508	1
7509	1
7535	1
7598	1
7616	1
7624	1
7647	1
7649	1
7654	1
7659	1
7745	1
7747	1
7754	1
7764	1
7801	1
7808	1
7878	1
7881	1
7956	1
7957	1
7967	1
8007	1
8072	1
8091	1
8217	1
8257	1
8278	1
8287	1
8351	1
8371	1
8396	1
8405	1
8443	1
8505	1
8898	1
