405
15000
3000	1
3001	1
3044	1
3047	1
3073	1
3075	1
3076	1
3084	1
3092	1
3127	1
3132	1
3134	1
3136	1
3141	1
3176	1
3177	1
3182	1
3191	1
3192	1
3197	1
3200	1
3202	1
3205	1
3219	1
3228	1
3250	1
3257	1
3264	1
3275	1
3277	1
3287	1
3290	1
3296	1
3300	1
3314	1
3325	1
3334	1
3340	1
3370	1
3373	1
3385	1
3389	1
3390	1
3391	1
3395	1
3405	1
3426	1
3429	1
3433	1
3439	1
3442	1
3456	1
3462	1
3476	1
3481	1
3482	1
3499	1
3508	1
3510	1
3520	1
3525	1
3539	1
3541	1
3550	1
3554	1
3558	1
3566	1
3569	1
3579	1
3597	1
3598	1
3608	1
3621	1
3627	1
3632	1
3634	1
3635	1
3664	1
3682	1
3684	1
3687	1
3691	1
3697	1
3711	1
3714	1
3719	1
3725	1
3726	1
3734	1
3737	1
3749	1
3751	1
3754	1
3755	1
3764	1
3783	1
3802	1
3809	1
3825	1
3831	1
3832	1
3850	1
3863	1
3867	1
3869	1
3892	1
3893	1
3928	1
3931	1
3935	1
3936	1
3968	1
3974	1
3981	1
3988	1
3992	1
4004	1
4008	1
4021	1
4026	1
4028	1
4031	1
4035	1
4038	1
4046	1
4067	1
4084	1
4094	1
4108	1
4110	1
4118	1
4134	1
4135	1
4137	1
4152	1
4158	1
4160	1
4165	1
4169	1
4179	1
4200	1
4212	1
4234	1
4252	1
4253	1
4259	1
4260	1
4273	1
4275	1
4278	1
4284	1
4289	1
4291	1
4319	1
4323	1
4342	1
4353	1
4360	1
4362	1
4375	1
4377	1
4378	1
4388	1
4393	1
4394	1
4416	1
4420	1
4434	1
4446	1
4448	1
4449	1
4455	1
4488	1
4490	1
4499	1
4533	1
4534	1
4543	1
4549	1
4552	1
4565	1
4569	1
4573	1
4583	1
4585	1
4594	1
4598	1
4605	1
4612	1
4617	1
4618	1
4622	1
4631	1
4633	1
4635	1
4637	1
4642	1
4689	1
4694	1
4705	1
4710	1
4713	1
4718	1
4744	1
4747	1
4757	1
4774	1
4778	1
4779	1
4793	1
4801	1
4805	1
4834	1
4840	1
4841	1
4852	1
4861	1
4873	1
4882	1
4897	1
4899	1
4922	1
4936	1
4969	1
4995	1
4998	1
5018	1
5021	1
5023	1
5025	1
5029	1
5042	1
5043	1
5046	1
5057	1
5096	1
5098	1
5100	1
5102	1
5114	1
5130	1
5140	1
5147	1
5148	1
5153	1
5165	1
5173	1
5174	1
5187	1
5196	1
5250	1
5256	1
5271	1
5281	1
5291	1
5320	1
5329	1
5359	1
5360	1
5399	1
5418	1
5419	1
5420	1
5422	1
5449	1
5455	1
5459	1
5475	1
5478	1
5508	1
5521	1
5542	1
5561	1
5562	1
5564	1
5567	1
5574	1
5610	1
5615	1
5624	1
5625	1
5681	1
5708	1
5709	1
5712	1
5742	1
5748	1
5750	1
5757	1
5794	1
5813	1
5817	1
5819	1
5823	1
5824	1
5828	1
5833	1
5835	1
5841	1
5843	1
5851	1
5860	1
5877	1
5896	1
5897	1
5906	1
5915	1
5930	1
5983	1
6011	1
6019	1
6037	1
6042	1
6046	1
6052	1
6060	1
6074	1
6122	1
6142	1
6144	1
6172	1
6211	1
6217	1
6304	1
6328	1
6354	1
6371	1
6403	1
6425	1
6442	1
6474	1
6489	1
6514	1
6516	1
6527	1
6552	1
6580	1
6585	1
6614	1
6648	1
6652	1
6678	1
6686	1
6718	1
6720	1
6731	1
6743	1
6771	1
6779	1
6790	1
6805	1
6830	1
6848	1
6878	1
6883	1
6892	1
6893	1
6898	1
6904	1
6919	1
6933	1
6972	1
6978	1
6982	1
7004	1
7005	1
7015	1
7017	1
7026	1
7073	1
7103	1
7119	1
7126	1
7148	1
7290	1
7306	1
7350	1
7402	1
7434	1
7443	1
7476	1
7482	1
7564	1
7579	1
7589	1
7600	1
7617	1
7630	1
7654	1
7724	1
7755	1
7761	1
7808	1
7848	1
7973	1
7989	1
8069	1
8083	1
8084	1
8108	1
8486	1
8531	1
8730	1
8748	1
8751	1
