405
15000
3001	1
3014	1
3027	1
3029	1
3037	1
3039	1
3050	1
3051	1
3063	1
3064	1
3066	1
3083	1
3087	1
3119	1
3128	1
3150	1
3157	1
3159	1
3161	1
3172	1
3198	1
3211	1
3241	1
3248	1
3263	1
3278	1
3281	1
3287	1
3299	1
3309	1
3314	1
3325	1
3330	1
3341	1
3348	1
3356	1
3358	1
3362	1
3369	1
3379	1
3385	1
3386	1
3392	1
3394	1
3398	1
3399	1
3406	1
3408	1
3424	1
3426	1
3437	1
3444	1
3448	1
3457	1
3462	1
3472	1
3473	1
3482	1
3498	1
3499	1
3517	1
3524	1
3532	1
3538	1
3559	1
3561	1
3566	1
3568	1
3570	1
3584	1
3592	1
3601	1
3602	1
3613	1
3645	1
3646	1
3649	1
3650	1
3652	1
3658	1
3672	1
3684	1
3688	1
3690	1
3694	1
3707	1
3710	1
3712	1
3713	1
3724	1
3725	1
3728	1
3736	1
3741	1
3746	1
3753	1
3774	1
3782	1
3791	1
3796	1
3806	1
3807	1
3823	1
3831	1
3834	1
3842	1
3846	1
3856	1
3857	1
3885	1
3886	1
3897	1
3904	1
3910	1
3916	1
3923	1
3927	1
3934	1
3939	1
3944	1
3947	1
3951	1
3957	1
3978	1
3979	1
3980	1
4004	1
4007	1
4017	1
4026	1
4033	1
4041	1
4054	1
4060	1
4064	1
4071	1
4077	1
4079	1
4097	1
4106	1
4109	1
4120	1
4132	1
4136	1
4141	1
4150	1
4163	1
4173	1
4174	1
4232	1
4237	1
4238	1
4254	1
4257	1
4263	1
4274	1
4282	1
4284	1
4286	1
4289	1
4338	1
4342	1
4343	1
4377	1
4378	1
4391	1
4392	1
4406	1
4409	1
4430	1
4433	1
4451	1
4455	1
4462	1
4463	1
4473	1
4479	1
4493	1
4511	1
4522	1
4536	1
4561	1
4567	1
4568	1
4575	1
4582	1
4597	1
4642	1
4649	1
4655	1
4659	1
4673	1
4701	1
4732	1
4736	1
4741	1
4747	1
4758	1
4809	1
4816	1
4831	1
4842	1
4862	1
4880	1
4883	1
4897	1
4916	1
4918	1
4920	1
4944	1
4954	1
4957	1
4959	1
4968	1
4970	1
4974	1
4981	1
4984	1
4992	1
4996	1
5006	1
5018	1
5061	1
5076	1
5082	1
5088	1
5095	1
5103	1
5118	1
5125	1
5126	1
5148	1
5154	1
5167	1
5171	1
5177	1
5180	1
5186	1
5202	1
5210	1
5222	1
5226	1
5248	1
5251	1
5259	1
5260	1
5275	1
5299	1
5309	1
5325	1
5338	1
5340	1
5342	1
5345	1
5347	1
5349	1
5363	1
5368	1
5385	1
5389	1
5392	1
5402	1
5413	1
5441	1
5444	1
5459	1
5505	1
5515	1
5527	1
5535	1
5537	1
5549	1
5552	1
5565	1
5571	1
5572	1
5620	1
5632	1
5652	1
5676	1
5713	1
5716	1
5723	1
5735	1
5737	1
5745	1
5755	1
5760	1
5761	1
5763	1
5774	1
5778	1
5815	1
5826	1
5833	1
5892	1
5895	1
5914	1
5920	1
5933	1
5936	1
5940	1
5949	1
5966	1
5973	1
5975	1
5979	1
5984	1
6001	1
6005	1
6026	1
6028	1
6031	1
6041	1
6042	1
6047	1
6052	1
6058	1
6077	1
6091	1
6107	1
6122	1
6142	1
6174	1
6217	1
6266	1
6274	1
6282	1
6314	1
6325	1
6337	1
6366	1
6379	1
6380	1
6392	1
6400	1
6469	1
6543	1
6581	1
6588	1
6590	1
6602	1
6604	1
6609	1
6617	1
6677	1
6714	1
6751	1
6756	1
6778	1
6805	1
6820	1
6827	1
6881	1
6945	1
6955	1
6966	1
6972	1
6979	1
6980	1
6985	1
6989	1
6990	1
7008	1
7017	1
7032	1
7049	1
7054	1
7084	1
7087	1
7094	1
7101	1
7124	1
7228	1
7259	1
7267	1
7275	1
7322	1
7451	1
7527	1
7565	1
7599	1
7639	1
7648	1
7660	1
7687	1
7698	1
7719	1
7723	1
7754	1
7757	1
7795	1
7824	1
7853	1
7863	1
7909	1
7918	1
7958	1
8193	1
8246	1
8334	1
8458	1
8488	1
8491	1
8705	1
