405
15000
3001	1
3002	1
3015	1
3032	1
3037	1
3047	1
3050	1
3051	1
3055	1
3078	1
3081	1
3084	1
3092	1
3107	1
3121	1
3151	1
3170	1
3171	1
3182	1
3196	1
3197	1
3205	1
3214	1
3232	1
3262	1
3270	1
3276	1
3277	1
3313	1
3326	1
3329	1
3334	1
3336	1
3344	1
3361	1
3369	1
3376	1
3382	1
3398	1
3399	1
3405	1
3410	1
3412	1
3417	1
3426	1
3438	1
3452	1
3456	1
3469	1
3476	1
3492	1
3497	1
3507	1
3508	1
3513	1
3514	1
3527	1
3533	1
3538	1
3545	1
3552	1
3560	1
3563	1
3564	1
3565	1
3576	1
3584	1
3595	1
3612	1
3618	1
3639	1
3647	1
3650	1
3654	1
3664	1
3676	1
3707	1
3729	1
3761	1
3763	1
3776	1
3782	1
3790	1
3812	1
3814	1
3818	1
3821	1
3827	1
3851	1
3866	1
3872	1
3918	1
3919	1
3925	1
3927	1
3929	1
3941	1
3944	1
3966	1
3979	1
3981	1
3982	1
3989	1
4002	1
4003	1
4012	1
4032	1
4042	1
4046	1
4051	1
4067	1
4096	1
4097	1
4099	1
4103	1
4110	1
4111	1
4118	1
4119	1
4152	1
4153	1
4155	1
4162	1
4166	1
4179	1
4180	1
4183	1
4199	1
4207	1
4227	1
4245	1
4258	1
4259	1
4262	1
4273	1
4285	1
4295	1
4296	1
4297	1
4299	1
4301	1
4312	1
4315	1
4329	1
4356	1
4364	1
4365	1
4370	1
4386	1
4414	1
4420	1
4445	1
4450	1
4464	1
4471	1
4475	1
4477	1
4480	1
4490	1
4495	1
4497	1
4500	1
4502	1
4523	1
4534	1
4544	1
4550	1
4553	1
4557	1
4558	1
4560	1
4564	1
4566	1
4570	1
4577	1
4587	1
4600	1
4602	1
4631	1
4637	1
4639	1
4643	1
4669	1
4671	1
4679	1
4684	1
4687	1
4697	1
4698	1
4725	1
4726	1
4727	1
4729	1
4743	1
4745	1
4746	1
4748	1
4754	1
4761	1
4770	1
4774	1
4785	1
4791	1
4796	1
4820	1
4841	1
4847	1
4864	1
4882	1
4902	1
4903	1
4910	1
4925	1
4929	1
4946	1
4947	1
4965	1
4971	1
5005	1
5010	1
5012	1
5020	1
5024	1
5049	1
5059	1
5060	1
5062	1
5074	1
5124	1
5129	1
5135	1
5138	1
5145	1
5150	1
5157	1
5160	1
5190	1
5191	1
5225	1
5226	1
5260	1
5277	1
5282	1
5284	1
5289	1
5298	1
5303	1
5332	1
5345	1
5352	1
5355	1
5381	1
5413	1
5414	1
5417	1
5419	1
5420	1
5423	1
5461	1
5464	1
5500	1
5505	1
5506	1
5508	1
5513	1
5525	1
5546	1
5547	1
5552	1
5554	1
5569	1
5571	1
5578	1
5588	1
5589	1
5599	1
5603	1
5607	1
5626	1
5628	1
5643	1
5645	1
5668	1
5675	1
5680	1
5719	1
5722	1
5741	1
5746	1
5755	1
5780	1
5785	1
5805	1
5819	1
5834	1
5835	1
5854	1
5871	1
5883	1
5891	1
5908	1
5912	1
5943	1
5954	1
5973	1
5974	1
5991	1
5995	1
6001	1
6010	1
6016	1
6017	1
6033	1
6040	1
6042	1
6044	1
6045	1
6048	1
6067	1
6080	1
6086	1
6102	1
6103	1
6120	1
6150	1
6155	1
6158	1
6160	1
6173	1
6175	1
6194	1
6197	1
6204	1
6211	1
6263	1
6275	1
6280	1
6306	1
6358	1
6402	1
6405	1
6409	1
6415	1
6438	1
6443	1
6448	1
6450	1
6451	1
6452	1
6454	1
6485	1
6524	1
6528	1
6547	1
6563	1
6586	1
6610	1
6615	1
6644	1
6690	1
6737	1
6776	1
6822	1
6824	1
6846	1
6850	1
6861	1
6865	1
6885	1
6923	1
6926	1
6938	1
6957	1
7004	1
7020	1
7033	1
7037	1
7048	1
7088	1
7097	1
7102	1
7104	1
7133	1
7196	1
7208	1
7210	1
7282	1
7301	1
7329	1
7351	1
7358	1
7568	1
7573	1
7596	1
7622	1
7670	1
7766	1
7806	1
7829	1
8118	1
8144	1
8310	1
8392	1
8455	1
8783	1
