405
15000
3004	1
3008	1
3019	1
3022	1
3026	1
3028	1
3033	1
3038	1
3043	1
3057	1
3064	1
3065	1
3067	1
3079	1
3094	1
3095	1
3103	1
3107	1
3108	1
3127	1
3137	1
3139	1
3144	1
3159	1
3167	1
3175	1
3201	1
3207	1
3214	1
3217	1
3218	1
3226	1
3237	1
3242	1
3258	1
3268	1
3274	1
3275	1
3283	1
3298	1
3301	1
3303	1
3309	1
3337	1
3350	1
3369	1
3371	1
3376	1
3386	1
3403	1
3414	1
3420	1
3440	1
3446	1
3454	1
3468	1
3473	1
3510	1
3511	1
3519	1
3521	1
3528	1
3533	1
3534	1
3540	1
3551	1
3555	1
3574	1
3582	1
3587	1
3596	1
3597	1
3601	1
3607	1
3609	1
3611	1
3627	1
3643	1
3655	1
3666	1
3675	1
3685	1
3712	1
3728	1
3731	1
3739	1
3749	1
3755	1
3766	1
3771	1
3795	1
3800	1
3807	1
3815	1
3844	1
3846	1
3848	1
3871	1
3875	1
3876	1
3884	1
3898	1
3900	1
3901	1
3904	1
3906	1
3913	1
3920	1
3930	1
3940	1
3960	1
3962	1
3965	1
3968	1
3976	1
3980	1
3991	1
4000	1
4004	1
4018	1
4026	1
4036	1
4039	1
4044	1
4049	1
4056	1
4074	1
4080	1
4089	1
4104	1
4107	1
4113	1
4122	1
4134	1
4144	1
4148	1
4162	1
4171	1
4172	1
4173	1
4187	1
4189	1
4190	1
4200	1
4206	1
4220	1
4222	1
4226	1
4234	1
4237	1
4270	1
4271	1
4277	1
4286	1
4301	1
4303	1
4307	1
4315	1
4328	1
4341	1
4344	1
4387	1
4388	1
4398	1
4400	1
4408	1
4437	1
4447	1
4448	1
4459	1
4462	1
4471	1
4476	1
4480	1
4488	1
4503	1
4510	1
4520	1
4531	1
4534	1
4546	1
4551	1
4558	1
4559	1
4561	1
4570	1
4585	1
4595	1
4596	1
4611	1
4630	1
4635	1
4651	1
4652	1
4653	1
4662	1
4665	1
4668	1
4680	1
4681	1
4692	1
4696	1
4702	1
4703	1
4715	1
4718	1
4720	1
4731	1
4736	1
4759	1
4765	1
4766	1
4768	1
4775	1
4790	1
4792	1
4810	1
4821	1
4826	1
4836	1
4846	1
4848	1
4856	1
4857	1
4872	1
4873	1
4874	1
4876	1
4878	1
4892	1
4894	1
4915	1
4916	1
4940	1
4981	1
5011	1
5017	1
5022	1
5027	1
5032	1
5052	1
5074	1
5149	1
5150	1
5154	1
5182	1
5191	1
5201	1
5202	1
5237	1
5241	1
5250	1
5253	1
5258	1
5280	1
5284	1
5299	1
5312	1
5328	1
5335	1
5349	1
5352	1
5355	1
5359	1
5375	1
5376	1
5377	1
5420	1
5469	1
5476	1
5498	1
5504	1
5540	1
5544	1
5554	1
5612	1
5627	1
5628	1
5631	1
5636	1
5644	1
5648	1
5663	1
5740	1
5748	1
5768	1
5779	1
5801	1
5814	1
5822	1
5838	1
5859	1
5901	1
5905	1
5906	1
5917	1
5918	1
5952	1
5955	1
5984	1
5996	1
5997	1
5998	1
6028	1
6055	1
6072	1
6108	1
6112	1
6162	1
6171	1
6190	1
6195	1
6265	1
6301	1
6340	1
6352	1
6363	1
6367	1
6369	1
6373	1
6392	1
6397	1
6410	1
6428	1
6438	1
6444	1
6449	1
6450	1
6472	1
6513	1
6517	1
6521	1
6523	1
6556	1
6558	1
6568	1
6581	1
6603	1
6610	1
6611	1
6629	1
6667	1
6681	1
6714	1
6769	1
6817	1
6821	1
6823	1
6840	1
6849	1
6867	1
6887	1
6890	1
6910	1
6949	1
6952	1
6971	1
6984	1
7041	1
7050	1
7054	1
7056	1
7059	1
7075	1
7103	1
7108	1
7116	1
7117	1
7130	1
7179	1
7181	1
7193	1
7231	1
7286	1
7294	1
7305	1
7377	1
7383	1
7390	1
7431	1
7446	1
7458	1
7470	1
7481	1
7485	1
7486	1
7499	1
7512	1
7679	1
7746	1
7762	1
7858	1
7873	1
7884	1
7899	1
7937	1
8120	1
8167	1
8226	1
8233	1
8237	1
8260	1
8301	1
8453	1
8706	1
