405
15000
3003	1
3041	1
3046	1
3049	1
3057	1
3059	1
3061	1
3078	1
3079	1
3093	1
3096	1
3106	1
3131	1
3133	1
3137	1
3160	1
3169	1
3170	1
3183	1
3192	1
3194	1
3195	1
3204	1
3212	1
3219	1
3227	1
3232	1
3239	1
3250	1
3255	1
3269	1
3275	1
3276	1
3279	1
3288	1
3289	1
3291	1
3300	1
3304	1
3307	1
3313	1
3317	1
3320	1
3323	1
3327	1
3328	1
3333	1
3335	1
3336	1
3344	1
3347	1
3350	1
3366	1
3371	1
3375	1
3377	1
3399	1
3415	1
3427	1
3431	1
3433	1
3434	1
3437	1
3449	1
3458	1
3460	1
3463	1
3467	1
3475	1
3476	1
3480	1
3485	1
3489	1
3492	1
3503	1
3509	1
3539	1
3558	1
3559	1
3562	1
3563	1
3585	1
3604	1
3605	1
3611	1
3618	1
3619	1
3625	1
3630	1
3634	1
3638	1
3640	1
3659	1
3660	1
3661	1
3674	1
3679	1
3691	1
3698	1
3704	1
3712	1
3718	1
3725	1
3737	1
3745	1
3765	1
3775	1
3780	1
3795	1
3812	1
3844	1
3854	1
3857	1
3861	1
3862	1
3883	1
3888	1
3892	1
3896	1
3900	1
3908	1
3910	1
3912	1
3928	1
3941	1
3950	1
3964	1
3983	1
3984	1
3995	1
3997	1
3998	1
3999	1
4006	1
4014	1
4016	1
4019	1
4025	1
4035	1
4042	1
4043	1
4064	1
4068	1
4084	1
4102	1
4105	1
4112	1
4119	1
4125	1
4127	1
4135	1
4146	1
4151	1
4158	1
4159	1
4165	1
4170	1
4179	1
4180	1
4182	1
4183	1
4192	1
4196	1
4198	1
4222	1
4227	1
4236	1
4256	1
4280	1
4292	1
4297	1
4306	1
4318	1
4339	1
4347	1
4348	1
4352	1
4361	1
4378	1
4432	1
4436	1
4443	1
4479	1
4492	1
4501	1
4503	1
4505	1
4521	1
4533	1
4534	1
4591	1
4598	1
4609	1
4610	1
4624	1
4634	1
4648	1
4671	1
4689	1
4695	1
4712	1
4728	1
4742	1
4765	1
4814	1
4830	1
4843	1
4849	1
4857	1
4859	1
4873	1
4877	1
4914	1
4918	1
4934	1
4956	1
5012	1
5017	1
5033	1
5043	1
5071	1
5084	1
5087	1
5090	1
5114	1
5136	1
5142	1
5150	1
5156	1
5158	1
5162	1
5171	1
5180	1
5185	1
5217	1
5219	1
5222	1
5241	1
5254	1
5291	1
5307	1
5309	1
5318	1
5326	1
5347	1
5366	1
5370	1
5385	1
5389	1
5394	1
5407	1
5408	1
5427	1
5445	1
5454	1
5464	1
5469	1
5489	1
5490	1
5491	1
5494	1
5513	1
5520	1
5528	1
5540	1
5545	1
5546	1
5564	1
5578	1
5583	1
5586	1
5606	1
5610	1
5616	1
5624	1
5637	1
5638	1
5650	1
5674	1
5702	1
5707	1
5713	1
5745	1
5746	1
5752	1
5754	1
5791	1
5796	1
5814	1
5815	1
5836	1
5838	1
5847	1
5850	1
5862	1
5870	1
5886	1
5908	1
5922	1
5931	1
5932	1
5938	1
5940	1
5945	1
5949	1
5955	1
5972	1
5975	1
6018	1
6026	1
6053	1
6069	1
6073	1
6075	1
6078	1
6083	1
6086	1
6130	1
6133	1
6158	1
6160	1
6183	1
6185	1
6202	1
6227	1
6232	1
6239	1
6245	1
6368	1
6372	1
6388	1
6431	1
6442	1
6449	1
6557	1
6558	1
6575	1
6589	1
6591	1
6621	1
6629	1
6633	1
6636	1
6678	1
6683	1
6689	1
6705	1
6763	1
6782	1
6794	1
6816	1
6819	1
6837	1
6928	1
6930	1
6960	1
6962	1
7066	1
7092	1
7152	1
7172	1
7257	1
7261	1
7279	1
7280	1
7283	1
7307	1
7359	1
7370	1
7387	1
7429	1
7441	1
7489	1
7541	1
7553	1
7556	1
7565	1
7570	1
7581	1
7652	1
7698	1
7708	1
7790	1
7801	1
7811	1
7818	1
7824	1
7830	1
7876	1
7878	1
7938	1
7956	1
8007	1
8013	1
8074	1
8167	1
8210	1
8343	1
8417	1
8514	1
8517	1
8518	1
8528	1
8577	1
8616	1
