405
15000
3017	1
3041	1
3042	1
3044	1
3061	1
3079	1
3095	1
3104	1
3113	1
3117	1
3119	1
3132	1
3147	1
3154	1
3157	1
3161	1
3164	1
3168	1
3178	1
3188	1
3192	1
3197	1
3199	1
3202	1
3210	1
3214	1
3217	1
3220	1
3230	1
3244	1
3245	1
3274	1
3280	1
3287	1
3291	1
3302	1
3308	1
3309	1
3311	1
3312	1
3315	1
3317	1
3330	1
3345	1
3375	1
3383	1
3385	1
3388	1
3392	1
3402	1
3403	1
3417	1
3427	1
3431	1
3443	1
3450	1
3458	1
3464	1
3470	1
3476	1
3480	1
3500	1
3504	1
3507	1
3508	1
3522	1
3525	1
3528	1
3551	1
3552	1
3555	1
3565	1
3588	1
3592	1
3593	1
3600	1
3602	1
3608	1
3658	1
3661	1
3669	1
3678	1
3683	1
3684	1
3687	1
3690	1
3693	1
3694	1
3701	1
3706	1
3708	1
3713	1
3728	1
3729	1
3739	1
3742	1
3760	1
3766	1
3768	1
3773	1
3778	1
3779	1
3800	1
3808	1
3823	1
3848	1
3863	1
3878	1
3883	1
3906	1
3913	1
3915	1
3921	1
3932	1
3945	1
3947	1
3955	1
3958	1
3968	1
3995	1
4013	1
4018	1
4021	1
4024	1
4025	1
4052	1
4072	1
4076	1
4091	1
4101	1
4105	1
4114	1
4120	1
4121	1
4122	1
4123	1
4128	1
4129	1
4132	1
4171	1
4190	1
4192	1
4195	1
4198	1
4202	1
4203	1
4209	1
4266	1
4271	1
4299	1
4310	1
4324	1
4330	1
4334	1
4350	1
4353	1
4372	1
4376	1
4385	1
4391	1
4399	1
4405	1
4421	1
4424	1
4436	1
4457	1
4459	1
4461	1
4472	1
4475	1
4481	1
4487	1
4490	1
4509	1
4512	1
4516	1
4517	1
4521	1
4531	1
4532	1
4549	1
4552	1
4555	1
4565	1
4566	1
4576	1
4592	1
4602	1
4613	1
4618	1
4621	1
4631	1
4637	1
4645	1
4649	1
4653	1
4656	1
4657	1
4664	1
4670	1
4685	1
4721	1
4737	1
4755	1
4761	1
4763	1
4800	1
4804	1
4812	1
4830	1
4834	1
4841	1
4858	1
4863	1
4866	1
4874	1
4882	1
4889	1
4906	1
5007	1
5015	1
5023	1
5024	1
5027	1
5028	1
5037	1
5048	1
5060	1
5065	1
5074	1
5075	1
5095	1
5137	1
5150	1
5162	1
5173	1
5178	1
5185	1
5189	1
5201	1
5209	1
5231	1
5232	1
5284	1
5293	1
5306	1
5310	1
5326	1
5336	1
5344	1
5346	1
5375	1
5388	1
5389	1
5396	1
5403	1
5404	1
5410	1
5411	1
5427	1
5432	1
5433	1
5455	1
5471	1
5491	1
5495	1
5500	1
5504	1
5515	1
5518	1
5548	1
5559	1
5561	1
5564	1
5576	1
5579	1
5580	1
5588	1
5609	1
5611	1
5636	1
5648	1
5708	1
5733	1
5740	1
5781	1
5785	1
5818	1
5822	1
5824	1
5833	1
5838	1
5843	1
5844	1
5847	1
5851	1
5871	1
5899	1
5902	1
5903	1
5909	1
5931	1
5940	1
5972	1
5976	1
6011	1
6031	1
6037	1
6041	1
6050	1
6055	1
6070	1
6072	1
6074	1
6082	1
6087	1
6118	1
6120	1
6121	1
6135	1
6142	1
6153	1
6166	1
6175	1
6176	1
6192	1
6211	1
6213	1
6227	1
6273	1
6279	1
6283	1
6291	1
6318	1
6347	1
6352	1
6377	1
6380	1
6415	1
6458	1
6461	1
6488	1
6503	1
6525	1
6533	1
6562	1
6581	1
6582	1
6594	1
6607	1
6649	1
6663	1
6670	1
6681	1
6686	1
6709	1
6727	1
6737	1
6784	1
6883	1
6937	1
6974	1
7058	1
7063	1
7089	1
7121	1
7128	1
7139	1
7145	1
7190	1
7193	1
7245	1
7247	1
7263	1
7284	1
7285	1
7386	1
7493	1
7530	1
7587	1
7605	1
7634	1
7642	1
7667	1
7679	1
7680	1
7705	1
7746	1
7766	1
7787	1
7931	1
8020	1
8047	1
8058	1
8094	1
8280	1
8296	1
8324	1
8411	1
8418	1
8456	1
8492	1
8616	1
8639	1
8791	1
