405
15000
3000	1
3006	1
3008	1
3019	1
3020	1
3021	1
3024	1
3025	1
3029	1
3033	1
3035	1
3043	1
3055	1
3061	1
3063	1
3079	1
3094	1
3098	1
3101	1
3104	1
3108	1
3126	1
3134	1
3135	1
3141	1
3152	1
3170	1
3189	1
3197	1
3204	1
3214	1
3243	1
3244	1
3255	1
3257	1
3258	1
3273	1
3279	1
3281	1
3284	1
3288	1
3291	1
3292	1
3303	1
3305	1
3310	1
3311	1
3331	1
3356	1
3370	1
3399	1
3405	1
3408	1
3410	1
3420	1
3439	1
3455	1
3460	1
3466	1
3479	1
3484	1
3488	1
3497	1
3548	1
3558	1
3561	1
3575	1
3578	1
3582	1
3583	1
3589	1
3617	1
3638	1
3648	1
3652	1
3653	1
3657	1
3664	1
3667	1
3671	1
3689	1
3708	1
3736	1
3745	1
3747	1
3750	1
3754	1
3770	1
3777	1
3779	1
3783	1
3790	1
3791	1
3800	1
3812	1
3818	1
3838	1
3841	1
3849	1
3864	1
3877	1
3878	1
3890	1
3893	1
3899	1
3900	1
3902	1
3909	1
3930	1
3932	1
3940	1
3952	1
3954	1
3957	1
3969	1
3973	1
3974	1
3980	1
3990	1
4005	1
4006	1
4016	1
4017	1
4022	1
4023	1
4028	1
4034	1
4042	1
4062	1
4101	1
4114	1
4115	1
4118	1
4131	1
4136	1
4149	1
4179	1
4180	1
4195	1
4201	1
4214	1
4220	1
4224	1
4232	1
4240	1
4264	1
4267	1
4273	1
4274	1
4283	1
4295	1
4311	1
4315	1
4334	1
4339	1
4348	1
4350	1
4357	1
4359	1
4385	1
4386	1
4404	1
4409	1
4416	1
4422	1
4428	1
4434	1
4440	1
4479	1
4480	1
4491	1
4502	1
4513	1
4518	1
4530	1
4541	1
4547	1
4551	1
4564	1
4569	1
4574	1
4581	1
4590	1
4598	1
4626	1
4644	1
4649	1
4676	1
4696	1
4698	1
4718	1
4721	1
4722	1
4725	1
4730	1
4733	1
4750	1
4765	1
4817	1
4821	1
4833	1
4852	1
4856	1
4861	1
4867	1
4871	1
4886	1
4887	1
4888	1
4909	1
4913	1
4931	1
4935	1
4943	1
4961	1
4962	1
4977	1
4984	1
4986	1
4990	1
5003	1
5010	1
5023	1
5026	1
5028	1
5029	1
5032	1
5043	1
5045	1
5048	1
5054	1
5062	1
5070	1
5085	1
5088	1
5107	1
5109	1
5118	1
5126	1
5131	1
5151	1
5163	1
5176	1
5182	1
5185	1
5189	1
5192	1
5199	1
5208	1
5213	1
5230	1
5240	1
5250	1
5261	1
5262	1
5266	1
5269	1
5275	1
5336	1
5340	1
5344	1
5351	1
5364	1
5374	1
5384	1
5388	1
5413	1
5422	1
5425	1
5433	1
5484	1
5519	1
5537	1
5538	1
5541	1
5543	1
5545	1
5546	1
5565	1
5578	1
5598	1
5609	1
5633	1
5671	1
5709	1
5719	1
5722	1
5726	1
5729	1
5749	1
5754	1
5762	1
5772	1
5780	1
5782	1
5787	1
5791	1
5812	1
5838	1
5857	1
5913	1
5916	1
5936	1
5941	1
5995	1
6016	1
6038	1
6050	1
6057	1
6069	1
6073	1
6101	1
6155	1
6162	1
6165	1
6177	1
6187	1
6201	1
6205	1
6216	1
6219	1
6261	1
6262	1
6271	1
6276	1
6282	1
6293	1
6294	1
6313	1
6351	1
6354	1
6356	1
6357	1
6402	1
6414	1
6422	1
6435	1
6442	1
6451	1
6492	1
6497	1
6514	1
6538	1
6563	1
6593	1
6606	1
6612	1
6642	1
6652	1
6685	1
6693	1
6751	1
6756	1
6784	1
6795	1
6796	1
6827	1
6840	1
6894	1
6944	1
6968	1
6981	1
6995	1
7014	1
7018	1
7116	1
7132	1
7138	1
7147	1
7213	1
7239	1
7303	1
7319	1
7385	1
7416	1
7418	1
7429	1
7443	1
7509	1
7571	1
7578	1
7582	1
7583	1
7591	1
7628	1
7650	1
7672	1
7757	1
7764	1
7861	1
7872	1
7899	1
7918	1
7939	1
7944	1
7997	1
8063	1
8108	1
8123	1
8132	1
8192	1
8387	1
8529	1
8793	1
8946	1
