405
15000
3004	1
3029	1
3030	1
3046	1
3052	1
3054	1
3071	1
3075	1
3084	1
3086	1
3089	1
3092	1
3111	1
3123	1
3127	1
3129	1
3131	1
3132	1
3142	1
3145	1
3147	1
3152	1
3161	1
3163	1
3164	1
3174	1
3196	1
3199	1
3204	1
3205	1
3207	1
3223	1
3238	1
3245	1
3251	1
3257	1
3268	1
3279	1
3284	1
3287	1
3309	1
3311	1
3324	1
3326	1
3329	1
3334	1
3336	1
3339	1
3344	1
3360	1
3368	1
3373	1
3375	1
3377	1
3378	1
3382	1
3392	1
3394	1
3402	1
3428	1
3439	1
3445	1
3485	1
3487	1
3503	1
3505	1
3511	1
3515	1
3528	1
3538	1
3539	1
3545	1
3548	1
3553	1
3566	1
3568	1
3599	1
3608	1
3610	1
3611	1
3639	1
3643	1
3650	1
3654	1
3655	1
3656	1
3665	1
3668	1
3670	1
3679	1
3689	1
3691	1
3693	1
3694	1
3697	1
3709	1
3714	1
3720	1
3735	1
3737	1
3748	1
3759	1
3760	1
3763	1
3771	1
3772	1
3782	1
3786	1
3787	1
3789	1
3802	1
3808	1
3815	1
3831	1
3838	1
3842	1
3853	1
3862	1
3863	1
3864	1
3865	1
3869	1
3873	1
3884	1
3885	1
3899	1
3918	1
3920	1
3925	1
3932	1
3938	1
3941	1
3942	1
3964	1
3969	1
3974	1
3982	1
3995	1
4001	1
4002	1
4007	1
4008	1
4018	1
4021	1
4023	1
4029	1
4032	1
4040	1
4064	1
4074	1
4076	1
4084	1
4120	1
4132	1
4138	1
4142	1
4222	1
4231	1
4236	1
4245	1
4254	1
4261	1
4265	1
4274	1
4298	1
4340	1
4344	1
4348	1
4355	1
4368	1
4370	1
4384	1
4387	1
4391	1
4397	1
4407	1
4414	1
4415	1
4422	1
4434	1
4437	1
4442	1
4443	1
4466	1
4471	1
4474	1
4476	1
4497	1
4519	1
4535	1
4549	1
4552	1
4559	1
4563	1
4574	1
4577	1
4585	1
4592	1
4595	1
4614	1
4616	1
4623	1
4648	1
4655	1
4665	1
4666	1
4710	1
4712	1
4743	1
4759	1
4765	1
4776	1
4831	1
4833	1
4834	1
4844	1
4851	1
4857	1
4862	1
4865	1
4880	1
4886	1
4906	1
4923	1
4928	1
4934	1
4946	1
4953	1
4987	1
5008	1
5010	1
5011	1
5050	1
5051	1
5052	1
5102	1
5112	1
5136	1
5172	1
5179	1
5187	1
5191	1
5194	1
5197	1
5207	1
5216	1
5225	1
5234	1
5246	1
5248	1
5255	1
5271	1
5280	1
5289	1
5328	1
5333	1
5339	1
5363	1
5370	1
5378	1
5379	1
5396	1
5398	1
5417	1
5431	1
5454	1
5474	1
5489	1
5495	1
5498	1
5512	1
5515	1
5517	1
5522	1
5555	1
5575	1
5582	1
5586	1
5590	1
5596	1
5616	1
5637	1
5643	1
5672	1
5700	1
5703	1
5705	1
5719	1
5722	1
5725	1
5768	1
5791	1
5799	1
5808	1
5815	1
5823	1
5837	1
5867	1
5872	1
5876	1
5898	1
5901	1
5913	1
5970	1
5997	1
6112	1
6131	1
6144	1
6158	1
6190	1
6204	1
6230	1
6239	1
6244	1
6262	1
6271	1
6282	1
6304	1
6351	1
6361	1
6379	1
6384	1
6402	1
6405	1
6409	1
6438	1
6449	1
6466	1
6509	1
6513	1
6524	1
6552	1
6553	1
6569	1
6640	1
6651	1
6697	1
6751	1
6797	1
6807	1
6842	1
6869	1
6870	1
6896	1
6943	1
6976	1
6978	1
6979	1
6997	1
7043	1
7074	1
7091	1
7107	1
7120	1
7142	1
7216	1
7220	1
7250	1
7262	1
7290	1
7306	1
7312	1
7320	1
7330	1
7369	1
7370	1
7474	1
7476	1
7487	1
7517	1
7529	1
7547	1
7582	1
7620	1
7623	1
7651	1
7672	1
7695	1
7707	1
7708	1
7726	1
7763	1
7784	1
7824	1
7836	1
7837	1
7859	1
7889	1
7927	1
7966	1
7985	1
7997	1
8006	1
8040	1
8045	1
8048	1
8093	1
8097	1
8160	1
8280	1
8341	1
8425	1
8533	1
8567	1
8723	1
