405
15000
3005	1
3011	1
3021	1
3023	1
3025	1
3040	1
3050	1
3051	1
3065	1
3070	1
3084	1
3099	1
3114	1
3120	1
3122	1
3123	1
3131	1
3140	1
3156	1
3161	1
3166	1
3169	1
3174	1
3191	1
3194	1
3214	1
3219	1
3224	1
3232	1
3233	1
3241	1
3253	1
3256	1
3257	1
3265	1
3274	1
3297	1
3309	1
3313	1
3339	1
3344	1
3345	1
3362	1
3367	1
3379	1
3384	1
3398	1
3400	1
3414	1
3427	1
3433	1
3450	1
3453	1
3460	1
3464	1
3467	1
3481	1
3502	1
3523	1
3530	1
3535	1
3561	1
3565	1
3570	1
3573	1
3579	1
3599	1
3602	1
3603	1
3607	1
3610	1
3631	1
3637	1
3658	1
3662	1
3678	1
3680	1
3697	1
3708	1
3719	1
3731	1
3735	1
3780	1
3792	1
3794	1
3800	1
3804	1
3815	1
3816	1
3819	1
3845	1
3850	1
3863	1
3901	1
3917	1
3924	1
3931	1
3942	1
3955	1
3984	1
3985	1
3991	1
3996	1
4013	1
4019	1
4030	1
4032	1
4049	1
4056	1
4064	1
4080	1
4084	1
4096	1
4107	1
4120	1
4124	1
4126	1
4127	1
4131	1
4141	1
4143	1
4147	1
4152	1
4157	1
4164	1
4172	1
4173	1
4206	1
4220	1
4261	1
4265	1
4277	1
4278	1
4280	1
4285	1
4332	1
4343	1
4345	1
4357	1
4358	1
4369	1
4370	1
4374	1
4386	1
4389	1
4390	1
4393	1
4395	1
4397	1
4398	1
4406	1
4408	1
4413	1
4417	1
4428	1
4440	1
4441	1
4455	1
4460	1
4472	1
4487	1
4490	1
4498	1
4509	1
4515	1
4517	1
4527	1
4540	1
4542	1
4554	1
4568	1
4584	1
4588	1
4591	1
4599	1
4601	1
4609	1
4619	1
4624	1
4639	1
4642	1
4646	1
4651	1
4654	1
4660	1
4698	1
4717	1
4725	1
4727	1
4729	1
4736	1
4739	1
4750	1
4759	1
4775	1
4781	1
4800	1
4817	1
4819	1
4823	1
4841	1
4848	1
4855	1
4903	1
4908	1
4911	1
4912	1
4914	1
4917	1
4931	1
4941	1
4954	1
4959	1
4964	1
4965	1
4971	1
4974	1
4976	1
4986	1
4999	1
5002	1
5009	1
5016	1
5019	1
5024	1
5026	1
5030	1
5039	1
5043	1
5057	1
5071	1
5084	1
5104	1
5105	1
5111	1
5121	1
5145	1
5150	1
5171	1
5172	1
5181	1
5202	1
5225	1
5232	1
5235	1
5264	1
5285	1
5288	1
5306	1
5308	1
5311	1
5312	1
5313	1
5317	1
5330	1
5344	1
5345	1
5359	1
5375	1
5384	1
5395	1
5399	1
5400	1
5402	1
5407	1
5418	1
5428	1
5435	1
5436	1
5452	1
5475	1
5481	1
5483	1
5486	1
5496	1
5544	1
5547	1
5557	1
5563	1
5574	1
5582	1
5603	1
5616	1
5637	1
5662	1
5699	1
5702	1
5711	1
5714	1
5723	1
5724	1
5746	1
5756	1
5778	1
5793	1
5816	1
5824	1
5827	1
5861	1
5863	1
5864	1
5893	1
5917	1
5928	1
5945	1
5965	1
5978	1
5979	1
6003	1
6018	1
6037	1
6059	1
6061	1
6065	1
6078	1
6084	1
6100	1
6105	1
6111	1
6114	1
6117	1
6134	1
6153	1
6168	1
6187	1
6195	1
6209	1
6216	1
6244	1
6249	1
6267	1
6293	1
6315	1
6342	1
6347	1
6351	1
6374	1
6386	1
6393	1
6395	1
6414	1
6426	1
6445	1
6456	1
6484	1
6486	1
6489	1
6543	1
6547	1
6576	1
6604	1
6605	1
6624	1
6645	1
6664	1
6696	1
6701	1
6744	1
6755	1
6766	1
6783	1
6785	1
6792	1
6814	1
6815	1
6822	1
6832	1
6859	1
6874	1
6880	1
6882	1
6895	1
6926	1
6930	1
6934	1
6938	1
6947	1
6962	1
6963	1
7008	1
7052	1
7128	1
7137	1
7269	1
7362	1
7429	1
7439	1
7499	1
7516	1
7662	1
7672	1
7720	1
7754	1
7769	1
7792	1
7856	1
7956	1
8037	1
8090	1
8167	1
8218	1
8312	1
8636	1
8758	1
8939	1
