405
15000
3000	1
3017	1
3021	1
3032	1
3037	1
3049	1
3053	1
3071	1
3087	1
3095	1
3097	1
3103	1
3108	1
3111	1
3113	1
3130	1
3132	1
3133	1
3135	1
3136	1
3137	1
3145	1
3149	1
3151	1
3154	1
3161	1
3164	1
3172	1
3193	1
3209	1
3219	1
3225	1
3235	1
3244	1
3252	1
3258	1
3269	1
3281	1
3287	1
3291	1
3294	1
3302	1
3304	1
3307	1
3308	1
3344	1
3346	1
3352	1
3355	1
3357	1
3364	1
3378	1
3386	1
3393	1
3405	1
3408	1
3417	1
3423	1
3424	1
3427	1
3428	1
3434	1
3439	1
3446	1
3451	1
3456	1
3457	1
3458	1
3459	1
3463	1
3481	1
3492	1
3506	1
3516	1
3521	1
3531	1
3541	1
3547	1
3549	1
3554	1
3559	1
3563	1
3579	1
3612	1
3620	1
3633	1
3638	1
3639	1
3640	1
3669	1
3686	1
3691	1
3697	1
3723	1
3726	1
3727	1
3735	1
3738	1
3751	1
3776	1
3784	1
3788	1
3809	1
3810	1
3817	1
3834	1
3851	1
3852	1
3857	1
3862	1
3874	1
3878	1
3883	1
3896	1
3909	1
3931	1
3943	1
3946	1
3952	1
3957	1
3960	1
3972	1
4003	1
4011	1
4017	1
4027	1
4059	1
4066	1
4086	1
4101	1
4103	1
4109	1
4112	1
4115	1
4134	1
4145	1
4148	1
4152	1
4160	1
4167	1
4173	1
4179	1
4208	1
4211	1
4218	1
4264	1
4267	1
4268	1
4280	1
4282	1
4285	1
4287	1
4333	1
4343	1
4353	1
4354	1
4357	1
4371	1
4377	1
4383	1
4395	1
4397	1
4401	1
4409	1
4419	1
4420	1
4429	1
4432	1
4440	1
4449	1
4456	1
4464	1
4466	1
4468	1
4482	1
4493	1
4494	1
4503	1
4516	1
4517	1
4522	1
4524	1
4525	1
4530	1
4551	1
4575	1
4597	1
4598	1
4614	1
4628	1
4629	1
4637	1
4642	1
4645	1
4646	1
4671	1
4683	1
4687	1
4744	1
4796	1
4811	1
4816	1
4820	1
4833	1
4834	1
4837	1
4845	1
4846	1
4851	1
4866	1
4873	1
4875	1
4877	1
4892	1
4893	1
4907	1
4915	1
4925	1
4946	1
4955	1
4961	1
4996	1
5018	1
5034	1
5080	1
5096	1
5117	1
5128	1
5129	1
5132	1
5139	1
5141	1
5150	1
5154	1
5162	1
5164	1
5172	1
5174	1
5178	1
5183	1
5193	1
5198	1
5200	1
5201	1
5210	1
5213	1
5214	1
5217	1
5258	1
5263	1
5267	1
5274	1
5297	1
5304	1
5306	1
5343	1
5349	1
5368	1
5371	1
5382	1
5390	1
5399	1
5418	1
5439	1
5448	1
5466	1
5555	1
5568	1
5569	1
5570	1
5595	1
5603	1
5612	1
5639	1
5648	1
5672	1
5692	1
5702	1
5710	1
5735	1
5736	1
5753	1
5757	1
5774	1
5775	1
5785	1
5787	1
5795	1
5806	1
5809	1
5825	1
5827	1
5844	1
5849	1
5856	1
5861	1
5864	1
5882	1
5886	1
5890	1
5908	1
5970	1
5989	1
5993	1
5998	1
6003	1
6017	1
6045	1
6061	1
6085	1
6095	1
6114	1
6116	1
6183	1
6188	1
6211	1
6228	1
6239	1
6247	1
6269	1
6319	1
6336	1
6347	1
6348	1
6362	1
6380	1
6387	1
6398	1
6412	1
6417	1
6429	1
6436	1
6481	1
6484	1
6497	1
6508	1
6519	1
6574	1
6583	1
6597	1
6602	1
6627	1
6632	1
6647	1
6667	1
6680	1
6691	1
6699	1
6702	1
6735	1
6756	1
6774	1
6787	1
6791	1
6800	1
6820	1
6821	1
6904	1
6948	1
6977	1
6985	1
6988	1
7018	1
7019	1
7024	1
7054	1
7056	1
7076	1
7087	1
7112	1
7147	1
7166	1
7190	1
7209	1
7271	1
7302	1
7393	1
7404	1
7455	1
7494	1
7584	1
7626	1
7628	1
7631	1
7697	1
7706	1
7721	1
7755	1
7788	1
7820	1
7828	1
7885	1
7917	1
7923	1
7933	1
7962	1
8008	1
8048	1
8127	1
8404	1
8441	1
8512	1
8654	1
8694	1
8833	1
