405
15000
3004	1
3014	1
3015	1
3025	1
3026	1
3049	1
3055	1
3058	1
3068	1
3071	1
3091	1
3092	1
3102	1
3103	1
3131	1
3134	1
3135	1
3151	1
3165	1
3166	1
3203	1
3213	1
3221	1
3228	1
3253	1
3258	1
3260	1
3261	1
3268	1
3271	1
3275	1
3284	1
3286	1
3291	1
3293	1
3294	1
3296	1
3298	1
3300	1
3305	1
3315	1
3319	1
3327	1
3341	1
3344	1
3347	1
3366	1
3376	1
3383	1
3385	1
3418	1
3419	1
3421	1
3432	1
3434	1
3459	1
3461	1
3468	1
3476	1
3477	1
3480	1
3486	1
3493	1
3503	1
3520	1
3522	1
3523	1
3537	1
3553	1
3557	1
3559	1
3564	1
3580	1
3585	1
3587	1
3589	1
3594	1
3626	1
3627	1
3637	1
3639	1
3641	1
3645	1
3646	1
3652	1
3676	1
3677	1
3680	1
3727	1
3728	1
3749	1
3760	1
3763	1
3772	1
3777	1
3793	1
3807	1
3809	1
3816	1
3824	1
3829	1
3832	1
3835	1
3856	1
3873	1
3884	1
3903	1
3905	1
3907	1
3921	1
3929	1
3933	1
3947	1
3953	1
3959	1
3965	1
3972	1
3977	1
3986	1
3997	1
4003	1
4009	1
4032	1
4043	1
4052	1
4059	1
4068	1
4075	1
4076	1
4086	1
4098	1
4102	1
4103	1
4109	1
4116	1
4129	1
4130	1
4136	1
4159	1
4174	1
4189	1
4190	1
4193	1
4210	1
4245	1
4249	1
4260	1
4266	1
4268	1
4271	1
4297	1
4302	1
4313	1
4314	1
4330	1
4345	1
4353	1
4361	1
4365	1
4400	1
4411	1
4413	1
4427	1
4435	1
4452	1
4477	1
4483	1
4491	1
4495	1
4520	1
4539	1
4542	1
4549	1
4553	1
4561	1
4590	1
4597	1
4599	1
4610	1
4621	1
4633	1
4645	1
4648	1
4649	1
4650	1
4655	1
4667	1
4672	1
4675	1
4682	1
4705	1
4711	1
4720	1
4730	1
4735	1
4744	1
4756	1
4764	1
4766	1
4795	1
4806	1
4811	1
4812	1
4819	1
4821	1
4855	1
4877	1
4881	1
4901	1
4903	1
4935	1
4940	1
4950	1
4953	1
4966	1
4969	1
4970	1
4987	1
4996	1
5001	1
5013	1
5017	1
5029	1
5069	1
5080	1
5087	1
5102	1
5110	1
5132	1
5151	1
5153	1
5168	1
5181	1
5198	1
5204	1
5209	1
5223	1
5225	1
5237	1
5238	1
5247	1
5252	1
5253	1
5264	1
5270	1
5274	1
5285	1
5295	1
5306	1
5315	1
5324	1
5327	1
5334	1
5337	1
5360	1
5365	1
5372	1
5376	1
5379	1
5381	1
5384	1
5430	1
5445	1
5502	1
5505	1
5510	1
5513	1
5514	1
5518	1
5533	1
5547	1
5564	1
5582	1
5637	1
5646	1
5653	1
5678	1
5679	1
5689	1
5694	1
5717	1
5736	1
5746	1
5797	1
5799	1
5809	1
5818	1
5833	1
5842	1
5843	1
5848	1
5859	1
5860	1
5869	1
5873	1
5874	1
5880	1
5900	1
5916	1
5920	1
5924	1
5939	1
5950	1
5963	1
5964	1
5970	1
5972	1
5995	1
5999	1
6002	1
6017	1
6027	1
6029	1
6048	1
6050	1
6061	1
6105	1
6127	1
6138	1
6148	1
6204	1
6212	1
6222	1
6248	1
6255	1
6262	1
6272	1
6273	1
6292	1
6298	1
6301	1
6302	1
6309	1
6322	1
6329	1
6367	1
6376	1
6380	1
6406	1
6407	1
6425	1
6493	1
6514	1
6538	1
6550	1
6579	1
6657	1
6692	1
6720	1
6733	1
6734	1
6747	1
6749	1
6753	1
6755	1
6757	1
6782	1
6793	1
6798	1
6802	1
6807	1
6846	1
6851	1
6938	1
6982	1
6991	1
7010	1
7012	1
7062	1
7204	1
7207	1
7225	1
7226	1
7244	1
7247	1
7270	1
7295	1
7296	1
7304	1
7377	1
7480	1
7483	1
7512	1
7517	1
7552	1
7563	1
7570	1
7593	1
7628	1
7635	1
7723	1
7774	1
7795	1
7834	1
7897	1
7899	1
7956	1
8002	1
8020	1
8101	1
8120	1
8286	1
8452	1
8495	1
8532	1
