1532
10000
7468
7468
7468
7468
7468
7468
7468
7402
7402
7402
7402
7402
7402
7402
7331
7331
7331
7331
7331
7331
7331
7331
7331
7331
7331
7331
7331
7331
7331
7310
7310
7310
7310
7300
7300
7300
7234
7234
7234
7234
7234
7234
7234
7234
7234
7234
7234
7234
7234
7234
7234
7234
7234
7206
7206
7206
7206
7206
7206
7206
7206
7206
7206
7206
7195
7195
7195
7195
7184
7184
7184
7184
7184
7184
7184
7184
7184
7184
7184
7184
7184
7121
7121
7121
7121
7059
7059
6992
6992
6992
6992
6992
6992
6992
6992
6992
6992
6992
6992
6992
6992
6992
6985
6985
6985
6985
6985
6985
6985
6985
6985
6985
6985
6904
6904
6904
6904
6904
6904
6904
6904
6904
6904
6904
6904
6904
6904
6904
6904
6790
6790
6790
6790
6790
6790
6790
6697
6697
6697
6697
6697
6697
6697
6697
6697
6697
6697
6697
6697
6697
6697
6697
6697
6687
6687
6687
6687
6687
6687
6687
6687
6687
6687
6687
6687
6687
6687
6687
6521
6521
6521
6521
6521
6521
6521
6521
6521
6452
6452
6452
6452
6452
6452
6452
6452
6452
6419
6419
6419
6419
6419
6419
6419
6419
6394
6394
6394
6394
6389
6389
6389
6389
6389
6389
6389
6377
6377
6377
6377
6377
6377
6377
6377
6377
6377
6377
6377
6377
6377
6377
6377
6377
6377
6374
6374
6374
6374
6374
6352
6352
6352
6322
6322
6322
6322
6322
6322
6322
6322
6322
6322
6322
6322
6322
6322
6322
6310
6310
6310
6310
6310
6310
6310
6310
6310
6310
6310
6310
6310
6307
6307
6307
6307
6307
6307
6307
6307
6307
6307
6307
6307
6307
6307
6307
6307
6211
6211
6211
6211
6211
6211
6211
6211
6211
6184
6184
6184
6184
6184
6184
6184
6184
6184
6184
6184
6175
6175
6175
6175
6174
6174
6174
6174
6174
6174
6174
6174
6174
6174
6174
6174
6174
6174
6174
6174
6174
6174
6146
6146
6146
6146
6146
6146
6146
6146
6146
6146
6146
6146
6146
6146
6146
6146
6146
6087
5875
5875
5875
5875
5875
5875
5875
5875
5875
5875
5875
5875
5825
5758
5758
5758
5758
5758
5758
5758
5758
5758
5758
5758
5758
5758
5710
5710
5710
5710
5638
5634
5634
5634
5634
5634
5634
5634
5634
5634
5634
5634
5634
5634
5634
5634
5634
5614
5614
5614
5614
5614
5614
5614
5614
5614
5614
5614
5493
5493
5493
5493
5493
5493
5493
5493
5493
5493
5493
5493
5493
5493
5493
5438
5438
5438
5438
5212
5212
5212
5092
5092
5092
5092
5092
5092
5092
5092
5092
5092
5092
5092
5092
5092
5079
5079
5079
5079
5079
5079
4994
4994
4994
4994
4994
4994
4994
4994
4994
4994
4994
4994
4994
4994
4994
4994
4994
4994
4994
4927
4927
4927
4927
4927
4910
4910
4910
4910
4910
4910
4910
4910
4910
4910
4910
4910
4910
4910
4910
4910
4910
4910
4910
4910
4742
4742
4742
4742
4742
4742
4742
4742
4742
4742
4742
4742
4742
4742
4742
4692
4692
4692
4692
4692
4692
4692
4692
4692
4692
4692
4692
4692
4692
4692
4692
4692
4692
4692
4692
4662
4662
4662
4662
4662
4662
4662
4662
4662
4662
4662
4662
4662
4662
4596
4596
4596
4596
4596
4596
4596
4596
4596
4596
4505
4505
4505
4505
4505
4505
4505
4505
4505
4505
4505
4505
4490
4490
4490
4490
4490
4490
4490
4490
4490
4452
4452
4452
4452
4452
4452
4452
4452
4452
4452
4452
4442
4382
4382
4382
4382
4382
4382
4382
4382
4382
4382
4382
4326
4326
4326
4326
4326
4326
4326
4326
4326
4326
4326
4326
4326
4326
4326
4326
4326
4320
4320
4320
4320
4320
4320
4306
4306
4306
4306
4306
4306
4306
4306
4306
4306
4306
4280
4280
4203
4203
4203
4203
4203
4203
4203
4203
4203
4203
4203
4203
4203
4203
4203
4185
4185
4185
4185
4185
4185
4185
4185
4185
4185
4185
4185
4185
4185
4185
4185
4185
4185
4185
4178
4178
4178
4178
4178
4178
4178
4178
4178
4178
4178
4178
4178
4178
4178
4178
4178
4147
4147
4147
4147
4147
4147
4147
4147
4147
4147
4147
4147
4147
4147
4147
4147
4147
4147
4147
4147
4146
4146
4146
4146
4146
4146
4146
4146
4146
4146
4146
4146
4146
4146
4128
4128
4128
4128
4128
4128
4128
4128
4128
4128
4029
4029
4029
4029
4029
4029
4029
4029
4029
4029
4029
4029
4029
4029
4029
4029
4029
4029
4029
3982
3982
3982
3982
3982
3982
3982
3982
3974
3974
3974
3974
3974
3974
3974
3775
3775
3775
3775
3775
3775
3775
3775
3775
3775
3775
3775
3775
3775
3775
3775
3775
3775
3775
3752
3752
3752
3752
3752
3752
3752
3752
3752
3752
3752
3718
3452
3452
3452
3452
3452
3452
3452
3452
3452
3452
3452
3452
3452
3452
3449
3449
3449
3449
3449
3449
3449
3449
3449
3449
3449
3449
3449
3406
3406
3406
3406
3406
3406
3406
3406
3406
3303
3303
3303
3303
3127
3127
3127
3127
3127
3127
3127
3127
3127
3127
3127
3127
3127
3127
3127
3127
3127
3102
3102
3102
3102
3088
3077
3077
3077
3077
3077
3077
3077
3077
3077
3077
3077
3077
3077
3077
3077
3077
3077
3077
3077
2987
2987
2987
2987
2987
2987
2987
2987
2959
2909
2909
2909
2909
2909
2909
2909
2909
2909
2909
2909
2906
2906
2906
2906
2906
2906
2906
2906
2906
2906
2906
2906
2878
2878
2878
2878
2878
2878
2878
2878
2878
2878
2878
2878
2878
2878
2878
2878
2878
2707
2707
2707
2707
2707
2707
2707
2707
2707
2707
2682
2682
2668
2668
2668
2668
2668
2668
2668
2668
2668
2668
2668
2668
2668
2668
2668
2668
2569
2569
2569
2569
2569
2569
2569
2569
2569
2569
2569
2569
2569
2569
2509
2509
2509
2509
2509
2509
2509
2509
2509
2509
2509
2509
2509
2509
2509
2488
2488
2488
2488
2488
2488
2475
2475
2441
2312
2312
2312
2312
2312
2312
2312
2312
2312
2312
2312
2312
2312
2312
2073
2038
2038
2038
2038
2038
2038
2038
2038
2038
2038
2038
2038
2037
2037
2037
2037
2037
2037
2037
2037
2037
2037
2037
2037
2037
2037
2037
2037
1979
1979
1979
1979
1979
1979
1979
1979
1979
1979
1979
1979
1979
1979
1974
1974
1974
1974
1974
1974
1974
1967
1967
1967
1967
1967
1967
1967
1938
1938
1938
1938
1938
1938
1938
1938
1938
1938
1938
1938
1938
1938
1938
1938
1938
1863
1863
1863
1863
1863
1863
1863
1863
1863
1863
1863
1863
1863
1863
1863
1863
1863
1863
1788
1788
1788
1788
1785
1785
1785
1785
1785
1785
1785
1785
1785
1785
1785
1785
1785
1785
1785
1768
1768
1768
1711
1711
1711
1711
1711
1711
1711
1617
1617
1617
1617
1617
1617
1617
1617
1565
1565
1565
1565
1565
1565
1565
1565
1525
1525
1525
1525
1525
1525
1525
1525
1525
1525
1525
1525
1525
1525
1525
1525
1525
1525
1513
1513
1513
1513
1513
1513
1513
1513
1513
1513
1513
1513
1513
1513
1513
1513
1513
1513
1513
1505
1505
1505
1505
1505
1492
1492
1492
1492
1492
1448
1448
1448
1448
1448
1448
1448
1448
1397
1397
1397
1397
1397
1397
1397
1397
1397
1397
1352
1352
1352
1352
1352
1314
1314
1314
1314
1314
1314
1314
1314
1314
1314
1314
1314
1314
1314
1314
1314
1314
1314
1287
1287
1287
1287
1287
1287
1287
1287
1287
1287
1238
1238
1238
1238
1238
1238
1238
1238
1238
1238
1238
1238
1238
1238
1238
1238
1238
1100
1100
1100
1100
1100
1100
1100
1100
1100
1100
1100
1100
1056
1056
1056
1056
1056
1056
1056
1056
1056
1056
1056
1049
1049
1049
1049
1049
1049
1033
1033
994
994
994
994
994
994
994
994
994
994
994
994
994
994
994
994
994
994
994
994
894
894
894
894
705
705
705
705
705
705
689
689
689
689
585
585
585
574
574
574
574
574
574
563
563
563
563
563
563
563
563
563
563
563
563
497
497
497
497
497
497
468
468
441
441
441
441
441
441
441
441
441
441
441
441
441
441
418
418
418
418
418
418
418
418
418
418
418
418
418
418
402
402
402
402
402
402
402
402
402
402
402
402
402
402
402
402
402
402
402
402
366
366
366
366
366
366
366
366
366
366
366
366
336
316
316
316
316
316
316
316
316
316
316
316
316
316
316
291
291
291
291
291
291
291
291
284
284
284
284
284
229
229
229
229
229
229
229
229
229
229
229
229
229
229
203
203
203
203
203
203
203
203
203
203
203
203
203
203
203
203
203
203
203
203
177
177
177
177
177
177
177
177
177
147
147
147
147
147
147
147
147
147
147
147
147
147
63
63
63
63
63
63
63
63
63
63
63
63
63
63
63
63
63
63
63
47
47
47
47
47
47
47
47
47
47
47
47
47
47
47
47
47
47
47
36
36
36
36
36
36
36
36
36
36
36
36
16
16
16
16
