1073
10000
2500
2500
2500
2500
2500
2500
2500
2500
2500
2500
2500
2500
2500
2500
2500
2500
2500
2500
2500
2500
2498
2498
2498
2498
2498
2498
2498
2498
2498
2498
2498
2498
2498
2498
2456
2456
2456
2456
2456
2456
2456
2456
2456
2456
2456
2456
2456
2456
2456
2456
2358
2358
2358
2358
2358
2358
2358
2358
2358
2358
2358
2358
2358
2358
2358
2358
2358
2358
2358
2358
2356
2356
2356
2356
2326
2326
2326
2326
2326
2326
2326
2326
2326
2326
2290
2290
2290
2290
2290
2290
2290
2290
2290
2290
2290
2290
2290
2290
2290
2290
2290
2274
2274
2274
2274
2274
2274
2271
2271
2271
2271
2271
2251
2251
2251
2172
2172
2172
2172
2172
2172
2172
2172
2172
2172
2172
2172
2172
2172
2172
2172
2172
2172
2172
2172
2164
2164
2164
2164
2164
2164
2164
2164
2155
2155
2155
2155
2155
2155
2155
2155
2155
2155
2155
2155
2155
2155
2155
2155
2155
2155
2125
2125
2125
2125
2125
2073
2073
2073
2073
2073
2073
2073
2073
2073
2073
2073
2051
2051
2051
2051
2051
2051
2051
1971
1971
1971
1971
1971
1971
1971
1971
1971
1971
1971
1971
1816
1738
1738
1738
1738
1738
1738
1738
1738
1738
1738
1738
1738
1726
1726
1726
1726
1726
1726
1726
1726
1726
1726
1726
1723
1723
1723
1723
1723
1723
1723
1723
1723
1723
1723
1723
1723
1723
1723
1723
1723
1715
1715
1715
1715
1715
1715
1715
1715
1715
1715
1715
1715
1715
1715
1715
1715
1715
1706
1706
1706
1706
1690
1690
1690
1690
1690
1690
1690
1690
1690
1690
1690
1684
1684
1684
1629
1629
1629
1629
1629
1629
1629
1629
1629
1599
1599
1599
1599
1599
1599
1599
1599
1599
1577
1577
1577
1577
1577
1577
1577
1577
1577
1577
1577
1577
1577
1577
1577
1577
1577
1577
1577
1554
1554
1554
1554
1554
1554
1554
1554
1554
1554
1554
1554
1554
1554
1554
1554
1554
1536
1536
1536
1536
1536
1536
1536
1536
1536
1536
1536
1536
1536
1536
1536
1536
1536
1536
1536
1536
1506
1506
1506
1506
1496
1496
1496
1472
1472
1472
1472
1472
1472
1393
1393
1373
1373
1373
1373
1373
1373
1373
1373
1373
1373
1373
1373
1373
1373
1373
1373
1373
1358
1358
1354
1354
1354
1354
1354
1354
1354
1354
1354
1354
1325
1325
1325
1325
1325
1325
1325
1325
1325
1325
1325
1325
1325
1324
1324
1324
1302
1302
1302
1302
1302
1302
1302
1302
1302
1302
1302
1302
1263
1263
1263
1263
1263
1263
1263
1263
1263
1263
1263
1252
1252
1252
1252
1252
1252
1239
1239
1239
1239
1239
1239
1239
1239
1239
1239
1239
1239
1239
1239
1239
1234
1234
1234
1234
1234
1234
1234
1234
1234
1234
1234
1234
1232
1232
1232
1232
1232
1232
1203
1203
1203
1203
1203
1203
1203
1203
1203
1203
1203
1203
1203
1203
1203
1203
1203
1203
1203
1203
1196
1196
1196
1196
1196
1196
1192
1192
1192
1192
1192
1192
1182
1182
1182
1182
1182
1182
1182
1182
1181
1181
1181
1181
1181
1181
1181
1181
1181
1181
1181
1181
1181
1181
1181
1181
1181
1181
1181
1181
1179
1179
1096
1096
1096
1096
1096
1096
1096
1096
1096
1096
1096
1096
1096
1096
1096
1096
1087
1087
1087
1087
1087
1087
1087
1087
1087
1087
1087
1087
1087
1087
1060
1060
1060
1060
1052
1052
1052
1052
1052
1052
1052
1047
1047
1047
1047
1047
1047
1047
1047
1047
1047
1047
1047
1047
1047
1047
1047
1047
1047
1047
1045
1045
1045
1028
1028
1028
1028
1028
1028
1028
1028
1028
1028
1028
1028
1028
1028
1028
1028
1028
1028
1028
1028
993
993
993
942
942
942
940
940
940
940
940
940
940
940
940
940
940
940
940
940
940
940
930
930
930
930
930
930
930
930
930
930
930
930
930
930
930
930
930
915
915
915
915
915
915
915
915
915
915
915
902
902
902
902
902
902
902
902
902
902
902
902
902
902
902
902
902
902
902
902
900
900
900
900
900
900
900
900
900
900
900
900
900
868
866
866
866
866
866
866
866
866
866
866
866
866
866
866
866
866
866
866
866
865
865
865
865
865
865
865
865
865
865
865
865
865
865
865
865
865
865
865
850
850
850
850
850
850
850
850
850
850
850
755
755
755
755
755
755
755
755
755
755
752
752
752
752
752
752
752
752
752
752
752
752
752
752
752
752
752
700
700
700
700
700
700
700
700
700
700
700
700
700
700
700
700
700
700
700
700
660
660
602
602
602
602
602
602
602
602
602
591
591
591
591
591
591
591
591
591
591
591
591
591
591
591
591
591
591
591
591
566
566
566
558
558
558
558
558
558
558
558
533
533
533
533
533
533
533
533
533
533
533
533
533
533
533
533
533
510
510
510
510
510
510
510
510
510
510
510
510
506
506
506
506
506
506
506
506
506
506
506
506
506
506
506
506
506
491
491
491
491
491
491
491
491
491
491
491
491
491
491
491
491
491
491
491
491
491
491
491
491
491
491
491
456
452
452
452
442
442
442
442
442
442
442
442
442
442
442
442
442
442
442
442
442
442
442
418
405
405
405
405
405
405
405
405
405
405
405
405
405
405
405
405
405
405
347
347
347
347
347
347
325
325
325
325
325
325
325
325
325
325
325
325
325
325
325
325
319
319
319
319
319
319
319
319
319
319
319
319
319
319
319
319
319
319
319
319
296
273
273
273
273
273
273
273
273
273
200
200
200
200
200
200
200
153
153
153
153
153
153
139
139
139
139
139
139
139
139
139
139
139
139
139
139
139
90
89
89
89
89
89
89
89
89
89
89
89
89
89
88
88
88
88
88
88
88
88
88
88
88
88
88
88
85
85
85
85
85
85
59
59
59
59
59
59
59
59
59
