1352
10000
9970
9970
9970
9970
9970
9970
9970
9970
9970
9970
9970
9970
9970
9970
9970
9970
9877
9851
9750
9750
9750
9750
9750
9750
9750
9750
9750
9750
9549
9469
9469
9469
9469
9469
9469
9469
9469
9469
9469
9469
9469
9469
9469
9469
9469
9469
9469
9469
9448
9448
9448
9448
9448
9448
9448
9448
9448
9448
9448
9447
9447
9447
9447
9447
9447
9447
9447
9447
9447
9412
9412
9412
9412
9412
9412
9412
9412
9412
9412
9337
9331
9331
9331
9322
9322
9322
9322
9322
9322
9322
9322
9269
9269
9269
9269
9269
9269
9269
9269
9269
9269
9269
9269
9265
9265
9265
9265
9265
9265
9265
9265
9265
9258
9258
9258
9258
9258
9258
9221
9221
9221
9221
9221
9221
9221
9221
9221
9191
9191
9174
9174
9174
9174
9174
9174
9168
9168
9168
9168
9168
9168
9168
9168
9168
9168
9168
9081
9081
9081
9081
9081
9081
9081
9081
9081
9081
9071
9071
9071
9071
9071
9071
9071
9071
9071
9071
9071
9071
9071
9071
9071
9071
9071
8997
8893
8893
8893
8893
8893
8893
8893
8893
8893
8620
8620
8620
8620
8620
8620
8620
8620
8620
8620
8620
8620
8620
8620
8620
8620
8620
8620
8620
8620
8517
8517
8517
8517
8517
8517
8517
8517
8517
8517
8517
8517
8517
8517
8517
8517
8517
8517
8517
8517
8491
8491
8491
8491
8491
8491
8491
8491
8491
8491
8491
8491
8491
8468
8468
8455
8455
8455
8455
8455
8455
8455
8455
8374
8374
8374
8374
8374
8374
8374
8374
8374
8374
8212
8212
8212
8212
8212
8157
8157
8157
8157
8157
8157
8157
8157
8157
8157
8157
8114
8114
8114
8114
8114
8114
8114
8114
8114
8114
8114
8114
8032
8006
8006
8006
8006
8006
8006
8006
8006
8006
8006
8006
7858
7858
7832
7832
7832
7832
7832
7832
7832
7832
7832
7832
7832
7832
7832
7832
7832
7832
7832
7832
7751
7751
7751
7751
7751
7751
7751
7751
7751
7751
7751
7751
7751
7751
7751
7751
7751
7695
7695
7695
7695
7662
7662
7662
7662
7662
7662
7662
7662
7662
7662
7662
7648
7648
7648
7648
7648
7648
7648
7648
7648
7557
7557
7557
7557
7557
7557
7557
7551
7551
7551
7551
7551
7551
7551
7529
7529
7529
7529
7453
7453
7453
7453
7453
7453
7453
7377
7377
7377
7377
7377
7377
7377
7377
7377
7377
7377
7377
7377
7377
7377
7377
7377
7377
7377
7363
7363
7363
7363
7363
7363
7363
7363
7363
7363
7363
7363
7363
7363
7363
7363
7363
7363
7363
7363
7362
7362
7362
7362
7362
7362
7362
7362
7362
7362
7362
7362
7362
7362
7326
7326
7326
7326
7326
7326
7326
7326
7326
7326
7326
7326
7287
7066
7066
7066
7066
7066
7066
7060
7060
7060
7060
7060
7060
7060
7060
7060
7060
7060
7060
7060
7025
7025
7025
7025
7025
7025
7025
7025
7025
6967
6967
6967
6967
6967
6967
6967
6967
6967
6967
6967
6967
6873
6873
6873
6873
6844
6844
6844
6844
6844
6719
6719
6719
6636
6636
6636
6636
6636
6636
6636
6636
6616
6429
6429
6429
6429
6429
6429
6429
6429
6429
6429
6429
6429
6429
6429
6428
6428
6428
6428
6344
6344
6344
6344
6344
6344
6344
6344
6273
6273
6273
6273
6273
6273
6233
6233
6233
6233
6233
6153
6153
6153
6153
6153
6153
6153
6153
6153
6153
6153
6153
6153
6147
6147
6147
6147
6147
6147
6147
6147
6095
6095
6095
6095
6095
6095
6043
6043
6043
6043
6043
6043
6043
6009
6009
6009
6009
6009
6009
6009
6009
6009
6009
6009
6009
6009
5722
5722
5722
5722
5722
5722
5722
5722
5722
5722
5722
5722
5698
5698
5698
5698
5698
5698
5698
5698
5601
5601
5601
5601
5601
5601
5601
5601
5601
5601
5601
5601
5601
5601
5601
5601
5601
5601
5601
5601
5456
5456
5456
5456
5456
5456
5456
5456
5456
5456
5456
5456
5456
5456
5456
5395
5395
5395
5395
5395
5395
5389
5389
5389
5389
5389
5389
5389
5389
5380
5380
5380
5380
5380
5380
5380
5366
5334
5334
5334
5243
5071
5071
5071
5071
5071
5006
5006
5006
5006
5006
5006
5006
5006
5006
5006
5006
5006
5006
5006
5006
5006
5006
5006
5006
5006
4961
4961
4961
4961
4961
4961
4961
4961
4961
4961
4961
4961
4954
4954
4954
4954
4954
4954
4954
4954
4954
4954
4954
4954
4954
4954
4954
4954
4851
4851
4851
4670
4670
4670
4670
4670
4670
4670
4670
4670
4670
4670
4670
4670
4670
4670
4670
4670
4670
4670
4615
4615
4615
4615
4615
4468
4468
4468
4468
4468
4468
4468
4468
4468
4468
4468
4468
4468
4468
4391
4391
4391
4353
4353
4353
4353
4353
4353
4353
4353
4353
4353
4353
4353
4353
4353
4315
4315
4315
4315
4315
4315
4315
4315
4315
4315
4315
4156
4141
4141
4141
4141
4141
4141
4141
4141
4064
4064
4064
4064
4064
4064
4064
4064
4064
4064
4064
4064
4064
4064
4064
4064
4064
4064
4047
4047
4047
4047
4047
4047
4047
4047
4047
4047
4047
3647
3647
3647
3647
3546
3546
3546
3546
3546
3546
3546
3546
3546
3546
3293
3293
3208
3208
3208
3208
3208
3208
3208
3208
3208
3208
3208
3208
3208
3208
3208
3208
3208
3208
3141
3141
3141
3141
3141
3141
3141
3141
3141
3141
3141
3080
3080
3080
3080
3080
2948
2948
2923
2923
2923
2923
2923
2923
2923
2923
2923
2923
2923
2923
2923
2923
2923
2923
2923
2868
2868
2868
2868
2868
2868
2868
2868
2868
2868
2868
2868
2868
2850
2850
2850
2850
2850
2850
2769
2769
2769
2769
2769
2769
2769
2769
2749
2674
2674
2674
2674
2674
2659
2659
2659
2659
2659
2659
2659
2659
2659
2639
2639
2639
2639
2639
2639
2639
2639
2639
2639
2639
2639
2639
2492
2365
2365
2365
2365
2365
2365
2328
2328
2191
2191
2191
2191
2191
2191
2191
2191
2191
2178
2178
2178
2178
2133
2133
2133
2133
2133
2133
2133
2130
2130
2130
2130
2130
2130
2130
2130
2130
2130
2130
2130
1837
1837
1837
1837
1837
1837
1837
1837
1837
1837
1837
1837
1837
1821
1811
1811
1811
1811
1811
1802
1802
1802
1802
1802
1802
1802
1802
1752
1752
1752
1752
1752
1653
1653
1653
1653
1653
1653
1653
1653
1653
1653
1653
1653
1653
1653
1653
1653
1653
1653
1551
1551
1551
1551
1448
1448
1448
1448
1448
1438
1438
1438
1438
1438
1438
1438
1438
1438
1438
1438
1438
1438
1438
1438
1438
1438
1438
1438
1438
1369
1369
1369
1369
1369
1369
1287
1224
1224
1224
1185
1185
1185
1185
1185
1185
1185
1185
1185
1185
1185
1185
1185
1185
1185
1185
1185
1185
1185
1142
1142
1142
1142
1142
1142
1142
1142
1142
1142
1142
1142
1142
1110
1110
1110
1110
1110
1110
1110
1110
1110
1110
1110
1110
1110
1110
1110
1110
1090
1090
1090
1090
1090
1090
1090
1090
1090
1090
1090
1090
1090
1090
1090
1090
1090
1090
880
880
832
832
832
832
832
832
832
832
832
832
832
832
731
731
731
731
731
731
731
731
731
731
731
731
731
731
731
721
721
721
721
721
721
721
721
721
721
721
721
721
721
721
721
721
721
615
615
615
615
615
615
590
590
590
590
506
506
506
506
506
506
506
506
506
506
506
506
506
506
492
492
492
492
492
492
492
492
492
492
492
492
492
492
492
492
492
492
492
492
309
309
309
309
288
288
288
288
288
288
288
288
288
288
288
288
288
259
259
259
259
259
259
259
259
259
259
237
237
227
227
227
227
227
227
153
153
153
153
153
153
153
153
153
153
153
149
149
149
149
149
149
149
149
149
149
149
149
149
149
149
149
149
148
148
148
148
148
148
148
148
148
148
148
132
132
132
132
132
132
132
132
132
132
132
132
132
132
132
132
29
29
29
29
29
29
29
29
29
29
29
29
29
29
29
29
29
