4498
10000
9952
9952
9952
9952
9952
9952
9952
9952
9952
9952
9952
9952
9952
9952
9952
9952
9952
9952
9952
9952
9952
9952
9952
9952
9952
9952
9952
9952
9952
9952
9952
9952
9952
9952
9952
9952
9952
9952
9952
9952
9952
9952
9952
9952
9952
9952
9952
9952
9952
9952
9952
9952
9952
9952
9952
9952
9952
9952
9952
9952
9952
9952
9952
9952
9952
9952
9952
9923
9923
9923
9923
9923
9923
9923
9923
9923
9923
9923
9923
9923
9923
9923
9923
9923
9923
9923
9923
9923
9923
9923
9923
9923
9923
9923
9923
9923
9923
9923
9923
9923
9923
9923
9923
9923
9923
9923
9923
9923
9923
9923
9923
9923
9923
9923
9923
9923
9923
9923
9923
9923
9923
9923
9923
9923
9923
9923
9923
9923
9923
9923
9923
9923
9923
9923
9923
9887
9887
9887
9887
9887
9887
9887
9887
9887
9887
9887
9887
9887
9887
9887
9887
9887
9887
9887
9887
9887
9887
9887
9887
9887
9887
9887
9887
9887
9887
9887
9887
9887
9887
9887
9887
9887
9887
9887
9887
9887
9887
9887
9887
9887
9887
9887
9887
9887
9887
9887
9887
9887
9887
9887
9887
9887
9887
9887
9761
9761
9761
9761
9761
9761
9761
9761
9761
9761
9761
9761
9761
9761
9761
9761
9761
9761
9761
9761
9761
9761
9761
9761
9733
9733
9733
9733
9733
9733
9733
9733
9733
9733
9733
9733
9733
9733
9733
9733
9733
9733
9733
9733
9733
9733
9733
9733
9687
9687
9687
9687
9687
9687
9687
9687
9687
9687
9687
9687
9687
9687
9687
9687
9687
9687
9687
9687
9687
9687
9687
9687
9687
9687
9687
9687
9687
9687
9687
9687
9687
9687
9669
9669
9669
9669
9669
9669
9669
9669
9669
9630
9630
9630
9630
9630
9630
9630
9630
9630
9630
9630
9630
9630
9630
9630
9630
9630
9630
9630
9630
9630
9630
9630
9630
9630
9630
9630
9630
9630
9630
9630
9630
9630
9630
9630
9630
9630
9630
9630
9630
9630
9630
9630
9630
9630
9630
9630
9630
9630
9630
9630
9630
9630
9630
9630
9630
9630
9630
9630
9630
9630
9630
9630
9630
9630
9630
9630
9630
9630
9630
9630
9630
9630
9630
9624
9624
9624
9624
9624
9624
9624
9624
9624
9624
9624
9624
9624
9624
9624
9624
9624
9624
9624
9624
9624
9624
9624
9624
9624
9624
9624
9624
9624
9624
9624
9624
9624
9624
9624
9624
9624
9624
9624
9624
9624
9624
9624
9624
9624
9624
9624
9624
9624
9624
9624
9624
9624
9624
9624
9624
9624
9624
9624
9624
9624
9624
9624
9624
9624
9624
9624
9624
9624
9624
9624
9624
9624
9624
9624
9624
9624
9624
9624
9624
9624
9624
9624
9624
9624
9624
9624
9614
9614
9614
9614
9614
9614
9614
9614
9614
9614
9614
9614
9614
9614
9614
9614
9614
9614
9555
9555
9555
9555
9555
9555
9555
9555
9555
9555
9555
9555
9555
9555
9555
9555
9555
9555
9555
9555
9555
9555
9555
9555
9555
9555
9555
9555
9555
9555
9555
9555
9555
9555
9555
9555
9555
9555
9555
9555
9555
9555
9555
9555
9555
9555
9555
9555
9555
9457
9457
9457
9457
9457
9457
9457
9457
9457
9457
9457
9457
9457
9457
9457
9457
9457
9457
9457
9457
9457
9457
9457
9457
9457
9457
9457
9457
9457
9457
9457
9457
9457
9457
9457
9457
9457
9457
9457
9457
9457
9457
9457
9457
9457
9457
9457
9432
9432
9432
9432
9432
9432
9432
9432
9387
9387
9387
9387
9387
9387
9387
9387
9387
9387
9387
9387
9387
9387
9387
9387
9387
9387
9387
9387
9387
9387
9387
9387
9387
9387
9387
9387
9387
9387
9387
9387
9387
9387
9387
9387
9387
9387
9347
9347
9347
9347
9347
9347
9347
9347
9347
9347
9347
9347
9347
9347
9347
9347
9347
9347
9347
9347
9347
9347
9347
9347
9269
9269
9269
9269
9269
9269
9269
9269
9190
9190
9190
9190
9190
9190
9190
9190
9190
9190
9190
9190
9190
9190
9190
9190
9190
9190
9190
9190
9190
9190
9190
9190
9190
9190
9190
9190
9190
9190
9190
9190
9190
9190
9190
9190
9190
9190
9190
9178
9178
9178
9178
9178
9178
9178
9178
9178
9178
9178
9178
9178
9178
9178
9178
9178
9178
9178
9178
9178
9178
9178
9178
9178
9178
9178
9178
9178
9178
9178
9178
9178
9178
9178
9178
9178
9178
9178
9178
9178
9178
9178
9178
9178
9178
9178
9178
9178
9178
9178
9178
9178
9178
9178
9178
9178
9178
9178
9178
9178
9178
9178
9178
9178
9178
9178
9178
9178
9178
9178
9178
9178
9178
9178
9178
9178
9178
9178
9178
9178
9178
9151
9151
9151
9151
9151
9151
9151
9151
9130
9130
9130
9130
9130
9130
9130
9130
9130
9130
9130
9130
9130
9130
9130
9130
9130
9130
9130
9130
9130
9130
9130
9130
9130
9130
9130
9130
9130
9130
9130
9130
9130
9130
9130
9130
9130
9130
9130
9130
9130
9130
9130
9130
9130
9130
9130
9130
9130
9130
9130
9130
9130
9130
9130
9130
9130
9005
9005
9005
9005
9005
9005
9005
9005
9005
9005
9005
9005
9005
9005
9005
9005
9005
9005
9005
9005
9005
9005
9005
9005
9005
9005
9005
9005
9005
9005
9005
9005
9005
9005
9005
9005
9005
9005
9005
9005
8918
8918
8918
8918
8918
8918
8918
8918
8918
8918
8918
8918
8918
8918
8918
8918
8918
8918
8918
8918
8918
8918
8918
8918
8918
8918
8918
8918
8918
8918
8918
8918
8918
8918
8918
8918
8918
8918
8918
8918
8918
8918
8918
8918
8918
8918
8918
8918
8918
8918
8918
8918
8918
8918
8918
8918
8918
8918
8918
8918
8918
8871
8871
8871
8871
8871
8871
8871
8871
8871
8871
8871
8871
8871
8808
8808
8808
8808
8808
8808
8808
8808
8808
8808
8808
8808
8808
8808
8808
8808
8808
8808
8808
8808
8808
8808
8808
8808
8808
8808
8808
8808
8808
8808
8808
8808
8808
8808
8808
8808
8808
8808
8808
8808
8808
8808
8808
8808
8808
8808
8808
8808
8808
8808
8808
8808
8755
8755
8755
8755
8755
8755
8755
8755
8755
8755
8755
8755
8755
8755
8755
8755
8755
8755
8755
8755
8755
8755
8755
8742
8742
8742
8742
8742
8742
8742
8742
8742
8742
8742
8742
8742
8742
8742
8742
8742
8742
8742
8742
8742
8742
8742
8742
8742
8742
8742
8742
8742
8742
8742
8742
8742
8742
8742
8742
8742
8742
8742
8742
8742
8742
8742
8742
8742
8742
8742
8742
8742
8742
8742
8742
8742
8742
8742
8742
8742
8742
8742
8742
8742
8742
8742
8742
8742
8742
8742
8742
8742
8742
8742
8693
8693
8693
8693
8693
8693
8693
8693
8693
8693
8693
8693
8693
8693
8693
8693
8693
8693
8693
8693
8693
8693
8693
8693
8693
8693
8693
8693
8693
8693
8693
8693
8693
8693
8693
8693
8693
8693
8693
8693
8693
8693
8693
8693
8693
8693
8693
8693
8693
8693
8693
8693
8693
8693
8693
8693
8693
8693
8693
8693
8693
8693
8693
8693
8693
8693
8693
8693
8693
8693
8693
8693
8693
8693
8693
8693
8693
8693
8693
8693
8693
8693
8693
8693
8693
8693
8693
8693
8693
8693
8693
8693
8693
8678
8678
8678
8678
8678
8678
8678
8678
8678
8678
8678
8678
8678
8678
8678
8678
8678
8678
8678
8678
8660
8660
8660
8660
8660
8660
8660
8660
8660
8660
8660
8660
8660
8660
8660
8660
8660
8660
8660
8660
8660
8660
8660
8660
8660
8660
8660
8660
8660
8660
8660
8660
8660
8660
8660
8660
8660
8660
8660
8660
8660
8660
8660
8660
8660
8660
8660
8660
8660
8660
8660
8622
8622
8622
8622
8622
8622
8622
8622
8622
8622
8622
8622
8622
8622
8622
8622
8622
8622
8622
8622
8622
8622
8622
8622
8622
8622
8622
8622
8622
8622
8622
8514
8514
8514
8514
8514
8514
8514
8514
8514
8514
8514
8514
8514
8514
8514
8514
8514
8514
8514
8514
8514
8514
8514
8514
8514
8514
8514
8514
8514
8514
8514
8514
8514
8514
8514
8514
8514
8514
8514
8514
8514
8514
8514
8514
8514
8514
8514
8514
8514
8514
8514
8514
8514
8514
8514
8514
8514
8514
8514
8514
8514
8514
8514
8514
8514
8514
8514
8514
8514
8514
8514
8514
8514
8337
8337
8337
8337
8337
8337
8337
8337
8337
8337
8337
8337
8337
8337
8337
8337
8337
8337
8337
8337
8337
8337
8337
8337
8337
8337
8337
8337
8337
8337
8337
8337
8337
8337
8337
8337
8337
8337
8337
8337
8337
8337
8337
8337
8307
8307
8307
8307
8307
8307
8307
8307
8307
8307
8307
8307
8307
8307
8307
8307
8307
8307
8307
8307
8307
8307
8307
8307
8307
8307
8307
8307
8307
8307
8307
8307
8307
8307
8307
8307
8307
8307
8307
8285
8285
8285
8285
8285
8285
8285
8285
8285
8285
8285
8285
8285
8285
8285
8285
8285
8285
8285
8285
8285
8285
8285
8285
8285
8285
8285
8285
8285
8285
8285
8285
8285
8285
8285
8285
8285
8285
8285
8285
8285
8285
8285
8285
8285
8285
8285
8285
8285
8285
8285
8285
8285
8285
8285
8285
8285
8285
8285
8243
8243
8243
8243
8243
8243
8243
8243
8243
8243
8243
8243
8243
8243
8174
8174
8174
8174
8174
8174
8174
8174
8174
8167
8167
8167
8167
8167
8167
8167
8167
8167
8167
8167
8167
8167
8167
8167
8167
8167
8167
8167
8167
8167
8167
8167
8167
8167
8167
8167
8167
8167
8167
8167
8167
8167
8167
8167
8167
8167
8167
8167
8167
8167
8167
8167
8167
8167
8167
8167
8167
8167
8167
8167
8167
8167
8082
8082
8082
8082
8082
8082
8082
8082
8082
8082
8082
8082
8082
8082
8082
8082
8082
8082
8082
8082
8082
8082
8082
8082
8082
8082
8082
8082
8082
8082
8082
8082
8082
8082
8082
8082
8082
8082
8082
8082
8082
8082
8082
8082
8082
8082
8082
8082
8082
8082
8082
8082
8082
8082
8082
8082
8082
8082
8082
8082
8082
8082
8082
8082
8082
8082
8082
8082
8082
8082
8082
8082
8082
8082
8082
8082
8082
8082
8082
8082
8082
8082
8082
8082
8082
8082
8082
8082
8082
8082
8082
8082
8082
8082
8082
8082
8082
8082
8082
8038
8038
8038
8038
8038
8038
8038
8038
8038
8038
8038
8038
8038
8038
8038
8038
8038
8038
8038
8038
8038
8038
8038
8038
8038
8038
8038
8038
8038
8038
8038
8038
8038
8038
8038
8038
8038
8038
8038
8038
8038
8038
8038
8038
8038
8038
8038
8038
8038
8038
8038
8038
8038
8038
8038
8038
8038
8038
8038
8038
8038
8038
8038
8038
8038
8038
8038
8038
8038
8038
8038
8038
8038
8038
8038
8038
8038
8038
8038
8038
8038
8038
8038
8038
8038
8038
8038
8038
8038
8038
8038
8038
7708
7708
7708
7708
7708
7708
7708
7708
7708
7708
7708
7708
7708
7708
7708
7708
7708
7708
7708
7708
7708
7708
7708
7708
7708
7708
7708
7708
7708
7708
7708
7708
7708
7708
7708
7708
7708
7708
7708
7708
7708
7708
7708
7708
7708
7708
7708
7708
7708
7708
7708
7708
7708
7708
7708
7708
7708
7708
7708
7708
7708
7708
7708
7708
7708
7708
7708
7708
7708
7708
7708
7708
7708
7584
7584
7584
7584
7527
7527
7527
7527
7527
7527
7527
7527
7527
7527
7527
7527
7527
7527
7527
7527
7527
7527
7527
7527
7527
7527
7527
7527
7527
7527
7527
7527
7527
7527
7527
7527
7527
7527
7527
7527
7527
7527
7527
7527
7527
7527
7527
7527
7527
7527
7527
7527
7527
7527
7527
7527
7527
7527
7527
7527
7527
7527
7527
7527
7527
7527
7527
7527
7117
7117
7117
7117
7117
7117
7117
7117
7117
7117
7117
7117
7117
7117
7117
7117
7117
7117
7117
7117
7117
7117
7117
7117
7117
7117
7117
7117
7117
7117
7117
7117
7117
7117
7117
7117
7117
7117
7117
6856
6856
6856
6856
6856
6856
6856
6856
6856
6856
6856
6856
6856
6856
6856
6856
6856
6856
6856
6856
6856
6856
6856
6856
6856
6856
6856
6856
6856
6856
6856
6856
6856
6856
6856
6856
6856
6856
6856
6856
6856
6856
6856
6856
6856
6856
6856
6856
6856
6698
6698
6698
6698
6698
6698
6698
6698
6698
6698
6698
6698
6698
6698
6698
6698
6698
6698
6698
6698
6698
6698
6698
6698
6698
6698
6698
6698
6698
6698
6698
6698
6698
6698
6698
6698
6698
6698
6698
6698
6698
6698
6698
6698
6698
6592
6592
6592
6592
6592
6592
6592
6592
6592
6592
6592
6592
6592
6592
6592
6592
6592
6592
6592
6592
6592
6592
6592
6592
6592
6592
6585
6585
6585
6585
6585
6585
6585
6585
6585
6585
6585
6585
6585
6585
6585
6585
6585
6585
6585
6585
6585
6585
6585
6585
6585
6585
6585
6585
6585
6585
6585
6585
6585
6585
6585
6585
6585
6585
6585
6585
6585
6585
6585
6585
6585
6585
6585
6585
6585
6585
6585
6585
6585
6585
6585
6585
6585
6585
6585
6585
6585
6585
6585
6585
6585
6585
6585
6585
6585
6424
6424
6424
6424
6424
6424
6424
6424
6424
6424
6424
6424
6424
6424
6424
6424
6424
6424
6424
6424
6424
6424
6424
6424
6424
6424
6424
6424
6424
6424
6424
6424
6424
6424
6424
6424
6424
6424
6424
6424
6424
6424
6424
6424
6424
6424
6424
6424
6424
6424
6424
6424
6424
6424
6424
6424
6424
6424
6424
6424
6424
6424
6424
6424
6424
6424
6424
6424
6424
6424
6424
6424
6424
6424
6424
6424
6424
6424
6424
6424
6156
6156
6156
6156
6156
6156
6156
6156
6156
6156
6156
6156
6156
6156
6156
6156
6156
6156
6156
6156
6156
6156
6156
6156
6156
6156
6156
6156
6156
6156
6156
6156
6156
6156
6156
6156
6156
6156
6156
6156
6156
6156
6156
6156
6156
6156
6156
6156
6156
6156
6156
6156
6156
6156
6156
6156
6156
6156
6156
6156
6156
6156
6156
6156
6156
6156
6156
6156
6156
6156
6156
6156
6156
6156
6156
6156
6156
6156
6156
6156
6156
6156
6156
6156
6156
6156
6156
6156
6156
6156
6156
6156
6156
6156
6156
6156
6156
6156
6156
6156
6141
6141
6141
6141
6141
6141
6141
6141
6141
6141
6141
6141
6141
6141
6141
6141
6141
6141
6141
6141
6141
6141
6141
6141
6141
6141
6141
6141
6141
6141
6141
6141
6141
6141
6141
6141
6141
6141
6141
6141
6141
6141
6141
6141
6141
6141
6093
6093
6093
6093
6093
6093
6093
6093
6093
6050
6050
6050
6050
6050
6050
6050
6050
6050
6050
6050
6050
6050
6050
6050
6050
6050
6050
6050
6050
6050
6050
6050
6050
6050
6050
6050
6050
6050
6050
6050
6050
6050
6050
6050
6050
6050
6050
6050
6050
6050
6050
6050
6050
6050
6050
6050
6050
6050
6050
6050
6050
6050
6050
6050
6050
6050
6050
6050
6050
6050
6050
6050
6050
6050
6050
6050
6050
6050
6050
6050
6050
6050
6050
6050
6050
6050
6050
6050
6050
6050
6050
6050
6050
6050
6050
6050
6050
6050
6050
6050
6050
6050
6050
6050
6050
6050
6050
6050
5932
5932
5932
5932
5932
5932
5932
5932
5932
5932
5932
5932
5932
5932
5932
5932
5932
5748
5748
5748
5748
5748
5748
5748
5748
5748
5748
5748
5748
5748
5748
5748
5748
5748
5748
5748
5748
5748
5748
5748
5748
5748
5748
5748
5748
5748
5748
5748
5748
5748
5748
5748
5748
5748
5748
5748
5748
5748
5748
5748
5748
5748
5748
5748
5748
5748
5748
5748
5748
5748
5608
5608
5608
5608
5608
5608
5608
5608
5608
5608
5608
5608
5608
5608
5608
5608
5608
5608
5608
5608
5608
5608
5608
5608
5608
5608
5608
5608
5608
5608
5608
5608
5608
5608
5608
5608
5608
5608
5608
5608
5608
5608
5608
5608
5608
5608
5608
5608
5608
5608
5464
5464
5464
5464
5464
5464
5464
5464
5464
5464
5464
5464
5464
5464
5464
5464
5464
5464
5464
5464
5464
5464
5464
5464
5464
5464
5464
5464
5464
5464
5464
5464
5464
5464
5435
5435
5435
5435
5435
5435
5435
5435
5435
5435
5435
5435
5435
5435
5435
5435
5435
5435
5435
5435
5435
5435
5435
5435
5435
5435
5435
5435
5435
5435
5435
5435
5435
5435
5435
5435
5435
5435
5435
5435
5435
5435
5435
5435
5435
5435
5435
5435
5435
5435
5435
5435
5435
5435
5435
5435
5435
5393
5393
5393
5393
5393
5393
5393
5393
5393
5393
5393
5393
5393
5393
5393
5393
5393
5393
5393
5393
5393
5393
5393
5393
5393
5393
5393
5393
5393
5393
5393
5393
5393
5393
5393
5393
5393
5393
5393
5393
5393
5393
5393
5318
5318
5318
5318
5318
5318
5318
5318
5318
5318
5318
5318
5268
5267
5267
5267
5267
5267
5267
5267
5267
5267
5267
5267
5267
5267
5267
5267
5267
5267
5267
5267
5267
5267
5191
5191
5191
5191
5191
5191
5191
5191
5191
5191
5191
5191
5191
5191
5191
5191
5191
5191
5191
5191
5191
5191
5191
5191
5191
5191
5191
5191
5191
5191
5191
5191
5191
5191
5191
5191
5191
5191
5191
5191
5191
5191
5191
5191
5191
5191
5191
5191
5191
5191
5191
5191
5191
5191
5191
5191
5191
5191
5191
5191
5191
5191
5191
5191
5191
5191
5191
5191
5191
5191
5191
5191
5191
5191
5191
5191
5191
5191
5191
5191
5191
5191
5191
5191
5191
5191
5191
5191
5191
5191
5191
5191
5191
5191
5191
5191
5191
5191
5072
5072
5072
5072
5072
5072
5072
5072
5072
5072
5072
5072
5072
5072
5072
5072
5072
5072
5072
5072
5072
5072
5072
5072
5072
5072
5072
5072
4728
4728
4728
4728
4728
4728
4728
4728
4728
4728
4728
4728
4728
4728
4728
4728
4728
4728
4728
4728
4728
4728
4728
4728
4728
4728
4728
4728
4728
4728
4728
4728
4728
4728
4728
4728
4697
4697
4697
4697
4697
4697
4697
4697
4697
4697
4697
4697
4697
4697
4697
4697
4697
4697
4697
4697
4697
4697
4697
4697
4697
4697
4697
4697
4697
4697
4697
4697
4697
4697
4697
4697
4697
4697
4697
4697
4697
4697
4697
4697
4697
4697
4697
4697
4697
4697
4697
4697
4697
4697
4697
4697
4697
4697
4697
4697
4697
4697
4697
4697
4697
4697
4697
4697
4697
4697
4697
4697
4697
4697
4697
4697
4697
4697
4594
4594
4594
4594
4594
4594
4594
4594
4594
4594
4594
4594
4594
4594
4594
4594
4594
4594
4594
4594
4594
4594
4436
4436
4436
4436
4436
4436
4436
4436
4436
4436
4436
4436
4436
4436
4436
4436
4436
4436
4436
4436
4436
4436
4436
4436
4436
4436
4354
4354
4354
4354
4354
4354
4354
4354
4354
4354
4354
4354
4354
4354
4354
4354
4354
4354
4354
4354
4354
4354
4354
4354
4354
4354
4354
4354
4354
4354
4354
4354
4354
4354
4354
4354
4354
4354
4354
4354
4354
4354
4354
4354
4354
4354
4354
4354
4354
4354
4354
4354
4354
4354
4354
4354
4354
4354
4354
4354
4354
4354
4354
4354
4354
4354
4126
4126
4126
4126
4126
4126
4126
4126
4126
4126
4126
4126
4126
4126
4126
4126
4126
4126
4126
4126
4126
4126
4126
4126
4126
4126
4126
4126
4126
4126
4126
4126
4126
4126
4126
4126
4126
4126
4126
4126
4126
4126
4126
4126
4126
4125
4125
4125
4125
4125
4125
4125
4125
4125
4125
4125
4125
4125
4125
4125
4125
4125
4125
4125
4125
4125
4125
4125
4125
4125
4125
4125
4125
4125
4125
4125
4125
4104
4104
4104
4104
4104
4104
4104
4104
4104
4104
4104
3873
3873
3873
3873
3873
3873
3873
3873
3873
3873
3873
3873
3873
3873
3873
3873
3873
3873
3873
3873
3873
3873
3873
3873
3873
3873
3873
3873
3873
3873
3873
3873
3873
3873
3873
3873
3873
3873
3873
3873
3873
3873
3873
3873
3873
3873
3795
3795
3795
3795
3795
3795
3795
3795
3795
3795
3766
3766
3766
3766
3766
3766
3766
3766
3766
3766
3766
3766
3766
3766
3766
3766
3766
3766
3766
3766
3766
3766
3766
3766
3766
3766
3766
3766
3766
3766
3766
3766
3766
3766
3766
3766
3766
3766
3766
3766
3766
3766
3766
3766
3766
3766
3766
3766
3766
3766
3766
3766
3766
3766
3766
3766
3766
3766
3766
3766
3766
3766
3766
3687
3687
3687
3659
3659
3659
3659
3659
3659
3659
3659
3659
3659
3659
3659
3659
3659
3659
3659
3659
3659
3659
3659
3659
3659
3659
3659
3659
3659
3659
3659
3659
3659
3659
3659
3659
3659
3659
3659
3659
3659
3659
3659
3659
3659
3659
3659
3659
3659
3659
3659
3659
3559
3559
3559
3559
3559
3559
3559
3559
3559
3559
3559
3559
3559
3559
3445
3445
3445
3445
3445
3445
3445
3445
3445
3445
3445
3445
3445
3445
3445
3445
3445
3445
3445
3445
3445
3445
3445
3445
3445
3445
3445
3445
3445
3445
3445
3445
3445
3445
3445
3445
3445
3445
3445
3445
3445
3445
3445
3445
3445
3445
3445
3362
3362
3362
3362
3362
3362
3362
3362
3362
3362
3362
3362
3362
3362
3362
3362
3362
3362
3362
3362
3362
3362
3362
3362
3362
3362
3362
3362
3362
3362
3362
3362
3362
3362
3362
3362
3362
3362
3362
3362
3362
3362
3362
3362
3362
3362
3362
3362
3362
3362
3362
3362
3362
3362
3362
3362
3362
3362
3362
3362
3362
3362
3362
3362
3362
3362
3362
3362
3362
3362
3362
3362
3362
3362
3362
3362
3362
3362
3362
3362
3362
3362
3362
3362
3362
3362
3362
3362
3362
3362
3362
3362
3362
3362
3362
3362
3362
3362
3362
3362
3340
3340
3340
3340
3340
3340
3340
3340
3340
3340
3340
3340
3340
3340
3340
3340
3340
3340
3340
3340
3340
3340
3340
3340
3340
3340
3340
3340
3340
3340
3340
3340
3340
3340
3340
3340
3340
3340
3340
3340
3340
3340
3340
3340
3340
3340
3340
3340
3340
3340
3340
3340
3340
3340
3340
3340
3340
3340
3340
3340
3340
3340
3340
3340
3340
3340
3340
3340
3340
3340
3340
3340
3340
3340
3340
3340
3340
3340
3340
3340
3340
3340
3340
3340
3340
3340
3340
3340
3340
3340
3340
3340
3071
3071
3071
3071
3071
3071
3071
3071
3071
3071
3071
3071
3071
3071
3071
3071
3071
3071
3071
3071
3071
3071
3071
3071
3071
3071
3071
2554
2554
2554
2554
2554
2554
2554
2554
2554
2554
2554
2554
2554
2554
2554
2554
2554
2554
2554
2554
2554
2554
2554
2554
2554
2554
2554
2441
2441
2441
2441
2441
2441
2441
2441
2441
2441
2441
2441
2441
2441
2441
2441
2441
2441
2441
2441
2441
2441
2441
2441
2441
2441
2441
2441
2441
2441
2441
2441
2441
2441
2441
2441
2441
2441
2441
2441
2441
2441
2441
2441
2441
2441
2441
2441
2441
2441
2441
2441
2441
2441
2441
2441
2441
2366
2319
2319
2319
2319
2319
2319
2319
2319
1941
1941
1941
1941
1941
1941
1941
1941
1941
1941
1941
1941
1941
1941
1941
1941
1941
1941
1941
1941
1941
1941
1941
1941
1941
1941
1941
1941
1941
1941
1941
1941
1941
1941
1941
1941
1941
1941
1941
1941
1941
1941
1941
1941
1941
1941
1941
1941
1941
1941
1941
1941
1941
1941
1941
1941
1941
1941
1941
1941
1941
1941
1941
1941
1941
1941
1941
1941
1941
1941
1941
1941
1941
1941
1941
1941
1941
1941
1941
1834
1834
1834
1834
1834
1834
1611
1611
1611
1611
1611
1611
1611
1611
1367
1367
1367
1367
1367
1367
1367
1367
1367
1367
1367
1367
1367
1367
1367
1367
1367
1367
1367
1367
1367
1367
1367
1367
1367
1367
1367
1367
1367
1367
1367
1367
1367
1367
1077
1077
1077
1077
1077
1077
1077
1077
1077
1077
1077
1077
1077
1077
1077
1077
1077
1077
1077
1077
1077
1077
1077
1077
1077
1077
1077
1077
1077
1077
1077
1077
1077
1077
1077
1077
1077
1077
1077
1077
1077
1077
1077
1077
1077
1077
1077
1077
1077
1077
1077
1077
1077
1077
1077
1077
1077
1077
1077
1077
1077
1077
1077
1077
1077
1077
1077
1077
1041
1041
1041
1041
1041
1041
1041
1041
1041
1041
1041
1041
1041
1041
1041
1041
1041
1041
1041
1041
1041
1041
1041
1041
856
856
856
856
856
856
856
856
856
856
856
856
856
856
856
856
856
856
856
856
856
856
856
856
856
856
856
856
856
856
856
856
750
750
750
750
750
750
750
750
750
750
750
750
750
750
750
750
750
750
750
750
750
750
750
750
750
750
750
750
750
750
750
750
750
750
750
750
750
750
750
750
750
750
750
750
750
750
750
750
750
750
750
750
750
750
750
750
750
750
750
750
750
750
750
750
750
750
750
750
750
750
750
750
750
750
750
750
750
750
750
750
750
750
750
750
750
750
750
750
683
683
683
683
683
683
683
683
683
683
683
683
683
683
683
683
683
683
683
683
683
683
683
683
683
683
683
683
683
683
683
683
683
683
683
683
683
683
683
683
683
683
683
683
683
683
683
683
683
683
683
683
683
683
683
683
683
683
683
683
683
683
683
683
683
683
683
683
683
683
649
649
649
649
649
649
615
615
615
615
615
615
615
615
615
615
615
615
615
615
615
615
615
615
615
615
615
615
615
615
615
615
615
615
615
615
615
615
615
615
615
615
615
615
615
615
615
615
615
541
541
541
541
541
541
541
541
541
541
541
541
541
541
541
541
541
541
541
541
541
541
541
541
541
541
541
541
541
541
541
541
541
541
541
541
541
541
541
541
541
541
541
541
541
541
541
541
541
541
541
541
541
541
541
541
541
541
541
541
541
541
541
541
541
541
541
541
541
541
541
541
541
541
372
372
372
372
372
372
372
372
372
372
372
372
372
372
372
372
372
372
372
372
372
372
372
372
372
372
372
372
372
372
372
372
372
372
372
372
372
372
372
372
372
372
372
372
372
372
372
372
372
372
372
372
372
372
372
372
372
372
372
372
372
372
372
372
372
372
372
372
372
372
372
372
372
372
372
372
372
372
372
372
184
184
184
184
184
184
184
184
184
184
184
184
184
184
184
184
184
184
184
184
184
184
184
184
184
184
184
184
184
184
184
184
184
184
184
184
184
184
184
184
184
184
184
184
184
184
184
184
184
184
184
184
184
184
184
184
184
184
184
184
184
184
184
184
184
184
184
184
42
42
42
42
42
42
42
42
42
42
42
42
42
42
42
42
42
42
42
42
42
42
42
42
42
42
42
42
42
42
42
42
42
42
42
42
42
42
42
42
42
42
42
42
42
42
42
42
42
42
42
42
42
42
42
42
42
42
42
42
42
42
42
42
42
42
42
42
42
42
42
42
42
42
42
42
42
42
42
42
