1059
10000
7496
7496
7496
7496
7496
7496
7496
7496
7496
7496
7496
7496
7496
7496
7496
7496
7496
7496
7496
7496
7393
7393
7393
7393
7393
7393
7393
7393
7393
7393
7393
7393
7393
7393
7393
7393
7330
7330
7330
7330
7330
7330
7330
7330
7330
7330
7330
7330
7330
7330
7330
7330
7284
7284
7284
7284
7284
7284
7284
7284
7284
7284
7284
7284
7284
7284
7284
7284
7284
7284
7284
7234
7234
7234
7234
7234
7234
7234
7234
7234
7234
7234
7234
7234
7234
7234
7234
7234
7234
7171
7171
7171
7171
7171
7171
6896
6896
6896
6896
6896
6896
6896
6896
6896
6896
6896
6896
6829
6829
6829
6829
6829
6829
6829
6829
6829
6829
6829
6829
6829
6829
6829
6829
6829
6829
6829
6829
6809
6757
6757
6757
6757
6757
6757
6757
6757
6757
6757
6757
6757
6757
6757
6757
6757
6757
6755
6755
6755
6755
6755
6744
6744
6744
6744
6744
6744
6744
6744
6744
6744
6744
6744
6744
6744
6744
6735
6735
6735
6735
6735
6735
6735
6735
6735
6735
6735
6735
6735
6690
6690
6690
6690
6653
6653
6653
6653
6653
6653
6589
6589
6589
6589
6589
6589
6589
6589
6589
6589
6589
6589
6512
6512
6512
6512
6512
6512
6512
6512
6512
6329
6329
6329
6329
6329
6329
6329
6329
6304
6135
6135
6135
6135
6135
6135
6135
6135
6135
6135
6135
6135
6135
6135
6135
6135
6135
6135
6135
6135
5919
5919
5919
5919
5919
5919
5919
5919
5919
5919
5919
5919
5919
5919
5919
5919
5919
5774
5774
5774
5774
5774
5774
5774
5774
5741
5741
5741
5741
5741
5741
5741
5741
5697
5697
5697
5697
5697
5653
5653
5653
5653
5653
5653
5653
5653
5653
5653
5653
5653
5653
5653
5653
5606
5606
5606
5606
5606
5606
5606
5606
5606
5606
5606
5606
5606
5606
5606
5606
5606
5606
5606
5579
5579
5579
5579
5579
5574
5574
5574
5574
5574
5574
5574
5574
5574
5574
5574
5574
5574
5549
5549
5549
5549
5549
5549
5549
5549
5549
5549
5549
5549
5549
5549
5549
5549
5517
5517
5517
5517
5517
5517
5517
5517
5517
5517
5517
5517
5517
5517
5475
5475
5475
5461
5461
5461
5461
5461
5461
5461
5461
5461
5461
5461
5461
5461
5461
5461
5399
5399
5231
5231
5231
5231
5231
5231
5231
5231
5231
5231
5231
5231
5231
5231
5231
5231
5231
5206
5206
5206
5206
5206
5206
5206
5206
5206
5123
5123
5123
5123
5123
5123
5123
5123
5123
5019
5019
5019
4789
4691
4691
4691
4545
4545
4545
4545
4545
4545
4545
4545
4545
4545
4545
4545
4545
4545
4545
4545
4545
4545
4545
4413
4413
4413
4413
4413
4413
4413
4413
4413
4413
4413
4413
4413
4413
4413
4413
4413
4413
4413
4218
4218
4218
4218
4218
4218
4218
4218
4218
4218
4218
4218
4218
4218
4218
4218
4218
4218
4209
4209
4209
4209
4209
4209
4192
4192
4192
4192
4192
4192
4192
4006
4006
4006
4006
4006
4006
4006
4006
4006
4006
4006
4006
4006
4006
4006
4006
4006
3999
3999
3999
3999
3999
3999
3999
3999
3999
3999
3999
3999
3999
3999
3856
3856
3856
3856
3856
3856
3856
3856
3856
3856
3856
3856
3856
3856
3856
3856
3836
3836
3836
3836
3836
3836
3836
3836
3836
3836
3836
3836
3836
3836
3836
3836
3836
3836
3836
3836
3836
3836
3836
3836
3836
3711
3711
3711
3711
3711
3711
3711
3711
3711
3711
3711
3711
3711
3711
3711
3691
3691
3691
3691
3608
3608
3608
3608
3608
3608
3608
3608
3608
3608
3608
3608
3608
3608
3608
3516
3516
3516
3516
3516
3516
3516
3354
3354
3354
3354
3308
3308
3308
3308
3308
3308
3308
3308
3308
3257
3000
3000
3000
3000
3000
3000
3000
3000
2975
2975
2975
2975
2975
2975
2975
2975
2904
2904
2904
2904
2904
2904
2904
2904
2904
2904
2904
2904
2904
2891
2891
2891
2891
2891
2891
2891
2891
2891
2891
2891
2891
2891
2891
2891
2891
2891
2891
2891
2891
2873
2873
2837
2837
2837
2837
2837
2837
2837
2825
2825
2825
2825
2758
2758
2758
2758
2758
2758
2758
2758
2758
2758
2758
2758
2758
2758
2620
2620
2620
2589
2589
2589
2589
2589
2589
2589
2589
2589
2589
2514
2514
2514
2514
2514
2514
2514
2514
2514
2514
2514
2514
2514
2514
2514
2514
2514
2514
2514
2514
2286
2286
2286
2286
2286
2286
2286
2286
2286
2286
2286
2286
2198
2198
2198
2198
2198
2198
2198
2198
2198
2198
2198
2198
2198
2182
2182
2182
2182
2182
2182
2182
2182
2182
2182
2182
2182
2180
2180
2167
2167
2167
2167
2167
2167
2167
2167
2167
2167
2167
2167
2167
2150
2150
2150
2150
2150
2150
2150
2150
2150
2150
2150
2150
2150
2150
2150
2086
2086
2086
2086
2086
2086
2086
2086
2086
2086
2086
2086
2086
2086
2086
2049
2049
2049
2049
2049
2049
2049
2049
2049
2049
2049
2049
2049
2049
2049
2049
2049
2049
2039
2039
2023
2023
2023
2023
2023
2023
2023
2023
2023
2023
2023
2023
2023
2023
2023
2023
2023
2023
2023
1969
1969
1969
1969
1778
1778
1778
1778
1778
1778
1778
1778
1778
1658
1658
1658
1658
1658
1658
1658
1658
1658
1658
1632
1632
1632
1632
1632
1548
1548
1548
1548
1548
1533
1533
1533
1533
1533
1533
1533
1495
1495
1495
1495
1495
1495
1495
1495
1458
1458
1458
1458
1458
1458
1458
1458
1418
1418
1418
1418
1418
1148
1148
1148
1148
1075
1075
1075
1075
1075
1075
1075
1075
1075
945
945
945
945
945
863
863
863
863
863
863
863
863
863
803
803
803
803
803
803
803
803
803
803
803
712
712
712
712
712
712
712
699
699
699
699
699
699
699
699
699
699
699
699
699
686
686
686
686
686
686
686
686
686
686
686
686
686
686
686
537
537
537
537
537
537
537
537
537
537
537
537
537
537
537
537
537
537
537
537
519
440
440
440
440
440
440
440
440
440
440
440
440
440
440
440
440
440
440
440
362
362
362
362
362
362
362
362
362
362
362
362
362
362
362
362
362
168
168
168
168
168
168
168
168
86
86
86
86
86
86
86
86
86
86
86
86
86
86
