1655
10000
9951
9951
9951
9951
9951
9951
9951
9951
9951
9951
9951
9951
9951
9951
9951
9951
9951
9881
9881
9881
9881
9881
9881
9881
9881
9881
9881
9881
9881
9881
9881
9765
9765
9765
9673
9673
9673
9673
9673
9673
9673
9673
9673
9673
9673
9673
9673
9673
9673
9673
9673
9673
9673
9431
9431
9431
9431
9431
9431
9431
9431
9431
9431
9431
9300
9300
9300
9300
9300
9300
9300
9300
9300
9300
9300
9300
9300
9300
9300
9300
9247
9247
9247
9247
9247
9247
9247
9191
9191
9191
9191
9191
9191
9191
9177
9177
9177
9177
9177
9177
9177
9177
9177
9177
9177
9177
9177
9177
9177
9177
9177
9177
9177
9170
9170
9170
9170
9170
9170
9170
9170
9170
9067
9067
9067
9067
9067
9067
9067
9067
9067
9067
9067
9067
9067
9040
9040
9040
9040
9040
9040
9040
9040
9040
9028
9028
9028
9028
9028
9028
9028
8877
8877
8877
8877
8877
8877
8877
8877
8877
8877
8877
8877
8877
8877
8871
8871
8871
8871
8871
8871
8871
8871
8871
8871
8871
8871
8871
8867
8867
8867
8867
8867
8867
8764
8764
8764
8764
8764
8764
8764
8764
8764
8764
8764
8764
8764
8764
8764
8762
8762
8762
8762
8762
8762
8762
8762
8762
8762
8762
8762
8762
8762
8762
8762
8762
8542
8542
8542
8542
8542
8542
8347
8347
8305
8305
8305
8305
8305
8305
8305
8305
8305
8305
8249
8249
8249
8249
8249
8249
8249
8249
8249
8249
8249
8249
8249
8249
8249
8249
8167
8167
8167
8167
8167
8167
8167
8167
8167
8167
8167
8167
8167
8167
8167
8167
8129
8129
8129
8129
8129
8129
8129
8129
8129
8129
8129
8129
8129
8110
8110
8110
8110
8110
8110
8110
8110
8110
8110
8110
8110
8110
8110
8110
8110
8065
8065
7960
7960
7960
7960
7960
7960
7960
7960
7960
7960
7960
7960
7960
7960
7960
7960
7960
7960
7960
7851
7851
7851
7851
7851
7851
7851
7851
7851
7801
7801
7801
7801
7801
7801
7801
7801
7801
7801
7801
7681
7681
7681
7584
7584
7584
7584
7584
7584
7584
7548
7548
7548
7548
7548
7548
7548
7548
7548
7548
7548
7548
7499
7499
7499
7499
7499
7499
7499
7499
7499
7499
7499
7499
7499
7499
7378
7378
7297
7297
7297
7297
7297
7297
7297
7297
7037
7037
7037
7037
7037
7037
7037
7037
7037
7037
7037
7037
7037
7037
7037
6939
6939
6939
6939
6939
6939
6939
6939
6939
6939
6939
6939
6939
6939
6939
6939
6939
6939
6854
6854
6854
6854
6854
6854
6854
6854
6854
6854
6854
6854
6854
6854
6854
6854
6854
6854
6854
6701
6701
6701
6701
6701
6701
6701
6701
6701
6701
6701
6665
6665
6665
6665
6665
6665
6665
6665
6665
6665
6665
6665
6665
6665
6665
6589
6589
6589
6589
6589
6589
6589
6589
6589
6589
6589
6589
6589
6589
6589
6446
6446
6446
6446
6446
6446
6399
6399
6399
6399
6399
6399
6399
6399
6399
6399
6399
6399
6399
6399
6399
6399
6399
6399
6399
6399
6353
6353
6353
6353
6353
6353
6353
6353
6353
6353
6353
6353
6353
6353
6353
6353
6353
6233
6233
6233
6233
6233
6233
6233
6233
6233
6233
6233
6233
6226
6226
6226
6226
6226
6226
6226
6226
6145
6145
6145
6145
6145
6145
6145
6145
6145
6145
6145
6145
6145
6145
6145
6145
6141
6141
6141
6141
6141
6141
6141
6141
6141
6141
6141
6141
6125
6125
6125
6125
6125
6125
6125
6125
6125
6125
6125
6125
6125
6094
6094
6094
6094
6094
6094
6094
6042
6042
6042
6042
6042
6042
6042
6042
6042
6042
6042
6042
6042
6042
6042
5903
5903
5903
5903
5903
5903
5903
5903
5903
5903
5903
5903
5903
5903
5903
5903
5903
5834
5834
5834
5834
5704
5704
5704
5704
5704
5704
5704
5704
5704
5704
5704
5704
5704
5704
5704
5704
5704
5704
5704
5674
5674
5674
5674
5674
5674
5674
5674
5674
5674
5674
5674
5674
5674
5625
5625
5588
5588
5588
5588
5588
5588
5588
5575
5575
5575
5575
5575
5575
5575
5575
5575
5575
5575
5575
5575
5575
5575
5575
5575
5575
5575
5575
5562
5562
5562
5562
5562
5562
5562
5562
5538
5538
5538
5538
5538
5538
5538
5538
5538
5501
5501
5501
5501
5501
5458
5458
5458
5458
5458
5458
5458
5458
5458
5458
5458
5458
5458
5458
5458
5458
5458
5426
5426
5426
5426
5426
5426
5426
5426
5426
5426
5426
5426
5387
5387
5387
5387
5387
5387
5387
5387
5387
5387
5387
5387
5387
5387
5387
5370
5370
5370
5370
5370
5370
5370
5370
5370
5370
5370
5370
5315
5315
5315
5315
5315
5315
5315
5315
5315
5315
5315
5315
5315
5315
5315
5315
5315
5315
5315
5275
5275
5230
5230
5186
5186
5186
5186
5186
5186
5186
5186
5186
5186
5186
5186
5186
5186
5186
5057
5057
5057
5057
5057
5057
5057
5057
5057
5057
5057
5057
5057
5057
5057
5057
4907
4907
4907
4907
4907
4907
4907
4907
4907
4907
4907
4907
4907
4907
4907
4907
4907
4907
4907
4902
4902
4902
4902
4902
4902
4902
4902
4902
4902
4902
4902
4902
4902
4902
4902
4902
4902
4902
4902
4902
4902
4902
4902
4902
4902
4902
4902
4902
4902
4902
4902
4902
4902
4888
4888
4888
4888
4888
4888
4876
4876
4876
4876
4876
4876
4876
4876
4876
4876
4876
4876
4876
4876
4876
4777
4777
4777
4777
4777
4777
4777
4777
4777
4777
4777
4777
4777
4777
4777
4777
4777
4777
4777
4777
4628
4628
4628
4628
4628
4628
4628
4628
4628
4628
4589
4589
4589
4589
4589
4589
4589
4589
4568
4568
4568
4568
4568
4568
4568
4568
4568
4568
4568
4568
4568
4568
4553
4553
4553
4553
4553
4553
4410
4410
4410
4410
4410
4410
4410
4410
4410
4410
4410
4410
4410
4410
4410
4386
4386
4386
4386
4386
4386
4386
4285
4285
4285
4285
4285
4285
4285
4285
4285
4285
4285
4285
4282
4168
4168
4168
4168
4168
4168
4168
4168
4168
4168
4168
4168
4095
4095
4095
4095
4062
4062
4062
4062
4044
4044
4044
4044
4044
4044
4044
4044
4044
4044
4044
4044
4044
4025
4025
4025
3900
3879
3826
3826
3826
3826
3826
3826
3826
3826
3826
3826
3826
3826
3826
3826
3826
3826
3826
3826
3679
3679
3679
3679
3679
3679
3679
3522
3522
3522
3522
3522
3522
3522
3522
3522
3522
3522
3414
3414
3414
3367
3367
3367
3367
3367
3367
3367
3367
3367
3367
3367
3367
3367
3367
3367
3339
3339
3339
3339
3339
3339
3339
3339
3339
3339
3339
3339
3252
3252
3252
3252
3252
3252
3252
3252
3080
3080
3080
3080
3080
3080
3080
3080
3080
3080
3080
3080
3080
3080
3080
3080
3080
3080
3057
3057
3057
3057
2959
2959
2959
2959
2959
2959
2959
2959
2959
2959
2959
2959
2951
2951
2951
2951
2951
2951
2951
2951
2951
2938
2938
2938
2938
2938
2938
2938
2792
2792
2792
2792
2792
2792
2792
2792
2792
2792
2792
2792
2534
2534
2534
2534
2534
2311
2311
2311
2311
2311
2311
2311
2311
2311
2311
2311
2311
2253
2253
2253
2253
2253
2253
2253
2253
2253
2253
2253
2253
2253
2253
2253
2253
2253
2201
2201
2201
2201
2201
2201
2201
2201
2201
2201
2201
2201
2201
2201
2201
2201
2201
2168
2168
2168
2168
2168
2168
2168
2168
2168
2168
2168
2086
2086
2086
2052
2052
2052
2052
2052
2052
2052
2052
2052
2052
2052
2052
2052
2052
2052
2052
2052
2052
2044
2044
2044
2044
2044
2005
2005
2005
2005
2005
1925
1925
1925
1925
1925
1925
1925
1925
1925
1925
1925
1925
1925
1925
1834
1834
1834
1834
1834
1834
1834
1834
1834
1834
1786
1786
1786
1786
1786
1786
1786
1786
1786
1786
1786
1786
1786
1786
1786
1786
1786
1782
1782
1782
1762
1762
1762
1762
1762
1762
1762
1735
1735
1735
1735
1735
1712
1712
1712
1712
1712
1712
1712
1712
1712
1712
1712
1703
1703
1703
1703
1703
1703
1703
1703
1703
1703
1703
1703
1703
1703
1703
1616
1616
1616
1616
1616
1616
1616
1616
1616
1616
1616
1616
1616
1616
1616
1616
1616
1616
1616
1574
1515
1515
1515
1515
1515
1515
1515
1515
1515
1515
1515
1515
1515
1515
1515
1515
1515
1515
1515
1515
1470
1470
1470
1470
1470
1470
1470
1470
1470
1461
1461
1461
1324
1324
1324
1324
1324
1324
1324
1324
1324
1324
1324
1324
1324
1324
1324
1324
1324
1242
1242
1242
1242
1242
1242
1242
1242
1242
1242
1242
1242
1242
1242
1242
1242
1239
1239
1239
1239
1239
1239
1239
1239
1239
1239
1239
1206
1206
1206
1206
1206
1206
1206
1206
1206
1206
1206
1206
1206
1206
1206
1206
1206
1206
1206
1206
1040
1040
1040
1040
1040
1040
1040
1040
1040
1040
1040
1040
1040
1040
904
904
904
904
904
904
904
904
904
859
859
859
859
859
859
859
859
859
859
848
848
848
848
848
848
765
765
765
765
765
765
765
765
765
765
765
741
741
741
741
741
741
741
741
741
741
741
575
575
575
560
560
560
560
560
560
560
560
560
560
560
556
556
556
556
556
556
556
556
556
556
556
478
478
478
478
478
478
478
478
478
478
478
478
478
478
478
478
447
443
443
443
443
443
443
443
443
443
443
411
411
411
411
411
411
411
367
367
367
367
367
367
367
367
367
367
367
367
367
367
367
367
367
367
337
337
337
215
215
215
215
215
215
215
215
215
215
215
215
215
215
215
215
202
202
202
202
202
202
202
202
202
202
202
202
202
202
202
202
202
202
202
202
144
144
144
117
117
117
117
117
117
117
117
117
117
117
117
4
4
4
4
4
4
4
4
4
4
4
4
4
4
4
