1594
10000
2495
2495
2495
2495
2495
2493
2493
2493
2493
2493
2493
2493
2493
2493
2480
2480
2480
2480
2480
2480
2480
2480
2480
2480
2480
2480
2480
2480
2480
2480
2480
2480
2480
2480
2480
2480
2480
2480
2480
2480
2480
2480
2480
2480
2462
2462
2462
2462
2462
2462
2462
2462
2462
2462
2462
2455
2455
2455
2455
2455
2455
2455
2455
2455
2455
2455
2440
2440
2440
2440
2440
2440
2440
2440
2440
2440
2440
2440
2440
2440
2440
2440
2440
2440
2417
2417
2417
2417
2404
2404
2404
2404
2404
2404
2404
2404
2404
2404
2404
2404
2395
2395
2395
2395
2395
2395
2395
2395
2395
2395
2395
2395
2395
2371
2371
2371
2371
2371
2371
2371
2371
2371
2371
2371
2371
2371
2371
2371
2371
2368
2368
2368
2368
2368
2368
2368
2368
2368
2368
2367
2367
2367
2367
2364
2364
2364
2364
2364
2364
2364
2364
2364
2364
2364
2364
2364
2364
2364
2364
2362
2362
2341
2341
2341
2341
2341
2341
2341
2341
2341
2271
2271
2271
2271
2271
2271
2271
2271
2271
2271
2271
2271
2271
2271
2270
2270
2270
2270
2270
2270
2252
2252
2252
2252
2232
2232
2232
2232
2232
2232
2232
2173
2173
2173
2173
2173
2173
2173
2161
2161
2161
2161
2161
2161
2161
2161
2161
2161
2153
2153
2153
2153
2153
2153
2153
2153
2153
2153
2153
2153
2153
2153
2153
2153
2153
2153
2153
2153
2119
2119
2119
2110
2110
2110
2110
2110
2110
2110
2110
2110
2110
2110
2104
2104
2104
2104
2104
2104
2104
2104
2104
2104
2104
2104
2104
2104
2104
2104
2104
2104
2087
2087
2087
2087
2087
2087
2087
2087
2087
2084
2084
2084
2084
2084
2084
2084
2084
2084
2081
2081
2081
2081
2081
2081
2047
2047
2047
2047
2047
2047
2047
2047
2047
2047
2047
2047
2047
2047
2047
2047
2047
2047
2047
2047
2034
2034
2034
2034
2034
2034
2034
2034
2034
2034
2034
2034
2034
2034
2034
2034
2022
2022
2022
2011
2011
2011
2011
2011
2011
2011
2011
2011
2011
2011
2011
2011
2011
2011
2011
2011
2011
2011
2009
2009
2009
2009
2007
2007
2007
2007
2004
2004
2004
2004
1995
1995
1995
1995
1995
1995
1995
1995
1995
1995
1995
1995
1995
1995
1995
1995
1995
1995
1995
1995
1979
1979
1979
1979
1979
1972
1960
1960
1960
1954
1954
1954
1954
1954
1954
1954
1954
1954
1954
1954
1954
1954
1954
1954
1954
1954
1953
1953
1953
1953
1935
1935
1935
1935
1935
1935
1935
1935
1935
1935
1935
1935
1935
1935
1935
1935
1935
1935
1935
1925
1869
1869
1869
1869
1869
1869
1869
1869
1869
1869
1869
1869
1869
1869
1869
1869
1862
1862
1862
1862
1862
1862
1862
1862
1862
1862
1862
1862
1862
1862
1862
1862
1862
1862
1862
1846
1846
1846
1846
1846
1846
1846
1846
1846
1846
1846
1846
1846
1846
1846
1846
1846
1846
1846
1846
1832
1832
1832
1832
1832
1832
1832
1823
1823
1808
1808
1808
1808
1808
1808
1808
1808
1808
1808
1808
1808
1808
1808
1808
1808
1808
1808
1808
1807
1807
1807
1807
1807
1807
1807
1807
1807
1807
1750
1750
1750
1750
1750
1750
1750
1741
1741
1720
1720
1720
1720
1720
1719
1719
1719
1719
1719
1719
1719
1715
1715
1715
1715
1715
1715
1715
1715
1715
1715
1715
1704
1704
1704
1704
1704
1663
1663
1663
1663
1663
1663
1663
1663
1648
1648
1648
1648
1648
1648
1648
1648
1648
1648
1648
1648
1648
1648
1648
1648
1622
1622
1622
1618
1618
1604
1604
1604
1604
1604
1604
1604
1604
1604
1604
1604
1604
1604
1596
1596
1596
1596
1596
1596
1596
1596
1596
1596
1596
1596
1596
1589
1589
1589
1589
1589
1589
1589
1589
1589
1589
1589
1559
1559
1558
1558
1558
1558
1558
1558
1558
1558
1525
1525
1525
1525
1525
1525
1525
1525
1525
1525
1525
1525
1525
1525
1505
1505
1505
1505
1505
1505
1505
1505
1505
1505
1505
1505
1505
1492
1492
1492
1492
1492
1492
1492
1492
1492
1492
1492
1492
1492
1485
1485
1485
1485
1485
1485
1485
1485
1485
1485
1485
1485
1485
1485
1485
1485
1485
1485
1485
1473
1473
1473
1473
1473
1473
1473
1473
1473
1438
1438
1438
1438
1438
1438
1438
1438
1438
1381
1381
1381
1381
1381
1381
1381
1381
1381
1381
1381
1381
1381
1381
1381
1381
1381
1381
1381
1379
1379
1379
1370
1370
1370
1370
1370
1370
1370
1370
1370
1361
1361
1361
1361
1361
1361
1361
1361
1361
1361
1361
1361
1361
1361
1358
1358
1358
1358
1358
1358
1358
1358
1358
1358
1358
1358
1336
1336
1336
1336
1336
1336
1309
1295
1295
1295
1295
1295
1295
1295
1295
1295
1295
1295
1295
1288
1288
1288
1288
1288
1288
1288
1288
1288
1288
1288
1288
1288
1288
1288
1288
1288
1282
1282
1282
1282
1282
1282
1282
1282
1282
1282
1282
1282
1273
1266
1266
1266
1266
1266
1266
1266
1266
1266
1240
1240
1240
1236
1236
1236
1223
1223
1223
1223
1223
1223
1223
1223
1187
1187
1187
1187
1187
1187
1187
1186
1186
1186
1186
1186
1186
1186
1186
1186
1186
1186
1178
1178
1178
1178
1178
1178
1178
1162
1162
1162
1162
1125
1125
1125
1125
1125
1125
1125
1120
1120
1120
1120
1120
1120
1120
1120
1120
1120
1107
1107
1107
1107
1107
1107
1107
1107
1107
1107
1107
1107
1107
1107
1107
1107
1107
1107
1107
1081
1081
1081
1081
1081
1081
1081
1081
1081
1081
1081
1073
1073
1073
1073
1073
1073
1014
1014
1014
1014
1014
1014
1014
1014
1014
1014
1014
1014
1014
1014
1014
1014
1014
1014
1014
975
975
975
975
975
975
975
975
975
975
975
975
975
975
975
975
974
974
974
974
974
974
974
974
974
974
974
974
974
970
970
970
970
970
960
960
960
960
960
960
960
960
960
960
960
960
914
914
914
914
914
914
914
914
914
914
914
914
914
866
866
866
866
866
866
866
866
866
866
866
866
866
866
866
866
866
854
854
854
854
854
854
854
854
854
854
854
854
854
854
854
844
844
844
844
844
844
844
844
844
844
844
844
844
844
844
844
844
844
844
825
825
825
825
825
825
825
825
825
825
825
825
825
765
765
765
765
765
765
765
750
750
750
750
750
750
750
750
750
750
750
750
750
750
750
750
750
750
750
740
740
740
740
740
740
740
740
740
740
740
740
740
709
709
709
709
709
709
709
680
680
680
643
643
643
643
643
643
643
643
643
643
643
643
643
643
643
643
606
606
606
606
606
606
606
606
606
606
606
606
606
606
601
601
601
601
601
601
601
601
601
601
601
601
601
601
601
601
601
600
600
600
600
600
597
597
597
597
597
597
597
597
597
597
597
597
597
597
597
597
597
597
597
591
591
591
591
591
591
591
591
591
558
558
558
558
558
558
558
558
558
558
558
558
558
558
558
558
558
558
558
558
557
557
557
557
557
557
557
557
557
557
557
557
557
557
557
557
557
540
540
540
540
540
540
540
540
540
540
540
540
540
540
540
540
540
540
540
540
521
521
521
521
521
521
521
521
521
521
521
521
521
521
521
521
521
521
521
516
516
516
516
516
498
498
498
498
498
498
498
498
498
498
498
484
484
484
484
484
484
484
484
484
484
484
459
459
459
459
459
459
459
459
459
459
459
459
459
459
459
459
459
429
429
429
429
429
429
429
429
429
429
429
429
429
429
429
429
429
429
398
398
398
362
362
362
362
362
362
362
356
356
356
356
356
356
356
356
356
356
356
356
324
324
324
316
316
316
316
281
281
281
281
281
281
281
281
281
281
281
281
281
268
268
268
268
251
251
251
251
251
251
251
251
251
251
251
251
251
251
209
209
209
209
209
209
209
209
209
169
169
169
169
169
169
169
169
169
169
169
169
169
168
168
168
168
168
168
160
160
160
160
160
160
160
160
160
160
160
160
151
151
151
151
151
151
151
151
151
151
135
132
132
132
132
132
132
132
132
132
132
132
132
132
132
132
132
132
132
132
132
128
128
127
127
127
127
127
127
127
127
127
127
127
127
127
114
114
114
114
114
114
114
114
114
114
114
114
114
114
114
114
114
114
114
114
90
90
90
85
85
85
85
85
85
85
85
85
85
85
85
85
85
85
85
85
84
84
84
84
84
84
84
84
84
84
84
84
84
84
84
84
84
84
54
54
54
54
54
54
54
54
54
54
54
54
54
54
54
54
54
54
54
48
48
48
48
48
48
48
48
48
48
48
48
48
48
48
48
48
48
22
22
22
22
22
22
22
22
22
22
22
22
22
22
22
22
