1002
10000
9914
9914
9914
9890
9890
9786
9786
9786
9786
9786
9786
9786
9786
9786
9786
9786
9745
9745
9745
9745
9745
9745
9745
9745
9745
9745
9745
9745
9745
9745
9745
9745
9745
9745
9745
9670
9670
9670
9670
9670
9670
9670
9670
9670
9670
9670
9670
9670
9670
9381
9381
9381
9381
9381
9381
9335
9335
9335
9335
9335
9335
9335
9335
9335
9335
9335
9335
9335
9118
9118
9118
9118
9118
9118
9118
9118
9118
9118
9118
9118
9118
9118
9118
9118
9083
9083
9083
9083
9083
9083
9083
9083
9083
9083
9083
9083
9083
9083
9007
9007
9007
9007
9007
9007
9007
9007
9007
9007
9007
9007
9007
9007
9007
9007
9007
8970
8970
8970
8848
8848
8848
8848
8848
8848
8848
8848
8848
8848
8848
8752
8752
8752
8752
8752
8752
8752
8752
8752
8752
8752
8752
8752
8752
8752
8752
8752
8752
8752
8475
8475
8475
8475
8475
8475
8093
8093
8093
8093
8093
8093
8093
8093
8093
8093
8093
8093
8093
8093
8072
8072
7968
7968
7968
7968
7968
7968
7968
7968
7968
7968
7968
7968
7968
7968
7968
7968
7968
7968
7968
7884
7884
7884
7884
7884
7884
7884
7884
7634
7634
7634
7634
7634
7634
7634
7634
7634
7606
7606
7606
7606
7606
7606
7564
7564
7564
7564
7499
7499
7499
7499
7499
7499
7499
7499
7499
7399
7399
7399
7399
7399
7399
7399
7397
7397
7397
7397
7397
7397
7397
7397
7397
7397
7397
7397
7397
7397
7397
7397
7397
7397
7078
7078
7078
6910
6910
6910
6910
6910
6910
6910
6910
6910
6796
6796
6796
6796
6650
6650
6650
6650
6650
6650
6650
6547
6536
6536
6536
6536
6536
6536
6536
6536
6536
6536
6536
6536
6536
6536
6536
6536
6536
6536
6536
6513
6513
6513
6513
6513
6513
6513
6513
6513
6513
6325
6325
6325
6325
6325
6325
6325
6325
6198
6198
6198
6153
5784
5784
5471
5471
5471
5471
5471
5471
5471
5471
5471
5471
5471
5471
5447
5447
5447
5447
5447
5447
5447
5447
5436
5436
5436
5319
5319
5319
5319
5319
5319
5319
5319
5319
5319
5319
5319
5319
5319
5319
5319
5319
5285
5285
5285
5285
5285
5285
5285
5285
5285
5285
5285
5285
5285
5285
5285
5285
5176
5176
5124
5124
5124
5124
5124
5124
5124
5124
5124
5124
5124
5124
5028
5028
5028
5028
5028
5028
5028
5028
5028
5028
5028
5028
5001
5001
5001
5001
5001
5001
5001
5001
5001
5001
5001
5001
5001
5001
5001
5001
4961
4961
4961
4961
4961
4961
4961
4879
4879
4879
4879
4780
4780
4780
4780
4780
4780
4780
4780
4780
4780
4780
4780
4780
4780
4780
4775
4775
4775
4775
4775
4749
4749
4749
4749
4749
4749
4749
4749
4749
4749
4749
4749
4749
4749
4749
4749
4749
4446
4446
4406
4406
4406
4406
4406
4406
4406
4406
4406
4406
4406
4406
4391
4391
4391
4391
4391
4391
4391
4391
4391
4391
4391
4391
4391
4329
4329
4329
4329
4329
4329
4329
4329
4329
4329
4329
4329
4329
4329
4329
4329
4329
4329
4329
4329
4270
4270
4270
4270
4270
4270
4270
4217
4217
4217
4005
4005
4005
4005
4005
4005
4005
4005
4005
4005
4005
4005
4005
4005
4005
4005
3998
3998
3998
3998
3998
3998
3998
3989
3989
3989
3989
3989
3989
3989
3989
3947
3947
3947
3947
3947
3947
3947
3947
3947
3574
3574
3574
3574
3574
3574
3574
3574
3422
3422
3422
3422
3422
3422
3422
3422
3422
3422
3422
3422
3422
3422
3422
3422
3422
3422
3422
3422
3259
3259
3259
3259
3259
3259
3259
3259
3143
3143
3143
3143
3143
3143
3143
3143
3143
3143
3143
3143
3143
3143
3143
3143
3122
3122
3122
3122
3122
3122
3122
3122
3122
3122
3122
3122
3101
3101
3101
3101
3101
3101
3101
3101
3101
3101
3101
3101
3101
3101
3101
3091
3091
3091
3091
3091
3091
3091
3091
3091
3091
2805
2805
2805
2805
2805
2805
2805
2805
2805
2805
2805
2805
2805
2805
2805
2805
2805
2752
2752
2752
2752
2752
2752
2752
2752
2752
2752
2752
2752
2752
2752
2752
2752
2752
2752
2573
2573
2573
2573
2573
2573
2573
2573
2573
2573
2573
2573
2573
2573
2573
2573
2573
2573
2573
2573
2568
2568
2568
2568
2568
2568
2568
2568
2568
2568
2568
2568
2568
2568
2568
2568
2568
2473
2473
2473
2473
2473
2473
2473
2473
2473
2473
2473
2435
2435
2435
2435
2435
2435
2435
2435
2435
2435
2435
2435
2435
2435
2399
2399
2399
2399
2399
2399
2399
2399
2399
2399
2399
2389
2389
2389
2351
2351
2351
2221
2221
2221
2221
2221
2221
2221
2221
2221
2221
2221
2221
2221
2221
2221
2205
2205
2205
2205
2205
2205
2205
2205
2205
2205
2205
2130
2130
2130
2130
2130
2130
2130
2130
2130
2130
2130
2130
2130
2130
2130
2130
2130
2130
2130
2130
2041
2041
2041
2041
2041
2041
2041
2041
2041
1928
1928
1928
1928
1928
1928
1928
1928
1928
1876
1876
1876
1876
1876
1876
1876
1876
1852
1852
1852
1852
1852
1852
1852
1852
1852
1852
1852
1852
1852
1852
1852
1731
1731
1731
1731
1731
1731
1731
1292
1292
1206
1206
1206
1206
1206
1150
1150
1150
1150
1150
1150
1150
1148
1148
1148
1148
1148
1148
1148
1148
1148
1148
1148
1148
1148
1148
1148
1057
1057
1057
1057
1057
994
994
994
994
954
954
954
954
954
954
954
954
954
954
954
954
954
954
954
954
954
954
954
954
552
552
552
552
552
552
552
552
552
502
502
502
502
502
502
502
462
462
462
462
462
462
403
403
403
403
403
403
403
403
403
360
360
360
360
360
360
360
349
349
349
349
349
349
349
349
349
349
349
349
349
349
349
349
349
349
143
143
142
142
142
142
142
142
142
142
142
142
142
142
44
44
44
44
44
44
44
44
44
44
44
44
44
44
32
32
32
