1600
10000
7421
7421
7421
7421
7421
7421
7421
7421
7421
7421
7421
7421
7421
7421
7421
7421
7421
7377
7377
7377
7377
7377
7377
7377
7377
7377
7377
7377
7377
7377
7377
7377
7377
7377
7377
7377
7259
7228
7228
7228
7210
7210
7210
7210
7210
7210
7210
7210
7210
7210
7210
7210
7210
7210
7210
7180
7180
7180
7180
7180
7180
7180
7180
7180
7180
7145
7145
7145
7145
7145
7145
7145
7145
7051
7051
7051
7051
7051
7048
7048
7048
7048
7048
6984
6984
6984
6984
6984
6984
6984
6984
6984
6984
6984
6984
6984
6984
6984
6984
6984
6984
6984
6984
6752
6703
6703
6703
6703
6703
6703
6703
6703
6703
6703
6703
6692
6692
6692
6692
6692
6692
6692
6692
6692
6692
6692
6692
6692
6692
6692
6692
6692
6692
6656
6656
6656
6656
6656
6656
6656
6656
6656
6656
6656
6656
6656
6638
6638
6638
6638
6638
6638
6638
6638
6638
6638
6633
6633
6633
6633
6633
6633
6633
6633
6633
6633
6633
6633
6633
6633
6633
6633
6633
6633
6633
6564
6564
6564
6564
6564
6564
6564
6564
6564
6564
6564
6564
6564
6564
6564
6564
6564
6564
6564
6564
6536
6536
6536
6536
6536
6536
6536
6536
6536
6522
6522
6522
6522
6522
6522
6522
6522
6522
6522
6498
6498
6498
6498
6498
6498
6498
6498
6498
6498
6498
6498
6498
6409
6409
6409
6409
6409
6409
6409
6409
6409
6409
6409
6409
6409
6409
6386
6386
6386
6386
6386
6386
6386
6386
6386
6386
6386
6386
6386
6386
6386
6363
6363
6363
6363
6363
6363
6363
6363
6363
6363
6363
6363
6363
6340
6340
6340
6340
6340
6340
6340
6340
6340
6340
6340
6340
6340
6340
6340
6340
6340
6339
6339
6339
6339
6201
6201
6201
6201
6167
6167
6167
6167
6167
6167
6102
6102
6102
6102
6102
6102
6102
6102
6102
6102
6102
6102
6102
6102
6061
6061
6042
6042
6042
6042
6042
6042
6042
6042
6042
6042
6042
6042
6006
6006
6006
6006
6006
6006
6006
6006
6006
6006
6006
6006
6006
6006
6006
6006
6006
6006
6006
6006
6001
6001
6001
6001
6001
6001
6001
6001
6001
6001
6001
6001
6001
5960
5960
5954
5954
5954
5954
5954
5954
5954
5954
5954
5954
5954
5954
5954
5954
5954
5954
5954
5857
5857
5857
5857
5857
5857
5857
5857
5814
5814
5814
5814
5814
5814
5814
5814
5814
5814
5814
5814
5814
5772
5772
5772
5772
5772
5772
5772
5772
5772
5772
5772
5772
5772
5772
5772
5734
5734
5734
5734
5734
5734
5734
5734
5734
5734
5734
5734
5733
5733
5733
5733
5733
5733
5733
5733
5733
5733
5729
5729
5729
5729
5729
5729
5729
5729
5729
5729
5729
5729
5729
5729
5729
5729
5729
5729
5729
5698
5698
5698
5698
5698
5698
5698
5698
5698
5698
5698
5698
5698
5698
5698
5681
5681
5681
5681
5681
5681
5681
5681
5681
5681
5681
5681
5681
5681
5681
5605
5590
5590
5590
5554
5554
5554
5554
5554
5554
5554
5554
5554
5554
5554
5554
5554
5554
5401
5401
5401
5401
5401
5401
5401
5401
5401
5355
5337
5305
5299
5299
5299
5299
5299
5299
5299
5299
5299
5299
5299
5286
5286
5286
5286
5286
5286
5286
5286
5286
5286
5286
5286
5286
5286
5286
5286
5286
5286
5286
5286
5241
5241
5227
5227
5227
5227
5227
5227
5227
5227
5227
5227
5227
5227
5227
5227
5227
5227
5227
5227
5204
5204
5204
5204
5204
5204
5204
5204
5204
5204
5204
5204
5204
5204
5204
5204
5204
5114
5114
5114
5114
5114
5114
5114
5101
5101
5101
5101
5101
5101
5101
5101
5101
5101
5101
5101
5101
5101
5101
5100
5100
5100
5100
5100
5100
5093
5093
5093
5093
5093
5093
5093
5093
5093
5093
5093
5093
5093
5093
5093
5093
5093
5093
5093
4834
4834
4834
4834
4834
4753
4753
4753
4753
4753
4753
4753
4753
4753
4753
4753
4753
4753
4753
4753
4753
4753
4753
4753
4753
4670
4670
4665
4665
4665
4665
4665
4665
4665
4665
4665
4665
4665
4665
4665
4665
4665
4665
4623
4623
4623
4623
4623
4623
4623
4623
4623
4623
4623
4623
4623
4623
4623
4610
4610
4610
4610
4610
4593
4593
4593
4593
4593
4593
4593
4593
4593
4593
4485
4485
4485
4485
4485
4485
4485
4485
4485
4485
4485
4485
4485
4468
4468
4468
4457
4457
4457
4457
4457
4457
4457
4457
4457
4457
4457
4457
4457
4441
4441
4441
4441
4441
4441
4441
4441
4441
4441
4441
4352
4352
4352
4352
4352
4352
4352
4352
4352
4352
4352
4352
4352
4321
4321
4321
4321
4321
4130
4130
4130
4130
4130
4130
4130
4130
4130
4130
4130
4130
4120
4120
4120
4120
4120
4106
4106
4106
4106
4106
4106
4106
4106
4106
4106
4106
4106
4106
4106
4106
4106
4106
4039
4039
4039
4039
4039
4039
4039
4039
4039
4039
4039
4039
4039
4039
4039
4039
4039
4039
4039
4039
3984
3742
3742
3742
3742
3742
3742
3742
3742
3742
3742
3742
3742
3742
3742
3742
3707
3707
3707
3707
3707
3707
3707
3707
3707
3707
3707
3707
3707
3707
3707
3707
3707
3707
3707
3707
3680
3680
3680
3680
3680
3680
3680
3680
3676
3676
3676
3653
3653
3653
3653
3653
3653
3653
3653
3653
3653
3653
3653
3653
3630
3630
3630
3630
3630
3630
3630
3630
3630
3630
3630
3630
3630
3630
3630
3630
3630
3606
3606
3606
3606
3606
3606
3606
3606
3606
3606
3606
3606
3606
3606
3606
3606
3606
3606
3606
3606
3535
3535
3535
3535
3535
3472
3472
3472
3472
3472
3472
3472
3472
3472
3472
3460
3460
3460
3460
3460
3460
3460
3460
3460
3460
3460
3460
3438
3438
3438
3438
3438
3438
3438
3438
3438
3431
3431
3431
3431
3431
3431
3431
3431
3431
3431
3431
3431
3393
3393
3393
3393
3393
3393
3393
3393
3393
3393
3393
3393
3393
3393
3393
3393
3393
3393
3393
3393
3363
3363
3363
3363
3363
3363
3244
3244
3244
3244
3244
3244
3244
3244
3244
3244
3244
3244
3244
3244
3244
3215
3215
3215
3215
3215
3192
3121
3121
3121
3121
3121
3001
3001
3001
3001
3001
3001
3001
3001
3001
3001
3001
3001
3001
3001
3001
3001
3001
2978
2978
2978
2978
2978
2978
2978
2978
2978
2978
2978
2978
2978
2978
2978
2978
2978
2978
2923
2923
2923
2923
2923
2923
2923
2900
2900
2900
2900
2900
2849
2849
2849
2849
2849
2849
2849
2849
2664
2664
2664
2664
2664
2664
2664
2664
2664
2647
2647
2647
2647
2647
2647
2647
2647
2647
2647
2647
2647
2647
2647
2647
2647
2647
2647
2640
2640
2640
2640
2640
2640
2640
2640
2640
2640
2640
2640
2640
2640
2640
2640
2640
2640
2640
2635
2606
2606
2606
2606
2606
2606
2606
2606
2564
2564
2564
2564
2564
2564
2482
2482
2482
2482
2482
2482
2482
2482
2482
2482
2482
2482
2467
2467
2467
2467
2467
2467
2467
2467
2467
2467
2467
2467
2467
2467
2467
2467
2467
2467
2379
2379
2379
2379
2379
2379
2379
2379
2379
2379
2379
2357
2357
2357
2357
2343
2343
2343
2343
2343
2343
2337
2224
2224
2224
2224
2122
2122
2122
2122
2122
2122
2122
2122
2122
2122
2122
2122
2107
2107
2107
2107
2107
2107
2107
2107
2107
2107
2107
2107
2107
2107
2107
2107
2107
2081
2081
2081
2081
2081
2081
2081
2081
2081
2059
2059
2059
2059
2059
2016
2016
2016
2016
2016
2016
2016
2016
2016
2016
2016
2016
2016
2016
2016
1985
1985
1985
1985
1985
1985
1985
1985
1985
1985
1985
1985
1985
1985
1985
1985
1985
1985
1985
1985
1918
1918
1918
1918
1918
1918
1918
1918
1918
1918
1918
1918
1918
1918
1918
1776
1776
1776
1776
1776
1776
1776
1776
1776
1776
1776
1776
1776
1776
1776
1776
1776
1776
1776
1776
1761
1761
1761
1761
1761
1761
1761
1761
1694
1694
1694
1694
1694
1694
1694
1694
1651
1651
1651
1594
1594
1594
1594
1594
1594
1594
1594
1594
1594
1594
1594
1594
1594
1594
1594
1594
1594
1594
1576
1576
1576
1576
1576
1576
1539
1539
1539
1539
1539
1539
1539
1539
1539
1539
1539
1539
1434
1434
1434
1434
1434
1434
1434
1434
1434
1434
1425
1425
1425
1425
1425
1425
1425
1425
1425
1425
1425
1425
1425
1425
1425
1425
1425
1425
1425
1425
1206
1153
1153
1153
1153
1153
1153
1153
1153
1153
1153
1153
1153
1153
1153
1153
1153
1153
1153
1129
1129
1129
1129
1129
1129
1118
1118
1118
1118
1118
1118
1118
1105
1105
1105
1105
1105
1105
1105
1105
999
999
999
999
999
999
999
999
863
863
863
863
863
821
821
821
821
821
821
821
821
821
821
821
821
785
785
785
785
785
785
785
785
785
785
785
785
785
785
785
785
643
643
643
643
643
643
618
618
618
618
618
618
618
618
618
618
618
618
618
618
617
617
617
617
617
617
617
617
617
617
617
617
430
430
430
430
430
426
312
312
312
312
312
312
312
312
312
312
312
312
312
312
312
312
312
312
312
275
275
275
275
275
275
275
275
275
275
275
275
275
275
275
275
275
275
275
113
113
113
113
113
113
113
113
113
103
103
103
103
103
103
103
103
103
103
103
103
48
48
48
48
48
48
48
48
48
42
42
42
42
42
42
42
42
42
42
42
42
42
42
6
6
6
6
6
6
6
6
6
6
6
6
6
6
