1133
10000
7448
7448
7448
7448
7448
7448
7448
7448
7448
7448
7448
7448
7448
7448
7448
7448
7448
7448
7448
7247
7247
7247
7247
7247
7079
7079
7079
7079
7057
7057
7057
7057
7057
7057
7057
7057
7057
7057
7057
7057
7057
7057
6867
6867
6867
6867
6867
6867
6867
6828
6828
6828
6828
6828
6781
6781
6781
6781
6781
6663
6663
6663
6663
6663
6663
6663
6663
6663
6663
6663
6663
6663
6663
6663
6663
6663
6659
6659
6659
6659
6659
6659
6659
6659
6659
6659
6659
6659
6659
6659
6649
6649
6649
6649
6649
6649
6649
6649
6489
6489
6489
6489
6489
6489
6489
6489
6489
6489
6489
6489
6489
6461
6461
6461
6461
6461
6461
6461
6461
6399
6399
6399
6399
6399
6399
6399
6399
6399
6399
6399
6399
6399
6399
6399
6399
6399
6216
6216
6216
6205
6205
6205
6205
6205
6205
6205
6205
6205
6205
6196
6196
6196
6196
6196
6196
6196
6196
6196
6196
6196
6196
6196
6196
6196
6196
6196
6007
6007
6007
6007
6007
6007
6007
6007
6007
6007
6007
6007
6007
6007
6007
6007
6007
5966
5966
5966
5966
5966
5966
5966
5966
5966
5966
5966
5966
5966
5966
5966
5966
5966
5966
5966
5966
5935
5935
5935
5935
5935
5935
5866
5866
5677
5677
5677
5677
5677
5677
5677
5677
5677
5677
5677
5677
5677
5677
5677
5677
5649
5649
5649
5649
5531
5531
5531
5531
5508
5508
5508
5508
5508
5508
5508
5508
5508
5508
5508
5508
5508
5508
5508
5508
5508
5508
5470
5470
5470
5470
5470
5470
5470
5470
5470
5470
5470
5470
5470
5470
5470
5470
5470
5371
5371
5371
5371
5371
5371
5371
5371
5371
5371
5371
5371
5371
5371
5371
5371
5371
5371
5371
5371
5287
5287
5287
5287
5287
5287
5287
5287
5287
5287
5287
5287
5287
5287
5287
5287
5189
5189
5189
5189
5189
5189
5189
5189
5189
5189
5189
5189
5180
5180
5056
5056
5056
5056
5056
5056
5056
5056
5056
5056
5056
5056
5056
5015
5015
5015
5015
4924
4924
4924
4924
4924
4924
4924
4924
4924
4924
4924
4924
4924
4924
4924
4924
4924
4862
4862
4862
4862
4862
4862
4862
4862
4862
4862
4862
4862
4862
4862
4828
4828
4828
4828
4828
4828
4828
4828
4828
4828
4800
4800
4800
4800
4800
4800
4800
4800
4800
4800
4800
4800
4800
4800
4774
4774
4774
4774
4774
4774
4774
4774
4774
4774
4695
4695
4695
4695
4669
4669
4650
4650
4650
4650
4650
4650
4650
4650
4650
4650
4642
4642
4642
4642
4642
4642
4642
4642
4642
4642
4642
4642
4642
4642
4642
4359
4359
4359
4359
4359
4359
4359
4359
4359
4359
4359
4359
4359
4225
4225
4225
4225
4225
4225
4225
4225
4225
4225
4225
4225
4225
4225
4193
4193
4193
4193
4193
4193
4193
4193
4193
4193
4193
4177
4177
4177
4177
4177
4177
4177
4177
4177
4177
4177
4177
4177
4177
4177
4177
4177
4177
4177
4088
4088
4088
4066
4066
4066
4066
4066
4066
4066
4066
4066
4066
4066
4066
4066
4066
4066
4066
4066
4066
4059
4059
4059
4059
4059
4059
4059
4059
4059
4059
4059
4014
4014
4014
4014
4014
4014
4014
4014
4014
4014
4014
4014
4014
3925
3925
3925
3925
3925
3925
3925
3925
3925
3925
3925
3925
3925
3925
3800
3800
3800
3800
3800
3800
3703
3703
3703
3703
3703
3703
3703
3703
3703
3703
3703
3703
3703
3684
3684
3684
3684
3684
3684
3684
3684
3684
3684
3684
3684
3678
3678
3678
3678
3678
3678
3678
3678
3678
3678
3678
3678
3637
3637
3637
3637
3637
3637
3637
3637
3637
3637
3637
3637
3637
3637
3637
3637
3637
3637
3637
3581
3581
3581
3581
3581
3581
3581
3581
3581
3575
3575
3575
3575
3575
3575
3575
3575
3575
3575
3575
3575
3575
3575
3575
3575
3575
3575
3555
3555
3555
3555
3495
3495
3495
3495
3495
3495
3495
3495
3495
3495
3495
3495
3495
3495
3495
3483
3483
3483
3483
3483
3483
3483
3483
3483
3483
3483
3483
3435
3435
3435
3435
3435
3435
3435
3435
3435
3435
3435
3435
3435
3435
3435
3435
3435
3384
3384
3384
3384
3384
3384
3384
3384
3384
3384
3384
3384
3384
3384
3384
3384
3384
3384
3343
3343
3343
3343
3343
3343
3343
3343
3343
3215
3215
3215
3215
3136
3136
3136
3136
3136
3136
3136
3106
3106
3106
3106
3106
3106
3106
3106
3106
3106
3106
3106
3106
3106
3106
3106
3106
3106
3106
3106
2977
2977
2977
2977
2977
2977
2977
2977
2977
2977
2977
2977
2977
2977
2875
2875
2875
2875
2875
2875
2875
2875
2875
2875
2875
2875
2875
2718
2718
2718
2718
2718
2718
2718
2718
2718
2718
2718
2718
2718
2718
2718
2718
2714
2714
2714
2714
2714
2714
2714
2714
2714
2714
2714
2714
2714
2714
2714
2714
2714
2714
2714
2696
2696
2696
2696
2696
2696
2696
2696
2696
2696
2696
2696
2644
2644
2644
2644
2644
2644
2644
2644
2644
2644
2644
2644
2644
2644
2644
2644
2644
2629
2629
2629
2456
2456
2456
2456
2456
2456
2456
2456
2456
2456
2456
2456
2456
2456
2456
2456
2456
2220
2220
2220
2220
2220
2220
2220
2220
2220
2220
2220
2220
2220
2078
2078
2078
2078
2078
2078
2078
2078
2078
2078
2012
2012
2012
2012
2012
1898
1898
1898
1898
1898
1898
1898
1898
1898
1898
1898
1898
1898
1898
1898
1898
1898
1848
1848
1848
1848
1848
1848
1848
1848
1848
1848
1848
1848
1848
1848
1848
1848
1848
1848
1755
1755
1755
1755
1755
1755
1755
1755
1755
1755
1755
1755
1755
1755
1755
1755
1755
1755
1755
1755
1479
1479
1459
1459
1459
1459
1459
1459
1459
1459
1404
1404
1404
1404
1404
1404
1404
1404
1404
1404
1404
1404
1404
1404
1238
1238
1238
1238
1238
1238
1238
1238
1238
1238
1238
1238
1230
1230
1230
1230
1230
1230
1230
1230
1230
1230
1230
1230
1230
1230
1230
1230
1230
1230
1230
1214
1214
1214
1214
1214
1214
1214
1214
1214
1214
1083
1083
1083
1083
1083
1083
1083
1083
1083
1083
1083
1083
1083
1083
1006
1006
1006
1006
966
966
966
966
966
966
966
966
966
856
856
856
856
856
856
856
856
784
784
784
784
784
784
784
784
784
784
784
784
784
784
784
784
784
784
770
770
749
749
537
537
537
537
537
537
537
537
537
537
436
436
436
264
264
264
243
243
243
243
243
243
243
243
243
243
243
243
243
243
243
187
187
187
187
187
187
187
187
187
187
187
187
187
187
187
166
166
166
166
166
166
166
166
166
166
166
166
56
56
56
56
56
56
56
56
56
56
56
56
56
56
56
