1008
10000
9883
9883
9883
9883
9883
9883
9883
9883
9883
9883
9883
9883
9883
9883
9883
9883
9883
9883
9864
9864
9864
9864
9864
9864
9864
9864
9864
9864
9864
9864
9864
9864
9607
9607
9607
9519
9519
9519
9519
9519
9519
9519
9519
9519
9519
9519
9519
9519
9519
9519
9447
9447
9447
9447
9447
9447
9447
9447
9447
9447
9447
9447
9432
9432
9421
9421
9421
9421
9421
9412
9412
9325
9325
9325
9325
9325
9325
9325
9325
9059
9059
9059
9059
8987
8987
8987
8987
8987
8987
8987
8987
8987
8987
8942
8942
8942
8942
8942
8942
8942
8942
8942
8942
8942
8942
8942
8919
8919
8919
8919
8919
8919
8919
8919
8919
8919
8919
8919
8919
8919
8919
8919
8919
8697
8697
8697
8697
8697
8697
8697
8624
8624
8624
8624
8624
8624
8624
8624
8624
8624
8624
8624
8624
8228
8215
8215
8215
8215
8215
8215
8215
8161
8161
8161
8161
8161
8161
8161
8161
8161
8020
8020
8020
7974
7974
7974
7974
7974
7974
7974
7974
7974
7974
7974
7974
7974
7920
7920
7920
7920
7920
7920
7868
7868
7868
7868
7868
7868
7868
7868
7868
7868
7868
7752
7752
7752
7752
7752
7752
7752
7752
7752
7752
7752
7752
7752
7752
7752
7752
7752
7732
7732
7732
7732
7476
7476
7476
7476
7476
7476
7476
7444
7444
7444
7444
7444
7444
7444
7444
7444
7444
7444
7444
7444
7444
7312
7312
7312
7312
7312
7312
7312
7312
7312
7312
7312
7312
7312
7312
7312
7312
7312
7312
7312
7216
7216
7216
7216
7216
7216
7216
7216
7216
7216
7216
7216
7216
7216
7182
7182
7182
7182
7182
7182
7097
7097
7097
7097
7097
7097
7097
7097
7097
7097
7097
7097
7097
7097
7076
7076
7076
7076
7076
6956
6956
6956
6913
6913
6913
6913
6913
6913
6854
6854
6854
6854
6579
6579
6579
6579
6579
6579
6579
6579
6579
6579
6579
6579
6567
6567
6567
6567
6567
6567
6567
6567
6567
6567
6567
6567
6567
6567
6567
6567
6567
6567
6567
6380
6380
6380
6380
6380
6380
6380
6380
6380
6380
6380
6380
6380
6380
6278
6278
6278
6278
6278
6278
6278
6278
6278
6198
6198
6198
6198
6198
6198
6198
6198
6198
6198
6198
6198
6198
6124
6124
6124
6124
6124
6124
6124
6124
6124
6124
6124
6124
6124
6124
6124
6124
6124
6035
6035
6035
6035
6035
6035
6035
5763
5763
5763
5763
5763
5763
5763
5763
5763
5763
5763
5763
5763
5763
5763
5418
5418
5418
5418
5418
5418
5418
5418
5418
5418
5312
5312
5312
5312
5312
5312
5312
5312
5312
5312
5312
5312
5312
5312
5312
5312
5312
5142
5142
5142
5142
5142
5142
5142
5142
5142
5142
5142
5142
5142
5142
5142
5142
5119
5119
5119
5119
5119
5119
5119
5119
5119
5119
5119
5119
5119
5119
5119
5119
5103
5103
5103
5103
5103
5103
5103
5103
5050
5050
5050
5050
5050
5050
5050
5050
5050
5050
5050
5028
4981
4981
4981
4981
4981
4981
4981
4981
4981
4981
4981
4981
4981
4981
4981
4981
4784
4784
4784
4784
4784
4784
4784
4784
4784
4784
4784
4784
4784
4784
4572
4572
4571
4571
4571
4571
4571
4571
4571
4571
4571
4571
4571
4571
4571
4571
4571
4571
4571
4571
4571
4570
4570
4570
4509
4509
4509
4509
4509
4509
4509
4509
4509
4509
4509
4509
4390
4390
4390
4390
4390
4390
4390
4390
4390
4390
4390
4390
4390
4390
4390
4390
4390
4390
4324
4198
4155
4155
4155
4155
4155
4155
4155
4155
4155
4155
3967
3967
3967
3967
3967
3967
3967
3963
3963
3963
3963
3922
3922
3922
3922
3922
3922
3922
3922
3922
3922
3922
3922
3922
3922
3922
3922
3922
3922
3753
3753
3753
3753
3753
3753
3753
3753
3753
3753
3746
3746
3746
3746
3746
3746
3746
3746
3746
3589
3589
3589
3589
3589
3589
3589
3589
3589
3567
3567
3567
3567
3567
3567
3567
3567
3567
3567
3567
3567
3567
3388
3388
3388
3388
3388
3388
3388
3388
3388
3388
3388
3388
3388
3388
3388
3388
3388
3388
3388
3388
3052
3052
2995
2995
2995
2995
2995
2868
2868
2868
2868
2868
2868
2868
2868
2868
2868
2868
2860
2860
2860
2860
2860
2860
2860
2860
2860
2860
2860
2860
2860
2860
2860
2860
2860
2860
2623
2623
2623
2623
2535
2535
2535
2535
2535
2535
2535
2535
2535
2535
2535
2535
2535
2535
2535
2535
2535
2535
2535
2390
2390
2390
2390
2390
2390
2390
2390
2390
2390
2390
2390
2390
2308
2308
2308
2308
2308
2308
2308
2308
2245
2245
2245
2245
2245
2245
2245
2245
2140
2140
2140
2140
2140
2140
2140
2140
2140
2140
2140
2140
2140
2140
2140
2140
2140
2140
1843
1843
1843
1843
1843
1843
1843
1843
1843
1843
1822
1822
1822
1822
1822
1822
1822
1822
1822
1822
1822
1822
1822
1822
1822
1822
1725
1725
1725
1725
1725
1725
1725
1725
1705
1705
1705
1705
1705
1705
1705
1705
1705
1569
1569
1569
1569
1541
1541
1541
1541
1541
1541
1541
1541
1541
1541
1541
1541
1541
1541
1541
1541
1429
1183
1172
1172
1172
1172
865
865
865
865
865
845
845
845
845
845
845
806
806
806
806
806
806
806
806
806
806
806
806
806
806
806
806
806
806
806
766
766
766
766
766
766
766
766
766
766
766
766
766
766
766
766
766
766
766
764
764
764
764
764
764
764
640
640
640
640
640
640
640
640
594
594
594
594
594
594
594
594
594
594
594
594
505
505
505
505
505
505
505
505
505
505
505
505
505
505
505
505
505
452
452
452
452
452
300
300
300
300
300
300
300
300
300
300
300
300
300
300
300
300
151
151
151
151
151
151
135
135
135
135
135
135
135
135
135
135
135
135
135
79
79
79
79
79
79
79
79
79
79
79
79
17
17
17
17
17
17
17
17
17
17
17
