4772
10000
4965
4965
4965
4965
4965
4965
4965
4965
4965
4965
4965
4965
4965
4965
4965
4965
4965
4965
4965
4965
4965
4965
4965
4965
4965
4965
4965
4965
4965
4965
4965
4965
4965
4965
4965
4965
4965
4965
4965
4965
4965
4965
4965
4965
4965
4965
4965
4965
4965
4925
4925
4925
4925
4925
4925
4925
4925
4925
4925
4925
4925
4925
4925
4925
4925
4925
4925
4925
4925
4925
4925
4925
4925
4925
4925
4925
4925
4925
4925
4925
4925
4925
4925
4925
4925
4925
4925
4925
4925
4925
4925
4925
4925
4925
4925
4925
4925
4913
4913
4913
4913
4913
4913
4913
4913
4913
4913
4913
4913
4913
4913
4913
4913
4913
4913
4913
4822
4822
4822
4822
4822
4822
4822
4817
4817
4817
4817
4817
4817
4817
4817
4817
4817
4817
4817
4817
4817
4817
4817
4817
4817
4817
4817
4817
4817
4817
4817
4817
4817
4817
4817
4817
4817
4817
4817
4817
4817
4817
4817
4817
4817
4817
4817
4817
4817
4817
4817
4817
4817
4817
4817
4817
4817
4817
4817
4817
4817
4817
4817
4817
4817
4817
4817
4817
4817
4817
4817
4817
4817
4817
4817
4817
4817
4817
4817
4817
4817
4817
4817
4817
4817
4817
4659
4659
4659
4659
4659
4659
4659
4659
4659
4659
4659
4659
4659
4659
4659
4659
4659
4659
4659
4659
4659
4659
4659
4659
4659
4659
4659
4659
4659
4659
4476
4476
4476
4476
4476
4476
4476
4476
4476
4476
4476
4476
4476
4476
4476
4476
4476
4476
4476
4476
4476
4476
4476
4476
4476
4476
4476
4476
4476
4476
4476
4476
4476
4476
4476
4476
4476
4476
4476
4476
4476
4476
4476
4476
4476
4476
4476
4476
4476
4476
4476
4476
4476
4476
4476
4476
4476
4476
4476
4476
4476
4476
4476
4476
4476
4476
4476
4476
4476
4476
4476
4476
4476
4476
4476
4476
4476
4476
4476
4476
4476
4476
4401
4401
4401
4401
4401
4401
4401
4401
4401
4401
4401
4401
4401
4401
4401
4401
4401
4401
4401
4401
4401
4401
4401
4401
4401
4401
4401
4401
4401
4401
4401
4401
4401
4401
4401
4401
4401
4400
4400
4400
4400
4400
4400
4400
4400
4400
4400
4400
4400
4400
4400
4400
4400
4400
4400
4400
4400
4400
4400
4400
4400
4400
4400
4400
4400
4400
4400
4400
4400
4400
4400
4400
4400
4400
4400
4400
4400
4400
4400
4400
4400
4400
4400
4400
4400
4400
4400
4400
4400
4400
4400
4400
4400
4400
4400
4400
4400
4400
4400
4400
4400
4400
4400
4400
4400
4400
4400
4400
4400
4400
4400
4400
4400
4400
4400
4400
4383
4383
4383
4364
4364
4364
4364
4364
4364
4364
4364
4364
4364
4364
4364
4364
4364
4364
4364
4364
4364
4364
4364
4364
4364
4364
4364
4361
4361
4361
4361
4361
4361
4361
4361
4361
4361
4361
4361
4361
4361
4361
4361
4361
4361
4361
4361
4361
4361
4361
4361
4361
4361
4361
4361
4361
4361
4361
4361
4361
4342
4342
4342
4342
4342
4342
4342
4342
4342
4342
4342
4342
4342
4342
4342
4342
4342
4342
4342
4342
4342
4342
4342
4342
4342
4342
4342
4342
4342
4342
4342
4342
4342
4342
4342
4342
4342
4342
4342
4342
4342
4342
4342
4342
4342
4342
4342
4342
4342
4342
4342
4342
4342
4342
4342
4342
4342
4342
4342
4342
4342
4342
4342
4342
4318
4318
4318
4318
4318
4318
4318
4318
4318
4318
4318
4318
4318
4318
4318
4318
4318
4318
4318
4318
4318
4318
4318
4318
4318
4318
4318
4318
4318
4318
4318
4318
4318
4318
4318
4318
4318
4318
4318
4318
4318
4318
4318
4318
4318
4318
4318
4318
4318
4318
4318
4318
4318
4318
4318
4318
4318
4318
4318
4318
4318
4318
4318
4318
4318
4318
4318
4318
4318
4318
4318
4318
4318
4318
4318
4318
4318
4318
4318
4318
4318
4318
4318
4318
4318
4318
4318
4318
4318
4318
4318
4318
4318
4318
4318
4318
4308
4308
4308
4308
4308
4308
4308
4308
4308
4308
4308
4308
4308
4308
4308
4308
4308
4308
4308
4308
4308
4308
4308
4308
4308
4308
4308
4308
4308
4308
4308
4308
4308
4308
4308
4308
4308
4308
4308
4308
4308
4308
4308
4308
4308
4308
4308
4308
4308
4308
4308
4308
4308
4308
4308
4308
4308
4308
4308
4308
4308
4308
4308
4308
4308
4308
4308
4308
4308
4308
4308
4293
4293
4293
4293
4293
4293
4293
4293
4293
4293
4293
4293
4293
4293
4293
4293
4293
4293
4293
4293
4293
4293
4293
4293
4293
4293
4293
4293
4293
4293
4293
4293
4293
4293
4293
4293
4293
4293
4293
4293
4293
4293
4293
4293
4293
4293
4293
4293
4293
4293
4293
4293
4293
4293
4293
4293
4293
4293
4293
4293
4293
4293
4293
4293
4293
4293
4293
4293
4293
4293
4293
4293
4245
4245
4245
4245
4245
4245
4245
4245
4245
4245
4245
4245
4245
4245
4245
4245
4245
4245
4245
4245
4245
4245
4245
4245
4245
4245
4245
4245
4245
4245
4245
4245
4245
4245
4245
4245
4245
4245
4245
4245
4245
4245
4245
4245
4245
4245
4245
4245
4245
4245
4245
4245
4245
4245
4245
4245
4245
4245
4245
4245
4245
4245
4245
4245
4245
4245
4245
4245
4245
4245
4245
4245
4245
4245
4044
4044
4044
4044
4044
4044
4044
4044
4044
4044
4044
4044
4044
4044
4044
4044
4044
4044
4044
4044
4044
4044
4044
4044
4044
4044
4044
4044
4044
4044
4044
4044
4044
4044
4044
4044
4044
4044
4044
4044
4044
4044
4044
4044
4044
4044
4044
4044
4044
4044
4044
4044
4044
4044
4044
4044
3988
3988
3988
3988
3988
3988
3988
3988
3988
3988
3988
3988
3988
3988
3988
3988
3988
3988
3988
3988
3988
3988
3988
3988
3988
3988
3988
3988
3988
3988
3988
3988
3988
3988
3988
3988
3988
3988
3988
3988
3988
3988
3988
3988
3988
3988
3988
3988
3988
3988
3988
3988
3988
3988
3988
3988
3988
3988
3988
3988
3988
3988
3988
3988
3988
3988
3988
3988
3988
3988
3988
3988
3988
3988
3988
3988
3988
3988
3988
3988
3988
3988
3988
3988
3988
3918
3918
3918
3918
3918
3918
3918
3918
3918
3918
3918
3918
3918
3918
3918
3918
3918
3918
3918
3918
3918
3918
3918
3918
3918
3918
3918
3918
3918
3918
3918
3918
3918
3918
3918
3918
3918
3918
3918
3918
3918
3918
3918
3918
3918
3918
3918
3918
3918
3918
3918
3918
3918
3918
3918
3918
3918
3918
3918
3918
3918
3918
3918
3918
3918
3918
3918
3918
3918
3918
3918
3918
3918
3918
3918
3918
3918
3918
3918
3918
3918
3918
3918
3918
3918
3918
3918
3918
3918
3918
3918
3918
3918
3918
3914
3914
3914
3914
3914
3914
3914
3914
3914
3914
3914
3914
3914
3914
3914
3914
3914
3914
3914
3914
3914
3914
3914
3914
3914
3914
3914
3914
3914
3914
3914
3914
3914
3914
3813
3813
3813
3813
3813
3813
3813
3813
3813
3813
3813
3813
3813
3813
3813
3813
3813
3813
3813
3813
3813
3813
3813
3813
3813
3813
3813
3813
3813
3813
3813
3813
3813
3813
3813
3813
3813
3813
3813
3813
3813
3813
3813
3813
3813
3813
3813
3813
3813
3813
3813
3813
3813
3813
3813
3813
3813
3813
3813
3813
3813
3813
3813
3813
3813
3813
3781
3781
3781
3781
3781
3781
3781
3781
3781
3781
3781
3781
3781
3781
3781
3781
3781
3781
3781
3781
3781
3781
3781
3781
3717
3717
3717
3717
3717
3717
3717
3717
3717
3717
3717
3717
3717
3717
3717
3717
3717
3717
3717
3717
3717
3710
3710
3710
3710
3710
3710
3545
3545
3545
3545
3545
3545
3545
3545
3545
3545
3545
3545
3545
3545
3545
3545
3545
3545
3545
3545
3545
3545
3545
3545
3545
3545
3545
3545
3545
3545
3545
3545
3545
3545
3545
3545
3545
3545
3545
3536
3536
3536
3536
3536
3536
3536
3536
3536
3536
3536
3536
3536
3536
3536
3536
3536
3536
3536
3536
3506
3506
3506
3506
3506
3506
3506
3506
3506
3506
3506
3506
3506
3506
3506
3506
3506
3506
3506
3506
3506
3506
3506
3506
3506
3506
3506
3506
3506
3506
3506
3506
3506
3506
3506
3506
3506
3506
3506
3506
3506
3506
3506
3506
3506
3506
3506
3506
3506
3506
3506
3506
3506
3488
3488
3488
3488
3488
3488
3488
3488
3488
3488
3488
3488
3488
3488
3488
3488
3488
3488
3488
3488
3488
3488
3488
3488
3488
3488
3488
3488
3488
3488
3488
3488
3488
3488
3488
3488
3488
3488
3488
3488
3488
3488
3488
3488
3488
3488
3488
3488
3488
3488
3488
3488
3488
3488
3488
3488
3488
3488
3488
3488
3488
3488
3488
3488
3488
3488
3488
3488
3488
3488
3488
3488
3488
3488
3488
3488
3488
3488
3488
3488
3488
3473
3473
3473
3473
3473
3473
3473
3473
3473
3473
3473
3473
3473
3473
3473
3473
3473
3473
3473
3473
3473
3473
3473
3473
3473
3473
3473
3473
3473
3473
3473
3473
3473
3473
3473
3473
3473
3473
3473
3473
3473
3473
3473
3473
3473
3473
3473
3473
3416
3416
3416
3416
3416
3416
3416
3416
3416
3416
3416
3416
3416
3416
3416
3416
3416
3381
3381
3381
3381
3381
3381
3381
3381
3381
3381
3381
3381
3381
3381
3381
3381
3381
3381
3381
3381
3381
3381
3381
3381
3381
3381
3381
3381
3381
3381
3381
3381
3381
3381
3381
3381
3381
3381
3378
3378
3378
3378
3378
3378
3378
3378
3378
3378
3378
3378
3378
3378
3378
3378
3378
3378
3378
3378
3378
3378
3378
3378
3378
3378
3378
3378
3378
3378
3378
3378
3378
3378
3378
3378
3378
3378
3378
3378
3378
3378
3378
3378
3378
3378
3378
3378
3378
3378
3378
3378
3378
3378
3378
3378
3378
3378
3280
3280
3203
3203
3203
3203
3203
3203
3203
3203
3203
3203
3203
3203
3202
3202
3202
3197
3197
3197
3197
3197
3197
3197
3197
3197
3197
3197
3197
3197
3197
3197
3197
3197
3197
3197
3197
3197
3197
3197
3197
3197
3197
3197
3197
3197
3197
3197
3197
3197
3197
3197
3197
3197
3197
3197
3197
3197
3197
3197
3197
3197
3197
3186
3186
3186
3186
3186
3186
3186
3186
3186
3186
3186
3186
3186
3186
3186
3186
3186
3186
3186
3044
3044
3044
3044
3044
3044
3044
3044
3044
3044
3044
3044
3044
3044
3044
3044
3044
3044
3044
3044
3044
3044
3044
3044
3044
3044
3044
3044
3044
3044
3044
3044
3044
3044
3044
3044
3044
3044
3044
3044
3044
3044
3044
3044
3042
3042
3042
3042
3042
3042
3042
3042
3042
3042
3042
3042
3042
3042
3042
3042
3042
3042
3042
3042
3042
3042
3042
3042
3042
3042
3042
3042
3042
3042
3042
3042
3042
3042
3042
3042
3042
3042
3042
3042
3042
3042
3042
3042
3042
3042
3042
3042
3042
3042
3042
3042
3042
3042
3042
3042
3042
3042
3042
3042
3042
3042
3042
3042
3042
3042
3042
3042
3042
3042
3042
3042
3042
3042
3042
3042
3042
3042
3042
3042
3042
3042
3042
3042
3042
3042
3042
3042
3042
3042
3042
3042
3042
3042
3042
3042
3042
3042
3042
3042
3042
3042
3042
3042
3042
3042
3042
3042
2945
2945
2945
2945
2945
2945
2945
2945
2945
2945
2945
2945
2945
2945
2945
2932
2932
2932
2932
2932
2932
2932
2932
2932
2932
2932
2932
2932
2932
2932
2932
2932
2932
2932
2932
2932
2932
2932
2932
2932
2932
2932
2932
2932
2932
2932
2932
2932
2932
2932
2932
2932
2932
2932
2932
2932
2932
2932
2932
2932
2932
2932
2932
2932
2932
2932
2932
2932
2932
2932
2932
2932
2932
2932
2932
2932
2932
2932
2932
2932
2932
2932
2932
2932
2932
2932
2932
2932
2932
2932
2932
2932
2932
2932
2932
2932
2932
2932
2932
2932
2932
2932
2932
2932
2921
2921
2921
2921
2921
2921
2921
2921
2921
2921
2921
2921
2921
2921
2921
2921
2921
2921
2921
2921
2921
2921
2921
2921
2921
2921
2921
2921
2921
2921
2921
2921
2921
2921
2921
2921
2921
2921
2921
2921
2921
2921
2921
2921
2921
2921
2921
2921
2921
2921
2921
2921
2921
2921
2921
2921
2921
2921
2921
2921
2921
2921
2921
2921
2921
2921
2921
2921
2921
2921
2921
2921
2921
2921
2921
2921
2921
2921
2921
2921
2921
2921
2921
2921
2902
2902
2902
2902
2902
2902
2902
2902
2902
2902
2902
2902
2902
2902
2902
2902
2902
2902
2902
2902
2902
2902
2902
2902
2902
2902
2902
2902
2902
2902
2902
2902
2902
2902
2902
2902
2902
2902
2902
2902
2902
2902
2902
2902
2902
2902
2902
2902
2899
2899
2899
2899
2899
2899
2899
2899
2899
2899
2899
2899
2899
2899
2899
2899
2899
2899
2899
2899
2899
2899
2899
2899
2899
2899
2899
2899
2899
2899
2899
2899
2899
2899
2899
2899
2899
2899
2899
2899
2899
2899
2899
2899
2899
2899
2899
2899
2899
2899
2899
2899
2899
2852
2852
2852
2852
2852
2852
2852
2852
2852
2852
2852
2852
2852
2852
2852
2852
2852
2852
2852
2852
2852
2852
2852
2852
2852
2852
2852
2852
2852
2852
2852
2852
2852
2852
2852
2852
2852
2852
2852
2852
2852
2852
2852
2852
2852
2852
2852
2852
2852
2852
2852
2852
2852
2852
2852
2852
2852
2852
2852
2852
2852
2852
2852
2852
2852
2852
2852
2852
2852
2852
2852
2852
2852
2852
2852
2852
2852
2852
2852
2852
2852
2852
2852
2852
2852
2852
2852
2852
2852
2852
2852
2852
2852
2852
2849
2849
2849
2849
2849
2849
2849
2849
2849
2849
2849
2849
2849
2849
2849
2849
2849
2849
2849
2849
2849
2849
2849
2849
2849
2849
2849
2849
2849
2849
2849
2849
2849
2849
2849
2849
2849
2849
2849
2849
2849
2849
2849
2849
2849
2849
2849
2849
2849
2849
2849
2849
2849
2849
2849
2849
2849
2849
2849
2849
2849
2849
2849
2849
2848
2848
2848
2848
2848
2848
2848
2848
2848
2848
2848
2848
2848
2848
2848
2848
2848
2848
2848
2848
2848
2848
2848
2848
2848
2848
2848
2848
2848
2848
2848
2848
2848
2848
2848
2848
2848
2848
2848
2848
2848
2848
2848
2848
2848
2848
2848
2848
2848
2848
2848
2848
2848
2848
2848
2848
2848
2848
2848
2848
2848
2848
2848
2848
2848
2848
2848
2848
2848
2848
2848
2848
2848
2848
2848
2848
2848
2848
2848
2848
2848
2848
2848
2848
2848
2848
2848
2848
2848
2848
2848
2848
2848
2848
2848
2848
2848
2848
2848
2742
2742
2742
2742
2742
2742
2742
2742
2742
2742
2742
2742
2742
2742
2742
2742
2742
2742
2742
2742
2742
2742
2742
2742
2742
2742
2742
2742
2742
2742
2742
2742
2742
2620
2620
2620
2620
2620
2620
2620
2620
2620
2620
2620
2620
2620
2620
2620
2620
2620
2620
2620
2620
2620
2620
2620
2620
2620
2620
2620
2620
2620
2620
2620
2620
2620
2620
2620
2620
2620
2620
2620
2620
2620
2620
2620
2620
2620
2620
2620
2620
2620
2620
2620
2620
2620
2620
2445
2445
2445
2445
2445
2445
2445
2445
2445
2445
2445
2445
2445
2445
2445
2445
2445
2445
2445
2445
2445
2445
2445
2445
2445
2445
2445
2445
2445
2445
2445
2445
2445
2445
2445
2445
2445
2445
2445
2445
2445
2445
2445
2445
2445
2445
2445
2445
2445
2445
2445
2445
2445
2445
2445
2445
2445
2445
2445
2445
2445
2445
2445
2445
2445
2445
2445
2445
2445
2445
2445
2445
2445
2445
2445
2445
2445
2445
2445
2437
2406
2406
2406
2406
2406
2406
2406
2406
2406
2406
2406
2406
2406
2406
2406
2406
2406
2406
2406
2406
2287
2287
2287
2287
2287
2287
2287
2287
2287
2287
2287
2287
2287
2287
2287
2287
2287
2287
2287
2287
2287
2287
2287
2287
2287
2287
2287
2287
2287
2287
2287
2287
2287
2287
2287
2287
2287
2287
2287
2287
2287
2287
2287
2287
2287
2287
2287
2287
2287
2287
2287
2287
2287
2287
2287
2287
2268
2268
2268
2268
2268
2268
2268
2268
2268
2268
2268
2268
2268
2268
2268
2268
2268
2268
2268
2268
2268
2268
2268
2268
2144
2144
2144
2144
2144
2144
2144
2144
2144
2144
2144
2144
2144
2144
2144
2144
2144
2144
2144
2144
2144
2144
2144
2128
2128
2128
2128
2128
2128
2128
2128
2128
2128
2128
2128
2128
2128
2128
2128
2128
2128
2128
2128
2128
2128
2128
2128
2128
2128
2128
2128
2128
2128
2128
2128
2128
2128
2128
2128
2128
2128
2128
2128
2105
2105
2105
2105
2105
2105
2105
2105
2105
2105
2105
2105
2105
2105
2105
2105
2105
2105
2105
2105
2105
2105
2105
2105
2105
2105
2105
2105
2105
2105
2105
2105
2105
2105
2105
2105
2105
2105
2105
2105
2105
2105
2105
2105
2105
2105
2105
2105
2105
2105
2003
2003
2003
2003
2003
2003
2003
2003
2003
2003
2003
2003
2003
2003
2003
2003
2003
2003
2003
2003
2003
2003
2003
2003
2003
2003
2003
2003
2003
2003
2003
2003
2003
2003
2003
2003
2003
2003
2003
2003
2003
2003
2003
2003
2003
2003
2003
2003
2003
2003
2003
2003
1949
1949
1949
1949
1949
1949
1949
1949
1949
1949
1949
1949
1949
1949
1949
1949
1949
1949
1949
1949
1949
1949
1949
1949
1949
1949
1949
1949
1949
1949
1949
1949
1949
1949
1949
1949
1949
1949
1949
1949
1949
1949
1949
1949
1949
1949
1949
1949
1949
1949
1949
1949
1949
1949
1949
1949
1949
1949
1949
1949
1949
1949
1949
1949
1949
1949
1949
1949
1949
1949
1949
1949
1949
1949
1949
1949
1949
1949
1949
1949
1949
1949
1949
1949
1949
1949
1949
1949
1949
1949
1949
1949
1949
1949
1949
1949
1949
1949
1949
1824
1824
1824
1824
1824
1824
1824
1824
1824
1824
1824
1824
1781
1781
1781
1781
1781
1781
1781
1781
1781
1781
1781
1781
1617
1617
1617
1617
1617
1617
1617
1617
1617
1617
1617
1617
1617
1617
1617
1617
1617
1617
1617
1617
1617
1617
1617
1617
1617
1617
1617
1617
1617
1617
1617
1617
1617
1617
1617
1617
1617
1617
1617
1617
1617
1617
1617
1617
1617
1560
1560
1560
1560
1560
1560
1560
1560
1560
1560
1560
1560
1560
1560
1560
1560
1560
1560
1560
1560
1560
1560
1560
1560
1560
1560
1560
1560
1560
1560
1560
1560
1560
1560
1560
1560
1560
1560
1560
1560
1539
1539
1539
1539
1539
1539
1539
1539
1539
1539
1539
1539
1539
1539
1539
1539
1539
1539
1539
1539
1539
1539
1539
1539
1539
1539
1539
1539
1539
1539
1539
1539
1539
1539
1539
1539
1539
1539
1539
1539
1539
1539
1539
1465
1465
1465
1465
1465
1465
1465
1465
1465
1465
1465
1465
1465
1465
1465
1465
1465
1465
1465
1465
1465
1465
1465
1465
1465
1465
1465
1465
1465
1465
1465
1465
1465
1465
1465
1465
1465
1465
1465
1465
1465
1465
1465
1465
1465
1465
1465
1465
1465
1465
1465
1465
1465
1465
1465
1465
1465
1465
1465
1465
1465
1465
1465
1465
1465
1465
1465
1465
1465
1465
1465
1465
1429
1429
1429
1429
1429
1429
1429
1429
1429
1429
1429
1429
1429
1429
1429
1429
1429
1429
1429
1429
1429
1429
1429
1429
1429
1429
1429
1429
1429
1429
1429
1429
1429
1429
1429
1429
1429
1429
1429
1429
1429
1429
1429
1429
1429
1429
1429
1429
1429
1429
1429
1429
1429
1429
1429
1429
1429
1429
1429
1429
1429
1429
1429
1429
1429
1429
1429
1429
1429
1429
1429
1429
1429
1429
1429
1429
1429
1429
1429
1429
1429
1429
1429
1429
1429
1429
1429
1429
1429
1429
1429
1429
1429
1429
1429
1429
1429
1429
1278
1278
1278
1278
1278
1278
1278
1278
1278
1278
1278
1278
1278
1278
1278
1278
1278
1278
1278
1278
1278
1278
1278
1278
1278
1278
1278
1278
1278
1278
1278
1278
1278
1278
1278
1278
1278
1278
1278
1278
1278
1278
1278
1278
1278
1278
1278
1278
1278
1278
1278
1278
1278
1278
1278
1278
1278
1278
1278
1278
1278
1278
1278
1278
1278
1278
1278
1278
1278
1278
1278
1278
1278
1278
1278
1278
1278
1278
1278
1278
1278
1278
1278
1278
1278
1278
1278
1160
1160
1160
1160
1160
1160
1160
1160
1160
1160
1160
1160
1160
1160
1160
1160
1160
1160
1160
1160
1160
1160
1160
1160
1160
1160
1160
1160
1160
1160
1160
1160
1160
1160
1160
1160
1160
1160
1160
1160
1160
1160
1160
1160
1160
1160
1160
1160
1160
1160
1160
1160
1160
1160
1160
1160
1160
1160
1160
1160
1160
1160
1160
1160
1160
1160
1160
1160
1160
1160
1160
1160
1160
1160
1160
1160
1160
1160
1160
1160
1160
1160
1160
1160
1160
1160
1160
1160
1160
1160
1160
1160
1160
1160
1160
1142
1142
1142
1142
1142
1142
1142
1142
1142
1142
1142
1142
1142
1142
1142
1142
1142
1142
1142
1142
1142
1142
1142
1142
1142
1142
1142
1046
1046
1046
1046
1046
1046
1046
1046
1046
1046
1046
1046
1046
1046
1046
1046
1046
1046
1046
1046
1046
1046
1046
1046
1046
1046
1046
1046
1046
1046
1046
1043
1043
1043
1043
1043
1043
1043
1043
1043
1043
1043
1043
1043
1043
1043
1043
1043
1043
1043
1043
1043
1043
1043
1043
1043
1043
1043
1043
1043
1043
1043
1043
1043
1043
1043
1043
1043
1043
1043
1043
1043
1043
1043
1043
1043
1043
1043
1043
1043
1043
1043
1043
1043
1043
1043
1043
1043
1043
1043
1043
1043
1043
1043
1043
1043
1043
1043
1043
1043
1043
1043
1043
1043
1043
1043
1043
1043
1043
1043
1043
1043
1043
1028
1028
1028
1028
1028
1028
1028
1028
1028
1028
1028
1028
1028
1028
1028
1028
1028
1028
1028
1028
1028
1028
1028
1028
1028
1028
1028
1028
1028
1028
1028
1028
1028
1028
1028
1028
1028
1028
1028
1028
1028
1028
1028
1028
1028
1028
1028
1028
1028
1028
1028
1028
1028
1028
1028
1028
1028
1028
1028
1028
1028
1028
1028
1028
1028
1028
1028
1028
982
982
982
982
982
982
982
982
982
982
982
982
982
982
982
982
982
982
982
982
982
982
982
982
982
982
982
982
982
982
982
982
982
982
982
982
982
982
982
982
982
982
982
982
982
982
982
982
982
982
982
982
982
982
982
982
982
982
982
982
982
982
982
982
982
982
982
982
982
982
982
982
982
982
982
919
919
919
919
919
919
919
919
919
919
919
919
919
919
919
919
919
919
919
919
919
919
919
919
919
919
919
919
919
919
919
919
919
919
919
919
919
919
919
919
919
919
919
919
919
919
919
919
919
919
919
919
919
886
886
886
886
886
886
886
886
886
886
886
886
886
886
886
886
886
886
886
886
886
886
886
886
886
886
886
886
886
842
842
842
842
842
842
842
842
842
842
842
842
842
842
842
842
842
842
842
842
842
842
842
842
842
842
842
842
842
842
842
842
842
842
827
827
827
827
827
827
827
827
827
827
827
827
827
827
827
827
827
827
827
827
827
827
827
827
827
827
827
827
827
827
827
827
827
827
827
827
827
827
827
827
827
745
745
745
745
745
745
745
745
745
745
745
745
745
745
745
745
745
745
745
745
745
745
745
745
745
745
745
745
745
745
745
745
745
745
745
745
745
745
745
745
745
745
745
745
745
745
745
745
745
745
745
745
745
745
745
745
745
745
745
745
745
745
745
745
745
745
745
745
745
745
745
745
745
745
745
745
745
745
745
745
745
745
745
745
745
745
745
745
745
745
745
745
745
739
739
739
739
739
739
739
739
739
739
739
739
739
739
739
739
739
739
739
739
739
739
739
739
739
739
739
739
739
739
739
739
739
739
739
739
739
739
739
739
739
739
739
739
739
739
739
739
739
739
739
739
739
739
739
739
739
739
739
739
739
739
739
739
739
739
739
739
739
739
739
739
739
739
739
739
739
739
739
739
739
739
739
736
736
736
736
736
736
736
736
736
736
736
736
736
736
736
736
736
736
736
736
736
736
736
736
736
736
736
736
736
736
736
736
736
736
736
736
736
736
736
736
736
736
736
736
736
736
736
736
736
736
708
708
708
708
708
708
708
708
708
708
708
708
708
708
708
708
708
708
708
708
708
708
708
708
708
708
708
708
708
708
708
675
675
675
675
675
675
675
675
675
675
675
675
675
675
675
675
675
675
675
675
675
675
675
675
675
675
675
675
675
675
675
675
675
675
675
675
675
675
675
675
675
675
675
611
611
611
611
611
611
611
611
611
611
611
611
611
611
611
611
605
605
605
605
605
605
605
605
605
605
605
605
605
605
605
605
605
605
605
605
605
605
605
605
605
605
605
605
605
605
605
605
605
605
605
605
605
605
605
605
605
605
605
605
605
605
605
605
605
605
605
605
605
605
605
605
605
605
605
605
605
605
605
605
605
605
605
605
605
605
536
536
536
536
536
536
536
536
536
536
474
474
474
474
474
474
474
474
474
474
474
474
474
474
474
474
379
379
379
379
379
379
379
379
379
379
379
371
371
371
371
371
371
371
371
371
371
371
371
371
371
371
371
371
371
371
371
371
371
371
371
371
371
371
371
371
371
371
371
371
371
371
321
321
321
321
321
321
321
321
321
321
321
321
321
321
321
321
321
321
321
321
321
321
321
321
321
321
321
321
321
321
321
321
321
321
321
321
321
289
289
289
289
289
289
289
289
289
289
289
289
289
289
289
289
289
289
289
289
289
289
289
289
289
289
289
289
289
289
289
289
289
289
289
289
289
289
289
289
289
289
289
289
289
289
289
289
289
289
289
289
289
289
289
289
289
262
262
262
262
262
262
262
262
262
262
262
262
262
262
262
262
262
262
262
262
262
262
262
262
262
262
262
262
262
262
262
262
262
262
262
262
262
262
262
262
262
262
262
262
262
262
262
262
262
262
262
262
262
262
262
262
262
262
262
262
262
262
262
262
262
262
262
262
262
262
262
262
262
244
244
244
244
244
244
244
244
244
244
244
244
244
244
244
244
244
244
244
244
244
244
244
244
244
244
244
244
244
244
244
244
209
209
209
209
209
209
194
194
194
194
194
194
194
194
194
194
194
194
194
194
194
194
194
194
194
194
194
194
194
194
194
194
194
194
194
194
194
194
194
194
194
194
194
194
194
194
194
194
194
194
194
194
194
194
194
194
194
194
180
180
180
180
180
180
180
180
180
180
180
180
180
180
180
180
180
180
180
180
180
180
180
180
180
180
180
180
180
180
180
180
180
180
180
180
180
180
180
180
180
180
180
180
180
180
180
180
180
180
180
180
180
180
180
180
180
180
180
180
134
134
134
134
134
134
134
134
134
134
134
134
134
134
134
134
134
134
134
134
134
134
134
134
134
134
134
134
134
134
134
134
134
134
134
134
134
134
134
134
134
134
134
134
134
134
134
134
134
134
134
134
134
134
134
134
134
134
134
134
134
134
134
134
134
134
134
134
134
134
134
134
134
134
134
134
134
134
134
134
134
134
134
134
134
134
134
134
64
64
64
64
64
64
64
64
64
64
64
64
64
64
64
64
64
64
64
64
64
64
64
64
64
64
64
64
64
64
64
60
60
60
60
60
60
60
60
60
60
60
60
60
60
60
60
