1618
10000
2499
2499
2499
2499
2499
2499
2499
2499
2499
2499
2499
2499
2499
2492
2492
2492
2492
2492
2492
2492
2492
2481
2481
2481
2481
2481
2481
2481
2481
2481
2481
2481
2481
2481
2481
2473
2473
2473
2473
2473
2473
2473
2473
2473
2473
2473
2473
2473
2438
2438
2438
2438
2438
2438
2438
2438
2438
2438
2438
2438
2438
2438
2438
2438
2438
2438
2438
2402
2402
2402
2402
2402
2402
2402
2402
2402
2402
2402
2402
2396
2386
2384
2384
2384
2384
2384
2384
2384
2384
2384
2384
2384
2384
2384
2378
2331
2331
2331
2331
2331
2331
2331
2288
2288
2288
2288
2288
2288
2288
2288
2288
2288
2288
2288
2288
2288
2288
2288
2288
2288
2288
2287
2287
2287
2287
2287
2287
2287
2287
2287
2287
2274
2274
2274
2268
2268
2268
2268
2268
2268
2268
2268
2268
2268
2268
2268
2268
2268
2268
2268
2268
2259
2259
2259
2259
2259
2259
2259
2259
2259
2247
2247
2247
2247
2247
2243
2243
2243
2243
2243
2243
2243
2243
2243
2243
2243
2243
2243
2238
2238
2229
2229
2229
2229
2229
2229
2229
2229
2229
2229
2229
2229
2229
2229
2229
2229
2229
2229
2224
2216
2216
2216
2216
2216
2216
2175
2175
2175
2175
2175
2175
2175
2175
2175
2175
2175
2175
2175
2175
2152
2152
2152
2152
2152
2152
2152
2152
2152
2152
2152
2152
2141
2141
2141
2141
2141
2141
2141
2141
2141
2141
2141
2141
2141
2141
2102
2102
2102
2102
2102
2102
2102
2102
2083
2083
2083
2083
2083
2083
2083
2083
2083
2083
2083
2083
2083
2083
2083
2083
2083
2083
2075
2075
2075
2075
2075
2075
2075
2075
2058
2058
2058
2058
2058
2058
2058
2058
2058
2058
2058
2058
2058
2058
2058
2047
2047
2047
2047
2047
2047
2047
2039
2039
2039
2039
2039
2039
2039
2039
2039
2039
2008
2008
2008
2008
2008
2008
2008
2008
2008
2008
2008
2008
2008
2008
2008
2008
1975
1975
1975
1975
1975
1975
1950
1950
1950
1950
1950
1950
1950
1950
1950
1950
1950
1950
1950
1950
1950
1950
1941
1941
1937
1937
1937
1937
1937
1937
1937
1937
1937
1937
1937
1937
1937
1937
1937
1937
1937
1937
1937
1937
1870
1870
1870
1870
1870
1870
1870
1870
1870
1870
1870
1870
1870
1870
1870
1870
1870
1870
1870
1870
1866
1866
1866
1866
1866
1866
1866
1866
1866
1866
1866
1866
1815
1815
1815
1815
1815
1815
1815
1815
1815
1815
1815
1815
1815
1815
1815
1815
1815
1815
1815
1815
1807
1807
1807
1807
1807
1807
1807
1807
1807
1807
1785
1785
1785
1785
1785
1785
1785
1785
1785
1766
1766
1766
1766
1766
1766
1766
1766
1722
1708
1708
1708
1708
1707
1707
1707
1707
1707
1707
1707
1706
1706
1706
1706
1706
1706
1706
1706
1706
1706
1706
1706
1706
1706
1706
1706
1706
1706
1693
1693
1693
1693
1693
1693
1693
1693
1693
1693
1693
1693
1693
1693
1693
1693
1693
1690
1681
1681
1681
1681
1681
1681
1681
1681
1681
1681
1681
1681
1681
1681
1681
1681
1681
1681
1681
1649
1649
1649
1649
1649
1649
1649
1649
1649
1649
1649
1649
1649
1649
1649
1649
1649
1649
1649
1649
1639
1639
1639
1639
1639
1639
1639
1639
1639
1639
1639
1639
1639
1639
1639
1639
1639
1639
1615
1615
1615
1615
1615
1615
1615
1615
1615
1615
1615
1586
1586
1586
1586
1586
1586
1586
1586
1586
1586
1586
1586
1586
1586
1586
1586
1586
1586
1586
1586
1578
1578
1578
1578
1578
1578
1578
1578
1578
1578
1578
1578
1578
1578
1578
1578
1578
1578
1578
1578
1541
1541
1541
1541
1541
1541
1541
1541
1541
1541
1541
1541
1515
1515
1515
1515
1515
1515
1515
1515
1515
1515
1515
1515
1515
1515
1515
1515
1512
1512
1512
1512
1501
1501
1501
1501
1501
1501
1501
1501
1501
1501
1501
1475
1475
1475
1475
1475
1475
1475
1475
1475
1475
1475
1475
1475
1459
1459
1459
1459
1459
1459
1459
1459
1459
1459
1459
1459
1459
1431
1414
1414
1414
1414
1414
1414
1414
1414
1414
1414
1414
1402
1402
1402
1402
1402
1402
1402
1402
1402
1402
1402
1402
1402
1402
1402
1402
1390
1390
1390
1390
1390
1390
1390
1390
1390
1390
1390
1390
1390
1390
1390
1390
1390
1354
1354
1354
1354
1354
1343
1326
1326
1326
1326
1326
1326
1326
1326
1326
1326
1326
1326
1311
1311
1311
1311
1311
1311
1311
1311
1311
1311
1311
1311
1311
1311
1311
1311
1263
1263
1263
1260
1260
1260
1260
1260
1260
1260
1238
1238
1238
1238
1238
1238
1238
1238
1238
1238
1238
1238
1238
1238
1238
1238
1238
1238
1238
1238
1236
1236
1236
1236
1236
1229
1229
1195
1195
1195
1195
1188
1188
1188
1188
1188
1188
1188
1188
1188
1188
1188
1160
1160
1160
1160
1160
1116
1116
1116
1116
1116
1116
1116
1116
1116
1097
1097
1097
1097
1097
1097
1097
1097
1097
1077
1077
1077
1077
1077
1077
1077
1077
1077
1077
1052
1052
1016
1016
1016
1016
1016
1016
1016
1016
1016
1016
1016
1016
1016
1016
1016
1016
1016
1009
1009
1009
1009
1009
1009
1009
1009
1009
1009
1009
1009
1009
1009
1009
1009
1009
1009
984
984
984
984
984
984
984
984
984
984
984
979
979
979
979
979
979
979
979
979
979
979
979
979
979
979
979
979
964
964
964
964
964
964
964
964
964
964
961
961
944
944
944
944
944
944
944
944
944
944
944
944
944
944
944
944
944
944
944
943
943
943
943
943
943
943
943
943
943
943
943
937
937
937
937
937
937
937
937
896
896
896
896
896
896
896
896
896
896
896
896
896
896
896
896
896
896
885
885
885
885
885
885
885
885
885
885
885
868
868
868
868
868
868
868
868
868
868
868
868
868
868
863
863
863
863
863
863
863
863
863
863
863
863
863
863
863
863
863
863
850
850
850
850
850
850
850
850
850
850
850
850
850
850
850
850
850
850
850
850
850
850
850
830
830
830
830
830
830
830
830
830
830
830
830
830
830
830
830
830
830
830
830
822
822
822
822
822
822
822
822
822
807
807
807
807
807
807
807
807
807
807
807
772
772
772
772
772
768
768
768
768
768
768
768
768
768
768
768
768
768
768
768
768
768
768
768
724
724
724
724
724
724
715
715
715
670
670
670
670
670
670
670
670
670
670
670
670
670
670
670
657
657
657
657
657
657
657
657
657
657
657
657
653
653
653
653
653
653
640
629
629
629
629
629
629
629
629
629
629
629
629
625
625
625
625
625
625
625
625
625
625
625
625
625
625
625
625
625
625
625
571
571
571
571
571
571
571
571
571
571
571
571
571
571
571
571
571
571
571
571
571
571
571
571
571
571
571
571
571
571
571
571
571
563
563
520
520
520
520
520
520
520
520
520
506
506
506
506
506
476
476
476
476
476
476
476
476
476
476
476
476
476
476
476
476
476
476
476
466
466
466
466
466
466
466
466
466
466
466
466
466
466
466
466
466
466
462
462
462
462
462
462
462
462
462
452
452
452
452
452
452
452
452
452
452
452
441
441
441
441
441
441
441
441
441
441
441
431
431
431
431
431
431
431
431
431
431
431
431
415
415
415
415
415
415
415
415
415
343
343
343
343
343
343
343
343
343
343
343
343
343
343
317
317
317
304
304
304
304
304
288
288
288
288
288
288
288
288
288
288
288
288
288
288
288
288
288
288
288
274
274
274
274
270
270
270
270
270
270
270
270
270
270
270
270
270
270
270
270
270
270
270
270
270
270
270
270
270
270
270
270
270
270
270
270
270
270
270
270
266
266
256
256
256
256
256
256
256
256
256
256
256
256
256
256
256
256
256
256
242
242
242
242
242
242
242
242
242
242
242
242
225
225
225
225
225
225
225
225
225
225
225
225
225
225
225
205
205
205
205
205
205
205
205
205
205
205
205
205
205
205
205
197
197
197
197
197
197
197
197
197
197
197
194
194
194
194
194
194
194
194
194
194
175
175
175
175
168
168
168
168
168
158
158
158
158
158
144
144
144
144
144
144
144
144
144
144
144
135
135
135
97
97
97
97
97
97
97
97
88
88
88
88
88
88
88
88
88
88
88
88
88
88
88
88
88
88
88
88
80
80
80
78
78
78
78
78
78
78
78
78
78
78
78
78
78
78
78
78
71
71
71
71
71
71
71
71
71
71
71
71
71
71
71
71
71
71
71
52
52
52
52
52
42
42
42
42
42
42
42
42
42
42
42
42
42
42
42
42
42
28
28
28
28
28
28
28
28
28
28
28
19
19
19
19
19
19
19
19
19
19
