1554
10000
7469
7469
7469
7469
7469
7469
7469
7469
7469
7469
7469
7469
7469
7469
7469
7469
7469
7469
7469
7469
7454
7454
7454
7454
7454
7454
7454
7454
7454
7454
7454
7454
7454
7454
7454
7454
7454
7454
7451
7451
7451
7387
7387
7387
7387
7387
7387
7387
7387
7387
7387
7387
7387
7380
7380
7380
7380
7380
7380
7380
7380
7380
7380
7380
7380
7380
7380
7380
7380
7380
7380
7363
7363
7363
7363
7363
7363
7363
7363
7363
7363
7319
7319
7319
7319
7319
7319
7319
7319
7319
7319
7319
7319
7319
7319
7319
7319
7319
7313
7313
7215
7215
7215
7215
7215
7215
7215
7215
7215
7215
7215
7215
7215
7208
7208
7208
7208
7208
7208
7208
7208
7208
7208
7208
7208
7208
7208
7174
7174
7174
7174
7174
7174
7174
7129
7129
7129
7129
7129
7129
7129
7129
7129
7129
7129
7129
7129
7129
7129
7129
7121
7098
7098
7098
7098
7098
7098
7098
7098
7098
7098
7098
7098
7098
7098
7098
7098
7098
7098
7081
7081
7081
7081
7081
7081
7081
7081
7081
7081
7081
7081
7081
7052
7052
7034
7034
7034
7034
7034
7034
7034
6994
6994
6994
6994
6994
6994
6994
6994
6994
6994
6994
6994
6994
6994
6964
6964
6964
6964
6964
6964
6964
6964
6964
6964
6964
6964
6964
6964
6809
6809
6809
6809
6809
6809
6809
6809
6809
6809
6809
6809
6809
6809
6809
6809
6784
6784
6784
6784
6784
6784
6784
6784
6748
6748
6748
6748
6748
6748
6748
6748
6748
6748
6710
6675
6675
6675
6675
6675
6675
6675
6675
6675
6675
6675
6675
6675
6675
6675
6660
6660
6660
6660
6660
6660
6660
6660
6660
6660
6660
6660
6660
6660
6660
6660
6660
6660
6660
6660
6637
6637
6637
6637
6637
6637
6637
6637
6637
6637
6637
6637
6559
6559
6559
6559
6559
6559
6559
6559
6559
6559
6559
6559
6559
6559
6559
6559
6559
6559
6464
6464
6464
6464
6464
6438
6438
6438
6438
6438
6438
6438
6438
6438
6426
6426
6426
6426
6426
6426
6426
6426
6426
6426
6426
6393
6393
6393
6393
6393
6393
6393
6393
6393
6393
6393
6393
6377
6377
6377
6377
6377
6377
6377
6377
6377
6377
6377
6377
6377
6377
6330
6330
6330
6330
6330
6330
6330
6330
6330
6330
6330
6330
6330
6330
6246
6246
6246
6246
6246
6246
6246
6206
6206
6206
6206
6206
6206
6206
6206
6206
6206
6206
6206
6185
6185
6185
6185
6185
6185
6185
6185
6185
6185
6185
6185
6185
6185
6185
6185
6118
6118
6118
6118
6118
6118
6118
6072
6072
6072
6072
6072
6071
6071
6071
6071
6071
6071
6071
6031
6031
6031
6031
6031
6031
6031
6031
6031
6031
6031
6031
5838
5838
5838
5838
5838
5838
5838
5838
5838
5838
5838
5838
5838
5838
5838
5838
5838
5838
5758
5758
5758
5758
5758
5758
5758
5758
5758
5630
5630
5630
5630
5630
5630
5630
5630
5630
5630
5630
5630
5630
5630
5630
5630
5630
5630
5630
5630
5545
5545
5545
5545
5545
5545
5545
5545
5542
5542
5542
5542
5542
5494
5390
5390
5390
5390
5390
5390
5390
5390
5390
5390
5390
5390
5390
5390
5390
5390
5390
5390
5390
5329
5329
5329
5329
5329
5329
5329
5329
5329
5329
5303
5303
5303
5303
5303
5303
5303
5303
5303
5213
5213
5213
5213
5213
5213
5213
5213
5213
5213
5213
5213
5213
5213
5213
5213
5213
5213
5213
5177
5177
5177
5177
5177
4977
4977
4977
4977
4977
4977
4977
4977
4977
4977
4977
4919
4919
4915
4915
4915
4915
4915
4915
4915
4915
4915
4915
4915
4915
4915
4915
4915
4915
4915
4769
4769
4745
4745
4745
4745
4745
4745
4699
4699
4699
4699
4699
4699
4699
4699
4699
4699
4699
4598
4598
4598
4598
4598
4598
4598
4598
4598
4598
4598
4598
4598
4593
4548
4548
4548
4548
4530
4530
4530
4530
4530
4530
4530
4530
4530
4530
4492
4492
4492
4492
4492
4492
4492
4492
4492
4492
4492
4492
4492
4492
4492
4492
4492
4492
4492
4492
4317
4317
4317
4317
4317
4260
4089
4089
4089
4089
4089
4064
4064
4064
4064
4064
4035
4035
4035
4035
4035
4035
4010
4010
4010
4010
4010
4010
4010
4010
4010
4003
4003
3935
3935
3935
3804
3804
3804
3804
3804
3804
3804
3775
3775
3775
3775
3775
3775
3775
3775
3775
3775
3775
3775
3753
3753
3753
3656
3656
3656
3656
3632
3632
3632
3632
3632
3632
3632
3632
3632
3632
3632
3612
3610
3610
3610
3610
3610
3610
3576
3576
3576
3576
3576
3576
3576
3576
3576
3576
3576
3576
3576
3576
3544
3544
3544
3544
3544
3544
3522
3522
3522
3522
3522
3522
3522
3522
3522
3522
3522
3522
3522
3522
3522
3522
3522
3522
3522
3522
3442
3442
3442
3442
3442
3442
3442
3442
3442
3413
3413
3413
3413
3413
3413
3413
3413
3413
3413
3413
3413
3332
3332
3332
3332
3332
3332
3332
3332
3332
3332
3332
3332
3332
3332
3332
3332
3332
3331
3297
3297
3297
3297
3297
3297
3297
3297
3297
3297
3297
3297
3297
3297
3297
3297
3293
3293
2952
2952
2952
2952
2952
2952
2952
2952
2952
2952
2952
2952
2952
2952
2952
2869
2869
2869
2869
2869
2869
2869
2869
2869
2869
2869
2765
2765
2765
2765
2765
2765
2765
2765
2765
2765
2765
2765
2765
2765
2765
2765
2765
2765
2765
2765
2765
2765
2765
2765
2765
2765
2733
2733
2733
2733
2733
2577
2577
2577
2577
2577
2577
2577
2551
2551
2551
2551
2551
2551
2551
2551
2551
2551
2551
2551
2551
2551
2551
2551
2551
2551
2551
2551
2531
2531
2531
2322
2322
2322
2322
2322
2322
2322
2322
2322
2322
2322
2322
2322
2322
2322
2304
2304
2304
2304
2304
2304
2304
2304
2304
2304
2304
2304
2304
2304
2203
2203
2203
2203
2203
2203
2203
2203
2203
2203
2203
2203
2203
2203
2203
2203
2203
2203
2114
2114
2114
2114
2114
2114
2114
2114
2114
2114
2114
2103
2103
2103
2090
2090
2004
2004
2004
2004
2004
2004
2004
1952
1952
1952
1952
1952
1952
1952
1952
1952
1952
1952
1930
1930
1930
1930
1930
1930
1930
1929
1929
1929
1929
1929
1929
1929
1929
1929
1929
1929
1929
1929
1929
1929
1929
1929
1929
1929
1908
1908
1908
1908
1908
1908
1908
1908
1908
1908
1908
1908
1908
1908
1843
1843
1843
1843
1843
1843
1718
1718
1718
1718
1718
1718
1718
1718
1718
1718
1718
1668
1668
1664
1664
1664
1664
1606
1606
1606
1606
1606
1606
1606
1606
1606
1598
1598
1598
1598
1598
1598
1598
1598
1598
1598
1598
1598
1598
1598
1598
1598
1598
1598
1449
1449
1449
1449
1449
1449
1449
1449
1449
1449
1449
1449
1449
1449
1449
1449
1449
1449
1399
1399
1399
1399
1399
1399
1392
1392
1392
1392
1392
1392
1392
1392
1392
1392
1392
1392
1392
1392
1392
1392
1368
1368
1368
1368
1368
1368
1368
1368
1368
1368
1368
1368
1368
1368
1368
1368
1368
1354
1354
1354
1354
1354
1354
1354
1354
1354
1354
1338
1338
1338
1338
1338
1338
1338
1338
1338
1338
1338
1338
1338
1325
1325
1325
1325
1325
1325
1325
1257
1257
1257
1257
1257
1257
1257
1257
1257
1257
1257
1257
1257
1257
1257
1257
1257
1257
1254
1034
1034
1034
1034
1034
1034
1034
1034
1034
1034
1034
979
979
979
979
979
979
979
942
942
942
942
942
942
942
942
942
942
942
942
942
942
911
911
911
911
911
911
911
911
911
911
911
911
911
903
903
903
903
903
903
903
903
903
903
903
903
903
903
903
903
903
903
894
894
894
836
836
836
836
836
836
836
836
836
836
836
836
836
836
836
836
836
836
836
836
793
793
793
793
793
793
760
760
760
760
760
760
760
760
760
760
733
733
733
733
733
733
733
733
733
733
733
733
719
719
719
704
704
704
704
704
704
704
704
704
704
666
666
666
666
666
666
666
666
666
666
494
494
494
494
494
494
494
494
494
494
494
494
494
494
494
444
444
444
444
444
444
444
444
444
444
444
444
444
444
444
444
444
444
444
444
434
434
434
434
434
434
434
306
306
306
306
306
306
306
306
306
306
306
306
306
306
306
306
277
277
277
277
277
277
277
277
277
277
277
252
252
252
252
252
250
250
250
250
250
250
250
250
250
250
250
250
250
250
250
250
250
228
228
228
228
228
228
228
228
228
228
228
228
228
228
228
228
228
217
217
217
217
217
217
217
217
217
217
217
217
217
217
217
217
217
217
217
217
207
207
207
207
207
207
207
207
207
207
181
181
181
181
181
181
181
181
181
181
181
181
181
181
181
181
181
181
181
181
113
113
113
93
93
93
93
93
93
91
91
91
91
91
91
91
91
91
91
91
91
91
91
91
90
90
90
90
90
37
37
37
37
37
37
37
37
37
37
37
37
37
37
37
37
37
37
37
