1642
10000
9940
9940
9940
9940
9940
9940
9940
9940
9940
9940
9940
9940
9940
9940
9940
9940
9940
9940
9940
9940
9938
9938
9938
9938
9844
9844
9844
9844
9844
9844
9844
9844
9844
9844
9796
9796
9796
9796
9796
9796
9796
9796
9796
9796
9565
9565
9565
9565
9565
9565
9565
9565
9565
9565
9565
9565
9565
9565
9565
9565
9565
9565
9565
9442
9442
9442
9442
9442
9442
9442
9442
9442
9442
9442
9442
9442
9442
9442
9413
9413
9413
9413
9413
9413
9413
9413
9413
9413
9413
9413
9413
9413
9413
9413
9413
9413
9413
9389
9389
9389
9389
9389
9389
9362
9362
9362
9362
9362
9362
9362
9362
9362
9362
9362
9362
9362
9362
9362
9362
9362
9362
9362
9349
9349
9349
9349
9333
9333
9333
9333
9333
9333
9333
9333
9333
9333
9333
9333
9292
9292
9292
9292
9292
9292
9292
9292
9292
9292
9292
9292
9292
9236
9236
9236
9236
9236
9236
9236
9236
9236
9236
9236
9236
9176
9176
9176
9176
9176
9176
8927
8927
8927
8927
8927
8927
8927
8903
8903
8903
8903
8903
8903
8903
8903
8903
8903
8903
8903
8903
8903
8903
8903
8617
8617
8617
8617
8617
8617
8617
8617
8617
8617
8617
8617
8617
8617
8617
8617
8617
8617
8617
8562
8562
8562
8562
8562
8562
8562
8562
8562
8562
8562
8562
8562
8562
8562
8554
8554
8487
8487
8487
8487
8487
8487
8487
8487
8487
8487
8487
8487
8487
8474
8474
8474
8474
8474
8474
8474
8474
8474
8474
8474
8474
8474
8474
8474
8474
8474
8474
8474
8447
8447
8447
8447
8447
8417
8417
8417
8417
8417
8417
8417
8417
8417
8417
8417
8417
8417
8417
8417
8165
8080
8080
8080
8080
8080
8080
8080
8079
8079
8079
8079
8079
8079
7963
7963
7963
7926
7926
7926
7926
7926
7926
7926
7926
7926
7926
7926
7926
7926
7825
7825
7825
7825
7825
7825
7825
7825
7825
7825
7825
7825
7825
7825
7825
7825
7825
7806
7806
7806
7806
7806
7806
7806
7806
7806
7806
7806
7806
7806
7800
7800
7800
7800
7800
7800
7800
7735
7735
7735
7735
7735
7735
7735
7735
7735
7735
7735
7735
7735
7735
7735
7695
7695
7695
7695
7695
7695
7695
7680
7680
7680
7680
7680
7680
7680
7680
7680
7680
7680
7680
7680
7680
7680
7680
7680
7680
7654
7654
7654
7642
7642
7642
7642
7642
7642
7642
7642
7571
7526
7526
7526
7526
7526
7526
7526
7526
7526
7526
7526
7526
7403
7402
7402
7402
7402
7402
7402
7402
7402
7402
7402
7402
7402
7402
7402
7402
7402
7402
7402
7402
7194
7194
7194
7194
7194
7194
7194
7194
7194
7194
7194
7194
7194
7001
7001
7001
7001
7001
7001
7001
7001
7001
7001
7001
7001
7001
7001
7001
7001
6977
6977
6977
6977
6977
6977
6977
6977
6977
6977
6977
6977
6977
6977
6977
6977
6977
6944
6944
6944
6944
6944
6944
6944
6944
6944
6944
6944
6944
6944
6944
6944
6918
6918
6918
6918
6918
6918
6918
6918
6918
6918
6918
6918
6918
6918
6918
6918
6918
6851
6851
6851
6851
6851
6851
6812
6812
6812
6812
6812
6812
6812
6812
6812
6812
6812
6812
6812
6812
6812
6812
6812
6812
6812
6812
6774
6774
6774
6774
6774
6479
6479
6479
6479
6479
6479
6479
6479
6479
6479
6479
6479
6479
6479
6475
6475
6475
6475
6475
6475
6475
6475
6475
6475
6475
6475
6475
6475
6475
6475
6475
6475
6475
6438
6438
6438
6438
6438
6438
6438
6438
6438
6438
6438
6438
6438
6421
6421
6421
6421
6421
6421
6421
6421
6421
6421
6421
6421
6381
6381
6381
6381
6381
6381
6381
6381
6381
6381
6381
6381
6381
6381
6381
6381
6381
6381
6381
6152
6152
6152
6152
6152
6152
6152
6152
6152
6152
6152
6152
6138
6138
6138
6138
6138
6138
6138
6138
6138
6138
6138
6138
6138
6138
6138
6089
6089
6089
6089
6089
6089
6089
6089
6089
6089
6089
6089
6089
6089
6089
6089
6089
6089
5962
5962
5962
5954
5954
5954
5954
5954
5954
5954
5954
5954
5954
5954
5954
5954
5954
5909
5909
5909
5909
5909
5909
5909
5909
5909
5909
5909
5909
5909
5909
5758
5758
5758
5757
5757
5757
5757
5757
5757
5757
5641
5641
5641
5641
5641
5641
5641
5641
5641
5641
5641
5641
5641
5641
5641
5641
5641
5641
5641
5641
5468
5468
5468
5468
5443
5443
5443
5443
5443
5443
5443
5443
5443
5443
5443
5443
5443
5443
5443
5443
5443
5404
5404
5404
5404
5404
5404
5404
5404
5404
5404
5404
5404
5404
5404
5404
5404
5404
5404
5404
5356
5356
5356
5356
5356
5356
5356
5356
5356
5356
5356
5356
5356
5356
5356
5356
5356
5356
5356
5356
5341
5341
5341
5341
5341
5341
5341
5341
5341
5341
5341
5341
5341
5322
5322
5322
5322
5322
5322
5322
5322
5302
5302
5302
5302
5302
5302
5302
5302
5302
5302
5285
5285
5285
5285
5285
5285
5285
5285
5285
5184
5184
5184
5184
5184
5184
5184
5184
5184
5184
5184
5184
5184
5184
5184
5184
5184
5184
5184
5170
5170
5170
5170
5170
5170
5170
5170
5163
5163
5163
5163
5163
5163
5163
5163
5163
5163
5163
5163
5045
5045
5045
5045
5045
5045
5045
5045
5045
5045
5045
5009
5009
5009
5009
5009
5009
5009
5009
5009
5009
5009
5009
5009
5009
5009
5009
4909
4909
4909
4909
4909
4909
4909
4909
4909
4909
4909
4909
4909
4909
4909
4909
4884
4884
4884
4884
4884
4884
4884
4884
4884
4606
4606
4606
4606
4606
4606
4606
4606
4606
4606
4606
4606
4606
4606
4606
4606
4574
4574
4574
4574
4574
4574
4574
4550
4550
4550
4550
4550
4550
4550
4550
4550
4550
4550
4550
4473
4473
4386
4352
4352
4352
4352
4352
4352
4352
4352
4352
4352
4352
4352
4352
4352
4352
4352
4352
4352
4352
4239
4239
4239
4239
4239
4239
4239
4239
4239
4239
4239
4239
4239
4239
4199
4153
4153
4153
4153
4031
4031
4031
4031
4031
4031
3963
3963
3963
3963
3963
3963
3963
3963
3963
3952
3952
3952
3901
3857
3857
3857
3857
3857
3857
3857
3857
3857
3857
3857
3857
3857
3857
3857
3857
3733
3733
3733
3733
3733
3733
3733
3733
3733
3733
3733
3733
3733
3733
3733
3733
3733
3733
3702
3702
3702
3702
3702
3702
3702
3702
3702
3702
3702
3609
3609
3609
3609
3609
3609
3609
3609
3609
3609
3609
3609
3569
3569
3569
3569
3569
3569
3569
3569
3569
3569
3569
3435
3435
3435
3435
3435
3435
3435
3381
3372
3372
3372
3372
3372
3372
3372
3372
3372
3372
3356
3356
3356
3356
3356
3356
3356
3356
3320
3320
3320
3320
3320
3320
3320
3198
3198
3198
3198
3198
3198
3198
3198
3198
3198
3198
3198
3198
3198
3198
3198
3198
3027
3027
3027
3027
3027
3027
3027
3027
3027
3027
3027
3027
3027
3027
3027
3027
3027
3014
3014
3014
3014
3014
3014
3014
3014
3014
3014
3014
3014
3014
3014
3014
3014
3014
3014
3014
3014
3014
3014
3014
3014
3014
3014
3014
3014
3014
3014
3014
3014
3014
3014
3014
3014
2983
2983
2983
2983
2983
2983
2983
2983
2983
2983
2983
2971
2971
2971
2896
2896
2896
2896
2896
2896
2896
2896
2896
2896
2896
2896
2896
2876
2876
2876
2876
2876
2876
2876
2876
2876
2876
2876
2876
2876
2876
2876
2876
2857
2857
2808
2808
2808
2808
2808
2808
2808
2808
2808
2808
2808
2808
2808
2808
2725
2725
2725
2725
2725
2725
2725
2725
2725
2725
2725
2725
2725
2695
2695
2695
2695
2695
2695
2674
2674
2674
2674
2674
2674
2674
2674
2674
2674
2581
2581
2581
2581
2581
2581
2568
2568
2568
2568
2568
2568
2568
2568
2568
2568
2568
2568
2568
2485
2485
2485
2485
2485
2485
2485
2485
2485
2485
2485
2485
2485
2485
2485
2485
2485
2485
2367
2214
2214
2214
2214
2214
2214
2214
2214
2214
2214
2196
2196
2159
2159
2159
2159
2159
2159
2159
2159
2159
2159
2159
2159
2159
2159
2159
2159
2159
2155
2155
2155
2155
2155
2155
2155
2155
2155
2155
2155
2007
2007
2007
2007
2007
2007
2007
2007
2007
2007
2007
2007
2007
1989
1989
1989
1989
1989
1989
1989
1989
1989
1989
1847
1847
1847
1824
1824
1750
1698
1698
1698
1698
1698
1698
1698
1698
1698
1698
1698
1698
1698
1662
1662
1662
1662
1662
1662
1662
1662
1662
1662
1662
1662
1641
1641
1641
1641
1641
1547
1547
1547
1547
1499
1499
1499
1499
1499
1499
1499
1499
1499
1499
1344
1344
1344
1344
1344
1344
1344
1344
1344
1344
1344
1344
1344
1344
1344
1344
1344
1344
1344
1344
1262
1262
1262
1262
1262
1262
1262
1262
1262
1262
1262
1262
1262
1262
1262
1262
1262
1262
1262
1120
1120
1120
1032
1032
1032
1032
1032
1032
1032
1032
1032
1032
1032
1032
1032
1032
1032
1032
978
978
978
978
978
978
978
978
978
978
978
978
958
958
958
958
958
958
958
958
958
958
958
958
958
917
917
917
917
917
917
917
917
905
905
905
905
905
905
905
905
905
905
905
905
905
905
905
895
895
895
895
895
895
895
895
895
895
895
895
895
895
895
895
895
895
895
895
781
781
781
781
781
781
781
781
781
781
781
781
781
781
781
781
643
643
643
643
643
643
643
643
643
643
643
643
643
643
643
643
643
643
597
597
597
597
597
597
597
597
597
597
597
597
546
546
546
546
546
546
458
458
458
458
458
458
458
458
458
458
218
218
218
218
218
142
142
142
142
142
142
142
142
142
142
142
93
93
93
93
93
93
93
93
93
93
93
93
93
93
93
93
93
93
93
