1044
10000
9995
9948
9948
9948
9948
9948
9948
9662
9662
9662
9662
9542
9542
9542
9542
9517
9517
9517
9517
9517
9517
9517
9517
9471
9471
9471
9471
9471
9471
9471
9471
9471
9204
9204
9204
9204
9204
9204
9204
9204
9204
9204
9173
9173
9173
9173
9173
9173
9173
9173
9173
9173
9173
9173
9173
9173
9173
9110
9110
9110
9110
9110
9110
9110
9110
9110
9110
9110
9110
9110
9110
8931
8931
8931
8931
8831
8831
8831
8831
8831
8831
8831
8831
8771
8771
8771
8771
8771
8771
8720
8720
8720
8720
8720
8720
8720
8720
8720
8720
8720
8720
8720
8720
8720
8720
8720
8720
8720
8715
8715
8715
8715
8715
8715
8715
8715
8715
8715
8715
8715
8715
8715
8715
8715
8715
8470
8470
8470
8470
8470
8470
8470
8470
8293
8293
8293
8293
8293
8293
8276
8276
8276
8276
8276
8276
8276
8276
8276
8276
8276
8276
8276
8276
8276
8189
8189
8189
7933
7933
7933
7933
7933
7933
7933
7887
7887
7887
7887
7887
7887
7887
7887
7887
7887
7887
7887
7887
7887
7887
7887
7887
7887
7868
7868
7868
7868
7868
7868
7815
7815
7815
7815
7815
7815
7815
7815
7815
7815
7815
7815
7414
7414
7414
7414
7414
7398
7398
7398
7398
7398
7398
7398
7398
7398
7398
7398
7398
7398
7398
7398
7398
7184
7184
7184
7138
7138
7138
7138
7138
7138
7138
7138
7138
7138
7138
7138
7138
7138
7138
7138
7138
7060
7060
7060
7060
7060
7060
7060
7060
7060
7060
7060
7060
7060
7060
7060
7060
7060
7060
7060
7060
7027
7027
7027
7027
7027
7027
7027
7027
7027
7027
7027
7027
7027
7027
7027
7027
7027
7027
7027
7027
6944
6944
6944
6944
6944
6934
6934
6934
6934
6934
6934
6934
6934
6934
6934
6934
6934
6934
6934
6921
6867
6867
6867
6867
6867
6867
6867
6867
6867
6867
6867
6867
6867
6867
6867
6859
6859
6859
6859
6859
6641
6641
6641
6641
6641
6641
6641
6641
6641
6641
6641
6641
6641
6641
6641
6456
6456
6456
6456
6456
6456
6456
6456
6456
6456
6456
6456
6456
6346
6346
6346
6346
6346
6346
6346
6346
6346
6218
6218
6218
6218
6218
6218
6218
6218
6218
6218
6218
6218
6055
6055
6055
6055
6055
6055
6055
6055
6055
6055
6055
6055
6055
6048
6048
6048
6048
6048
6048
6048
6048
6048
6048
6048
6048
6048
6048
6048
6036
6036
6036
6036
6036
6036
6022
6022
6022
6022
6022
6022
6022
6022
6022
6022
6022
6022
6022
5704
5704
5704
5704
5704
5704
5704
5704
5704
5704
5704
5695
5695
5695
5695
5695
5558
5558
5558
5558
5558
5558
5558
5558
5558
5558
5558
5558
5558
5554
5525
5525
5525
5525
5525
5525
5525
5525
5525
5525
5525
5525
5525
5525
5525
5525
5525
5433
5433
5433
5433
5415
5415
5415
5415
5415
5415
5415
5415
5415
5415
5415
5415
5413
5413
5413
5413
5413
5413
5413
5413
5413
5266
5266
5266
5266
5266
5266
5266
5266
5266
5266
5266
5091
5091
5091
5091
5091
5091
5091
5091
5091
5091
5091
5091
5091
5091
5091
5091
5091
5091
5091
5091
5006
5006
5006
5006
4923
4923
4923
4923
4923
4923
4923
4923
4923
4923
4923
4923
4923
4923
4923
4923
4590
4590
4590
4590
4590
4590
4590
4590
4590
4590
4590
4429
4255
4255
4255
4255
4255
4255
4255
4255
4255
4255
4254
4254
4141
4141
4141
4141
4141
4141
4141
4141
4141
4141
4141
4141
4016
4016
4016
4016
4016
4016
4016
4016
4016
4016
3981
3981
3981
3981
3981
3981
3981
3981
3981
3981
3981
3981
3981
3981
3981
3981
3981
3981
3939
3939
3939
3939
3939
3939
3939
3939
3939
3939
3939
3939
3939
3939
3939
3939
3939
3929
3929
3929
3929
3929
3929
3929
3929
3929
3929
3929
3929
3808
3808
3808
3808
3786
3786
3753
3753
3753
3753
3753
3753
3753
3753
3753
3753
3753
3753
3685
3685
3685
3685
3685
3685
3685
3685
3685
3685
3685
3649
3649
3649
3649
3649
3649
3649
3649
3649
3649
3649
3649
3649
3649
3649
3649
3649
3649
3516
3516
3516
3516
3180
3180
3180
2933
2933
2933
2933
2933
2933
2906
2906
2906
2906
2906
2906
2906
2905
2905
2905
2905
2905
2905
2905
2905
2905
2905
2905
2808
2808
2808
2808
2808
2808
2808
2551
2551
2551
2551
2551
2551
2551
2551
2551
2551
2551
2551
2551
2551
2551
2551
2551
2551
2551
2551
2535
2535
2535
2535
2535
2535
2535
2535
2535
2535
2535
2535
2535
2535
2535
2505
2505
2505
2505
2505
2505
2505
2505
2505
2505
2451
2451
2451
2451
2451
2451
2451
2451
2451
2451
2428
2428
2428
2428
2428
2428
2428
2428
2428
2328
2328
2328
2328
2328
2328
2328
2328
2328
2328
2328
2328
2328
2328
2328
2328
2247
2247
2247
2247
2247
2247
2247
2247
2247
2247
2247
2247
2247
2247
2247
2234
2234
2234
2234
2234
2234
2234
2234
2234
2234
2234
2234
2234
2234
2234
2234
2040
2040
2040
2040
2040
2040
2040
2040
2040
2040
2040
2040
2040
2040
1842
1842
1842
1842
1842
1842
1842
1842
1820
1820
1820
1820
1820
1820
1679
1679
1679
1679
1679
1679
1679
1679
1679
1679
1679
1679
1679
1679
1598
1598
1598
1598
1598
1598
1598
1598
1598
1598
1598
1598
1598
1598
1598
1598
1598
1598
1598
1588
1588
1588
1588
1588
1588
1588
1588
1588
1588
1588
1588
1588
1588
1588
1588
1588
1260
1260
1260
1260
1260
1260
1260
1260
1260
1260
1260
1260
1260
1260
1260
1260
1260
1260
1260
1260
1153
1139
1139
1139
1139
1139
1139
1139
1139
1139
1139
1139
1138
1138
1138
1138
1138
1138
1138
1138
1138
1138
1138
1138
1138
1138
1138
1138
1138
1138
1138
1098
1098
1098
1098
1098
1098
1098
1098
1098
1098
1098
1098
1098
1019
1019
1019
1019
1019
1019
1019
1019
1019
1019
1019
1019
1019
1019
1019
1019
1019
1019
874
874
874
718
718
718
718
718
718
718
652
652
652
652
652
652
652
652
652
652
529
529
529
335
335
335
335
335
335
335
335
335
335
335
335
335
335
264
264
264
264
264
264
264
264
264
136
136
136
136
136
136
136
136
136
