7400
10000
2482
2482
2482
2482
2482
2465
2465
2465
2465
2465
2465
2465
2465
2465
2443
2443
2443
2443
2443
2443
2443
2443
2443
2443
2443
2443
2443
2443
2443
2443
2443
2443
2443
2443
2443
2443
2443
2443
2443
2443
2443
2443
2443
2443
2443
2443
2443
2443
2443
2443
2443
2443
2443
2443
2443
2443
2443
2443
2443
2443
2443
2443
2443
2443
2443
2395
2395
2395
2395
2395
2395
2395
2395
2395
2395
2395
2395
2395
2395
2395
2395
2395
2395
2395
2395
2395
2395
2395
2395
2395
2363
2363
2363
2363
2363
2363
2363
2363
2363
2363
2363
2363
2363
2363
2363
2363
2363
2363
2363
2363
2363
2363
2363
2363
2363
2363
2363
2363
2363
2363
2363
2363
2363
2363
2363
2363
2363
2363
2363
2363
2363
2363
2363
2363
2363
2363
2363
2363
2363
2363
2363
2363
2363
2363
2363
2363
2353
2353
2353
2353
2353
2353
2353
2353
2353
2353
2353
2353
2353
2353
2353
2353
2353
2353
2353
2353
2353
2353
2353
2353
2353
2353
2353
2353
2353
2353
2353
2353
2353
2353
2353
2353
2353
2353
2353
2353
2353
2353
2353
2353
2353
2353
2353
2353
2353
2353
2353
2353
2353
2353
2353
2353
2353
2353
2353
2353
2353
2353
2353
2353
2353
2353
2353
2353
2353
2353
2353
2353
2353
2353
2353
2353
2353
2353
2353
2353
2353
2334
2334
2334
2334
2334
2334
2334
2334
2334
2334
2334
2334
2334
2334
2334
2334
2334
2334
2334
2334
2334
2334
2334
2334
2334
2334
2334
2334
2334
2334
2334
2334
2334
2334
2334
2334
2334
2334
2334
2334
2327
2327
2327
2327
2327
2327
2327
2327
2327
2327
2327
2327
2327
2327
2327
2327
2327
2327
2327
2327
2327
2327
2327
2327
2327
2327
2327
2327
2327
2327
2327
2327
2327
2327
2327
2327
2327
2327
2327
2327
2327
2327
2290
2290
2290
2290
2290
2290
2290
2290
2290
2290
2290
2290
2290
2290
2290
2290
2290
2290
2290
2290
2290
2290
2290
2290
2290
2290
2290
2290
2290
2290
2290
2290
2278
2278
2278
2278
2278
2278
2278
2278
2278
2278
2278
2278
2278
2278
2278
2278
2278
2278
2278
2278
2278
2278
2278
2278
2278
2278
2278
2278
2278
2276
2276
2276
2276
2276
2276
2276
2276
2276
2276
2276
2276
2276
2276
2276
2276
2276
2276
2276
2276
2276
2276
2276
2276
2276
2276
2276
2276
2276
2276
2276
2276
2276
2276
2276
2276
2276
2276
2276
2276
2276
2276
2276
2276
2276
2276
2276
2276
2276
2276
2276
2276
2276
2276
2276
2276
2276
2276
2276
2276
2276
2276
2276
2276
2276
2276
2276
2276
2276
2276
2276
2276
2276
2276
2276
2276
2276
2276
2276
2276
2276
2276
2276
2276
2276
2276
2276
2276
2274
2274
2274
2274
2274
2274
2274
2274
2274
2274
2274
2274
2274
2274
2274
2274
2274
2274
2274
2274
2274
2274
2274
2274
2274
2274
2274
2274
2274
2274
2274
2274
2274
2274
2274
2274
2274
2274
2274
2274
2274
2274
2274
2274
2274
2274
2266
2266
2266
2266
2266
2266
2266
2266
2266
2266
2266
2266
2266
2266
2266
2266
2266
2266
2266
2266
2266
2266
2266
2266
2266
2266
2266
2266
2266
2266
2266
2266
2266
2266
2266
2266
2266
2266
2266
2266
2266
2266
2266
2266
2266
2266
2266
2266
2266
2266
2266
2266
2266
2266
2266
2266
2266
2266
2266
2266
2266
2266
2266
2266
2266
2266
2266
2266
2266
2266
2266
2266
2266
2266
2266
2266
2266
2266
2266
2266
2266
2266
2266
2266
2266
2266
2266
2265
2265
2265
2265
2265
2265
2265
2265
2265
2265
2265
2265
2265
2265
2265
2265
2265
2265
2265
2265
2265
2265
2265
2265
2265
2265
2265
2265
2265
2265
2265
2265
2265
2265
2265
2265
2265
2265
2265
2265
2265
2265
2265
2265
2265
2265
2265
2265
2265
2265
2265
2265
2265
2265
2265
2265
2265
2265
2265
2265
2265
2254
2254
2254
2254
2254
2254
2254
2254
2254
2254
2254
2254
2254
2254
2254
2254
2254
2254
2254
2254
2254
2254
2254
2254
2254
2254
2254
2254
2254
2254
2254
2254
2254
2254
2254
2254
2254
2254
2254
2254
2254
2254
2254
2254
2254
2254
2254
2254
2254
2254
2254
2254
2254
2254
2254
2254
2254
2254
2254
2254
2254
2254
2254
2254
2254
2254
2254
2254
2254
2254
2254
2254
2254
2254
2254
2254
2254
2246
2246
2246
2246
2213
2213
2213
2213
2213
2213
2213
2213
2213
2213
2213
2213
2213
2213
2213
2213
2213
2213
2213
2213
2213
2213
2213
2213
2213
2213
2213
2213
2213
2213
2213
2213
2213
2213
2213
2213
2213
2213
2213
2206
2206
2206
2206
2206
2206
2206
2206
2206
2206
2206
2206
2206
2206
2206
2206
2206
2206
2206
2206
2206
2206
2206
2206
2206
2206
2206
2206
2206
2206
2206
2206
2206
2206
2206
2206
2206
2206
2206
2206
2206
2206
2206
2206
2206
2206
2206
2206
2206
2206
2206
2206
2206
2206
2206
2206
2206
2206
2206
2206
2206
2206
2206
2206
2206
2206
2206
2206
2206
2206
2206
2206
2206
2206
2206
2206
2206
2206
2206
2206
2206
2206
2206
2206
2206
2162
2162
2162
2162
2162
2162
2162
2162
2162
2162
2162
2162
2162
2162
2162
2162
2162
2162
2162
2162
2162
2162
2162
2162
2162
2162
2162
2162
2162
2162
2162
2162
2162
2162
2162
2162
2162
2162
2162
2162
2162
2162
2162
2162
2162
2162
2162
2162
2162
2162
2162
2162
2162
2162
2162
2162
2162
2162
2162
2162
2162
2162
2162
2162
2162
2162
2162
2162
2162
2162
2162
2162
2162
2162
2162
2162
2162
2162
2162
2162
2162
2162
2162
2162
2162
2162
2162
2162
2162
2162
2162
2162
2152
2152
2152
2152
2152
2152
2152
2152
2152
2143
2143
2143
2143
2143
2143
2143
2143
2143
2143
2143
2143
2143
2143
2143
2143
2143
2143
2143
2143
2143
2143
2143
2143
2143
2143
2143
2143
2143
2143
2143
2143
2143
2143
2143
2143
2143
2143
2143
2143
2143
2143
2143
2143
2143
2143
2143
2143
2143
2143
2143
2143
2143
2143
2143
2143
2143
2143
2143
2143
2143
2143
2142
2142
2142
2142
2142
2142
2142
2142
2142
2142
2142
2142
2142
2142
2142
2142
2142
2142
2142
2142
2142
2142
2142
2142
2142
2142
2142
2142
2142
2142
2142
2142
2142
2142
2142
2142
2142
2142
2142
2142
2142
2142
2142
2142
2142
2142
2142
2142
2142
2142
2142
2142
2142
2142
2142
2142
2142
2142
2142
2142
2142
2142
2142
2142
2142
2139
2139
2139
2139
2139
2139
2139
2139
2139
2139
2139
2139
2139
2139
2139
2139
2139
2139
2139
2139
2139
2139
2139
2139
2139
2139
2139
2139
2139
2139
2139
2139
2139
2139
2139
2139
2139
2139
2139
2139
2139
2139
2139
2139
2139
2139
2139
2139
2139
2139
2139
2139
2139
2139
2139
2139
2139
2139
2139
2139
2135
2135
2135
2135
2135
2135
2135
2135
2135
2135
2135
2135
2135
2135
2135
2135
2135
2135
2135
2135
2135
2135
2105
2105
2105
2105
2105
2105
2105
2105
2105
2105
2105
2105
2105
2105
2105
2105
2105
2105
2105
2105
2105
2105
2105
2105
2105
2105
2105
2105
2105
2105
2105
2105
2105
2105
2105
2105
2105
2105
2105
2105
2105
2105
2105
2105
2105
2101
2101
2101
2101
2101
2101
2101
2101
2101
2101
2101
2101
2101
2101
2101
2101
2101
2101
2101
2101
2101
2101
2101
2101
2101
2101
2101
2101
2101
2101
2101
2101
2101
2101
2101
2101
2101
2101
2101
2101
2101
2101
2101
2101
2101
2101
2101
2101
2101
2101
2101
2101
2101
2101
2101
2101
2101
2101
2101
2101
2101
2101
2101
2101
2101
2101
2101
2101
2101
2101
2101
2101
2101
2101
2101
2101
2101
2101
2101
2101
2101
2101
2101
2101
2101
2101
2101
2101
2101
2071
2071
2071
2071
2071
2071
2071
2071
2071
2071
2071
2071
2071
2071
2071
2071
2071
2071
2071
2071
2071
2071
2071
2071
2071
2071
2071
2071
2069
2069
2069
2069
2069
2069
2069
2069
2069
2069
2069
2069
2069
2069
2069
2069
2069
2069
2069
2069
2069
2069
2069
2069
2069
2069
2069
2069
2069
2069
2069
2069
2069
2069
2069
2069
2069
2069
2044
2044
2044
2044
2044
2044
2044
2044
2044
1996
1996
1996
1996
1996
1996
1996
1996
1996
1996
1996
1996
1989
1989
1989
1989
1989
1989
1989
1989
1989
1989
1989
1989
1989
1989
1989
1989
1989
1989
1989
1989
1989
1989
1989
1989
1989
1989
1989
1989
1989
1989
1989
1989
1989
1989
1989
1989
1989
1989
1989
1989
1989
1989
1976
1976
1976
1976
1976
1976
1976
1976
1976
1976
1976
1976
1976
1976
1976
1976
1976
1976
1976
1976
1976
1976
1976
1976
1976
1976
1976
1976
1976
1976
1976
1976
1976
1976
1976
1976
1976
1976
1976
1976
1976
1976
1976
1976
1976
1976
1976
1976
1976
1976
1976
1976
1976
1976
1976
1976
1976
1976
1976
1976
1976
1976
1976
1976
1976
1976
1976
1976
1951
1951
1951
1951
1951
1951
1951
1951
1951
1951
1951
1951
1951
1951
1951
1951
1951
1951
1951
1951
1951
1951
1951
1951
1951
1951
1951
1951
1951
1951
1951
1951
1951
1951
1951
1951
1951
1951
1951
1951
1951
1951
1951
1951
1951
1951
1951
1951
1951
1951
1951
1951
1951
1951
1951
1951
1951
1951
1951
1951
1951
1951
1951
1951
1951
1951
1951
1951
1945
1945
1945
1945
1945
1945
1945
1945
1945
1945
1945
1945
1945
1945
1945
1945
1945
1945
1945
1945
1940
1940
1940
1940
1940
1940
1940
1940
1940
1940
1940
1940
1940
1940
1940
1940
1940
1940
1940
1940
1940
1940
1940
1940
1940
1940
1940
1940
1940
1940
1940
1940
1940
1940
1940
1926
1926
1926
1926
1926
1926
1926
1926
1926
1926
1926
1926
1926
1926
1926
1926
1926
1926
1926
1926
1926
1926
1926
1926
1926
1926
1926
1926
1926
1920
1920
1920
1920
1920
1920
1920
1920
1920
1920
1920
1920
1920
1920
1920
1920
1920
1920
1920
1920
1920
1920
1920
1920
1920
1920
1920
1920
1920
1920
1920
1920
1920
1920
1920
1920
1920
1920
1920
1920
1920
1920
1920
1920
1920
1920
1920
1920
1920
1920
1920
1919
1919
1919
1919
1919
1919
1919
1919
1919
1919
1919
1919
1919
1919
1919
1919
1919
1919
1919
1919
1919
1919
1919
1919
1919
1919
1919
1919
1919
1919
1919
1919
1919
1919
1919
1919
1919
1919
1919
1919
1919
1919
1919
1919
1919
1919
1919
1919
1919
1919
1919
1919
1919
1919
1919
1919
1919
1919
1919
1919
1919
1919
1919
1919
1919
1919
1919
1919
1919
1907
1907
1907
1907
1907
1894
1894
1894
1894
1894
1894
1894
1894
1894
1894
1894
1875
1875
1875
1875
1875
1875
1875
1875
1875
1875
1875
1875
1875
1875
1875
1875
1875
1875
1875
1875
1875
1875
1875
1875
1875
1875
1875
1875
1875
1875
1875
1875
1875
1875
1875
1875
1875
1875
1875
1875
1875
1875
1875
1875
1875
1875
1875
1875
1875
1875
1875
1875
1875
1875
1875
1875
1875
1875
1875
1875
1875
1875
1875
1875
1875
1875
1875
1875
1875
1875
1875
1875
1875
1875
1875
1875
1875
1875
1875
1875
1875
1875
1875
1875
1875
1875
1875
1875
1875
1875
1875
1875
1875
1875
1875
1829
1829
1829
1829
1829
1829
1829
1829
1829
1829
1829
1829
1829
1829
1829
1829
1829
1829
1829
1829
1829
1829
1829
1829
1829
1829
1829
1829
1829
1829
1829
1829
1829
1829
1829
1829
1829
1829
1829
1829
1829
1829
1829
1829
1829
1829
1829
1802
1802
1802
1802
1802
1802
1802
1802
1802
1802
1802
1802
1802
1802
1802
1802
1802
1802
1802
1802
1802
1802
1802
1802
1802
1802
1802
1802
1802
1802
1802
1802
1802
1802
1802
1802
1802
1802
1802
1802
1802
1802
1802
1802
1802
1802
1802
1802
1802
1802
1802
1802
1802
1802
1802
1802
1802
1802
1802
1802
1802
1802
1802
1802
1802
1802
1802
1802
1802
1802
1802
1802
1802
1802
1802
1802
1802
1802
1802
1802
1802
1802
1802
1802
1802
1802
1802
1802
1802
1802
1802
1802
1802
1802
1802
1802
1793
1793
1793
1793
1793
1793
1793
1793
1793
1793
1789
1789
1789
1789
1789
1789
1789
1789
1789
1789
1787
1787
1787
1787
1787
1787
1787
1787
1787
1787
1787
1787
1787
1787
1787
1787
1787
1787
1787
1787
1787
1787
1787
1787
1787
1787
1787
1787
1787
1787
1787
1787
1787
1787
1787
1787
1787
1787
1787
1787
1787
1787
1787
1787
1787
1787
1787
1787
1787
1787
1787
1787
1787
1787
1787
1787
1787
1787
1787
1787
1787
1787
1787
1787
1787
1787
1787
1787
1787
1787
1787
1787
1787
1787
1787
1787
1787
1787
1787
1787
1787
1787
1787
1787
1787
1787
1787
1787
1787
1787
1787
1787
1787
1787
1787
1787
1787
1787
1787
1761
1761
1761
1761
1761
1761
1761
1761
1761
1761
1761
1761
1761
1761
1761
1761
1761
1761
1761
1761
1761
1761
1761
1761
1761
1761
1761
1761
1761
1761
1761
1761
1761
1761
1761
1761
1761
1761
1761
1761
1761
1761
1761
1761
1761
1761
1761
1761
1761
1761
1761
1761
1761
1761
1761
1761
1761
1761
1761
1761
1761
1761
1761
1761
1761
1761
1761
1761
1761
1761
1761
1761
1761
1761
1761
1761
1761
1761
1761
1761
1761
1761
1761
1758
1758
1758
1758
1758
1758
1758
1758
1758
1758
1758
1758
1758
1758
1758
1758
1758
1758
1758
1758
1758
1758
1758
1758
1758
1758
1758
1758
1758
1758
1758
1758
1758
1758
1758
1758
1758
1758
1758
1758
1758
1758
1758
1758
1758
1758
1758
1758
1758
1758
1758
1758
1758
1758
1758
1758
1758
1758
1758
1758
1758
1758
1758
1758
1758
1758
1758
1758
1758
1758
1758
1758
1758
1751
1751
1751
1751
1751
1751
1751
1751
1751
1751
1751
1751
1751
1751
1751
1751
1751
1751
1751
1751
1751
1751
1751
1751
1751
1751
1751
1751
1751
1751
1751
1751
1751
1751
1751
1751
1751
1751
1751
1751
1751
1751
1751
1751
1751
1751
1751
1751
1751
1751
1751
1751
1751
1751
1751
1751
1751
1751
1751
1751
1751
1751
1751
1751
1751
1751
1750
1750
1750
1750
1750
1750
1750
1750
1750
1750
1750
1750
1750
1750
1750
1750
1750
1750
1750
1750
1750
1750
1750
1750
1750
1750
1750
1750
1750
1750
1750
1750
1750
1750
1750
1750
1750
1750
1750
1750
1750
1750
1724
1724
1724
1724
1724
1724
1724
1724
1724
1724
1724
1724
1724
1724
1715
1715
1715
1715
1715
1715
1715
1715
1715
1715
1715
1715
1715
1715
1715
1715
1715
1715
1715
1715
1715
1715
1715
1715
1715
1715
1715
1715
1715
1715
1715
1715
1715
1715
1715
1715
1715
1715
1715
1715
1715
1715
1715
1715
1715
1715
1715
1715
1715
1715
1715
1715
1715
1715
1715
1715
1715
1715
1715
1715
1715
1715
1715
1715
1715
1715
1715
1715
1715
1715
1715
1715
1715
1715
1715
1715
1715
1715
1715
1715
1715
1715
1715
1715
1715
1707
1707
1707
1707
1707
1707
1707
1707
1707
1707
1707
1707
1707
1707
1707
1707
1707
1707
1707
1707
1707
1707
1707
1707
1707
1707
1707
1707
1707
1707
1707
1685
1685
1685
1685
1685
1685
1685
1685
1685
1685
1685
1685
1685
1685
1685
1685
1685
1685
1685
1685
1685
1685
1685
1685
1685
1685
1685
1685
1685
1685
1685
1685
1685
1685
1685
1685
1685
1685
1685
1685
1685
1685
1685
1685
1685
1685
1685
1685
1685
1685
1685
1685
1685
1685
1685
1685
1685
1685
1685
1685
1685
1685
1685
1685
1685
1685
1685
1685
1685
1685
1685
1685
1685
1685
1685
1685
1685
1685
1685
1685
1685
1685
1685
1685
1685
1685
1685
1663
1663
1663
1663
1663
1663
1663
1663
1663
1663
1663
1663
1663
1663
1663
1663
1663
1663
1663
1663
1663
1663
1663
1663
1663
1663
1663
1663
1663
1663
1663
1663
1663
1663
1618
1618
1618
1618
1618
1618
1618
1618
1618
1618
1618
1618
1618
1618
1618
1618
1618
1618
1618
1618
1618
1613
1613
1613
1613
1613
1613
1613
1613
1613
1613
1613
1613
1613
1613
1613
1613
1613
1613
1613
1613
1613
1613
1613
1613
1613
1613
1613
1613
1613
1613
1613
1613
1613
1613
1613
1613
1613
1613
1613
1613
1613
1613
1613
1613
1613
1613
1613
1613
1613
1613
1613
1613
1605
1605
1605
1605
1605
1605
1605
1605
1605
1605
1605
1605
1605
1605
1605
1605
1605
1605
1605
1605
1605
1605
1605
1605
1605
1605
1605
1605
1605
1605
1605
1605
1605
1605
1605
1591
1591
1591
1591
1591
1591
1591
1591
1591
1591
1591
1591
1591
1591
1591
1591
1591
1591
1591
1591
1591
1591
1591
1591
1591
1591
1591
1591
1591
1591
1591
1591
1591
1591
1591
1591
1591
1591
1591
1591
1591
1591
1591
1591
1591
1591
1591
1591
1591
1591
1591
1591
1591
1591
1591
1591
1591
1591
1591
1591
1591
1591
1591
1591
1591
1591
1591
1591
1591
1591
1591
1591
1591
1591
1591
1591
1591
1591
1591
1591
1591
1591
1591
1591
1591
1591
1591
1591
1591
1591
1591
1591
1591
1591
1567
1567
1567
1567
1567
1567
1567
1567
1567
1567
1567
1567
1567
1567
1567
1567
1567
1567
1567
1567
1567
1567
1567
1567
1567
1567
1567
1567
1567
1567
1567
1554
1554
1554
1554
1554
1554
1554
1554
1554
1554
1554
1554
1554
1554
1554
1554
1554
1554
1554
1554
1554
1554
1554
1554
1554
1554
1554
1554
1554
1554
1554
1554
1554
1554
1533
1533
1533
1533
1533
1533
1533
1533
1533
1533
1533
1533
1533
1533
1533
1533
1533
1533
1533
1533
1533
1533
1533
1533
1533
1533
1533
1533
1533
1533
1533
1533
1533
1533
1533
1533
1527
1527
1527
1527
1527
1527
1527
1527
1527
1527
1527
1527
1527
1527
1527
1527
1527
1527
1527
1527
1527
1527
1527
1527
1527
1527
1527
1527
1527
1527
1527
1527
1527
1527
1527
1527
1527
1527
1527
1527
1527
1527
1527
1527
1527
1527
1527
1527
1527
1527
1527
1527
1527
1521
1521
1521
1521
1521
1521
1521
1521
1521
1521
1521
1521
1521
1521
1521
1521
1521
1521
1521
1521
1521
1521
1521
1521
1521
1521
1521
1521
1521
1521
1521
1521
1521
1521
1521
1521
1521
1521
1521
1521
1521
1521
1521
1521
1521
1521
1521
1521
1521
1521
1521
1521
1521
1521
1465
1465
1465
1465
1465
1465
1465
1465
1465
1465
1465
1465
1465
1465
1465
1465
1465
1465
1465
1465
1465
1465
1465
1465
1465
1465
1465
1465
1465
1465
1465
1465
1465
1465
1465
1465
1465
1465
1465
1465
1465
1465
1465
1465
1465
1465
1465
1465
1465
1465
1465
1465
1465
1465
1465
1465
1465
1465
1465
1465
1465
1465
1465
1465
1465
1465
1465
1465
1465
1465
1465
1465
1465
1465
1465
1465
1465
1465
1465
1465
1465
1425
1425
1425
1425
1425
1425
1425
1425
1425
1425
1425
1425
1425
1425
1425
1425
1425
1425
1425
1425
1425
1425
1425
1425
1425
1425
1425
1425
1425
1425
1425
1425
1425
1425
1425
1425
1425
1425
1425
1425
1425
1425
1425
1425
1425
1425
1425
1402
1402
1402
1402
1402
1402
1402
1402
1402
1402
1402
1402
1402
1402
1402
1402
1402
1402
1402
1402
1402
1402
1402
1402
1402
1402
1402
1402
1402
1402
1402
1364
1364
1364
1364
1364
1364
1359
1359
1359
1359
1359
1359
1359
1359
1359
1359
1359
1359
1359
1359
1359
1359
1359
1359
1343
1343
1343
1343
1343
1343
1343
1343
1343
1343
1343
1343
1343
1343
1343
1343
1343
1343
1343
1343
1343
1343
1343
1343
1343
1343
1343
1343
1343
1343
1343
1343
1343
1343
1343
1343
1343
1343
1343
1343
1343
1343
1343
1343
1343
1343
1343
1343
1343
1343
1343
1343
1343
1343
1343
1343
1343
1343
1343
1343
1343
1343
1343
1343
1343
1343
1343
1343
1343
1343
1343
1343
1343
1343
1336
1336
1336
1336
1336
1336
1336
1336
1336
1336
1336
1336
1336
1336
1336
1336
1336
1336
1336
1336
1336
1336
1336
1336
1336
1336
1336
1336
1336
1336
1336
1336
1336
1336
1336
1336
1336
1336
1336
1336
1336
1336
1336
1336
1336
1336
1336
1336
1336
1336
1336
1336
1336
1336
1336
1336
1336
1336
1336
1336
1336
1336
1336
1308
1308
1308
1308
1308
1308
1308
1308
1308
1308
1308
1308
1308
1308
1308
1308
1308
1308
1308
1308
1308
1287
1287
1287
1287
1287
1287
1287
1287
1287
1287
1287
1287
1287
1287
1287
1287
1287
1287
1287
1287
1287
1287
1287
1287
1287
1287
1287
1287
1287
1287
1287
1287
1287
1287
1287
1287
1287
1287
1287
1287
1287
1287
1287
1287
1287
1287
1287
1287
1287
1287
1287
1287
1287
1287
1287
1287
1287
1287
1287
1287
1287
1287
1287
1287
1287
1287
1287
1287
1287
1287
1287
1287
1287
1287
1287
1287
1287
1287
1287
1287
1287
1279
1279
1279
1279
1279
1279
1279
1279
1279
1279
1279
1279
1279
1279
1279
1279
1279
1279
1279
1279
1279
1279
1279
1279
1279
1279
1279
1279
1279
1279
1279
1279
1279
1279
1279
1279
1279
1229
1229
1229
1229
1229
1229
1229
1229
1229
1229
1229
1229
1229
1229
1229
1229
1229
1229
1229
1229
1229
1229
1229
1229
1229
1229
1229
1229
1229
1215
1215
1215
1215
1215
1215
1215
1215
1215
1215
1215
1215
1215
1215
1215
1215
1215
1215
1215
1215
1215
1215
1215
1215
1215
1215
1215
1215
1215
1215
1215
1215
1215
1215
1215
1215
1215
1215
1206
1206
1206
1206
1206
1206
1206
1206
1206
1206
1206
1206
1206
1206
1202
1202
1202
1202
1202
1202
1202
1202
1202
1202
1202
1202
1202
1202
1202
1202
1202
1202
1202
1202
1202
1202
1202
1202
1202
1202
1202
1202
1202
1202
1202
1202
1202
1202
1202
1202
1202
1202
1202
1202
1202
1202
1202
1202
1202
1202
1202
1179
1179
1179
1179
1179
1179
1179
1179
1179
1179
1179
1179
1179
1179
1179
1179
1179
1179
1179
1179
1179
1179
1179
1179
1179
1179
1179
1179
1179
1179
1179
1179
1179
1179
1179
1179
1145
1145
1145
1145
1145
1145
1145
1145
1145
1145
1145
1145
1145
1145
1145
1145
1145
1145
1145
1145
1145
1145
1145
1145
1145
1145
1145
1145
1145
1145
1145
1145
1145
1145
1145
1145
1145
1145
1145
1145
1145
1145
1145
1145
1145
1145
1145
1145
1145
1119
1119
1119
1119
1119
1119
1119
1119
1119
1119
1119
1119
1119
1119
1119
1119
1119
1119
1119
1119
1119
1119
1119
1119
1119
1119
1119
1119
1119
1119
1119
1119
1119
1119
1119
1119
1119
1119
1119
1119
1119
1119
1119
1119
1119
1119
1119
1119
1119
1119
1119
1119
1119
1119
1119
1119
1119
1119
1119
1119
1119
1119
1119
1119
1119
1119
1119
1119
1119
1119
1119
1119
1119
1119
1119
1094
1094
1094
1094
1094
1094
1094
1094
1094
1094
1094
1094
1094
1094
1094
1094
1094
1094
1094
1094
1094
1094
1094
1094
1094
1094
1094
1094
1094
1094
1094
1094
1094
1094
1094
1094
1094
1094
1094
1094
1094
1094
1094
1094
1094
1094
1094
1094
1094
1094
1094
1094
1094
1094
1094
1094
1094
1094
1094
1094
1094
1094
1094
1094
1094
1094
1094
1094
1094
1094
1094
1094
1094
1094
1094
1094
1094
1094
1094
1094
1094
1094
1094
1094
1094
1094
1094
1094
1094
1094
1094
1094
1092
1092
1092
1092
1092
1092
1092
1092
1092
1092
1092
1092
1092
1092
1092
1092
1092
1092
1092
1092
1092
1092
1092
1092
1092
1092
1092
1092
1092
1092
1092
1092
1092
1092
1092
1092
1092
1092
1092
1092
1092
1092
1092
1092
1092
1092
1092
1092
1092
1088
1088
1088
1088
1088
1088
1088
1088
1088
1088
1088
1088
1088
1088
1088
1088
1088
1088
1088
1088
1088
1088
1088
1088
1088
1088
1088
1088
1088
1088
1088
1088
1088
1088
1088
1088
1088
1088
1088
1088
1088
1088
1088
1088
1088
1088
1088
1088
1088
1088
1088
1088
1088
1088
1088
1088
1088
1088
1088
1088
1088
1088
1088
1088
1088
1088
1088
1088
1088
1088
1088
1088
1088
1088
1088
1088
1088
1088
1068
1068
1068
1068
1068
1068
1068
1068
1068
1068
1068
1068
1068
1068
1068
1068
1068
1068
1068
1068
1068
1068
1068
1068
1068
1068
1068
1068
1068
1068
1068
1068
1068
1068
1068
1068
1068
1068
1068
1068
1068
1068
1068
1068
1068
1068
1068
1068
1068
1068
1068
1068
1068
1068
1068
1068
1068
1068
1068
1068
1068
1068
1068
1068
1068
1068
1068
1068
1068
1068
1068
1068
1068
1068
1068
1068
1050
1050
1050
1050
1050
1050
1050
1050
1050
1050
1050
1050
1050
1050
1050
1050
1050
1050
1050
1050
1050
1050
1050
1050
1050
1050
1050
1050
1050
1050
1050
1050
1050
1050
1050
1050
1050
1050
1050
1050
1050
1050
1050
1050
1050
1050
1050
1050
1050
1050
1050
1050
1050
1050
1050
1050
1050
1050
1050
1050
1050
1050
1050
1050
1050
1050
1050
1050
1050
1050
1050
1050
1050
1050
1050
1050
1050
1050
1050
1050
1050
1050
1050
1050
1050
1050
1050
1050
1050
1050
1050
1050
1050
1050
1050
1050
1050
1050
1050
1050
1038
1038
1038
1038
1038
1038
1038
1038
1038
1038
1038
1038
1038
1038
1038
1038
1038
1038
1038
1038
1038
1038
1038
1038
1038
1038
1038
1038
1038
1031
1031
1031
1031
1031
1031
1031
1031
1031
1031
1031
1031
1031
1031
1031
1031
1031
1031
1031
1031
1031
1031
1031
1031
1031
1031
1031
1031
1031
1031
1031
1031
1031
1031
1031
1031
1031
1031
1031
1031
1018
1018
1018
1018
1018
1018
1018
1018
1018
1018
1018
1018
1018
1018
1018
1018
1018
1018
1018
1018
1018
1018
1018
1018
1018
1018
1018
1018
1018
1018
1018
1018
1018
1018
1018
1018
1018
1018
1018
1018
1018
1018
1018
1018
1018
1018
1018
1018
1018
999
999
999
999
999
999
999
999
999
999
999
999
999
999
999
999
999
999
999
999
999
999
999
999
999
999
999
999
999
999
999
999
999
999
999
999
999
999
999
999
999
999
999
999
999
999
999
999
999
999
999
999
999
999
999
999
999
999
999
999
999
999
999
999
999
999
999
999
999
999
999
999
999
999
999
999
999
999
999
999
999
999
999
999
999
999
999
999
999
999
999
999
999
999
999
999
994
994
994
994
994
994
994
994
994
994
984
984
984
984
984
984
984
984
984
984
984
984
984
984
984
984
984
984
984
984
984
984
984
984
984
984
984
984
984
984
984
984
984
984
984
984
984
984
984
984
984
984
984
984
984
984
984
984
984
984
984
984
984
984
984
984
984
984
984
984
984
984
984
984
984
984
984
984
984
984
984
984
984
984
984
984
984
984
984
984
984
984
984
984
981
981
981
981
981
981
981
981
981
981
981
981
981
981
981
981
981
981
981
981
981
981
981
981
981
981
981
981
981
981
981
981
981
981
981
981
981
981
981
981
981
981
981
981
981
981
981
981
981
981
981
981
981
981
981
981
981
981
981
981
981
981
981
981
981
981
981
969
969
969
969
969
969
969
969
969
969
969
969
969
969
969
969
969
969
969
969
969
910
910
910
910
910
910
910
910
910
910
910
910
910
902
902
902
902
902
902
902
902
902
902
902
902
902
902
902
902
902
902
902
902
902
902
902
902
902
902
902
902
902
902
902
902
902
902
902
902
902
902
902
902
902
902
902
902
902
902
902
902
902
902
902
902
902
902
902
902
902
902
902
902
902
902
902
902
902
902
902
902
902
902
902
902
902
902
902
902
902
902
902
902
902
902
902
902
902
902
902
902
902
902
902
902
902
902
902
902
901
901
901
901
901
901
901
901
901
901
901
901
901
901
901
901
901
901
901
901
901
901
901
901
901
901
901
901
901
901
901
901
901
901
901
901
901
901
901
901
901
901
901
901
901
901
901
901
901
901
901
901
901
901
901
901
901
901
901
901
901
901
901
901
901
901
901
901
901
901
901
901
901
901
901
901
901
901
901
901
886
886
886
886
886
886
886
886
886
886
886
882
882
882
882
882
882
882
882
882
882
882
882
882
882
882
882
882
882
882
882
882
882
855
855
855
855
855
855
855
855
855
855
855
855
855
855
855
855
855
855
855
855
855
855
855
855
855
855
855
855
855
855
855
855
855
855
855
855
855
855
855
855
855
855
855
855
855
855
855
855
855
855
855
855
855
855
855
855
855
855
855
855
855
855
855
855
855
855
855
855
855
855
855
855
855
855
855
855
855
848
848
848
848
848
848
848
848
848
848
848
848
848
848
848
848
848
848
848
848
848
848
848
848
848
848
848
848
848
848
848
848
848
848
848
848
848
848
848
848
848
848
848
848
848
848
848
848
848
848
848
848
848
848
848
848
848
848
848
848
848
848
848
848
848
848
848
848
848
848
848
848
848
848
848
848
848
848
848
848
848
848
848
848
848
839
839
839
839
839
839
839
839
839
839
839
839
839
839
839
839
839
839
839
839
839
839
839
839
839
839
839
839
839
839
839
839
839
839
839
839
839
839
839
839
839
839
839
839
839
839
839
839
839
839
839
839
839
825
825
825
825
825
825
825
825
825
825
825
825
825
825
778
778
778
778
778
778
778
778
778
772
772
772
772
772
772
772
772
772
772
772
772
772
772
772
772
772
772
772
772
772
772
772
772
772
772
772
772
772
772
772
772
772
772
772
772
772
772
772
772
772
772
772
772
772
772
772
772
772
772
772
772
772
772
766
766
766
766
766
766
766
766
766
766
766
766
766
766
766
766
766
766
766
766
766
766
766
766
766
766
766
766
766
766
766
766
766
766
766
766
766
766
766
766
766
766
766
766
766
766
766
766
766
766
766
766
766
766
766
766
766
766
766
766
766
766
766
766
766
766
766
766
766
766
766
766
766
766
766
766
766
766
766
766
766
766
766
766
766
766
766
766
758
758
758
758
758
758
758
758
758
758
758
758
758
758
758
758
758
758
758
758
758
758
758
758
758
758
758
758
758
758
758
758
758
758
758
758
758
758
758
758
758
758
758
758
758
758
758
758
758
758
758
758
758
758
758
758
758
758
758
758
758
758
758
758
758
758
758
758
758
758
758
758
742
742
742
742
742
742
742
742
742
742
742
742
742
742
742
742
742
742
742
742
742
742
742
742
742
742
742
742
742
742
742
742
742
742
742
742
742
742
742
742
742
742
742
742
732
732
732
732
732
732
732
732
732
732
732
732
721
721
721
721
721
721
721
721
721
721
721
721
721
721
721
721
721
721
721
721
721
721
721
721
721
721
721
721
721
721
721
721
721
721
721
721
721
721
721
721
721
721
721
721
721
721
721
721
721
721
721
721
721
721
701
701
701
701
701
701
701
701
701
701
699
699
699
699
699
699
699
699
699
699
699
699
699
699
699
699
699
699
699
699
699
699
699
699
699
699
699
699
699
699
699
699
699
699
699
699
699
699
699
699
699
699
699
699
699
699
699
676
676
676
676
676
676
676
676
676
676
676
676
676
676
676
676
676
676
676
676
676
676
676
676
676
676
676
676
676
676
676
676
676
676
676
676
676
676
676
676
676
676
676
676
676
676
676
676
676
676
676
676
676
676
676
676
676
676
676
676
676
676
676
676
676
676
676
676
676
676
676
676
676
676
676
676
676
676
676
676
676
676
676
676
676
676
663
660
660
660
660
660
660
660
660
660
660
660
660
660
660
660
660
660
660
660
660
660
660
660
660
660
660
660
660
660
660
660
660
660
660
660
660
660
660
660
660
660
660
660
660
660
660
660
660
660
660
660
660
660
660
660
660
660
660
660
660
660
660
660
660
660
660
660
660
660
660
660
660
660
660
660
660
660
660
660
660
660
660
660
660
660
660
660
660
660
660
660
660
660
660
660
660
600
600
600
600
600
600
600
600
600
600
600
600
600
600
600
600
600
600
600
600
600
600
600
600
600
600
600
600
600
600
600
600
600
600
600
600
600
600
600
600
600
600
600
600
600
600
600
600
600
600
600
600
600
600
600
600
600
600
600
600
600
600
600
600
545
545
545
545
545
545
545
545
545
545
545
545
545
545
545
545
545
545
545
545
545
545
545
545
545
545
545
545
545
545
545
545
545
545
545
545
545
545
545
545
545
545
545
545
525
525
525
525
525
525
525
525
525
525
525
525
525
525
525
525
525
525
525
525
525
525
525
525
525
525
525
525
525
525
525
525
525
525
525
525
525
525
525
525
525
525
525
525
525
525
525
525
525
525
525
525
525
525
525
525
525
525
525
525
525
525
525
525
525
515
515
515
515
515
515
515
515
515
515
515
515
515
515
515
485
485
485
485
485
485
485
485
485
485
485
485
485
485
485
485
485
485
485
485
485
485
485
485
485
485
485
485
485
485
485
485
485
485
485
485
485
485
485
485
485
485
485
485
485
485
485
485
485
485
485
485
485
485
485
485
485
485
485
485
485
485
485
485
485
485
485
485
485
485
485
485
485
485
485
485
485
485
485
485
485
485
485
485
485
485
485
485
485
485
485
485
485
485
485
480
480
480
480
480
480
480
480
480
480
480
480
480
480
480
480
480
480
480
480
480
480
480
480
480
480
480
480
480
480
480
480
480
480
480
480
480
480
480
480
480
480
480
480
480
480
480
480
480
480
480
480
480
480
480
480
480
480
480
480
480
480
480
480
480
480
480
480
480
480
480
480
480
480
480
480
480
480
480
480
480
480
458
458
458
458
458
458
458
458
458
458
458
458
458
458
458
458
458
458
458
458
458
458
458
458
458
458
458
458
458
458
458
458
458
458
458
458
458
458
458
458
458
458
458
458
458
458
458
458
458
458
458
458
458
458
458
458
458
458
458
458
458
458
458
458
458
458
458
458
458
458
458
458
458
458
458
458
458
458
458
458
458
458
458
458
458
458
458
458
458
447
447
447
447
447
447
447
447
447
447
447
447
447
447
447
447
447
447
447
447
447
447
447
447
447
447
447
447
447
447
447
447
447
447
447
447
447
447
447
447
447
447
447
447
447
447
447
447
447
447
447
447
447
447
447
447
447
447
447
447
447
447
447
447
447
447
447
447
447
447
447
447
447
395
389
389
389
389
389
389
389
389
389
389
389
389
389
389
389
389
389
389
389
389
389
389
389
389
389
389
389
389
389
389
389
389
389
389
389
389
389
389
389
389
389
389
389
389
389
389
389
389
389
389
389
389
373
373
373
373
373
373
373
373
373
373
373
373
373
373
373
373
373
373
373
373
373
373
373
373
373
373
373
373
373
373
373
373
373
373
373
373
373
373
373
373
373
373
373
373
373
373
373
373
373
373
373
373
373
373
373
373
373
341
341
341
341
341
341
341
341
341
341
341
341
341
341
341
341
341
341
341
341
341
341
341
341
341
341
341
341
341
341
341
341
341
341
341
341
341
341
341
341
341
341
341
341
341
341
341
341
341
341
341
341
341
341
341
341
341
341
341
341
341
341
341
341
341
341
341
341
341
341
341
341
341
341
341
341
341
341
341
341
341
341
341
341
341
341
341
341
338
338
338
338
338
338
338
338
329
329
329
329
329
329
329
329
329
329
329
329
329
329
329
329
329
329
329
329
329
329
329
329
329
329
329
329
329
329
329
329
329
329
329
329
329
329
329
329
329
329
329
329
329
329
329
329
329
329
329
329
329
329
329
329
329
329
329
329
329
329
329
329
329
329
329
329
329
329
329
315
315
315
315
315
315
315
315
315
315
315
315
315
315
315
315
315
315
315
315
315
315
315
315
315
315
315
315
315
315
315
315
315
315
315
315
315
315
315
315
315
315
315
315
315
315
315
315
315
315
315
315
315
315
315
315
315
315
315
315
315
315
315
315
315
315
315
315
315
315
315
315
315
315
315
315
315
315
315
315
315
315
315
315
315
315
315
315
315
315
315
315
315
315
311
311
311
311
311
311
311
277
277
277
277
277
277
277
277
277
277
277
277
277
277
277
277
277
277
277
277
277
277
277
277
277
277
277
277
277
277
277
277
277
277
277
277
277
277
277
277
277
277
277
277
277
277
277
277
277
277
277
277
277
277
277
277
277
239
239
239
239
239
239
238
238
238
238
238
238
238
238
238
238
238
238
238
238
238
238
238
238
238
238
238
238
238
238
238
238
238
238
238
238
238
238
238
238
238
238
238
238
238
230
230
230
230
230
230
230
230
172
172
172
172
172
172
172
172
172
172
172
172
172
172
172
172
172
172
172
172
172
172
172
172
172
172
172
168
168
168
168
168
168
168
168
168
168
168
168
168
168
168
168
168
168
168
168
168
168
168
168
168
168
168
168
168
168
168
168
168
168
168
168
168
168
168
168
168
168
168
168
168
168
168
168
168
168
168
168
168
168
168
168
168
168
168
168
168
168
168
168
168
168
168
168
159
159
159
159
159
159
159
159
159
159
159
159
159
159
159
159
159
159
159
159
159
159
159
159
159
159
159
159
159
159
159
159
159
159
159
159
159
159
159
159
159
159
159
159
159
159
159
159
159
159
159
159
159
159
159
159
159
159
159
159
159
159
159
159
159
159
159
159
159
159
159
146
146
146
146
146
146
146
146
146
146
146
146
146
146
146
146
146
146
146
146
146
146
146
146
146
146
146
146
146
146
146
146
146
146
146
146
146
146
146
146
146
146
146
146
146
146
146
146
146
146
146
146
146
146
146
146
146
146
146
146
146
146
146
146
146
146
146
146
146
146
146
146
146
146
146
146
146
146
146
146
146
146
146
146
146
146
146
146
146
146
146
146
146
146
146
146
146
146
146
142
142
142
142
142
142
142
142
135
135
135
135
135
135
135
135
135
135
135
135
135
135
135
135
135
135
135
135
135
135
135
135
135
135
135
135
135
135
135
135
135
135
135
135
135
135
135
135
135
135
135
135
135
135
135
135
135
135
135
135
135
135
135
135
135
135
135
135
135
135
135
135
135
135
135
135
135
135
135
135
135
135
135
135
135
135
135
135
135
135
135
135
132
132
132
132
132
132
132
132
132
132
132
132
132
132
132
132
132
132
132
132
132
132
132
132
132
132
132
132
132
132
132
132
132
132
132
132
132
132
132
132
132
132
132
132
132
132
132
132
132
132
132
132
132
132
132
132
132
132
132
132
132
132
132
132
132
132
132
132
132
132
132
132
132
132
132
132
132
132
132
132
132
132
132
132
132
132
132
132
132
132
132
114
103
103
103
103
103
103
103
103
103
103
103
103
103
103
103
103
103
103
103
103
103
103
103
103
103
103
103
103
103
103
103
103
103
103
103
103
103
103
103
103
103
103
103
103
103
103
103
103
103
103
103
103
103
103
103
103
103
103
103
103
103
103
103
103
103
103
103
103
103
103
103
103
103
103
103
103
88
88
88
88
88
88
88
88
88
88
88
88
88
88
88
88
88
88
88
88
88
88
88
88
88
88
88
88
88
88
88
88
88
88
88
88
88
88
88
88
88
88
88
88
73
73
73
73
73
73
73
73
73
73
73
73
73
73
73
73
73
73
73
73
73
73
73
73
73
73
73
73
73
73
73
73
73
73
73
73
73
73
73
73
73
73
73
73
73
73
73
73
73
73
73
73
73
73
73
73
73
73
73
73
73
73
73
73
73
73
73
73
73
73
73
73
73
73
73
73
73
73
73
73
73
73
73
73
73
73
73
73
73
73
73
73
73
73
73
73
73
73
59
59
59
59
59
59
59
59
59
59
59
59
59
59
59
59
59
59
59
59
59
59
59
59
59
59
59
59
59
59
59
59
59
59
59
59
59
59
59
59
59
59
59
59
59
59
59
59
59
59
59
59
59
59
59
59
59
59
59
59
59
59
59
59
59
59
59
59
59
59
59
59
59
59
59
59
59
59
59
59
59
59
59
59
59
59
59
59
