4717
10000
4975
4975
4975
4975
4975
4975
4975
4975
4975
4975
4975
4975
4975
4975
4975
4975
4975
4975
4975
4975
4975
4975
4975
4975
4975
4975
4975
4975
4975
4975
4975
4975
4929
4929
4929
4929
4929
4929
4929
4929
4929
4929
4929
4929
4929
4929
4929
4929
4929
4929
4921
4921
4921
4921
4921
4921
4921
4921
4877
4877
4877
4877
4877
4877
4877
4877
4877
4877
4877
4877
4877
4877
4877
4877
4877
4877
4877
4877
4877
4877
4877
4877
4877
4877
4877
4877
4877
4877
4877
4877
4877
4877
4877
4877
4877
4877
4877
4877
4877
4877
4877
4877
4877
4877
4877
4877
4877
4877
4877
4877
4877
4877
4877
4877
4877
4877
4877
4877
4877
4877
4877
4877
4877
4877
4877
4877
4877
4877
4877
4877
4877
4877
4877
4877
4877
4877
4877
4877
4877
4877
4877
4877
4877
4877
4877
4877
4864
4864
4864
4864
4864
4864
4864
4864
4864
4864
4864
4864
4864
4864
4864
4864
4864
4864
4864
4864
4864
4864
4864
4864
4864
4864
4864
4864
4864
4864
4864
4864
4864
4864
4864
4864
4864
4864
4864
4864
4864
4864
4864
4864
4859
4859
4827
4827
4827
4827
4827
4827
4827
4827
4827
4827
4827
4827
4763
4763
4763
4763
4763
4763
4763
4763
4763
4763
4763
4763
4763
4763
4763
4763
4763
4763
4763
4763
4763
4763
4763
4763
4763
4763
4763
4763
4763
4763
4763
4763
4763
4763
4763
4763
4763
4763
4763
4763
4763
4763
4763
4763
4763
4763
4763
4763
4763
4763
4763
4763
4763
4763
4763
4763
4763
4763
4763
4763
4763
4763
4763
4763
4763
4763
4763
4763
4763
4763
4763
4763
4763
4763
4763
4763
4731
4731
4731
4731
4731
4731
4731
4731
4731
4731
4731
4731
4731
4731
4731
4731
4731
4731
4731
4731
4731
4731
4731
4731
4731
4731
4731
4731
4731
4731
4731
4731
4731
4731
4731
4731
4731
4731
4731
4731
4731
4731
4731
4731
4731
4731
4731
4731
4731
4731
4731
4731
4731
4731
4731
4731
4731
4731
4731
4731
4731
4731
4731
4731
4731
4731
4731
4731
4731
4731
4731
4731
4731
4731
4731
4731
4731
4731
4658
4658
4658
4658
4658
4658
4658
4658
4658
4658
4658
4658
4658
4658
4658
4658
4658
4658
4658
4658
4658
4658
4658
4658
4658
4658
4658
4658
4658
4658
4658
4658
4658
4658
4658
4658
4658
4658
4658
4658
4658
4658
4658
4658
4658
4658
4658
4658
4658
4658
4658
4658
4658
4658
4658
4658
4658
4658
4658
4658
4658
4658
4658
4658
4658
4658
4658
4658
4658
4658
4613
4613
4613
4613
4613
4613
4613
4613
4613
4613
4613
4613
4613
4613
4613
4613
4613
4613
4613
4613
4613
4613
4613
4613
4613
4613
4613
4613
4613
4613
4613
4613
4613
4613
4613
4613
4613
4613
4613
4613
4613
4613
4613
4613
4613
4613
4613
4613
4613
4613
4613
4613
4613
4613
4613
4613
4613
4613
4613
4613
4613
4613
4613
4613
4613
4613
4613
4613
4613
4613
4613
4613
4613
4523
4523
4523
4523
4523
4523
4523
4523
4523
4523
4523
4523
4523
4523
4523
4523
4523
4523
4523
4523
4523
4523
4523
4523
4523
4523
4523
4523
4523
4523
4523
4523
4523
4523
4523
4523
4523
4523
4523
4523
4523
4523
4523
4523
4523
4523
4523
4523
4523
4523
4523
4523
4523
4523
4523
4523
4523
4523
4523
4523
4523
4523
4523
4523
4523
4523
4523
4523
4523
4523
4523
4523
4523
4523
4523
4523
4523
4523
4455
4455
4455
4455
4455
4455
4455
4455
4455
4455
4455
4455
4455
4455
4455
4455
4455
4455
4455
4455
4455
4455
4455
4455
4455
4455
4455
4455
4455
4455
4455
4455
4455
4455
4455
4455
4455
4455
4455
4455
4455
4455
4455
4455
4455
4455
4455
4455
4455
4455
4455
4455
4455
4455
4455
4453
4453
4453
4453
4453
4453
4453
4453
4453
4453
4453
4453
4453
4453
4453
4453
4453
4453
4453
4453
4453
4453
4453
4453
4453
4453
4453
4453
4453
4453
4453
4453
4453
4453
4453
4453
4453
4453
4453
4453
4453
4453
4453
4453
4453
4453
4453
4453
4453
4453
4453
4453
4453
4453
4453
4453
4453
4453
4453
4453
4453
4453
4453
4453
4453
4453
4453
4453
4453
4453
4453
4453
4453
4453
4453
4453
4453
4453
4453
4453
4453
4453
4231
4231
4231
4231
4231
4231
4231
4231
4231
4231
4231
4231
4231
4231
4231
4231
4231
4231
4231
4231
4231
4231
4231
4231
4231
4231
4231
4231
4231
4231
4231
4231
4231
4231
4231
4231
4231
4231
4231
4231
4231
4231
4231
4231
4231
4231
4231
4231
4231
4231
4231
4231
4231
4231
4231
4231
4231
4231
4231
4231
4231
4231
4231
4231
4231
4231
4231
4231
4231
4231
4231
4231
4231
4231
4231
4231
4231
4231
4231
4231
4231
4231
4231
4231
4231
4231
4231
4231
4231
4231
4231
4231
4231
4231
4208
4208
4208
4208
4208
4208
4208
4208
4208
4208
4208
4208
4208
4208
4208
4208
4208
4208
4208
4208
4208
4208
4208
4208
4208
4208
4208
4208
4208
4208
4208
4208
4208
4208
4208
4208
4208
4208
4208
4208
4208
4208
4208
4208
4208
4208
4208
4208
4208
4208
4208
4208
4208
4208
4208
4208
4208
4208
4208
4056
4056
4056
4056
4056
4056
4056
4056
4056
4056
4056
4056
4056
4056
4056
4056
4056
4056
4056
4056
4056
4056
4056
4056
4056
4056
4056
4056
4056
4056
4056
4056
4056
4056
4056
4056
4056
4056
4056
4056
4056
4056
4056
4056
4056
4056
4056
4056
4056
4056
4056
4056
4056
4056
4056
4056
4056
4056
4056
4056
4056
4056
4056
4056
4041
4041
4041
4041
4041
4041
4041
4041
4041
4041
4041
4041
4041
4041
4041
4041
4041
4041
4041
4041
4041
4041
4041
4041
4041
4041
4041
4041
4041
4041
4041
4041
4041
4041
4041
4041
4041
4041
4041
4041
4041
4041
4041
4041
4041
4041
4041
4041
4041
4041
4041
4041
4041
4041
4041
4041
4038
4038
4038
4038
4038
4038
4038
4038
4038
4038
4038
4038
4038
4038
4038
4038
4038
4038
4038
4038
4038
4038
4038
4038
4038
4038
4038
4038
4038
4038
4038
4038
4038
4038
4038
4038
4038
4038
4038
4038
4038
4038
4038
4038
4038
4038
4038
4038
4038
4031
4031
4031
4031
4031
4031
4031
4031
4031
4031
4031
4031
4031
4031
4031
4031
4031
4031
4031
4031
4031
4031
4031
4031
4031
4031
4031
4031
4031
4031
4031
4031
4031
4031
4031
4031
4031
4031
4031
4031
4031
3969
3969
3969
3969
3969
3969
3969
3969
3969
3969
3969
3969
3969
3969
3969
3969
3969
3969
3969
3969
3969
3969
3969
3936
3936
3936
3936
3936
3936
3936
3936
3936
3936
3936
3936
3936
3936
3936
3936
3936
3936
3936
3936
3936
3936
3936
3936
3936
3936
3936
3936
3936
3936
3936
3936
3936
3936
3936
3936
3936
3936
3936
3936
3936
3936
3936
3936
3936
3936
3936
3936
3936
3936
3936
3936
3936
3936
3936
3936
3936
3936
3936
3936
3936
3936
3936
3936
3936
3936
3936
3936
3936
3936
3936
3936
3936
3936
3936
3936
3936
3936
3936
3936
3895
3895
3895
3895
3895
3895
3895
3895
3895
3895
3895
3895
3895
3895
3895
3895
3895
3895
3895
3895
3895
3895
3895
3895
3895
3895
3895
3895
3895
3895
3895
3895
3895
3895
3895
3876
3876
3876
3876
3876
3876
3876
3876
3876
3876
3876
3876
3876
3876
3876
3876
3876
3876
3876
3876
3876
3876
3876
3876
3876
3876
3876
3876
3876
3876
3876
3876
3871
3871
3871
3871
3871
3871
3871
3871
3871
3871
3871
3871
3871
3871
3871
3871
3871
3871
3871
3871
3871
3871
3871
3871
3871
3871
3871
3871
3871
3871
3871
3871
3871
3871
3871
3871
3871
3871
3871
3871
3871
3871
3871
3871
3871
3871
3871
3871
3871
3871
3857
3857
3857
3857
3854
3854
3854
3854
3854
3854
3854
3854
3854
3854
3854
3854
3854
3854
3854
3854
3854
3854
3854
3854
3854
3854
3854
3854
3854
3854
3854
3854
3854
3854
3854
3854
3854
3854
3854
3854
3854
3854
3854
3854
3854
3854
3854
3854
3854
3770
3770
3770
3770
3770
3770
3770
3770
3770
3770
3770
3770
3770
3770
3770
3770
3770
3770
3770
3770
3770
3770
3770
3770
3770
3770
3770
3770
3770
3770
3770
3770
3770
3770
3770
3770
3770
3770
3770
3770
3770
3770
3770
3770
3770
3770
3770
3770
3770
3770
3770
3770
3770
3770
3770
3770
3770
3770
3770
3770
3770
3770
3770
3770
3770
3770
3770
3770
3770
3770
3770
3770
3770
3770
3770
3770
3770
3770
3770
3770
3770
3770
3770
3770
3669
3669
3669
3669
3669
3669
3669
3669
3669
3669
3669
3669
3669
3669
3669
3669
3669
3669
3669
3669
3669
3669
3669
3669
3669
3669
3669
3669
3669
3669
3669
3669
3669
3669
3669
3669
3669
3669
3669
3669
3669
3669
3669
3669
3669
3669
3669
3669
3669
3669
3669
3669
3669
3669
3669
3669
3669
3669
3669
3669
3669
3669
3669
3669
3669
3669
3669
3669
3669
3669
3669
3669
3669
3669
3669
3669
3669
3669
3669
3669
3669
3669
3669
3669
3669
3669
3669
3669
3669
3669
3657
3657
3657
3657
3657
3657
3657
3657
3657
3657
3657
3657
3657
3657
3657
3657
3657
3657
3657
3657
3657
3657
3657
3657
3657
3657
3657
3657
3657
3657
3657
3657
3657
3657
3657
3657
3657
3657
3657
3636
3636
3636
3636
3636
3636
3636
3636
3636
3636
3636
3636
3636
3636
3636
3636
3636
3636
3636
3636
3636
3636
3636
3636
3636
3636
3636
3636
3636
3636
3636
3636
3636
3636
3636
3636
3636
3636
3636
3636
3636
3636
3636
3636
3636
3636
3636
3636
3636
3636
3636
3636
3636
3636
3636
3636
3636
3636
3636
3636
3636
3636
3636
3636
3636
3636
3636
3636
3636
3636
3636
3636
3636
3636
3636
3636
3636
3636
3636
3636
3636
3636
3636
3636
3636
3636
3636
3636
3618
3618
3618
3618
3618
3618
3618
3618
3618
3618
3618
3618
3618
3618
3618
3618
3618
3618
3618
3618
3618
3618
3618
3618
3618
3618
3618
3618
3618
3618
3618
3618
3618
3618
3618
3440
3440
3440
3404
3404
3404
3404
3404
3404
3404
3404
3404
3404
3404
3404
3404
3404
3404
3404
3404
3404
3404
3404
3404
3404
3404
3404
3404
3404
3404
3404
3404
3404
3404
3404
3404
3404
3404
3404
3404
3404
3404
3404
3404
3404
3404
3404
3404
3404
3404
3404
3404
3404
3404
3404
3404
3404
3404
3404
3404
3404
3404
3404
3404
3404
3404
3404
3404
3404
3404
3404
3404
3404
3404
3404
3404
3404
3404
3404
3404
3404
3404
3404
3404
3404
3404
3404
3404
3404
3404
3404
3404
3404
3404
3404
3404
3301
3301
3301
3301
3301
3301
3301
3301
3301
3301
3301
3301
3301
3301
3301
3301
3301
3301
3301
3301
3301
3301
3301
3301
3301
3301
3301
3301
3301
3301
3301
3301
3301
3301
3301
3301
3301
3301
3301
3301
3287
3287
3287
3287
3287
3287
3287
3287
3287
3287
3287
3287
3287
3287
3287
3287
3287
3287
3287
3287
3287
3287
3287
3287
3287
3287
3287
3287
3287
3287
3287
3287
3287
3287
3287
3272
3272
3272
3272
3272
3184
3184
3184
3184
3184
3184
3184
3184
3184
3184
3184
3184
3184
3181
3181
3181
3181
3181
3181
3181
3181
3181
3181
3181
3181
3181
3181
3181
3181
3181
3181
3181
3181
3181
3181
3181
3181
3181
3181
3181
3181
3181
3181
3181
3181
3181
3181
3181
3181
3181
3181
3139
3139
3139
3139
3139
3139
3139
3139
3139
3139
3139
3139
3139
3139
3139
3139
3139
3139
3139
3139
3139
3139
3139
3139
3139
3139
3139
3139
3139
3139
3139
3139
3139
3139
3139
3139
3139
3139
2987
2987
2987
2987
2987
2987
2987
2987
2987
2987
2987
2987
2987
2987
2987
2987
2987
2987
2987
2987
2987
2987
2987
2987
2987
2987
2987
2987
2987
2987
2987
2987
2987
2987
2987
2987
2987
2987
2987
2987
2987
2987
2987
2987
2987
2987
2987
2987
2987
2987
2909
2909
2909
2909
2909
2909
2909
2909
2909
2909
2909
2909
2909
2909
2909
2909
2909
2909
2909
2909
2909
2909
2909
2909
2909
2909
2909
2909
2909
2909
2909
2909
2909
2909
2909
2909
2909
2909
2909
2743
2743
2743
2743
2743
2743
2743
2743
2743
2743
2743
2743
2743
2743
2743
2743
2743
2743
2743
2743
2743
2743
2743
2743
2743
2743
2743
2743
2743
2743
2743
2743
2743
2743
2743
2743
2743
2743
2743
2743
2743
2743
2743
2743
2743
2743
2743
2743
2743
2743
2743
2743
2743
2743
2743
2743
2743
2743
2743
2743
2743
2743
2743
2743
2743
2743
2743
2743
2743
2743
2743
2743
2743
2743
2743
2743
2743
2743
2743
2743
2743
2743
2743
2743
2743
2743
2743
2743
2743
2743
2743
2743
2743
2743
2743
2743
2743
2743
2743
2743
2743
2743
2743
2743
2743
2743
2743
2743
2743
2743
2743
2743
2743
2743
2743
2743
2743
2743
2743
2743
2743
2743
2743
2743
2743
2743
2743
2743
2743
2743
2743
2743
2743
2743
2743
2743
2743
2743
2743
2743
2743
2743
2743
2743
2743
2743
2743
2743
2743
2743
2743
2743
2743
2743
2743
2743
2743
2743
2743
2743
2743
2659
2659
2659
2659
2659
2659
2659
2659
2659
2659
2659
2659
2659
2659
2659
2659
2659
2659
2659
2659
2659
2659
2659
2659
2635
2635
2635
2635
2635
2635
2635
2635
2635
2635
2635
2635
2635
2635
2635
2635
2635
2635
2635
2635
2635
2635
2635
2635
2635
2635
2635
2635
2635
2635
2635
2635
2635
2635
2635
2635
2635
2635
2635
2635
2635
2635
2635
2635
2635
2635
2635
2635
2635
2635
2629
2629
2629
2629
2629
2629
2629
2629
2629
2629
2629
2629
2629
2629
2629
2629
2629
2629
2629
2629
2629
2629
2629
2629
2629
2629
2629
2629
2629
2629
2629
2629
2629
2629
2629
2629
2629
2629
2629
2629
2629
2629
2629
2629
2629
2629
2629
2629
2629
2629
2629
2629
2629
2629
2629
2629
2629
2629
2629
2629
2629
2629
2629
2629
2629
2629
2629
2435
2435
2435
2435
2435
2435
2435
2435
2435
2435
2435
2435
2435
2435
2435
2435
2435
2435
2435
2435
2435
2435
2435
2435
2435
2435
2435
2435
2435
2435
2435
2435
2435
2435
2435
2435
2435
2435
2435
2435
2435
2435
2435
2435
2435
2435
2435
2435
2435
2435
2435
2435
2435
2435
2435
2435
2435
2435
2435
2435
2435
2435
2435
2435
2435
2435
2435
2435
2435
2435
2435
2435
2435
2435
2435
2435
2435
2435
2435
2435
2435
2435
2435
2266
2266
2266
2266
2266
2264
2264
2264
2264
2264
2264
2264
2264
2264
2264
2222
2222
2222
2222
2222
2222
2222
2222
2222
2222
2222
2222
2222
2222
2222
2222
2222
2222
2222
2222
2222
2222
2222
2222
2222
2222
2222
2222
2222
2222
2222
2222
2222
2222
2222
2222
2222
2222
2222
2222
2222
2222
2222
2222
2222
2222
2222
2222
2222
2222
2222
2222
2222
2222
2222
2222
2222
2222
2222
2222
2222
2222
2222
2222
2222
2222
2222
2222
2222
2222
2222
2222
2222
2222
2222
2222
2222
2222
2222
2222
2222
2222
2183
2183
2183
2183
2183
2183
2183
2183
2183
2183
2183
2183
2183
2183
2183
2183
2183
2183
2183
2183
2183
2183
2183
2183
2183
2183
2183
2183
2183
2183
2183
2183
2183
2183
2183
2183
2183
2167
2167
2167
2167
2167
2167
2167
2167
2167
2167
2167
2167
2167
2167
2167
2167
2167
2167
2167
2167
2167
2167
2167
2167
2167
2167
2167
2167
2167
2167
2167
2167
2167
2167
2167
2167
2167
2167
2167
2051
2051
2051
2051
2051
2031
2031
2031
2031
2031
2031
2031
2031
2031
2031
2031
2031
2031
2031
2031
2031
2031
2031
2031
2031
2031
2031
2031
2031
2031
2031
2019
2019
2019
2019
2019
2019
2019
2019
2019
2019
2019
2019
2019
2019
2019
2019
2019
2019
2019
2019
2019
2019
2019
2019
2019
2019
2019
2019
2019
2019
1920
1920
1920
1920
1920
1920
1920
1920
1920
1920
1920
1920
1920
1920
1920
1920
1920
1920
1920
1920
1920
1920
1920
1920
1920
1920
1920
1920
1920
1920
1920
1920
1920
1920
1920
1920
1920
1920
1920
1920
1920
1920
1920
1920
1920
1920
1920
1920
1920
1920
1920
1920
1920
1920
1920
1920
1920
1920
1920
1920
1920
1920
1920
1920
1920
1920
1920
1920
1920
1920
1920
1920
1909
1909
1909
1909
1909
1909
1909
1909
1909
1909
1909
1909
1909
1909
1909
1909
1909
1909
1909
1909
1909
1909
1909
1909
1909
1909
1909
1909
1909
1909
1909
1909
1909
1909
1909
1909
1909
1909
1909
1909
1909
1909
1909
1909
1909
1909
1909
1909
1909
1909
1909
1909
1909
1909
1909
1909
1909
1909
1909
1909
1909
1909
1909
1909
1909
1909
1909
1909
1909
1909
1909
1909
1909
1909
1887
1887
1887
1887
1887
1887
1887
1887
1887
1887
1887
1887
1887
1887
1887
1887
1887
1887
1887
1887
1887
1887
1887
1887
1887
1887
1887
1887
1887
1887
1887
1887
1887
1887
1887
1887
1887
1887
1887
1887
1887
1887
1887
1887
1887
1887
1887
1887
1887
1887
1887
1887
1887
1887
1887
1887
1887
1887
1887
1887
1887
1887
1887
1887
1887
1887
1887
1887
1887
1887
1887
1887
1887
1887
1887
1887
1887
1887
1887
1887
1887
1887
1887
1809
1809
1809
1809
1809
1809
1809
1809
1809
1809
1809
1809
1809
1739
1739
1739
1739
1739
1739
1739
1739
1739
1739
1739
1739
1732
1732
1732
1732
1732
1732
1732
1732
1732
1732
1732
1732
1732
1732
1732
1732
1732
1732
1732
1732
1732
1732
1732
1732
1732
1732
1732
1732
1732
1732
1732
1732
1732
1732
1732
1732
1732
1732
1732
1732
1732
1732
1732
1732
1732
1732
1732
1732
1732
1732
1732
1732
1732
1732
1732
1732
1732
1732
1732
1732
1732
1732
1732
1732
1732
1732
1732
1732
1732
1732
1732
1732
1732
1732
1715
1715
1715
1715
1715
1715
1715
1715
1715
1715
1715
1715
1715
1715
1715
1715
1715
1715
1715
1715
1715
1715
1715
1715
1715
1715
1715
1715
1715
1715
1715
1715
1715
1715
1715
1715
1715
1715
1715
1715
1715
1715
1715
1695
1695
1695
1695
1695
1695
1695
1695
1695
1695
1636
1636
1636
1636
1636
1636
1636
1636
1636
1636
1636
1636
1636
1636
1636
1636
1636
1636
1636
1636
1636
1636
1636
1636
1636
1636
1636
1636
1636
1636
1636
1636
1636
1636
1636
1636
1636
1636
1636
1636
1636
1630
1630
1630
1630
1630
1630
1630
1630
1630
1630
1630
1630
1630
1630
1630
1630
1630
1582
1582
1582
1582
1582
1582
1582
1582
1582
1582
1582
1582
1582
1582
1582
1582
1582
1582
1582
1582
1582
1582
1582
1582
1582
1582
1582
1582
1582
1582
1582
1582
1582
1582
1582
1582
1582
1582
1582
1582
1582
1582
1582
1582
1582
1582
1582
1582
1582
1582
1582
1582
1582
1582
1582
1582
1582
1582
1582
1582
1582
1582
1582
1582
1582
1582
1582
1582
1582
1582
1582
1582
1582
1582
1582
1582
1562
1562
1562
1562
1562
1562
1562
1562
1562
1562
1562
1562
1562
1562
1562
1562
1562
1562
1562
1562
1562
1562
1562
1562
1562
1562
1562
1562
1562
1562
1562
1562
1562
1562
1562
1562
1562
1562
1562
1562
1562
1562
1562
1562
1562
1562
1562
1562
1562
1562
1562
1562
1562
1562
1562
1562
1562
1562
1562
1562
1562
1562
1562
1562
1562
1562
1488
1488
1488
1488
1488
1488
1488
1488
1488
1488
1488
1488
1488
1488
1488
1488
1488
1488
1488
1488
1488
1488
1488
1488
1488
1488
1488
1488
1488
1488
1488
1488
1488
1488
1488
1488
1488
1488
1488
1488
1488
1488
1488
1488
1488
1488
1488
1488
1488
1488
1488
1488
1488
1488
1488
1488
1488
1488
1488
1488
1488
1488
1488
1488
1488
1488
1488
1488
1430
1430
1430
1430
1430
1430
1430
1430
1430
1430
1430
1430
1430
1430
1430
1430
1430
1430
1430
1430
1430
1430
1430
1430
1430
1430
1430
1430
1430
1430
1430
1430
1430
1430
1430
1404
1404
1404
1404
1404
1404
1404
1404
1404
1404
1404
1404
1404
1404
1404
1404
1404
1404
1404
1404
1404
1404
1404
1404
1404
1404
1404
1404
1404
1404
1404
1404
1404
1404
1404
1404
1404
1404
1404
1404
1404
1404
1404
1404
1404
1404
1404
1404
1404
1404
1404
1404
1404
1404
1404
1404
1404
1404
1404
1404
1404
1404
1404
1404
1404
1404
1404
1404
1404
1404
1404
1404
1404
1404
1404
1404
1404
1404
1404
1401
1401
1401
1401
1401
1401
1401
1401
1401
1373
1373
1373
1373
1373
1373
1373
1373
1373
1373
1373
1373
1373
1373
1373
1373
1373
1373
1373
1373
1373
1373
1373
1373
1373
1373
1373
1373
1373
1373
1373
1373
1373
1373
1373
1373
1373
1373
1373
1373
1373
1373
1373
1373
1373
1373
1373
1373
1373
1373
1373
1373
1373
1373
1373
1373
1373
1373
1373
1373
1373
1373
1373
1373
1373
1373
1373
1373
1373
1373
1373
1373
1373
1373
1373
1373
1373
1373
1373
1373
1373
1373
1290
1290
1290
1290
1290
1290
1290
1290
1290
1290
1290
1290
1290
1290
1290
1290
1290
1290
1290
1290
1290
1290
1290
1290
1208
1208
1208
1208
1208
1208
1208
1208
1208
1208
1208
1208
1208
1208
1208
1208
1208
1208
1208
1208
1208
1208
1208
1208
1208
1208
1208
1208
1208
1208
1208
1208
1208
1208
1208
1208
1208
1208
1208
1208
1208
1208
1208
1208
1208
1208
1208
1208
1208
1208
1208
1208
1208
1208
1208
1208
1208
1208
1208
1208
1208
1208
1208
1208
1208
1181
1181
1181
1181
1181
1181
1181
1181
1181
1181
1181
1181
1181
1181
1181
1181
1181
1181
1181
1181
1181
1181
1181
1181
1181
1181
1181
1181
1181
1181
1181
1181
1181
1181
1181
1181
1181
1181
1181
1181
1181
1181
1181
1181
1181
1181
1181
1181
1181
1181
1181
1181
1181
1181
1181
1181
1181
1181
1181
1130
1130
1130
1130
1130
1130
1130
1130
1130
1130
1130
1130
1130
1130
1130
1130
1130
1130
1130
1130
1130
1130
1130
1130
1130
1130
1130
1130
1005
1005
1005
1005
1005
1005
1005
1005
1005
1005
1005
1005
1005
1005
1005
1005
1005
1005
1005
1005
1005
1005
1005
1005
1005
1005
1005
1005
1005
1005
1005
1005
1005
1005
1005
1005
1005
1005
1005
1005
1005
1005
1005
1005
1005
1005
1005
1005
1005
1005
1005
1005
1005
1005
1005
1005
1005
1005
1005
1005
1005
1005
1005
1005
1005
1005
1005
1005
1005
1005
1005
1005
1005
1005
1005
1005
1005
1005
1005
1005
1005
1005
1005
1005
1005
1005
1005
1005
1005
1005
1005
1005
1005
1005
1005
1005
993
993
993
993
993
993
993
993
993
993
993
993
993
993
993
993
993
993
993
993
993
993
993
993
993
993
993
993
993
993
993
993
993
993
993
993
993
993
993
993
993
993
993
993
993
993
993
993
993
993
993
993
993
993
993
993
993
993
993
993
993
993
993
993
993
993
993
993
993
993
993
993
993
993
993
993
993
993
993
993
993
993
993
993
993
993
993
993
993
993
993
993
993
993
993
993
993
993
993
993
993
993
993
993
993
963
963
963
963
963
963
963
963
963
963
963
963
963
963
963
963
963
963
963
963
963
963
963
963
963
963
963
957
957
957
957
957
957
957
751
751
751
751
751
751
751
751
751
751
751
751
751
751
751
751
751
751
751
751
751
751
751
751
751
751
751
751
751
751
751
751
751
751
751
751
751
751
751
751
751
751
751
751
751
751
751
751
751
751
751
751
751
751
751
751
751
751
751
751
751
751
751
751
751
751
751
743
743
743
743
743
743
743
743
743
743
743
743
743
743
743
743
743
743
743
743
743
743
743
743
743
743
743
743
743
743
743
743
743
743
743
743
743
743
743
743
743
743
743
743
743
743
743
743
743
743
743
743
743
743
743
743
743
743
743
743
743
743
743
743
743
743
743
696
696
696
696
696
696
696
696
696
696
696
696
696
696
696
696
696
696
696
696
696
696
696
696
696
696
696
696
696
696
696
696
696
696
696
696
696
696
696
696
696
696
696
696
696
696
696
696
696
696
696
696
696
696
696
696
696
696
696
696
696
696
696
696
696
696
696
696
647
647
647
647
647
647
647
647
647
647
647
647
647
647
647
647
647
647
647
647
639
639
639
639
639
639
639
639
639
639
639
639
639
639
639
639
639
639
639
639
639
639
639
639
639
639
639
639
639
639
639
639
605
605
605
605
605
605
605
605
605
605
605
605
605
605
605
605
605
605
605
605
605
605
605
605
605
605
605
605
605
605
605
605
605
605
605
605
605
605
605
605
605
605
605
605
605
605
605
605
605
605
605
605
605
605
605
605
605
605
605
605
605
605
605
605
605
605
605
605
605
605
605
605
605
605
605
605
605
605
605
605
605
605
605
605
605
605
605
605
605
605
605
605
605
578
578
578
578
578
578
578
578
578
578
578
578
578
578
578
578
578
578
578
578
578
578
578
578
578
578
578
578
578
578
578
578
537
537
537
537
537
537
537
537
537
537
537
537
537
537
537
537
537
537
537
537
537
537
537
537
537
537
537
537
537
537
537
537
537
537
537
537
537
519
519
519
519
519
519
519
519
519
519
519
519
519
519
519
519
519
519
519
519
519
519
519
519
519
519
519
519
519
519
519
519
519
519
519
519
519
519
519
519
519
519
519
519
506
506
506
506
506
506
506
506
506
506
506
506
506
506
506
506
506
506
506
506
506
506
506
506
506
506
506
506
506
451
451
451
451
451
451
451
451
451
451
451
451
451
451
451
451
451
451
451
451
451
451
451
451
451
451
451
451
451
451
451
451
451
451
451
451
451
451
451
451
451
451
451
451
451
451
451
451
451
451
451
451
451
445
445
445
445
445
445
445
445
445
445
445
445
445
445
445
445
445
445
445
445
317
317
317
317
317
317
317
317
317
317
317
317
317
149
149
147
147
147
147
147
147
147
147
147
147
147
147
147
147
147
147
147
147
147
147
147
147
147
147
147
147
147
147
147
147
147
147
147
147
147
147
147
147
147
147
147
147
147
147
147
147
147
147
147
147
147
147
147
147
147
147
147
147
147
147
147
147
147
147
147
147
147
147
147
147
147
147
147
147
147
147
147
147
147
147
147
147
147
147
147
147
147
147
147
147
147
147
136
136
136
136
136
136
136
136
136
136
136
136
136
136
136
136
136
136
136
136
136
136
136
136
136
136
136
136
136
136
136
136
136
136
136
136
136
136
136
136
136
136
136
136
136
136
136
136
83
83
83
83
83
83
83
83
83
83
83
83
83
83
83
83
83
83
83
83
83
83
83
83
83
83
83
83
83
83
83
83
83
83
83
83
83
83
83
83
83
83
83
83
83
83
83
83
83
38
38
38
38
38
38
38
38
38
38
38
38
38
38
38
38
38
38
38
38
38
38
38
38
38
38
38
38
38
