5077
10000
9989
9989
9989
9989
9989
9989
9989
9989
9989
9989
9989
9989
9989
9989
9989
9989
9989
9989
9989
9989
9989
9989
9989
9989
9989
9989
9989
9989
9989
9989
9989
9989
9989
9989
9989
9989
9989
9989
9989
9989
9989
9989
9989
9989
9989
9989
9989
9989
9989
9989
9989
9989
9989
9989
9989
9989
9989
9989
9989
9989
9989
9989
9989
9989
9989
9989
9989
9989
9989
9989
9989
9989
9989
9989
9989
9989
9989
9989
9989
9989
9989
9989
9877
9877
9877
9877
9877
9877
9877
9877
9877
9877
9877
9877
9877
9877
9877
9877
9877
9877
9877
9877
9877
9877
9877
9823
9823
9823
9823
9823
9823
9823
9823
9823
9823
9823
9823
9823
9823
9823
9823
9823
9823
9823
9823
9823
9823
9823
9823
9823
9823
9823
9823
9823
9823
9823
9823
9823
9823
9823
9823
9823
9823
9823
9823
9823
9823
9823
9823
9823
9823
9823
9823
9823
9823
9823
9823
9823
9823
9823
9823
9823
9823
9823
9823
9823
9823
9823
9823
9823
9823
9823
9823
9823
9823
9823
9823
9823
9823
9823
9823
9823
9823
9823
9823
9669
9669
9669
9669
9669
9669
9669
9669
9669
9669
9669
9669
9669
9669
9669
9669
9669
9669
9669
9669
9669
9669
9669
9669
9669
9669
9669
9669
9669
9669
9669
9669
9669
9669
9669
9669
9669
9669
9669
9669
9669
9669
9669
9669
9669
9669
9669
9669
9669
9669
9669
9669
9669
9669
9669
9669
9669
9669
9669
9669
9669
9669
9669
9669
9669
9669
9669
9669
9669
9669
9669
9669
9669
9669
9669
9669
9669
9669
9669
9669
9669
9669
9669
9669
9617
9617
9617
9617
9617
9617
9617
9617
9617
9617
9617
9617
9617
9617
9617
9617
9617
9617
9617
9617
9617
9617
9617
9617
9617
9617
9617
9524
9524
9524
9524
9524
9524
9524
9524
9524
9524
9524
9524
9524
9524
9524
9524
9524
9524
9524
9524
9524
9524
9524
9524
9524
9524
9524
9524
9524
9524
9524
9524
9524
9524
9524
9524
9524
9524
9524
9524
9524
9524
9524
9524
9524
9524
9518
9518
9518
9518
9518
9518
9518
9518
9518
9518
9518
9518
9518
9518
9518
9518
9518
9518
9518
9518
9518
9518
9518
9518
9518
9518
9518
9518
9518
9518
9518
9518
9518
9518
9518
9518
9518
9518
9518
9518
9518
9518
9518
9518
9518
9518
9518
9518
9518
9518
9518
9518
9518
9518
9518
9518
9518
9518
9518
9518
9518
9518
9518
9518
9518
9518
9518
9518
9518
9518
9518
9518
9518
9518
9518
9518
9518
9518
9518
9518
9518
9518
9518
9518
9518
9518
9518
9518
9518
9518
9518
9518
9518
9518
9518
9518
9372
9372
9372
9372
9372
9372
9372
9372
9372
9372
9372
9372
9372
9372
9372
9372
9372
9372
9372
9372
9372
9372
9372
9372
9372
9372
9372
9372
9372
9372
9365
9365
9365
9365
9365
9365
9365
9365
9365
9365
9365
9365
9365
9365
9365
9365
9365
9365
9365
9365
9365
9365
9365
9365
9365
9365
9365
9257
9257
9257
9257
9257
9257
9257
9257
9257
9257
9257
9257
9257
9257
9257
9257
9257
9257
9257
9257
9257
9257
9257
9257
9257
9257
9257
9257
9257
9257
9257
9257
9257
9257
9257
9257
9257
9257
9257
9257
9257
9257
9257
9257
9257
9257
9257
9257
9257
9257
9257
9257
9257
9257
9013
9013
9013
9013
9013
9013
9013
9013
9013
9013
9013
9013
9013
9013
9013
9013
9013
9013
9013
9013
9013
9013
9013
9013
9013
9013
9013
9013
9013
9013
9013
9013
9013
9013
9013
9013
9013
9013
9013
9013
9013
9013
9013
9013
9013
9013
9013
9013
9013
9013
9013
9013
9013
9013
9013
9013
9013
9013
9013
9013
9013
9013
9013
9013
9013
9013
9013
9013
9013
9013
9013
9013
9013
9013
9013
9013
9013
9013
9013
9013
9013
9013
9013
9013
9013
9013
9013
9013
9013
9013
8965
8965
8965
8965
8965
8965
8965
8965
8965
8965
8965
8897
8897
8897
8897
8897
8897
8897
8897
8897
8897
8897
8897
8897
8897
8897
8897
8897
8897
8897
8897
8897
8897
8897
8897
8897
8897
8897
8897
8897
8897
8897
8897
8897
8897
8897
8897
8897
8897
8897
8897
8897
8897
8897
8897
8897
8897
8897
8897
8897
8897
8897
8897
8897
8897
8897
8897
8897
8897
8897
8897
8897
8839
8839
8839
8839
8839
8839
8839
8839
8839
8839
8839
8839
8839
8839
8839
8839
8839
8839
8839
8839
8839
8839
8839
8839
8839
8839
8839
8839
8839
8839
8839
8839
8839
8839
8839
8839
8839
8839
8839
8839
8839
8839
8839
8839
8839
8839
8839
8839
8839
8839
8839
8839
8839
8839
8839
8839
8839
8839
8839
8839
8839
8839
8839
8839
8839
8839
8839
8839
8839
8839
8839
8839
8839
8839
8839
8839
8839
8839
8839
8839
8839
8839
8839
8812
8795
8795
8795
8795
8795
8795
8795
8795
8795
8795
8795
8795
8795
8795
8795
8795
8795
8795
8711
8711
8711
8711
8711
8711
8711
8711
8711
8711
8711
8711
8711
8711
8711
8711
8711
8711
8711
8711
8711
8711
8711
8711
8711
8711
8711
8711
8711
8711
8711
8711
8711
8711
8711
8711
8711
8711
8711
8711
8711
8711
8711
8711
8711
8711
8711
8711
8711
8711
8711
8711
8711
8711
8711
8711
8711
8711
8711
8711
8711
8711
8711
8711
8711
8711
8711
8711
8711
8711
8711
8711
8711
8711
8711
8711
8711
8711
8711
8711
8711
8711
8711
8711
8711
8711
8711
8711
8711
8711
8711
8711
8711
8711
8711
8711
8711
8711
8711
8711
8567
8567
8567
8567
8567
8567
8567
8567
8567
8567
8567
8567
8567
8567
8567
8567
8567
8567
8567
8567
8567
8567
8567
8567
8567
8567
8567
8567
8567
8567
8567
8567
8426
8426
8426
8426
8426
8426
8426
8426
8426
8426
8426
8426
8426
8426
8426
8426
8426
8426
8426
8426
8426
8426
8426
8426
8426
8426
8426
8426
8426
8426
8426
8426
8426
8426
8426
8426
8426
8426
8426
8426
8426
8426
8426
8426
8426
8426
8426
8426
8426
8426
8426
8426
8426
8426
8426
8426
8426
8426
8426
8426
8426
8426
8426
8426
8426
8426
8426
8426
8426
8426
8426
8426
8426
8426
8426
8312
8312
8312
8312
8312
8312
8312
8312
8312
8312
8312
8312
8312
8312
8312
8312
8312
8312
8312
8312
8312
8312
8312
8312
8312
8312
8312
8312
8312
8312
8312
8312
8312
8312
8312
8312
8312
8312
8312
8312
8312
8312
8312
8312
8312
8312
8312
8312
8312
8312
8312
8312
8312
8312
8312
8312
8312
8312
8312
8312
8312
8312
8312
8312
8312
8312
8312
8312
8312
8312
8312
8312
8312
8312
8284
8284
8284
8284
8284
8284
8284
8284
8284
8284
8284
8284
8284
8284
8284
8284
8284
8284
8284
8284
8284
8284
8284
8284
8284
8284
8284
8284
8284
8284
8264
8264
8264
8264
8264
8264
8264
8264
8264
8264
8264
8264
8264
8264
8264
8264
8264
8264
8264
8264
8264
8264
8264
8264
8264
8264
8264
8081
8081
8081
8081
8081
8081
8081
8081
8081
8081
8081
8081
8081
8081
8081
8081
8081
8081
8081
8081
8081
8081
8081
8081
8081
8081
8081
8081
8081
8081
8081
8081
8081
8081
8081
8081
8081
8081
8081
8081
8081
8081
8081
8081
8081
8081
8081
8081
8081
8081
8081
8081
8081
7783
7783
7783
7783
7783
7783
7783
7783
7783
7783
7783
7783
7783
7783
7783
7783
7783
7783
7783
7783
7783
7783
7783
7783
7783
7783
7783
7783
7783
7783
7783
7783
7783
7783
7783
7783
7783
7783
7783
7783
7783
7783
7783
7783
7783
7783
7783
7783
7783
7783
7783
7783
7783
7783
7783
7783
7783
7783
7783
7783
7783
7783
7783
7783
7783
7783
7783
7783
7783
7783
7783
7783
7783
7783
7783
7783
7783
7783
7783
7783
7783
7737
7737
7737
7737
7737
7737
7737
7737
7737
7611
7611
7611
7611
7611
7611
7611
7611
7611
7611
7611
7611
7611
7611
7611
7611
7611
7611
7611
7611
7611
7611
7611
7611
7611
7611
7611
7611
7611
7611
7611
7611
7611
7611
7611
7611
7611
7611
7611
7611
7611
7611
7611
7611
7611
7611
7611
7611
7611
7611
7611
7611
7611
7611
7611
7611
7611
7611
7611
7611
7611
7611
7611
7611
7611
7611
7611
7611
7611
7611
7611
7611
7611
7611
7611
7611
7611
7611
7611
7465
7465
7465
7465
7465
7465
7465
7465
7465
7465
7465
7465
7465
7465
7465
7465
7465
7465
7465
7465
7342
7342
7342
7342
7342
7342
7330
7330
7330
7330
7330
7330
7330
7330
7330
7330
7330
7330
7330
7330
7330
7330
7330
7330
7330
7330
7330
7330
7330
7330
7330
7330
7330
7330
7330
7330
7330
7330
7330
7330
7330
7330
7330
7330
7330
7330
7330
7330
7330
7330
7330
7330
7330
7330
7330
7330
7330
7330
7330
7330
7274
7274
7274
7274
7274
7274
7274
7274
7274
7274
7274
7274
7274
7274
7274
7274
7274
7274
7274
7274
7274
7274
7274
7274
7274
7274
7274
7274
7274
7274
7093
7093
7093
7093
7093
7093
7093
7093
7093
7093
7093
7093
7093
7093
7093
7093
7093
7093
7093
7093
7093
7093
7093
7093
7093
7093
7093
7093
7093
7093
7093
7093
7093
7093
7093
7093
7093
7093
7093
7093
7093
7093
7093
7093
7093
7093
7093
7093
7093
7093
7093
7093
7093
7093
7093
7093
7093
7093
7093
7093
7093
7093
7093
7093
7050
7050
7050
6896
6896
6896
6896
6896
6896
6896
6896
6896
6896
6896
6896
6896
6896
6896
6896
6896
6896
6896
6896
6788
6788
6788
6788
6788
6788
6788
6788
6788
6788
6788
6788
6788
6788
6788
6788
6788
6788
6788
6781
6781
6781
6781
6781
6745
6745
6745
6745
6715
6715
6715
6715
6715
6715
6715
6715
6715
6715
6715
6715
6715
6715
6715
6715
6715
6715
6715
6715
6715
6715
6715
6715
6715
6715
6715
6715
6715
6715
6715
6715
6715
6715
6715
6715
6715
6715
6715
6715
6715
6715
6701
6701
6701
6701
6701
6701
6701
6701
6701
6701
6701
6701
6701
6701
6701
6701
6701
6701
6701
6701
6701
6701
6701
6701
6701
6701
6701
6701
6701
6701
6701
6701
6701
6701
6701
6701
6701
6701
6701
6701
6701
6701
6701
6701
6701
6701
6701
6701
6701
6701
6701
6701
6701
6701
6701
6701
6701
6701
6701
6701
6701
6701
6701
6701
6701
6701
6701
6701
6701
6701
6701
6701
6701
6701
6701
6701
6701
6701
6701
6701
6701
6701
6701
6701
6331
6331
6331
6298
6298
6298
6298
6298
6298
6298
6298
6298
6298
6298
6298
6298
6298
6298
6298
6298
6298
6298
6298
6298
6298
6298
6298
6298
6298
6298
6298
6298
6298
6298
6298
6298
6298
6298
6298
6298
6298
6298
6298
6298
6298
6298
6298
6298
6298
6298
6298
6298
6298
6298
6298
6298
6298
6298
6298
6298
6298
6298
6298
6298
6298
6298
6298
6298
6298
6298
6298
6298
6298
6298
6206
6206
6206
6206
6206
6206
6206
6206
6206
6206
6206
6206
6206
6206
6206
6206
6206
6206
6206
6206
6206
6206
6206
6206
6206
6206
6206
6206
6206
6206
6206
6206
6148
6148
6148
6148
6148
6148
6148
6148
6148
6148
6148
6148
6148
6148
6148
6148
6148
6148
6148
6148
6148
6148
6148
6148
6148
6148
6148
6148
6148
6148
6148
6148
6148
6148
6148
6148
6148
6148
6148
6148
6148
6148
6148
6148
6148
6148
6148
6148
6148
6148
6148
6148
6148
6148
6148
6148
6148
6148
6148
6148
6148
6148
6148
6148
6148
6148
6148
6148
6148
6148
6148
6148
6148
6148
6148
6148
6148
6148
6148
6148
6148
6148
6148
6148
6148
6148
6148
6016
6016
6016
6016
6016
6016
6016
6016
6016
6016
6016
6016
6016
6016
6016
6016
6016
6016
6016
6016
6016
6016
6016
6016
6016
6016
6016
6016
6016
6016
6016
6016
6016
6016
6016
6016
6016
6016
6016
6016
6016
6016
6016
6016
6016
6016
6016
6016
6016
6016
6016
6016
6016
6016
6016
6016
6016
6016
6016
6016
6016
6016
6016
6016
6016
6016
6016
6016
6016
6016
6016
6016
6016
6016
6016
6016
6016
6016
6016
6016
6016
6016
6016
6016
6016
6016
6016
6016
6016
5874
5874
5874
5874
5874
5874
5874
5874
5874
5874
5874
5874
5874
5874
5874
5874
5874
5874
5874
5874
5874
5874
5874
5874
5874
5874
5874
5874
5874
5874
5874
5874
5874
5874
5874
5874
5874
5874
5874
5874
5874
5874
5874
5874
5874
5874
5874
5874
5874
5874
5874
5874
5874
5874
5874
5874
5874
5547
5547
5547
5547
5547
5547
5547
5547
5547
5547
5547
5547
5547
5547
5547
5547
5547
5547
5547
5547
5547
5547
5547
5547
5547
5547
5547
5188
5188
5188
5188
5188
5188
5188
5188
5188
5188
5188
5188
5188
5188
5188
5188
5188
5188
5188
5188
5188
5188
5188
5188
5188
5188
5188
5188
5188
5188
5188
5188
5188
5188
5188
5188
5188
5188
5188
5188
5188
5188
5188
5188
5188
5188
5188
5188
5188
5188
5188
5188
5188
5188
5188
5188
5188
5188
5188
5188
5188
5188
5188
5188
5188
5188
5188
5188
5188
5188
5188
5188
5188
5188
5188
5188
5188
5188
5188
5188
5188
5188
5188
5188
5188
5002
5002
5002
5002
5002
5002
5002
5002
5002
5002
5002
5002
5002
5002
5002
5002
5002
5002
5002
5002
5002
5002
5002
5002
5002
5002
5002
5002
5002
5002
5002
5002
5002
5002
5002
5002
5002
5002
5002
5002
5002
5002
5002
5002
5002
5002
5002
5002
5002
5002
5002
5002
5002
5002
5002
5002
5002
5002
5002
5002
5002
5002
5002
5002
5002
5002
5002
5002
5002
5002
5002
5002
5002
5002
5002
5002
5002
5002
5002
5002
5002
5002
5002
5002
5002
5002
5002
5002
5002
5002
5002
5002
5002
5002
5002
5002
4988
4988
4988
4988
4988
4988
4988
4988
4988
4988
4988
4988
4988
4988
4988
4988
4988
4988
4988
4988
4988
4988
4988
4988
4988
4988
4988
4988
4988
4988
4988
4988
4988
4988
4988
4988
4988
4988
4988
4988
4988
4988
4988
4988
4988
4988
4988
4988
4988
4988
4988
4988
4988
4988
4988
4988
4988
4988
4988
4988
4988
4988
4988
4988
4988
4988
4988
4988
4988
4988
4988
4988
4988
4988
4988
4988
4988
4988
4988
4988
4988
4988
4988
4988
4988
4988
4988
4988
4988
4988
4988
4988
4988
4988
4988
4988
4889
4889
4889
4889
4889
4889
4889
4889
4889
4889
4889
4889
4889
4889
4889
4889
4889
4889
4889
4889
4889
4889
4889
4889
4889
4889
4889
4889
4889
4889
4889
4889
4889
4889
4889
4889
4889
4889
4889
4889
4889
4889
4889
4889
4889
4889
4889
4889
4889
4889
4889
4889
4889
4889
4889
4889
4889
4889
4889
4889
4842
4842
4842
4842
4842
4842
4842
4842
4842
4842
4842
4842
4842
4842
4842
4842
4842
4842
4842
4842
4842
4842
4842
4842
4842
4842
4842
4842
4842
4842
4842
4842
4842
4842
4842
4842
4842
4842
4842
4842
4842
4842
4842
4842
4842
4842
4842
4842
4842
4842
4842
4842
4842
4842
4842
4842
4842
4842
4842
4842
4842
4842
4842
4842
4842
4842
4842
4842
4842
4842
4842
4842
4842
4842
4842
4842
4834
4834
4834
4834
4834
4834
4834
4834
4719
4719
4719
4719
4719
4719
4719
4719
4719
4719
4719
4719
4719
4719
4719
4719
4719
4719
4719
4719
4719
4719
4719
4719
4719
4719
4719
4719
4719
4719
4719
4719
4719
4719
4719
4719
4719
4719
4719
4719
4719
4719
4719
4719
4719
4719
4719
4719
4719
4719
4719
4719
4719
4719
4719
4719
4719
4719
4719
4719
4719
4719
4719
4719
4719
4719
4719
4719
4719
4719
4719
4719
4719
4719
4719
4719
4719
4719
4719
4719
4719
4719
4719
4719
4719
4719
4719
4719
4719
4719
4565
4565
4565
4565
4565
4565
4565
4565
4565
4565
4565
4565
4565
4565
4565
4565
4565
4565
4565
4565
4565
4565
4565
4565
4565
4565
4565
4565
4565
4565
4565
4565
4565
4565
4565
4565
4565
4565
4565
4565
4565
4565
4565
4565
4565
4565
4565
4565
4565
4565
4565
4565
4565
4565
4565
4565
4565
4565
4565
4565
4565
4565
4565
4565
4565
4540
4540
4540
4540
4540
4540
4540
4540
4540
4540
4540
4441
4441
4441
4441
4441
4441
4441
4441
4441
4441
4441
4441
4441
4441
4441
4441
4441
4441
4441
4441
4441
4441
4441
4441
4441
4441
4441
4441
4441
4441
4441
4441
4441
4441
4441
4441
4441
4441
4441
4441
4441
4441
4441
4441
4441
4441
4441
4441
4441
4441
4441
4441
4441
4441
4441
4178
4178
4178
4178
4178
4178
4178
4178
4178
4178
4178
4178
4178
4178
4178
4178
4178
4178
4178
4178
4178
4178
4178
4178
4178
4178
4178
4178
4178
4178
4178
4178
4178
4178
4178
4178
4178
4178
4178
4178
3969
3969
3969
3969
3969
3969
3969
3969
3969
3969
3969
3791
3791
3791
3791
3791
3791
3791
3791
3791
3791
3791
3791
3791
3791
3791
3791
3791
3791
3791
3791
3791
3791
3791
3791
3791
3791
3791
3791
3791
3791
3791
3791
3791
3791
3791
3791
3791
3791
3791
3791
3791
3791
3791
3498
3498
3498
3498
3498
3498
3498
3498
3498
3498
3498
3498
3498
3498
3498
3498
3498
3498
3498
3498
3476
3476
3476
3476
3476
3476
3476
3476
3476
3476
3476
3476
3476
3476
3476
3476
3476
3476
3476
3476
3476
3476
3476
3476
3476
3476
3476
3476
3476
3476
3476
3476
3476
3476
3476
3476
3476
3476
3476
3476
3476
3476
3476
3476
3476
3476
3476
3476
3476
3476
3476
3476
3476
3476
3476
3476
3476
3476
3476
3476
3476
3437
3437
3437
3437
3437
3437
3437
3437
3437
3437
3437
3437
3437
3437
3437
3437
3437
3437
3437
3437
3437
3437
3437
3437
3437
3437
3437
3437
3437
3437
3437
3437
3437
3437
3437
3437
3437
3437
3437
3437
3437
3437
3437
3437
3437
3437
3437
3437
3437
3437
3437
3437
3437
3233
3233
3233
3233
3233
3233
3233
3233
3233
3233
3233
3233
3233
3233
3233
3233
3233
3233
3233
3233
3233
3233
3233
3233
3233
3233
3233
3233
3233
3233
3233
3233
3233
3233
3233
3233
3233
3233
3233
3233
3233
3233
3233
3233
3233
3233
3233
3233
3233
3233
3233
3233
3233
3233
3233
3233
3233
3233
3233
3233
3233
3233
3233
3233
3233
3233
3233
3233
3233
3233
3233
3233
3233
3233
3233
3233
3233
3233
3233
3233
3233
3233
3233
3233
3233
3233
3233
3233
3233
3233
3233
3233
3233
3233
3233
3233
3233
3233
3233
3193
3193
3193
3193
3193
3193
3193
3193
3193
3193
3193
3193
3193
3193
3193
3193
3193
3193
3193
3193
3193
3193
3193
3193
3193
3193
3193
3193
3193
3193
3193
3193
3193
3193
3193
3193
3193
3193
3193
3193
3193
3193
3193
3193
3193
3193
3193
3193
3193
3193
3193
3193
3193
3193
3193
3193
3193
3193
3193
3193
3193
3193
3193
3193
3193
3193
3193
3193
3193
3193
3062
3062
3062
3062
3062
3062
3062
3062
3062
3062
3062
3062
3062
3062
3062
3062
3062
3062
3062
3062
3062
3062
3062
3062
3062
3062
3062
3062
3062
3062
3062
3062
3062
3062
3062
3062
3062
3062
3062
3062
3062
3062
3062
2848
2848
2848
2848
2848
2848
2848
2848
2848
2848
2848
2848
2848
2848
2848
2848
2848
2848
2848
2848
2848
2848
2848
2848
2848
2848
2848
2848
2848
2848
2848
2848
2848
2848
2848
2848
2848
2848
2848
2848
2848
2848
2848
2848
2848
2848
2848
2848
2848
2848
2848
2848
2848
2848
2848
2848
2848
2848
2848
2848
2848
2848
2848
2848
2848
2848
2848
2848
2848
2848
2848
2848
2848
2848
2812
2812
2812
2812
2812
2812
2812
2812
2812
2812
2812
2812
2812
2812
2812
2812
2812
2812
2812
2812
2812
2812
2812
2812
2812
2812
2812
2812
2812
2812
2812
2812
2812
2812
2812
2812
2812
2812
2812
2812
2812
2812
2812
2812
2812
2812
2812
2812
2812
2812
2812
2812
2812
2812
2812
2812
2812
2812
2812
2812
2812
2812
2812
2812
2812
2812
2812
2812
2812
2812
2812
2644
2644
2644
2644
2644
2644
2644
2644
2644
2618
2618
2610
2610
2610
2610
2610
2610
2610
2610
2610
2610
2610
2610
2610
2610
2610
2610
2610
2610
2610
2610
2610
2610
2610
2610
2610
2610
2610
2610
2610
2610
2610
2610
2610
2610
2610
2610
2610
2610
2610
2610
2610
2610
2610
2610
2610
2610
2610
2610
2610
2610
2610
2610
2610
2610
2610
2610
2610
2610
2610
2610
2610
2610
2610
2610
2610
2610
2610
2610
2610
2610
2610
2610
2610
2610
2610
2610
2610
2610
2610
2610
2610
2610
2610
2610
2610
2610
2610
2610
2610
2610
2610
2610
2610
2610
2610
2610
2610
2610
2610
2568
2568
2568
2568
2568
2568
2568
2568
2568
2568
2568
2568
2568
2568
2568
2568
2568
2568
2568
2568
2568
2568
2568
2568
2568
2568
2568
2568
2568
2568
2568
2568
2568
2568
2568
2568
2568
2568
2568
2568
2568
2568
2568
2568
2568
2568
2568
2568
2568
2568
2568
2568
2568
2568
2568
2568
2568
2568
2568
2568
2568
2568
2568
2568
2568
2568
2568
2568
2568
2568
2568
2568
2568
2568
2568
2568
2568
2568
2568
2568
2568
2568
2568
2568
2568
2568
2568
2568
2568
2568
2568
2568
2568
2568
2568
2538
2538
2538
2538
2538
2538
2538
2538
2538
2538
2538
2538
2538
2538
2538
2538
2538
2538
2538
2538
2538
2538
2538
2538
2538
2538
2538
2538
2538
2538
2538
2538
2538
2538
2538
2538
2538
2538
2538
2538
2538
2538
2538
2538
2538
2538
2538
2538
2538
2538
2538
2538
2538
2538
2538
2538
2538
2538
2538
2538
2538
2538
2538
2538
2538
2538
2285
2285
2285
2285
2285
2285
2285
2285
2285
2285
2285
2285
2285
2285
2285
2285
2285
2285
2285
2285
2285
2285
2285
2285
2285
2285
2285
2285
2285
2285
2285
2285
2285
2285
2285
2285
2285
2285
2285
2285
2285
2285
2285
2285
2285
2285
2285
2285
2285
2285
2285
2285
2285
2285
2285
2285
2285
2285
2285
2285
2285
2285
2285
2285
2285
2285
2285
2285
2285
2285
2285
2285
2285
2285
2285
2285
2285
2285
2285
2285
2285
2285
2285
2285
2285
2285
2263
2263
2263
2263
2263
2263
2263
2263
2263
2263
2263
2263
2263
2263
2263
2263
2263
2263
2263
2263
2263
2263
2263
2263
2263
2263
2263
2263
2263
2263
2263
2263
2263
2263
2263
2263
2263
2263
2263
2263
2263
2263
2263
2263
2263
2263
2263
2188
2188
2188
2188
2188
2188
2188
2188
2188
2188
2188
2188
2188
2188
2188
2188
2188
2188
2188
2188
2188
2188
2070
2070
2070
2070
2070
2070
2070
2070
2070
2070
2070
2070
2070
2070
2070
2070
2070
2070
2070
2070
2070
2070
2070
2070
2070
2070
2070
2070
2070
2070
2070
2070
2070
2070
2070
2070
2070
2070
2070
2070
2070
2070
2070
2070
2070
2070
2070
2070
2070
2070
2070
2070
2070
2070
2070
2070
2070
2070
2070
2070
2070
2070
2070
2070
2070
2070
2070
2070
2070
2070
2070
2070
2070
2070
2070
2070
2070
2070
2070
2070
2070
2056
2056
2056
2056
2056
2056
2056
2056
2056
2056
2056
2056
2056
2056
2056
2056
2056
2056
2056
2056
2056
2056
2056
2056
2056
2056
2056
2056
2056
2056
2056
2056
2056
2056
2056
2056
2056
2056
2056
1857
1857
1857
1857
1857
1857
1857
1857
1857
1857
1857
1857
1857
1857
1857
1857
1857
1857
1857
1857
1857
1857
1857
1857
1857
1857
1857
1857
1857
1857
1857
1857
1857
1857
1857
1857
1857
1857
1857
1857
1857
1857
1857
1857
1857
1857
1857
1857
1857
1857
1857
1857
1857
1857
1857
1857
1857
1857
1857
1857
1857
1857
1857
1857
1857
1857
1857
1857
1857
1857
1857
1857
1857
1857
1857
1857
1857
1857
1857
1857
1857
1857
1857
1857
1857
1857
1857
1857
1857
1857
1857
1857
1857
1857
1857
1790
1790
1790
1790
1790
1790
1790
1790
1790
1790
1790
1790
1790
1790
1790
1790
1790
1790
1790
1790
1790
1790
1790
1790
1790
1790
1790
1790
1790
1790
1790
1790
1790
1790
1790
1790
1790
1790
1790
1790
1790
1790
1790
1790
1790
1790
1790
1790
1790
1790
1790
1790
1790
1790
1790
1790
1790
1790
1790
1790
1790
1790
1790
1790
1625
1625
1625
1625
1625
1625
1404
1404
1404
1404
1404
1404
1404
1404
1404
1404
1404
1404
1404
1404
1404
1404
1404
1404
1404
1404
1404
1404
1404
1404
1404
1271
1271
1271
1271
1271
1271
1271
1271
1271
1271
1271
1271
1271
1271
1271
1271
1271
1271
1271
1271
1271
1271
1271
1271
1271
1271
1271
1271
1271
1271
1271
1271
1271
1271
1271
1271
1271
1271
1271
1271
1271
1271
1271
1271
1271
1271
1271
1271
1271
1271
1271
1271
1271
1271
1271
1271
1250
1250
1250
1250
1250
1250
1250
1250
1250
1250
1250
1250
1250
1250
1250
1250
1250
1250
1250
1250
1250
1250
1250
1250
1250
1250
1250
1250
1250
1250
1250
1250
1250
1250
1250
1250
1250
1250
1250
1250
1250
1250
1250
1250
1250
1250
1250
1250
1250
1250
1250
1250
1250
1250
1250
1250
1250
1250
1250
1250
1250
1250
1250
1250
1250
1250
1250
1250
1250
1250
1250
1250
1250
1250
1250
1250
1250
1250
1250
1250
1250
1250
1250
1250
1250
1250
1250
1250
1250
1250
1215
1215
1215
1215
1215
1215
1215
1215
1215
1215
1215
1215
1215
1215
1215
1215
1215
1215
1215
1215
1215
1215
1215
1215
1215
1215
1215
1215
1215
1215
1215
1215
1215
1215
1215
1215
1215
1215
1215
1215
1215
1215
1215
1215
1215
1215
1215
1215
1215
1215
1215
1215
1215
1215
1215
1215
1215
1215
1215
1215
1215
1215
1215
1215
1215
1215
1215
1215
1215
1215
1171
1171
1171
1171
1171
1171
1171
1171
1171
1171
1171
1171
1171
1171
1171
1171
1171
1171
1171
1171
1171
1171
1171
1171
1171
1171
1171
1171
1171
1171
1171
1171
1171
1171
1171
1171
1171
1171
1171
1171
1171
1101
1101
1101
1101
1101
1101
1101
1101
1101
1101
1101
1101
1101
1101
1101
1101
1101
1101
1101
1101
1101
1101
1101
1101
1101
1101
1101
1101
1101
1101
1023
1023
1023
1023
1019
1019
1019
1019
952
952
952
952
952
952
952
952
952
952
952
952
952
952
952
952
952
952
952
952
952
952
952
952
952
952
952
952
952
952
952
952
952
952
952
952
952
952
952
952
952
952
952
952
952
952
952
952
952
952
952
952
952
952
952
952
952
952
952
952
952
952
952
952
952
952
952
952
952
952
952
952
952
952
952
952
952
939
939
939
939
939
939
939
939
939
939
939
939
939
939
939
939
939
939
939
939
939
939
939
939
939
939
939
777
777
777
777
777
777
777
777
777
777
777
777
777
777
777
777
777
777
777
777
777
777
777
777
777
777
777
777
777
777
777
777
777
777
777
777
777
777
777
777
777
777
777
777
777
777
777
777
777
777
777
777
777
777
777
777
777
777
777
777
777
777
777
777
777
713
713
713
713
713
713
713
713
713
713
713
713
713
713
713
713
713
713
713
713
713
713
713
713
713
713
713
713
713
713
713
713
713
713
713
713
713
713
713
713
713
713
713
713
713
713
713
713
613
613
613
613
613
613
613
613
613
613
613
613
613
613
613
613
613
613
613
613
613
613
613
613
613
613
613
613
613
613
613
613
613
613
613
613
613
613
613
613
613
613
571
571
571
571
571
571
571
571
571
571
571
571
571
571
571
571
571
571
571
571
571
571
571
571
571
571
571
571
571
571
571
571
571
571
571
571
571
571
571
571
571
571
571
571
571
571
571
571
571
571
571
571
571
571
571
571
571
571
571
571
571
571
571
571
571
571
571
571
571
571
571
571
571
571
571
571
571
571
571
571
571
571
571
571
571
571
571
571
571
571
571
571
571
571
571
571
571
571
571
571
562
562
562
562
562
562
562
562
562
562
562
562
562
562
562
562
562
562
562
562
562
562
562
562
562
562
562
562
562
562
562
562
562
562
562
562
562
562
562
562
562
562
562
562
562
562
562
562
562
562
562
562
562
562
562
562
562
562
562
562
562
562
562
562
562
562
562
562
562
562
562
562
562
562
562
562
562
562
562
562
562
562
562
562
562
562
562
562
562
562
562
562
562
562
562
518
518
518
518
518
518
518
518
518
518
518
518
518
518
518
518
518
518
518
518
518
518
518
518
518
518
518
518
518
518
518
518
518
518
518
518
518
518
518
518
518
518
518
518
518
518
518
518
518
518
518
518
518
518
518
518
518
518
518
518
518
518
518
518
518
518
518
518
518
518
518
518
518
518
518
518
518
518
518
518
518
518
518
518
518
518
518
518
518
518
416
416
416
416
416
416
416
416
416
416
416
416
416
416
416
416
416
251
251
251
251
251
251
251
251
251
251
251
251
251
251
251
251
251
251
251
251
251
251
251
251
251
251
251
251
251
251
251
251
251
251
251
251
251
251
251
251
251
251
251
251
251
251
163
163
163
163
163
163
163
163
128
128
128
128
128
128
128
128
128
128
128
128
128
128
128
128
128
128
128
128
128
128
128
128
128
128
128
128
128
128
128
128
128
128
128
128
128
128
128
13
13
13
13
13
13
13
13
13
13
13
13
13
13
13
13
13
13
13
13
13
13
13
13
13
13
13
13
13
13
13
13
13
13
13
13
13
13
13
13
13
13
13
13
13
13
13
13
13
13
13
13
13
13
13
13
13
13
13
13
13
13
13
13
13
13
13
13
13
13
13
13
13
13
13
