1491
10000
2492
2492
2492
2492
2492
2492
2492
2492
2492
2492
2492
2492
2492
2477
2477
2477
2477
2477
2477
2477
2477
2477
2477
2477
2477
2477
2477
2477
2437
2437
2437
2437
2437
2437
2437
2437
2437
2437
2437
2437
2437
2437
2437
2437
2437
2413
2413
2413
2413
2413
2410
2410
2410
2407
2407
2407
2407
2407
2407
2407
2407
2407
2407
2407
2407
2407
2407
2407
2407
2407
2407
2397
2397
2397
2379
2379
2379
2371
2371
2371
2371
2371
2371
2371
2371
2371
2371
2371
2371
2371
2371
2371
2371
2312
2312
2312
2312
2312
2312
2312
2308
2308
2308
2308
2308
2308
2283
2243
2243
2243
2243
2243
2243
2243
2243
2243
2243
2243
2243
2243
2243
2243
2243
2243
2243
2243
2243
2233
2233
2233
2233
2233
2233
2233
2233
2233
2233
2233
2233
2233
2233
2233
2230
2230
2230
2230
2230
2230
2230
2230
2230
2230
2230
2230
2230
2230
2228
2225
2225
2225
2225
2225
2225
2225
2225
2225
2225
2225
2225
2225
2225
2225
2157
2157
2157
2157
2157
2146
2146
2146
2146
2146
2146
2146
2146
2146
2146
2140
2140
2140
2140
2140
2140
2140
2140
2140
2140
2140
2135
2135
2135
2135
2135
2135
2135
2135
2135
2135
2129
2129
2129
2129
2129
2129
2129
2129
2129
2129
2112
2112
2112
2112
2112
2112
2112
2112
2112
2112
2112
2112
2112
2085
2085
2047
2047
2047
2047
2047
2037
2037
2037
2037
2037
2037
2037
2037
2037
2037
2037
2037
2037
2037
2037
2037
2019
2019
2019
2019
2019
2019
2019
2019
2019
2019
2019
2019
2019
2019
2019
2019
2019
2017
2017
2017
2017
2017
2017
2017
2017
2017
2017
2017
2017
2017
2017
2017
2017
2017
2015
2015
2015
2015
2015
2015
2015
2015
2015
2015
2015
2015
2015
2015
2015
2015
2015
1989
1989
1989
1989
1989
1989
1989
1989
1989
1986
1986
1986
1986
1986
1986
1986
1986
1986
1986
1986
1986
1986
1985
1985
1985
1985
1985
1985
1985
1985
1985
1985
1985
1985
1985
1985
1985
1970
1970
1970
1970
1970
1949
1949
1949
1949
1949
1949
1949
1949
1949
1949
1949
1945
1945
1945
1945
1945
1945
1945
1932
1932
1932
1932
1932
1932
1927
1927
1925
1925
1902
1902
1902
1902
1902
1902
1902
1902
1902
1902
1902
1902
1902
1902
1902
1902
1902
1887
1887
1887
1887
1887
1887
1887
1887
1887
1887
1887
1783
1783
1783
1783
1783
1783
1783
1783
1783
1783
1783
1783
1783
1783
1783
1759
1759
1759
1759
1759
1759
1759
1759
1759
1759
1759
1759
1759
1759
1759
1759
1759
1759
1759
1759
1748
1748
1748
1748
1748
1748
1748
1748
1748
1748
1748
1748
1748
1740
1740
1740
1734
1734
1734
1734
1734
1734
1734
1734
1734
1734
1734
1734
1734
1734
1734
1719
1719
1719
1719
1719
1719
1701
1701
1701
1701
1701
1701
1701
1688
1688
1688
1688
1688
1688
1688
1688
1688
1688
1688
1688
1688
1688
1688
1688
1688
1688
1688
1688
1674
1674
1674
1674
1674
1674
1674
1674
1674
1674
1674
1674
1674
1674
1674
1674
1674
1674
1674
1674
1645
1645
1645
1645
1645
1645
1645
1645
1645
1645
1645
1645
1645
1645
1645
1645
1645
1645
1626
1626
1626
1626
1626
1626
1626
1623
1623
1623
1573
1573
1573
1573
1573
1567
1567
1567
1567
1567
1567
1544
1544
1544
1544
1544
1544
1544
1544
1544
1487
1487
1487
1487
1487
1487
1487
1487
1477
1477
1477
1477
1477
1456
1456
1456
1456
1456
1456
1443
1443
1443
1443
1443
1443
1443
1443
1441
1393
1393
1393
1393
1393
1393
1393
1393
1393
1393
1393
1393
1393
1391
1391
1391
1391
1391
1386
1386
1386
1386
1386
1386
1386
1386
1386
1386
1386
1386
1360
1360
1360
1360
1360
1360
1360
1360
1360
1360
1360
1360
1360
1360
1360
1360
1360
1350
1350
1350
1350
1350
1350
1350
1350
1350
1350
1350
1350
1342
1342
1342
1342
1342
1342
1342
1342
1342
1342
1342
1342
1342
1342
1342
1342
1342
1342
1342
1342
1342
1342
1342
1342
1342
1342
1342
1342
1342
1342
1329
1329
1329
1329
1329
1329
1329
1329
1304
1265
1265
1265
1265
1265
1265
1265
1244
1244
1244
1244
1244
1244
1244
1244
1244
1244
1244
1244
1244
1241
1241
1241
1241
1241
1241
1241
1241
1241
1241
1241
1241
1241
1241
1220
1220
1220
1220
1220
1220
1220
1220
1220
1220
1220
1220
1220
1220
1220
1220
1220
1182
1182
1182
1182
1178
1178
1178
1178
1178
1178
1178
1178
1178
1178
1178
1172
1172
1172
1172
1172
1172
1172
1172
1172
1172
1172
1172
1172
1172
1172
1172
1172
1172
1172
1162
1162
1162
1162
1162
1162
1162
1162
1162
1162
1162
1162
1162
1162
1162
1109
1109
1109
1109
1109
1109
1109
1109
1100
1100
1100
1100
1100
1100
1100
1100
1100
1099
1071
1071
1071
1071
1071
1071
1071
1071
1071
1071
1071
1071
1071
1071
1071
1071
1071
1029
1029
1029
1029
1029
1029
1029
1029
1029
1028
1028
1028
1028
1024
1024
1024
1024
1024
1024
1024
1024
1024
1024
1024
1024
1024
1024
1024
1024
1020
1020
1020
1020
1020
1020
1020
1020
1020
1020
1020
1020
1010
1010
1010
1010
1010
1010
1010
1010
1010
1010
1010
1010
1010
1010
1010
1010
998
998
998
998
998
998
998
998
998
998
998
998
998
991
991
991
991
991
991
991
991
991
991
991
991
991
986
986
986
986
986
986
986
986
986
986
986
986
986
928
928
928
920
920
920
920
920
920
920
920
920
920
920
920
920
920
920
920
920
920
920
920
920
918
918
918
918
918
918
918
918
918
918
918
918
918
918
918
918
918
918
918
918
906
906
906
906
906
906
906
906
906
906
906
906
906
906
906
906
906
899
899
899
899
899
899
899
896
896
896
896
896
896
896
896
896
896
896
879
879
879
879
879
879
879
879
879
879
879
879
879
879
879
839
839
839
839
829
829
829
829
829
829
829
829
829
829
829
829
829
829
829
829
806
806
806
806
806
794
794
794
794
794
794
794
794
794
794
794
794
794
794
794
761
761
761
761
761
761
761
761
761
761
761
761
761
761
755
755
755
755
755
755
755
755
755
755
747
747
747
747
747
741
741
741
741
741
741
741
741
723
723
723
723
723
723
707
707
707
707
707
707
707
707
707
707
707
707
707
707
707
707
696
696
696
696
696
690
690
690
690
690
690
690
690
690
690
690
690
690
690
667
667
667
667
667
667
667
667
667
667
667
667
667
667
667
667
667
667
667
667
665
665
665
665
665
665
665
665
665
665
665
665
665
665
665
665
665
665
665
665
660
660
660
660
660
660
660
660
660
660
660
660
660
660
660
660
658
658
658
658
658
658
658
658
581
579
579
579
579
579
579
579
579
577
577
577
577
577
552
552
552
552
552
552
552
552
552
552
552
552
552
552
552
530
513
513
513
513
513
513
513
513
513
513
513
513
513
513
513
513
513
513
513
506
506
506
506
506
506
506
499
499
489
489
489
489
489
489
489
447
447
447
447
447
447
447
447
447
444
444
444
444
444
444
444
444
444
444
444
444
405
362
362
362
362
362
362
362
362
362
362
354
354
354
354
354
349
347
347
347
347
347
347
347
347
333
333
333
333
333
333
333
333
333
333
333
333
333
333
333
333
333
333
325
325
325
325
325
325
325
325
325
309
309
309
309
309
309
309
309
309
276
276
276
276
276
255
255
255
255
255
255
255
253
253
253
253
253
253
253
253
240
240
240
240
240
240
240
240
240
240
240
240
240
240
240
240
216
216
216
216
216
216
197
197
197
197
197
197
197
196
196
196
196
196
196
196
196
196
196
196
196
196
196
196
196
196
196
185
185
185
184
184
184
184
184
184
179
179
179
179
179
179
179
179
179
179
179
179
179
179
179
179
179
179
179
179
141
141
141
141
141
141
141
141
141
141
140
140
140
140
140
134
134
134
134
134
134
134
134
134
134
134
134
134
108
108
108
108
108
108
108
108
91
28
28
28
28
28
28
28
28
