1582
10000
4996
4996
4996
4996
4996
4971
4971
4971
4971
4971
4971
4971
4971
4971
4971
4971
4971
4971
4971
4971
4971
4957
4957
4957
4957
4957
4957
4957
4957
4957
4957
4957
4957
4957
4957
4957
4957
4957
4957
4957
4899
4899
4899
4899
4810
4810
4810
4810
4810
4810
4810
4810
4810
4810
4810
4810
4810
4810
4727
4727
4727
4727
4727
4727
4727
4727
4727
4727
4727
4710
4710
4710
4710
4660
4660
4660
4660
4660
4660
4660
4660
4660
4660
4660
4660
4660
4660
4660
4660
4575
4575
4575
4575
4575
4575
4575
4575
4575
4575
4575
4575
4575
4575
4575
4575
4575
4575
4569
4569
4569
4569
4569
4569
4569
4501
4501
4501
4399
4399
4399
4399
4399
4399
4399
4376
4376
4316
4298
4298
4298
4298
4298
4298
4298
4298
4298
4298
4298
4298
4298
4298
4270
4270
4270
4270
4270
4270
4270
4270
4270
4270
4270
4270
4270
4266
4266
4266
4266
4266
4266
4266
4266
4266
4263
4263
4263
4263
4263
4263
4228
4228
4228
4228
4228
4228
4228
4228
4228
4228
4228
4228
4228
4228
4228
4228
4228
4228
4228
4212
4212
4212
4210
4210
4210
4188
4188
4162
4162
4162
4144
4144
4144
4144
4144
4144
4144
4144
4144
4144
4144
4144
4144
4121
4121
4121
4121
4121
4121
4121
4121
4121
4121
4121
4121
4121
4121
4121
4121
4121
4092
4092
4092
4092
4092
4082
4082
4082
4041
4041
4041
4041
4041
4041
4041
4041
4041
4041
4041
4041
4041
4041
4026
4026
4026
3991
3991
3955
3955
3955
3955
3955
3955
3955
3955
3955
3955
3955
3955
3955
3936
3936
3936
3925
3925
3925
3925
3925
3925
3925
3925
3925
3925
3925
3925
3925
3925
3925
3925
3925
3925
3925
3925
3887
3887
3887
3887
3887
3887
3887
3887
3887
3887
3887
3887
3887
3887
3887
3887
3887
3887
3887
3887
3884
3884
3884
3884
3884
3884
3884
3858
3858
3858
3858
3858
3858
3858
3858
3858
3858
3858
3858
3858
3858
3858
3858
3839
3839
3839
3839
3839
3839
3839
3839
3839
3839
3839
3839
3788
3788
3788
3788
3788
3788
3788
3788
3788
3788
3788
3788
3788
3788
3788
3788
3788
3781
3781
3781
3781
3771
3771
3771
3771
3771
3771
3771
3771
3771
3771
3771
3771
3771
3754
3754
3754
3754
3754
3754
3754
3754
3754
3754
3754
3754
3754
3754
3754
3754
3754
3734
3691
3691
3691
3691
3691
3691
3681
3681
3681
3681
3681
3681
3662
3662
3662
3662
3662
3662
3662
3620
3620
3620
3620
3620
3620
3620
3611
3611
3611
3611
3611
3611
3611
3611
3611
3611
3611
3611
3611
3611
3611
3611
3611
3575
3541
3541
3541
3541
3541
3541
3541
3541
3536
3536
3536
3536
3536
3536
3536
3536
3536
3536
3536
3460
3427
3427
3427
3427
3427
3427
3427
3427
3427
3427
3427
3427
3427
3427
3427
3427
3427
3427
3427
3427
3252
3252
3252
3252
3252
3252
3237
3237
3237
3237
3237
3237
3237
3237
3237
3237
3237
3237
3237
3237
3109
3109
3109
3109
3109
3109
3109
3109
3109
3109
3109
3109
3109
3109
3109
3109
3078
3078
3078
3078
3078
3078
3078
3078
3078
3078
3078
3078
3078
3078
3078
3061
3061
3061
3061
3061
3061
3061
3061
3061
3061
3061
3061
3061
3061
3061
3061
3061
3061
3059
3059
3059
3059
3059
3059
3059
3059
3059
3059
3059
3059
3059
3059
3059
3059
3059
3059
3059
3059
2964
2964
2964
2964
2964
2964
2964
2964
2964
2964
2964
2964
2957
2957
2957
2957
2957
2957
2957
2957
2957
2957
2957
2957
2957
2957
2957
2941
2941
2941
2941
2941
2941
2941
2941
2941
2941
2941
2941
2941
2941
2875
2875
2875
2875
2875
2843
2843
2843
2843
2843
2843
2843
2843
2843
2843
2843
2843
2843
2843
2843
2831
2831
2831
2831
2831
2831
2831
2831
2831
2831
2831
2831
2831
2831
2822
2822
2787
2787
2787
2787
2787
2787
2787
2787
2787
2773
2773
2773
2773
2773
2773
2773
2773
2773
2773
2773
2773
2773
2764
2764
2764
2764
2764
2764
2764
2764
2764
2764
2764
2764
2764
2764
2764
2764
2764
2715
2715
2715
2715
2711
2711
2711
2711
2711
2711
2711
2711
2711
2711
2711
2711
2711
2711
2711
2711
2711
2711
2711
2668
2668
2668
2668
2668
2668
2668
2668
2668
2668
2668
2668
2668
2638
2638
2638
2638
2638
2638
2638
2561
2561
2561
2561
2561
2561
2561
2561
2511
2511
2511
2503
2426
2426
2426
2426
2426
2426
2426
2426
2426
2426
2426
2426
2426
2426
2426
2426
2426
2404
2404
2404
2404
2404
2398
2398
2398
2398
2398
2398
2398
2398
2398
2398
2398
2398
2398
2300
2300
2300
2300
2300
2300
2300
2300
2300
2300
2300
2300
2300
2269
2269
2269
2269
2269
2269
2269
2269
2269
2269
2269
2269
2269
2269
2269
2231
2231
2231
2231
2231
2231
2170
2170
2170
2170
2170
2170
2170
2099
2099
2099
2099
2099
2099
2099
2099
2099
2099
2099
2099
2099
2099
2099
2099
2099
2099
2099
2099
2054
2054
2054
2054
2054
2054
2054
2054
2054
2054
2054
2054
2033
2033
2033
2033
2033
2033
2033
1946
1946
1946
1946
1946
1946
1946
1907
1900
1900
1900
1900
1900
1900
1900
1900
1900
1900
1900
1900
1900
1900
1900
1900
1900
1900
1900
1900
1876
1876
1876
1876
1876
1873
1873
1873
1873
1873
1873
1873
1873
1873
1873
1873
1873
1871
1871
1871
1871
1871
1871
1871
1871
1871
1871
1871
1871
1871
1871
1871
1871
1869
1869
1869
1869
1869
1855
1855
1855
1855
1855
1855
1855
1855
1855
1855
1855
1855
1855
1855
1855
1855
1855
1853
1853
1853
1853
1853
1853
1853
1853
1853
1853
1853
1853
1853
1853
1853
1853
1853
1853
1853
1853
1823
1823
1823
1823
1823
1823
1823
1823
1823
1823
1823
1823
1823
1823
1823
1792
1792
1775
1775
1775
1775
1775
1775
1775
1775
1775
1775
1775
1775
1775
1775
1775
1775
1775
1771
1771
1771
1771
1769
1769
1769
1769
1769
1769
1769
1769
1769
1769
1769
1769
1769
1769
1769
1769
1769
1769
1769
1709
1709
1709
1709
1709
1709
1709
1709
1709
1709
1709
1709
1709
1705
1674
1674
1674
1674
1674
1674
1674
1674
1674
1674
1627
1627
1627
1627
1627
1627
1627
1627
1627
1627
1627
1627
1627
1627
1627
1627
1627
1627
1627
1627
1610
1610
1610
1610
1610
1610
1587
1587
1570
1570
1570
1570
1570
1570
1570
1570
1570
1570
1570
1570
1562
1562
1562
1562
1562
1562
1562
1562
1562
1562
1562
1562
1562
1562
1562
1562
1562
1534
1534
1534
1534
1534
1534
1534
1534
1496
1496
1496
1496
1496
1496
1496
1496
1496
1496
1496
1496
1485
1485
1485
1485
1485
1485
1485
1485
1485
1424
1424
1424
1424
1424
1424
1424
1424
1424
1424
1424
1424
1424
1424
1424
1424
1424
1424
1381
1381
1355
1355
1355
1355
1355
1355
1355
1355
1355
1355
1355
1337
1337
1337
1337
1337
1337
1337
1337
1337
1337
1337
1337
1337
1337
1337
1337
1337
1331
1331
1331
1331
1331
1331
1331
1331
1331
1331
1331
1295
1295
1295
1295
1295
1295
1295
1295
1295
1295
1295
1295
1204
1204
1204
1204
1204
1204
1204
1204
1204
1204
1204
1101
1101
1101
1101
1101
1101
1101
1101
1101
1101
1101
1101
1101
1073
1073
1073
1073
1073
1073
1073
1073
1073
1073
1073
1073
1073
1073
1073
1073
1073
1071
978
978
978
978
978
978
978
978
978
978
978
978
978
978
967
967
967
967
967
967
967
967
967
967
967
967
967
967
967
967
935
935
935
935
935
903
903
903
903
903
903
903
903
903
903
903
903
903
903
903
903
885
885
885
885
885
885
885
885
885
885
885
885
885
885
885
848
848
848
848
848
848
848
848
848
848
848
848
848
848
771
771
771
771
771
771
771
771
771
771
771
771
771
771
771
771
771
743
678
678
678
678
678
678
630
630
630
630
630
630
630
630
630
630
630
630
630
630
630
630
630
630
630
630
598
598
598
598
598
598
598
598
598
598
598
598
580
580
580
580
580
580
580
580
572
572
572
572
572
572
572
572
572
572
572
572
572
572
558
558
558
558
558
558
558
558
558
558
558
558
558
558
558
558
558
558
558
558
535
535
535
535
535
535
535
535
535
535
535
535
535
535
535
535
481
472
472
472
472
472
472
472
472
472
472
472
452
452
452
452
439
439
439
439
439
439
439
439
439
439
439
439
439
439
439
439
439
439
439
439
319
319
319
319
319
319
319
319
319
319
319
306
306
200
200
200
200
200
200
200
200
200
200
200
200
200
176
176
176
176
176
176
176
176
176
176
176
176
176
176
176
176
176
176
176
176
162
162
162
162
162
162
162
162
162
152
152
152
152
152
152
152
152
136
136
136
136
136
136
136
86
86
86
86
86
86
86
86
86
86
86
86
86
86
86
72
72
72
72
72
72
25
25
25
25
25
25
25
25
25
25
25
25
25
25
25
25
22
22
22
22
