7441
10000
9938
9938
9938
9938
9938
9938
9938
9938
9938
9938
9938
9938
9938
9938
9938
9938
9938
9862
9862
9862
9862
9862
9862
9862
9862
9862
9862
9862
9862
9862
9862
9862
9862
9862
9862
9862
9862
9862
9862
9862
9862
9862
9862
9862
9862
9862
9862
9862
9862
9862
9862
9862
9862
9862
9862
9862
9862
9862
9862
9862
9862
9862
9862
9862
9862
9862
9862
9862
9862
9862
9862
9862
9862
9862
9862
9862
9862
9862
9862
9862
9862
9862
9862
9862
9862
9862
9862
9862
9862
9862
9862
9862
9862
9862
9862
9862
9862
9862
9862
9862
9862
9842
9842
9842
9842
9842
9842
9788
9788
9788
9788
9788
9788
9788
9788
9788
9788
9788
9788
9788
9788
9788
9788
9783
9783
9783
9783
9783
9783
9783
9783
9783
9783
9783
9783
9783
9783
9783
9783
9783
9783
9783
9783
9783
9783
9676
9676
9676
9676
9676
9676
9676
9676
9676
9676
9676
9676
9676
9676
9676
9676
9676
9676
9676
9676
9676
9676
9676
9676
9676
9676
9676
9676
9676
9676
9676
9674
9674
9674
9674
9674
9674
9674
9674
9674
9674
9674
9674
9674
9674
9674
9674
9674
9674
9674
9674
9674
9674
9674
9674
9674
9674
9674
9674
9674
9674
9674
9674
9674
9674
9674
9674
9674
9674
9674
9674
9674
9674
9674
9674
9674
9674
9674
9674
9674
9674
9674
9674
9674
9674
9674
9674
9674
9674
9674
9674
9674
9674
9674
9674
9674
9674
9674
9674
9674
9674
9674
9674
9674
9674
9674
9674
9674
9674
9674
9674
9674
9674
9674
9674
9674
9674
9674
9674
9674
9674
9674
9674
9674
9674
9642
9642
9642
9642
9642
9642
9642
9642
9642
9642
9642
9642
9642
9642
9642
9642
9642
9642
9642
9642
9642
9642
9642
9642
9642
9642
9642
9642
9642
9642
9642
9642
9642
9642
9642
9642
9642
9642
9642
9642
9642
9642
9642
9642
9642
9642
9642
9642
9642
9642
9642
9642
9642
9642
9642
9642
9642
9642
9642
9642
9642
9642
9642
9642
9642
9642
9642
9642
9642
9642
9642
9642
9642
9642
9642
9642
9642
9642
9642
9642
9642
9642
9642
9642
9642
9642
9642
9642
9642
9642
9642
9642
9642
9642
9642
9642
9575
9575
9575
9575
9575
9575
9575
9575
9575
9575
9575
9575
9575
9575
9575
9575
9575
9575
9575
9575
9575
9575
9575
9575
9575
9575
9575
9575
9575
9575
9575
9575
9575
9575
9575
9575
9575
9575
9575
9575
9575
9575
9575
9575
9575
9575
9575
9575
9575
9575
9575
9575
9575
9575
9575
9575
9575
9575
9575
9575
9575
9575
9575
9575
9571
9571
9571
9571
9571
9571
9571
9571
9571
9571
9571
9571
9571
9571
9571
9571
9571
9571
9571
9571
9571
9571
9571
9571
9571
9571
9571
9571
9571
9571
9571
9571
9571
9571
9571
9571
9571
9571
9571
9571
9571
9571
9571
9571
9571
9571
9571
9571
9571
9571
9571
9571
9571
9571
9571
9571
9571
9571
9571
9571
9571
9571
9571
9571
9571
9571
9571
9571
9571
9571
9571
9571
9571
9571
9571
9571
9571
9571
9571
9571
9571
9571
9571
9571
9539
9539
9539
9539
9539
9539
9539
9539
9539
9539
9539
9539
9539
9539
9539
9539
9539
9539
9539
9539
9539
9539
9539
9539
9539
9539
9539
9539
9539
9539
9539
9539
9539
9539
9539
9539
9539
9539
9539
9539
9539
9524
9524
9524
9524
9524
9524
9524
9524
9524
9524
9524
9524
9524
9524
9524
9524
9524
9524
9524
9524
9524
9524
9524
9524
9524
9524
9524
9524
9524
9524
9524
9524
9524
9524
9524
9524
9524
9524
9524
9524
9524
9524
9524
9524
9524
9524
9524
9524
9524
9463
9463
9463
9463
9463
9463
9463
9463
9463
9463
9463
9463
9463
9463
9463
9463
9463
9463
9463
9463
9463
9463
9463
9463
9463
9463
9463
9463
9463
9463
9463
9463
9463
9463
9463
9463
9463
9463
9463
9463
9463
9463
9463
9463
9463
9463
9463
9463
9463
9463
9463
9463
9463
9404
9404
9404
9404
9404
9404
9404
9404
9404
9404
9404
9404
9404
9404
9404
9404
9404
9404
9404
9404
9404
9404
9404
9404
9404
9404
9404
9404
9404
9404
9404
9404
9404
9404
9404
9404
9404
9404
9404
9404
9404
9404
9404
9404
9404
9404
9404
9404
9404
9404
9404
9404
9404
9404
9404
9404
9404
9404
9404
9404
9404
9404
9404
9404
9404
9404
9404
9404
9404
9404
9404
9404
9404
9404
9404
9404
9404
9404
9404
9344
9344
9344
9344
9344
9344
9344
9344
9344
9344
9344
9344
9344
9344
9344
9344
9344
9344
9344
9344
9344
9344
9344
9344
9344
9344
9344
9344
9344
9344
9344
9344
9344
9344
9344
9344
9344
9344
9344
9344
9344
9344
9344
9344
9344
9344
9344
9344
9344
9344
9344
9344
9344
9344
9344
9344
9344
9344
9344
9344
9344
9344
9344
9344
9343
9343
9343
9343
9343
9343
9343
9343
9343
9343
9343
9343
9343
9343
9343
9343
9343
9343
9343
9343
9343
9343
9343
9343
9343
9343
9343
9343
9343
9343
9343
9343
9343
9343
9343
9343
9343
9343
9343
9343
9343
9343
9343
9343
9343
9343
9343
9343
9343
9343
9343
9343
9343
9343
9343
9343
9343
9296
9296
9296
9296
9296
9296
9296
9296
9296
9296
9296
9296
9296
9296
9296
9296
9296
9296
9296
9296
9296
9296
9296
9296
9296
9296
9296
9296
9296
9296
9296
9296
9296
9296
9296
9296
9296
9296
9296
9296
9296
9296
9296
9296
9296
9296
9296
9296
9296
9296
9296
9296
9296
9296
9296
9296
9296
9296
9296
9296
9296
9296
9294
9294
9294
9294
9294
9294
9294
9294
9294
9294
9294
9294
9294
9294
9294
9294
9294
9294
9294
9294
9294
9294
9294
9294
9294
9294
9294
9294
9294
9294
9294
9294
9294
9294
9294
9294
9294
9294
9294
9294
9294
9294
9294
9294
9294
9294
9294
9294
9294
9294
9294
9294
9294
9294
9294
9294
9294
9294
9294
9294
9294
9294
9294
9294
9294
9294
9294
9294
9294
9294
9294
9294
9294
9294
9294
9294
9294
9294
9294
9294
9294
9294
9294
9294
9294
9294
9294
9294
9294
9294
9294
9294
9294
9294
9294
9294
9294
9264
9264
9264
9264
9264
9264
9264
9264
9264
9264
9264
9264
9264
9264
9264
9264
9264
9264
9264
9264
9264
9264
9264
9264
9264
9264
9264
9264
9264
9264
9264
9264
9264
9264
9264
9264
9264
9264
9264
9264
9264
9264
9264
9264
9264
9264
9264
9264
9264
9264
9264
9264
9264
9264
9264
9264
9264
9264
9182
9182
9182
9182
9182
9182
9182
9182
9182
9182
9182
9135
9135
9135
9135
9135
9135
9135
9135
9135
9135
9135
9135
9135
9135
9135
9135
9135
9135
9135
9135
9135
9135
9135
9135
9135
9135
9135
9135
9135
9135
9135
9135
9135
9135
9135
9135
9135
9135
9135
9135
9135
9135
9135
9135
9135
9135
9135
9135
9135
9135
9135
9135
9135
9135
9135
9135
9135
9135
9124
9124
9124
9124
9124
9124
9124
9124
9124
9124
9124
9124
9124
9124
9124
9124
9124
9124
9124
9124
9124
9124
9124
9124
9124
9124
9124
9124
9124
9124
9124
9124
9124
9124
9124
9124
9124
9054
9054
9054
9054
9054
9054
9054
9054
9054
9054
9054
9054
9054
9054
9054
9054
9054
9054
9054
9054
9054
9054
9054
9054
9054
9054
9054
9054
9054
9054
9054
9054
9054
9054
9046
9046
9046
9046
9046
9046
9046
9046
9046
9046
9046
9046
9046
9046
9046
9046
9046
9046
9046
9046
9046
9046
9046
9046
9046
9046
9046
9046
9046
9046
9046
9046
9046
9046
9046
9046
9046
9046
9046
9046
9046
9046
9046
9046
9046
9046
9046
9046
9046
9046
9046
9046
9046
9046
9046
9046
9046
9046
9046
9046
9046
9046
9046
8958
8958
8958
8958
8958
8958
8958
8958
8958
8958
8958
8958
8958
8958
8958
8946
8946
8946
8946
8946
8946
8946
8946
8946
8946
8946
8946
8946
8946
8946
8946
8946
8946
8946
8946
8946
8946
8946
8946
8946
8946
8946
8946
8946
8946
8946
8946
8946
8946
8946
8946
8946
8946
8946
8946
8946
8946
8946
8946
8946
8946
8946
8946
8946
8946
8946
8946
8946
8946
8946
8946
8946
8946
8946
8946
8946
8909
8909
8909
8909
8909
8909
8909
8909
8909
8909
8909
8909
8909
8909
8909
8909
8909
8909
8909
8909
8909
8909
8909
8909
8909
8909
8909
8909
8909
8909
8909
8909
8909
8909
8909
8909
8909
8909
8802
8802
8802
8802
8802
8802
8802
8802
8802
8802
8802
8802
8708
8708
8708
8708
8708
8708
8708
8708
8708
8708
8708
8708
8708
8708
8708
8708
8708
8708
8708
8708
8708
8708
8708
8708
8708
8708
8708
8708
8708
8708
8708
8708
8708
8671
8671
8671
8671
8671
8671
8671
8671
8671
8671
8671
8671
8671
8671
8671
8671
8671
8671
8671
8671
8671
8671
8671
8671
8671
8671
8671
8671
8671
8671
8671
8671
8671
8671
8671
8671
8671
8671
8671
8671
8671
8671
8671
8671
8671
8671
8671
8671
8671
8671
8671
8671
8671
8671
8671
8671
8671
8671
8671
8671
8671
8671
8671
8671
8671
8671
8671
8671
8671
8671
8671
8671
8541
8541
8541
8541
8541
8541
8541
8541
8541
8541
8541
8541
8541
8541
8541
8541
8541
8541
8541
8541
8541
8541
8541
8541
8541
8541
8541
8541
8541
8541
8541
8541
8541
8541
8541
8541
8541
8541
8541
8541
8541
8541
8541
8541
8541
8541
8541
8541
8541
8541
8541
8541
8541
8541
8541
8541
8541
8529
8529
8529
8529
8529
8529
8529
8529
8529
8529
8529
8529
8529
8529
8529
8529
8529
8529
8529
8529
8529
8529
8529
8529
8529
8529
8529
8529
8529
8529
8529
8529
8529
8529
8529
8529
8529
8529
8529
8529
8529
8529
8529
8529
8529
8529
8529
8529
8529
8529
8529
8529
8529
8529
8529
8529
8529
8529
8529
8529
8529
8529
8529
8529
8529
8529
8529
8529
8529
8529
8488
8488
8488
8488
8488
8488
8488
8488
8488
8488
8488
8488
8488
8414
8414
8414
8414
8414
8414
8414
8414
8414
8414
8414
8414
8414
8414
8414
8414
8414
8414
8414
8414
8414
8414
8414
8414
8414
8414
8414
8414
8414
8414
8414
8414
8414
8414
8414
8414
8414
8414
8414
8414
8414
8414
8414
8414
8414
8414
8414
8414
8414
8414
8414
8414
8414
8414
8414
8414
8414
8414
8402
8402
8402
8402
8402
8402
8402
8402
8402
8402
8402
8402
8402
8402
8402
8402
8402
8402
8402
8402
8402
8402
8402
8402
8402
8402
8402
8402
8402
8402
8402
8402
8402
8402
8402
8402
8390
8390
8390
8390
8390
8390
8390
8390
8390
8390
8390
8390
8390
8390
8390
8390
8390
8331
8331
8331
8331
8331
8331
8331
8331
8331
8331
8331
8331
8331
8331
8331
8331
8331
8331
8331
8331
8331
8331
8331
8331
8331
8331
8331
8331
8331
8331
8331
8331
8331
8331
8331
8331
8331
8331
8331
8331
8331
8331
8331
8331
8331
8331
8331
8331
8331
8331
8331
8331
8331
8331
8331
8331
8331
8331
8331
8331
8331
8331
8331
8331
8331
8331
8331
8331
8331
8331
8331
8331
8331
8331
8331
8331
8331
8255
8255
8255
8255
8255
8255
8255
8255
8255
8255
8255
8255
8255
8255
8255
8255
8255
8255
8255
8255
8255
8255
8243
8243
8243
8243
8243
8243
8243
8243
8243
8243
8243
8243
8243
8243
8243
8243
8243
8243
8243
8243
8243
8243
8243
8243
8243
8243
8243
8243
8243
8243
8243
8243
8243
8243
8243
8243
8243
8243
8243
8243
8243
8243
8243
8243
8243
8243
8243
8243
8243
8243
8243
8243
8243
8243
8243
8243
8243
8243
8243
8243
8243
8243
8243
8243
8243
8243
8243
8243
8243
8243
8243
8243
8243
8243
8243
8243
8243
8243
8243
8243
8243
8243
8243
8243
8243
8243
8243
8243
8243
8243
8243
8243
8243
8243
8243
8243
8243
8243
8243
8206
8206
8206
8206
8206
8206
8206
8206
8206
8206
8206
8206
8206
8206
8206
8206
8206
8206
8206
8206
8206
8206
8206
8206
8206
8206
8206
8206
8206
8206
8206
8206
8206
8206
8206
8206
8206
8206
8206
8206
8206
8206
8206
8206
8206
8206
8206
8206
8206
8206
8206
8206
8206
8206
8206
8206
8206
8206
8206
8206
8206
8206
8206
8206
8206
8206
8206
8206
8206
8206
8206
8206
8206
8206
8206
8206
8206
8206
8206
8206
8206
8206
8206
8206
8206
8206
8206
8206
8206
8206
8206
8206
8206
8206
8206
8206
8206
8206
8128
8128
8128
8128
8128
8128
8128
8128
8128
8128
8128
8128
8128
8128
8128
8128
8128
8128
8128
8128
8128
8128
8128
8128
8128
8128
8128
8128
8128
8128
8128
8128
8128
8128
8128
8128
8128
8128
8128
8128
8128
8128
8128
8128
8128
8128
8128
8128
8128
8128
8128
8128
8128
8128
8128
8128
8128
8128
8128
8128
8128
8128
8128
8128
8128
8128
8128
8128
8128
8128
8128
8128
8128
8128
8128
8028
8028
8028
8028
8028
8028
8028
8028
8028
8028
7930
7930
7930
7930
7930
7930
7930
7930
7930
7930
7930
7930
7930
7930
7930
7930
7930
7930
7930
7930
7930
7930
7930
7930
7930
7930
7930
7930
7930
7930
7930
7930
7930
7930
7930
7930
7930
7930
7930
7930
7930
7930
7930
7930
7930
7930
7930
7930
7930
7930
7930
7930
7930
7930
7930
7930
7930
7930
7930
7930
7930
7930
7930
7930
7930
7930
7930
7930
7930
7930
7930
7930
7930
7930
7930
7930
7930
7930
7930
7930
7930
7930
7930
7930
7930
7930
7930
7930
7930
7930
7930
7930
7847
7847
7847
7847
7847
7847
7847
7847
7847
7847
7847
7847
7847
7847
7847
7847
7847
7847
7847
7847
7847
7847
7847
7847
7847
7847
7847
7847
7847
7847
7847
7847
7847
7847
7847
7699
7699
7699
7699
7699
7699
7699
7699
7699
7699
7699
7699
7699
7699
7699
7699
7699
7699
7699
7699
7699
7699
7699
7699
7699
7699
7699
7699
7699
7699
7699
7699
7699
7699
7699
7699
7699
7699
7699
7699
7699
7699
7699
7699
7699
7699
7699
7699
7699
7699
7699
7699
7699
7699
7699
7699
7699
7699
7699
7699
7699
7699
7699
7699
7699
7699
7699
7699
7669
7669
7669
7669
7669
7669
7669
7669
7669
7669
7669
7669
7669
7669
7669
7669
7669
7669
7669
7669
7669
7669
7669
7669
7669
7669
7669
7669
7669
7669
7669
7669
7669
7669
7669
7669
7669
7669
7669
7669
7669
7669
7669
7669
7669
7669
7669
7669
7669
7669
7669
7669
7669
7669
7669
7669
7669
7669
7669
7669
7669
7669
7669
7669
7669
7669
7669
7669
7669
7669
7669
7669
7669
7669
7669
7669
7669
7669
7669
7669
7669
7669
7619
7619
7619
7619
7619
7619
7619
7619
7619
7619
7619
7619
7619
7619
7619
7619
7619
7619
7619
7619
7619
7619
7619
7619
7619
7619
7619
7619
7619
7619
7619
7619
7619
7619
7619
7619
7619
7619
7619
7619
7619
7619
7619
7619
7619
7619
7619
7619
7619
7619
7619
7619
7619
7619
7619
7619
7619
7619
7619
7619
7619
7619
7619
7619
7619
7619
7619
7619
7619
7619
7619
7619
7619
7619
7619
7619
7619
7619
7619
7619
7619
7619
7619
7619
7619
7619
7619
7619
7619
7619
7619
7592
7592
7592
7592
7592
7592
7592
7592
7592
7592
7592
7592
7592
7592
7592
7592
7592
7592
7592
7592
7592
7592
7592
7592
7592
7592
7592
7592
7592
7592
7592
7592
7592
7592
7592
7592
7592
7592
7592
7561
7561
7561
7561
7561
7561
7561
7561
7561
7561
7561
7561
7561
7561
7561
7561
7561
7561
7561
7561
7561
7561
7561
7561
7561
7561
7561
7561
7561
7561
7561
7561
7561
7561
7561
7561
7561
7561
7561
7561
7561
7561
7561
7561
7561
7561
7561
7561
7561
7561
7561
7561
7561
7561
7561
7561
7561
7561
7561
7561
7561
7561
7561
7561
7561
7561
7561
7561
7561
7561
7561
7561
7561
7561
7561
7561
7561
7561
7561
7543
7543
7543
7543
7543
7543
7543
7543
7543
7543
7543
7543
7543
7543
7543
7543
7543
7543
7543
7543
7543
7543
7543
7543
7543
7543
7543
7543
7543
7543
7543
7543
7543
7543
7543
7543
7543
7543
7518
7518
7518
7518
7518
7518
7518
7518
7518
7518
7518
7518
7518
7518
7518
7518
7518
7518
7518
7518
7518
7496
7496
7496
7496
7496
7496
7496
7496
7496
7496
7496
7496
7496
7496
7496
7496
7496
7496
7496
7496
7496
7496
7496
7496
7496
7496
7496
7496
7496
7496
7496
7496
7496
7496
7496
7496
7496
7496
7496
7496
7496
7496
7496
7496
7496
7496
7496
7496
7496
7496
7496
7496
7496
7496
7496
7496
7496
7496
7496
7333
7333
7333
7333
7333
7333
7333
7333
7333
7333
7333
7333
7333
7333
7333
7333
7333
7333
7333
7333
7333
7333
7333
7333
7333
7333
7333
7333
7333
7333
7333
7333
7333
7333
7333
7333
7333
7333
7333
7333
7333
7333
7333
7333
7333
7333
7333
7333
7333
7333
7333
7333
7333
7325
7325
7325
7325
7325
7325
7325
7325
7325
7325
7325
7325
7325
7325
7325
7325
7325
7325
7325
7325
7325
7313
7313
7313
7313
7299
7299
7299
7299
7299
7299
7299
7299
7299
7299
7299
7299
7299
7299
7299
7299
7299
7299
7299
7299
7299
7299
7299
7299
7299
7299
7299
7299
7299
7299
7299
7299
7299
7299
7299
7299
7299
7299
7299
7299
7299
7299
7299
7299
7299
7299
7299
7299
7299
7299
7299
7299
7299
7299
7299
7299
7299
7299
7299
7299
7299
7299
7299
7299
7299
7299
7299
7299
7299
7299
7299
7299
7299
7299
7299
7165
7165
7165
7165
7165
7165
7165
7165
7165
7165
7165
7165
7165
7165
7165
7165
7165
7165
7165
7165
7165
7165
7165
7165
7165
7165
7165
7165
7165
7165
7165
7165
7165
7165
7165
7165
7165
7165
7165
7165
7165
7165
7165
7165
7165
7165
7165
7165
7165
7165
7165
7165
7165
7165
7165
7165
7165
7165
7165
7165
7165
7165
7165
7165
7165
7165
7165
7165
7165
7165
7165
7165
7165
7165
7165
7165
7165
7165
6889
6889
6889
6889
6889
6889
6889
6889
6889
6889
6889
6889
6889
6889
6889
6889
6889
6889
6889
6889
6889
6889
6889
6889
6889
6889
6889
6889
6889
6889
6889
6889
6889
6889
6889
6889
6889
6889
6889
6889
6889
6889
6889
6889
6889
6889
6889
6889
6889
6889
6889
6889
6889
6889
6889
6889
6889
6889
6889
6889
6889
6889
6889
6889
6889
6889
6889
6889
6889
6889
6889
6707
6707
6707
6707
6707
6707
6707
6631
6631
6631
6631
6631
6631
6631
6631
6631
6631
6631
6631
6631
6631
6631
6631
6631
6631
6631
6631
6631
6631
6631
6631
6631
6631
6631
6631
6631
6631
6631
6631
6631
6631
6631
6631
6631
6631
6631
6631
6631
6631
6631
6631
6631
6631
6631
6631
6631
6631
6631
6631
6631
6631
6631
6631
6631
6631
6631
6631
6631
6631
6631
6631
6631
6631
6631
6590
6590
6590
6590
6590
6590
6590
6590
6590
6590
6590
6590
6590
6590
6590
6590
6590
6590
6590
6590
6590
6590
6590
6590
6590
6590
6590
6590
6590
6590
6590
6590
6590
6590
6590
6540
6540
6540
6540
6540
6540
6540
6540
6540
6540
6540
6540
6540
6540
6540
6540
6540
6540
6540
6540
6540
6540
6540
6540
6540
6540
6540
6540
6540
6540
6540
6540
6540
6540
6540
6540
6540
6540
6540
6540
6540
6540
6540
6540
6540
6540
6540
6540
6540
6540
6540
6540
6540
6540
6540
6540
6540
6540
6540
6540
6540
6540
6540
6540
6540
6540
6540
6540
6540
6540
6540
6540
6540
6540
6540
6540
6540
6540
6540
6540
6540
6540
6540
6466
6466
6466
6466
6466
6466
6466
6466
6466
6466
6466
6466
6466
6466
6466
6466
6466
6466
6466
6466
6466
6466
6429
6429
6429
6429
6429
6429
6429
6429
6429
6429
6429
6429
6429
6429
6429
6429
6429
6429
6429
6429
6429
6429
6429
6429
6429
6429
6429
6429
6429
6429
6429
6429
6429
6429
6429
6429
6429
6429
6429
6429
6429
6429
6429
6429
6429
6429
6429
6429
6429
6429
6429
6429
6429
6429
6429
6429
6429
6429
6429
6429
6429
6429
6429
6429
6429
6429
6429
6429
6429
6429
6429
6429
6429
6429
6429
6429
6429
6170
6170
6170
6170
6170
6170
6170
6170
6170
6170
6170
6170
6170
6170
6170
6170
6170
6170
6170
6170
6170
6170
6160
6160
6160
6160
6160
6160
6160
6160
6160
6160
6160
6160
6160
6160
6160
6160
6160
6160
6160
6160
6160
6160
6160
6160
6160
6160
6160
6160
6160
6160
6160
6160
6160
6160
6160
6160
6160
6160
6160
6160
6160
6160
6160
6160
6160
6160
6160
6160
6160
6160
6160
6160
6160
6160
6160
6160
6160
6160
6160
6160
6160
6160
6160
6160
6160
6160
6160
6160
6160
6160
6160
6160
5941
5941
5941
5941
5941
5941
5941
5941
5941
5941
5941
5941
5941
5941
5941
5941
5941
5941
5941
5941
5941
5941
5941
5941
5941
5941
5941
5941
5941
5941
5941
5941
5941
5941
5941
5941
5941
5941
5941
5941
5941
5941
5941
5941
5874
5874
5874
5874
5874
5874
5874
5874
5874
5874
5874
5874
5874
5874
5874
5874
5874
5874
5874
5874
5874
5874
5874
5874
5874
5874
5874
5874
5874
5874
5874
5874
5874
5874
5874
5874
5874
5874
5874
5874
5874
5874
5874
5874
5874
5874
5874
5874
5874
5874
5874
5874
5874
5874
5874
5874
5874
5874
5874
5874
5874
5874
5874
5874
5874
5874
5874
5874
5874
5874
5874
5874
5874
5874
5874
5874
5874
5874
5874
5874
5874
5874
5852
5852
5852
5852
5852
5852
5852
5852
5852
5852
5852
5852
5852
5852
5852
5852
5852
5852
5852
5852
5852
5852
5852
5852
5852
5852
5852
5852
5852
5852
5852
5852
5852
5852
5852
5852
5852
5852
5852
5852
5852
5852
5852
5852
5852
5852
5852
5852
5852
5852
5852
5852
5852
5852
5852
5852
5852
5852
5852
5852
5852
5852
5852
5852
5852
5852
5852
5852
5852
5852
5852
5852
5852
5852
5852
5852
5852
5852
5852
5852
5852
5852
5852
5852
5852
5852
5852
5852
5852
5852
5852
5852
5852
5852
5852
5852
5852
5852
5852
5848
5848
5848
5848
5848
5848
5848
5848
5848
5848
5848
5848
5848
5848
5848
5848
5848
5848
5848
5848
5848
5848
5848
5848
5848
5848
5848
5848
5848
5848
5848
5848
5848
5848
5848
5848
5848
5848
5848
5848
5848
5848
5848
5848
5848
5848
5848
5848
5848
5848
5848
5848
5848
5848
5848
5848
5848
5848
5848
5848
5848
5848
5848
5848
5848
5848
5848
5848
5848
5848
5848
5848
5848
5848
5848
5848
5848
5848
5848
5848
5848
5848
5848
5848
5848
5848
5848
5848
5834
5834
5834
5834
5834
5834
5834
5834
5834
5834
5834
5834
5834
5834
5834
5834
5834
5834
5834
5834
5834
5834
5834
5834
5834
5834
5834
5834
5834
5834
5834
5834
5834
5834
5834
5834
5834
5834
5834
5834
5834
5834
5834
5834
5834
5834
5834
5834
5834
5834
5834
5834
5834
5834
5834
5834
5834
5834
5834
5834
5834
5834
5834
5834
5834
5834
5834
5834
5834
5834
5834
5834
5834
5834
5834
5834
5834
5834
5834
5834
5832
5832
5832
5832
5832
5832
5832
5832
5832
5832
5832
5832
5832
5832
5832
5832
5832
5832
5832
5832
5832
5832
5832
5832
5832
5832
5832
5832
5832
5832
5832
5832
5832
5832
5832
5832
5832
5832
5832
5832
5832
5832
5832
5832
5832
5832
5832
5832
5832
5832
5832
5832
5832
5832
5832
5832
5777
5777
5777
5777
5777
5777
5777
5777
5777
5777
5777
5777
5777
5777
5777
5777
5777
5777
5777
5777
5777
5777
5777
5777
5777
5777
5777
5777
5777
5777
5777
5777
5777
5777
5777
5777
5777
5777
5777
5777
5777
5777
5777
5777
5777
5777
5777
5777
5777
5777
5777
5777
5777
5777
5777
5777
5777
5777
5777
5777
5777
5777
5777
5777
5777
5777
5777
5777
5777
5777
5777
5777
5777
5777
5777
5777
5777
5777
5777
5777
5777
5777
5777
5718
5718
5718
5718
5661
5661
5661
5661
5661
5661
5661
5661
5661
5661
5661
5661
5661
5661
5661
5661
5661
5661
5661
5661
5661
5661
5661
5661
5661
5661
5661
5661
5661
5661
5661
5661
5661
5661
5661
5661
5661
5661
5661
5661
5661
5661
5661
5661
5661
5661
5661
5661
5661
5661
5661
5661
5661
5661
5661
5661
5661
5567
5567
5567
5567
5567
5567
5567
5567
5567
5567
5567
5567
5567
5567
5567
5567
5567
5567
5567
5567
5567
5567
5567
5567
5567
5567
5567
5567
5567
5567
5567
5567
5567
5567
5567
5567
5516
5516
5516
5516
5516
5516
5516
5516
5516
5516
5516
5516
5516
5516
5516
5516
5516
5516
5516
5516
5516
5516
5516
5516
5516
5428
5428
5428
5428
5428
5428
5428
5428
5428
5428
5428
5428
5428
5428
5428
5428
5428
5428
5428
5428
5428
5428
5428
5428
5428
5428
5428
5428
5428
5428
5428
5428
5428
5428
5428
5428
5428
5428
5428
5428
5428
5428
5428
5428
5428
5428
5428
5428
5428
5428
5428
5428
5428
5428
5428
5428
5428
5428
5428
5428
5428
5428
5428
5428
5428
5428
5428
5428
5428
5428
5428
5428
5428
5428
5428
5428
5371
5371
5371
5371
5371
5371
5371
5371
5371
5371
5371
5371
5371
5371
5371
5371
5371
5371
5371
5371
5371
5371
5371
5371
5371
5371
5371
5371
5371
5371
5371
5371
5371
5371
5371
5371
5371
5371
5371
5371
5371
5371
5371
5371
5371
5371
5371
5371
5371
5371
5371
5371
5371
5371
5371
5371
5371
5371
5371
5371
5334
5334
5334
5334
5334
5334
5334
5334
5334
5334
5334
5334
5334
5334
5334
5334
5334
5334
5334
5334
5334
5334
5334
5334
5334
5334
5334
5334
5334
5334
5334
5334
5334
5334
5334
5334
5334
5334
5334
5334
5334
5334
5334
5334
5334
5334
5334
5334
5334
5334
5334
5334
5334
5334
5334
5334
5334
5334
5334
5334
5334
5334
5223
5223
5223
5223
5223
5223
5223
5223
5223
5223
5223
5223
5223
5223
5223
5223
5223
5223
5223
5223
5223
5223
5223
5223
5223
5223
5223
5223
5223
5223
5223
5223
5220
5220
5220
5220
5220
5220
5220
5220
5220
5220
5220
5220
5220
5220
5220
5220
5220
5220
5220
5220
5220
5220
5220
5220
5220
5220
5220
5220
5220
5220
5220
5220
5220
5220
5220
5220
5220
5220
5220
5220
5220
5220
5220
5220
5220
5220
5220
5220
5220
5220
5220
5220
5220
5220
5220
5220
5220
5220
5220
5220
5220
5220
5220
5197
5197
5197
5197
5197
5197
5197
5197
5197
5197
5197
5197
5197
5197
5197
5197
5197
5197
5197
5197
5197
5197
5197
5197
5197
5197
5197
5197
5197
5197
5197
5197
5197
5076
5076
5076
5076
5076
5076
5076
5076
5076
5076
5076
5076
5076
5076
5076
5076
5076
5076
5076
5076
5076
5076
5076
5076
5076
5076
5076
5076
5076
5076
5076
5076
5076
5076
5076
5076
5076
5076
5076
5076
5076
5076
5076
5000
5000
5000
5000
5000
5000
5000
5000
5000
5000
5000
5000
5000
5000
5000
5000
5000
5000
5000
5000
5000
5000
5000
5000
5000
5000
5000
5000
5000
5000
5000
5000
5000
5000
5000
5000
5000
5000
5000
5000
5000
5000
5000
5000
5000
5000
5000
5000
5000
5000
5000
5000
5000
5000
5000
5000
5000
5000
5000
5000
5000
5000
5000
5000
5000
5000
5000
5000
5000
5000
5000
5000
5000
5000
5000
5000
5000
5000
5000
5000
5000
5000
5000
5000
5000
5000
5000
5000
5000
5000
5000
5000
5000
5000
5000
5000
5000
5000
5000
5000
4996
4996
4996
4996
4996
4996
4996
4996
4996
4996
4996
4996
4996
4996
4996
4996
4996
4996
4996
4996
4996
4996
4996
4996
4996
4996
4996
4996
4996
4996
4996
4996
4996
4996
4996
4996
4996
4996
4996
4996
4996
4996
4996
4996
4996
4996
4996
4996
4996
4996
4996
4996
4996
4996
4996
4996
4996
4996
4996
4996
4996
4996
4996
4996
4996
4996
4996
4996
4996
4996
4996
4996
4996
4996
4996
4996
4996
4996
4996
4996
4996
4996
4996
4996
4996
4996
4912
4912
4912
4912
4912
4912
4912
4912
4912
4912
4912
4912
4912
4912
4912
4912
4912
4912
4912
4912
4912
4912
4912
4912
4912
4912
4912
4912
4912
4912
4912
4912
4912
4912
4912
4912
4912
4769
4769
4769
4769
4769
4769
4769
4769
4769
4769
4769
4769
4769
4769
4769
4769
4769
4769
4769
4769
4769
4769
4769
4769
4769
4769
4769
4769
4769
4769
4769
4769
4769
4769
4769
4769
4769
4769
4769
4769
4769
4769
4769
4769
4769
4769
4769
4769
4769
4769
4769
4769
4769
4769
4769
4769
4769
4769
4769
4769
4761
4761
4761
4761
4761
4761
4761
4761
4761
4761
4761
4761
4761
4761
4761
4761
4761
4761
4761
4761
4761
4761
4761
4761
4761
4761
4761
4761
4761
4761
4761
4761
4761
4761
4761
4761
4761
4761
4761
4761
4761
4761
4761
4761
4761
4761
4761
4761
4761
4761
4761
4722
4722
4722
4722
4722
4722
4722
4722
4722
4722
4722
4722
4722
4722
4722
4722
4722
4722
4722
4722
4722
4722
4722
4722
4722
4722
4722
4722
4722
4722
4722
4722
4722
4722
4722
4722
4722
4722
4722
4722
4722
4722
4722
4722
4722
4722
4722
4722
4722
4722
4722
4722
4722
4722
4722
4722
4722
4722
4722
4722
4722
4722
4722
4722
4722
4465
4465
4465
4465
4465
4465
4465
4465
4465
4465
4465
4465
4465
4465
4465
4465
4465
4465
4465
4465
4465
4465
4465
4465
4465
4465
4465
4465
4465
4465
4465
4465
4465
4465
4465
4465
4465
4465
4465
4465
4465
4465
4465
4465
4465
4465
4465
4465
4465
4465
4465
4465
4465
4465
4465
4465
4465
4465
4465
4465
4465
4465
4465
4465
4465
4465
4465
4465
4435
4435
4435
4435
4435
4435
4435
4435
4435
4435
4435
4435
4435
4435
4435
4435
4435
4435
4435
4435
4435
4435
4435
4435
4435
4435
4435
4435
4435
4435
4435
4435
4435
4435
4435
4435
4435
4435
4435
4435
4435
4435
4435
4435
4435
4435
4435
4435
4435
4435
4435
4435
4435
4435
4435
4435
4435
4426
4426
4426
4426
4426
4426
4426
4426
4426
4426
4426
4426
4426
4426
4426
4426
4426
4426
4426
4426
4426
4426
4426
4426
4426
4426
4426
4426
4426
4426
4426
4426
4426
4426
4426
4426
4426
4426
4426
4426
4426
4426
4426
4426
4426
4426
4426
4426
4426
4426
4426
4426
4426
4426
4426
4426
4426
4426
4426
4426
4426
4426
4426
4426
4426
4426
4426
4426
4426
4426
4426
4426
4426
4359
4359
4359
4359
4208
4208
4208
4208
4208
4208
4208
4208
4208
4208
4208
4208
4208
4208
4208
4208
4208
4208
4208
4208
4208
4208
4208
4208
4208
4208
4208
4208
4208
4208
4208
4208
4208
4208
4208
4208
4208
4208
4208
4208
4208
4208
4208
4208
4208
4208
4208
4208
4208
4208
4208
4208
4208
4208
4208
4208
4208
4208
4208
4208
4208
4208
4208
4208
4208
4208
4208
4208
4208
4194
4194
4194
4194
4194
4194
4194
4194
4194
4194
4194
4194
4194
4194
4194
4194
4194
4194
4194
4194
4194
4194
4194
4194
4194
4194
4194
4194
4194
4194
4194
4194
4194
4194
4194
4194
4194
4194
4194
4194
4194
4194
4194
4194
4194
4194
4194
4194
4194
4194
4194
4194
4194
4194
4194
4194
4194
4194
4194
4194
4194
4194
4194
4194
4194
4194
4194
4194
4194
4194
4194
4194
4194
4194
4194
4194
4098
4098
4098
4098
4098
4098
4098
4098
4098
4098
4098
4098
4098
4098
4098
4098
4098
4098
4098
4098
4098
4098
4098
4098
4098
4098
4098
4098
4098
4098
4098
4098
4098
4098
4098
4098
4098
4098
4098
4098
4098
4098
4098
4098
4017
4017
4017
4017
4017
4017
4017
4017
4017
4017
4017
4017
4017
4017
4017
4017
4017
4017
4017
4017
4017
4017
4017
4017
4017
4017
4017
4017
4017
4017
4017
4017
4017
4017
4017
4017
4017
4017
4017
4017
4017
4017
4017
4017
4017
4017
4017
4017
4017
4017
4017
4017
4017
4017
4017
4017
4017
4017
4017
4017
4017
4017
4017
4017
4017
4017
3907
3907
3907
3907
3907
3907
3907
3907
3907
3907
3907
3907
3907
3907
3907
3907
3907
3907
3907
3907
3907
3907
3907
3907
3907
3907
3907
3907
3907
3907
3907
3907
3907
3907
3907
3907
3907
3907
3907
3907
3907
3907
3907
3907
3907
3907
3907
3907
3907
3907
3907
3907
3907
3907
3907
3907
3907
3907
3907
3907
3907
3907
3907
3907
3907
3907
3907
3907
3907
3907
3907
3907
3907
3907
3907
3907
3907
3576
3576
3576
3576
3576
3576
3576
3576
3576
3576
3576
3576
3576
3576
3576
3576
3576
3576
3576
3576
3576
3576
3576
3576
3576
3576
3576
3576
3576
3576
3576
3576
3576
3576
3576
3576
3576
3576
3576
3576
3576
3576
3576
3576
3576
3576
3576
3576
3576
3576
3576
3576
3576
3576
3576
3576
3576
3576
3576
3576
3576
3576
3576
3576
3576
3576
3576
3576
3576
3576
3576
3576
3576
3576
3576
3576
3576
3576
3576
3576
3576
3576
3576
3576
3576
3576
3576
3576
3576
3576
3576
3573
3573
3573
3573
3573
3573
3573
3573
3573
3573
3573
3573
3573
3573
3573
3573
3573
3573
3573
3573
3573
3573
3573
3573
3573
3573
3573
3573
3573
3573
3573
3573
3573
3573
3573
3573
3573
3573
3573
3573
3573
3573
3573
3573
3573
3573
3573
3573
3549
3549
3549
3549
3549
3549
3549
3549
3549
3549
3549
3133
3133
3133
3133
3133
3133
3133
3133
3133
3133
3133
3133
3133
3133
3133
3133
3133
3133
3133
3133
3133
3133
3133
3133
3133
3133
3133
3133
3133
3133
3133
3133
3133
3133
3133
3133
3133
3133
3133
3133
3133
3133
3133
3133
3133
3133
3133
3133
3133
3133
3133
3133
3133
3133
3133
3133
3133
3133
3133
3133
3133
3133
3133
3133
3133
3133
3063
3063
3063
3063
3063
3063
3063
3063
3063
3063
3063
3063
3063
3063
3063
3063
3063
3063
3063
3063
3063
3063
3063
3063
3063
3063
3063
3063
3063
3063
3063
3063
3063
3063
3063
3063
3063
3063
3063
3063
3063
3063
3063
3063
3063
3063
3063
3063
3063
3063
3063
3063
3063
3063
3063
3063
3063
3063
3063
3063
3063
3063
3063
3063
3063
3063
3063
3063
3063
3063
3063
3063
3063
3063
3063
3063
3063
3063
3063
3063
2924
2924
2924
2924
2924
2924
2924
2924
2924
2924
2924
2924
2924
2924
2924
2924
2924
2924
2924
2924
2924
2924
2924
2924
2924
2924
2924
2924
2924
2924
2924
2924
2924
2924
2924
2924
2924
2924
2924
2924
2924
2924
2924
2924
2924
2924
2924
2924
2924
2924
2924
2924
2924
2924
2924
2924
2924
2924
2924
2924
2924
2924
2924
2924
2924
2764
2764
2764
2764
2764
2764
2764
2764
2764
2764
2764
2764
2764
2764
2764
2764
2764
2764
2764
2764
2764
2764
2764
2764
2753
2753
2753
2753
2753
2753
2753
2753
2753
2753
2753
2753
2753
2753
2753
2753
2753
2753
2753
2753
2753
2753
2753
2753
2753
2753
2753
2740
2740
2740
2740
2740
2740
2740
2740
2740
2740
2740
2740
2740
2740
2740
2740
2740
2740
2740
2740
2693
2693
2693
2693
2693
2693
2693
2693
2693
2693
2693
2693
2693
2693
2693
2693
2693
2693
2693
2693
2693
2693
2693
2693
2693
2693
2693
2693
2693
2693
2693
2693
2693
2693
2693
2693
2693
2693
2693
2693
2693
2693
2693
2693
2693
2693
2693
2693
2693
2693
2693
2693
2693
2693
2693
2693
2693
2693
2693
2693
2693
2693
2693
2693
2693
2693
2693
2693
2693
2693
2693
2693
2693
2693
2693
2693
2693
2693
2693
2693
2693
2693
2693
2693
2693
2693
2693
2693
2682
2682
2682
2493
2493
2493
2493
2493
2493
2493
2493
2493
2493
2493
2493
2493
2493
2493
2493
2493
2493
2493
2493
2493
2493
2493
2493
2493
2493
2493
2493
2493
2493
2493
2493
2493
2493
2493
2493
2493
2406
2406
2406
2406
2406
2406
2406
2406
2406
2406
2406
2406
2406
2406
2406
2406
2406
2406
2406
2406
2406
2406
2406
2406
2406
2406
2406
2406
2406
2406
2406
2406
2406
2406
2406
2406
2406
2406
2406
2406
2406
2406
2406
2406
2406
2406
2406
2406
2406
2406
2406
2406
2368
2368
2368
2368
2354
2354
2354
2354
2354
2354
2354
2354
2354
2354
2354
2354
2354
2354
2354
2354
2354
2354
2354
2354
2354
2354
2354
2354
2354
2354
2354
2354
2354
2354
2354
2354
2354
2354
2354
2354
2354
2354
2354
2354
2354
2354
2354
2354
2354
2354
2354
2354
2354
2354
2354
2354
2354
2354
2354
2354
2308
2308
2308
2308
2308
2308
2308
2308
2308
2308
2308
2308
2308
2308
2308
2308
2284
2284
2284
2284
2284
2284
2284
2284
2284
2284
2284
2284
2284
2284
2284
2284
2284
2284
2284
2284
2284
2284
2284
2284
2284
2284
2284
2284
2284
2284
2284
2284
2284
2284
2284
2284
2284
2284
2284
2284
2284
2284
2284
2284
2284
2284
2284
2284
2284
2284
2284
2284
2284
2284
2284
2284
2284
2284
2284
2284
2284
2284
2284
2284
2284
2284
2284
2284
2284
2284
2284
2284
2284
2284
2284
2284
2284
2284
2284
2244
2244
2244
2244
2244
2244
2244
2244
2217
2217
2217
2217
2217
2217
2217
2217
2217
2217
2217
2217
2217
2217
2217
2217
2217
2217
2217
2217
2217
2217
2217
2217
2217
2217
2217
2217
2217
2217
2217
2217
2217
2217
2217
2217
2217
2217
2217
2217
2217
2217
2217
2217
2217
2217
2115
2115
2115
2115
2115
2115
2115
2115
2115
2115
2115
2115
2115
2115
2115
2115
2115
2115
2115
2115
2115
2115
2115
2115
2115
2115
2115
2115
2115
2115
2115
2115
2115
2115
2115
2115
2115
2115
2115
2115
2115
2115
2115
2115
2115
2115
2115
2115
2115
2115
2115
2115
2115
2115
2115
2115
2115
2115
2115
2115
2115
2115
2056
2056
2056
2056
2056
2056
2056
2056
2056
2056
2056
2056
2056
2056
2056
2056
2056
2056
2056
2056
2056
2056
2056
2056
2056
2056
2056
2056
2056
2056
2056
2056
2056
2056
2056
2056
2056
2056
2056
2056
2056
2056
2056
2056
2056
2056
2056
2056
2056
2056
2056
2056
2056
2056
2056
2056
2056
2056
2056
2056
2056
2056
2056
2056
2056
2056
2056
2056
2056
2056
2056
2056
2056
2056
2056
2056
2056
2056
2056
2056
2056
2056
2056
2056
2056
2056
2056
2056
2056
2056
2056
2056
2056
2017
2017
2017
2017
2017
2017
2017
2017
2017
2017
2017
2017
2017
2017
2017
2017
2017
2017
2017
2017
2017
2017
2017
2017
2017
2017
2017
2017
2017
2017
2017
2017
2017
2017
2017
2017
2017
2017
2017
2017
2017
2017
2017
2017
2017
2017
2017
2017
2017
2017
2017
2017
2017
2017
2017
2017
2017
2017
2017
2017
2017
2017
2017
2013
2013
2013
2013
2013
2013
2013
2013
2013
2013
2013
2013
2013
2013
2013
2013
1981
1981
1981
1981
1981
1981
1981
1981
1981
1981
1981
1981
1981
1981
1981
1981
1981
1981
1981
1981
1908
1908
1908
1908
1908
1908
1908
1908
1908
1908
1908
1908
1908
1908
1908
1908
1908
1908
1908
1908
1908
1908
1908
1908
1908
1908
1908
1908
1908
1908
1908
1908
1908
1908
1908
1908
1908
1908
1908
1908
1908
1908
1908
1908
1908
1908
1908
1908
1908
1908
1908
1908
1908
1908
1908
1908
1908
1908
1908
1908
1908
1908
1908
1908
1908
1908
1908
1908
1908
1908
1908
1908
1908
1908
1908
1908
1908
1908
1908
1908
1908
1908
1908
1908
1462
1462
1462
1462
1462
1462
1462
1462
1462
1462
1462
1462
1462
1462
1462
1462
1462
1462
1462
1460
1460
1460
1460
1460
1460
1460
1460
1460
1460
1460
1460
1460
1460
1460
1460
1460
1425
1425
1425
1425
1425
1425
1425
1425
1425
1425
1425
1425
1425
1425
1425
1425
1425
1425
1425
1425
1425
1425
1425
1425
1425
1425
1425
1425
1425
1425
1425
1425
1425
1425
1425
1425
1425
1425
1425
1425
1425
1425
1425
1425
1425
1425
1425
1425
1425
1425
1425
1425
1425
1425
1425
1425
1425
1425
1425
1425
1425
1425
1425
1425
1425
1425
1425
1425
1425
1425
1425
1425
1425
1425
1425
1425
1425
1425
1425
1425
1425
1425
1425
1425
1425
1425
1425
1425
1425
1425
1425
1425
1425
1425
1425
1425
1425
1425
1311
1311
1261
1261
1261
1261
1261
1261
1261
1261
1261
1261
1261
1261
1261
1261
1261
1261
1261
1261
1261
1261
1261
1261
1261
1261
1261
1261
1261
1261
1261
1261
1261
1261
1261
1261
1261
1261
1261
1261
1261
1261
1261
1261
1261
1261
1261
1261
1261
1261
1261
1261
1261
1261
1261
1261
1261
1261
1261
1261
1234
1234
1234
1234
1234
1234
1234
1234
1234
1234
1234
1223
1223
1223
1223
1223
1223
1223
1223
1223
1223
1223
1223
1223
1223
1223
1223
1223
1223
1223
1223
1223
1223
1223
1223
1223
1223
1223
1223
1223
1223
1223
1223
1223
1223
1223
1223
1223
1223
1223
1223
1223
1223
1223
1223
1223
1223
1223
1223
1223
1223
1223
1223
1223
1223
1223
1223
1223
1129
1129
1129
1129
1129
1129
1129
1129
1129
1129
1129
1129
1129
1129
1129
1129
1129
1129
1129
1113
1113
1113
1113
1113
1113
1113
1113
1113
1113
1113
1113
1113
1113
1113
1113
1113
1113
1113
1110
1110
1110
1110
1110
1110
1110
1110
1110
1106
1106
1106
1106
1106
1106
1106
1106
1106
1106
1106
1106
1106
1016
1016
1016
1016
1016
1016
1016
1016
1016
1016
1016
1016
1016
1016
1016
1016
1016
1016
1006
1006
1006
1006
1006
1006
1006
1006
1006
1006
1006
1006
1006
1006
1006
1006
1006
1006
1006
1006
1006
1006
1006
1006
1006
1006
1006
1006
1006
1006
1006
1006
1006
1006
1006
1006
1006
1006
1006
1006
1006
1006
1006
1006
1006
1006
1006
1006
1006
1006
1006
1006
1006
1006
1006
1006
1006
1006
1006
1006
1006
1006
1006
1006
1006
1006
1006
1006
1006
1006
1006
1006
1006
1006
1006
1006
1006
1006
1006
1006
1006
1006
1006
1006
1006
1006
1006
1006
1006
1006
1006
1006
1006
1006
1006
1006
1006
1006
1006
1006
789
789
789
789
789
789
789
789
789
789
789
789
789
789
789
789
789
789
789
789
789
789
789
789
789
789
789
789
789
783
783
783
783
783
783
783
783
783
783
783
783
783
783
783
783
713
713
713
713
476
476
476
476
476
476
476
476
476
476
476
476
476
476
476
476
476
476
476
476
476
476
476
476
476
476
476
476
476
476
476
476
476
476
476
476
476
476
476
476
476
476
476
476
476
476
476
476
476
476
476
476
476
476
476
476
476
476
476
476
476
476
476
476
476
476
476
476
476
476
476
476
476
461
461
461
461
461
461
461
461
401
395
395
395
395
395
395
395
395
395
395
395
395
376
376
376
376
376
376
376
376
376
376
376
376
376
376
376
376
376
376
376
376
376
376
376
376
376
376
376
376
376
376
376
376
376
376
376
376
376
376
376
376
376
376
376
376
376
376
376
376
376
376
376
376
376
376
376
376
376
376
376
376
376
376
376
376
376
376
376
376
376
376
376
376
376
264
264
264
264
264
264
264
264
264
264
264
264
264
264
264
264
264
264
264
264
264
264
264
264
264
264
264
264
264
264
181
181
181
181
181
181
181
181
181
181
181
181
181
181
181
181
181
181
181
181
181
181
181
181
181
181
181
181
181
181
181
181
181
181
181
181
181
181
181
181
181
181
181
181
181
181
181
181
181
181
181
181
181
181
181
181
181
181
181
181
181
181
181
181
181
181
181
181
181
181
181
181
181
181
181
181
181
181
181
181
181
181
181
181
181
181
48
48
48
48
48
48
48
48
48
48
48
48
48
48
48
48
48
48
48
48
48
48
48
48
48
48
48
48
48
48
48
48
48
48
48
48
48
48
48
48
48
48
48
48
48
48
48
48
48
48
48
48
48
48
48
48
48
48
48
48
48
43
43
43
43
43
43
43
43
43
43
43
43
43
43
43
43
43
43
43
43
43
43
43
43
43
43
43
43
43
43
43
43
43
43
43
43
43
43
43
43
43
43
43
43
43
43
43
43
43
43
43
43
43
43
43
43
43
43
43
43
43
43
