1546
10000
4974
4974
4974
4974
4974
4974
4974
4974
4974
4974
4974
4974
4974
4974
4974
4974
4974
4974
4974
4936
4936
4936
4936
4936
4936
4936
4936
4936
4936
4936
4936
4910
4910
4910
4910
4910
4910
4910
4910
4910
4910
4910
4910
4910
4910
4910
4910
4910
4910
4910
4892
4892
4892
4892
4892
4892
4892
4892
4892
4892
4892
4892
4892
4892
4892
4892
4892
4891
4891
4891
4891
4891
4891
4891
4891
4891
4891
4857
4857
4857
4857
4857
4857
4857
4857
4857
4795
4795
4795
4795
4795
4795
4795
4795
4795
4766
4766
4766
4766
4766
4766
4766
4766
4766
4766
4766
4766
4766
4766
4766
4741
4741
4741
4741
4741
4741
4741
4741
4741
4741
4741
4741
4741
4741
4741
4741
4741
4741
4741
4596
4596
4596
4596
4596
4596
4596
4596
4596
4596
4596
4596
4596
4596
4589
4589
4589
4589
4589
4589
4589
4589
4589
4589
4589
4589
4589
4589
4589
4589
4589
4589
4589
4536
4536
4536
4536
4536
4536
4536
4536
4536
4535
4535
4496
4496
4496
4496
4496
4496
4496
4496
4496
4496
4496
4496
4496
4496
4496
4496
4496
4446
4446
4446
4446
4446
4446
4446
4446
4446
4446
4446
4446
4446
4446
4446
4446
4446
4446
4446
4383
4383
4383
4383
4383
4383
4383
4383
4383
4383
4383
4365
4325
4325
4325
4325
4325
4325
4232
4232
4232
4232
4232
4232
4232
4232
4232
4232
4232
4232
4232
4232
4232
4232
4232
4232
4232
4232
4192
4192
4192
4192
4192
4192
4192
4192
4192
4192
4192
4192
4192
4192
4192
4192
4184
4184
4184
4184
4184
4184
4184
4184
4184
4184
4184
4184
4184
4184
4184
4184
4141
4141
4141
4141
4141
4141
4141
4141
4141
4141
4141
4139
4139
4139
4139
4139
4139
4133
4133
4133
4127
4127
4127
4127
4097
4097
4097
4097
4097
4097
4097
4097
4097
4097
4097
4097
4097
4074
4072
3990
3931
3931
3931
3931
3931
3931
3931
3931
3931
3931
3931
3931
3931
3895
3869
3869
3869
3869
3869
3869
3869
3869
3869
3867
3867
3867
3867
3867
3867
3867
3867
3867
3867
3841
3841
3841
3841
3841
3841
3841
3841
3841
3841
3841
3841
3841
3771
3771
3771
3771
3771
3749
3749
3749
3749
3749
3749
3749
3749
3749
3749
3720
3720
3720
3720
3720
3720
3720
3720
3720
3720
3720
3720
3720
3720
3720
3720
3720
3720
3720
3720
3720
3720
3720
3697
3697
3697
3697
3697
3697
3697
3697
3697
3697
3697
3697
3697
3697
3697
3663
3663
3663
3663
3663
3663
3635
3635
3635
3635
3635
3635
3635
3635
3635
3635
3635
3635
3635
3625
3625
3625
3625
3625
3625
3625
3625
3625
3625
3605
3605
3605
3605
3605
3605
3593
3593
3593
3593
3593
3593
3593
3593
3543
3543
3543
3543
3543
3543
3543
3543
3543
3543
3543
3543
3543
3543
3543
3535
3535
3527
3527
3527
3527
3527
3527
3527
3527
3527
3527
3527
3516
3516
3516
3516
3516
3516
3516
3516
3516
3516
3516
3516
3516
3494
3494
3494
3494
3494
3494
3494
3494
3494
3494
3494
3494
3494
3494
3494
3494
3345
3345
3345
3345
3345
3345
3345
3345
3345
3345
3316
3284
3284
3284
3252
3252
3252
3252
3252
3252
3252
3252
3252
3252
3252
3248
3248
3248
3248
3248
3248
3248
3248
3248
3248
3248
3248
3248
3228
3228
3228
3228
3228
3228
3228
3228
3228
3228
3190
3190
3190
3190
3190
3190
3190
3190
3190
3190
3190
3190
3190
3190
3190
3190
3190
3177
3177
3177
3177
3177
3177
3177
3177
3177
3177
3177
3177
3177
3177
3177
3116
3116
3116
3075
3075
3075
3075
3075
3075
3075
3075
3075
3075
3075
3075
3075
3000
3000
3000
3000
3000
3000
3000
3000
3000
3000
3000
3000
3000
3000
3000
3000
3000
3000
3000
3000
2977
2977
2977
2977
2977
2977
2977
2977
2977
2977
2977
2977
2977
2953
2953
2953
2953
2953
2953
2953
2953
2953
2953
2953
2953
2953
2901
2901
2901
2901
2901
2901
2901
2901
2901
2901
2901
2901
2901
2901
2901
2901
2901
2876
2876
2876
2876
2836
2836
2836
2836
2836
2836
2836
2836
2836
2836
2836
2834
2834
2834
2834
2834
2834
2834
2834
2834
2834
2834
2804
2804
2804
2781
2781
2781
2781
2781
2781
2781
2781
2738
2738
2738
2738
2738
2738
2738
2738
2738
2738
2738
2728
2728
2728
2728
2728
2728
2728
2728
2728
2728
2728
2728
2728
2728
2728
2728
2728
2728
2728
2728
2675
2675
2675
2675
2675
2675
2675
2675
2675
2675
2675
2675
2675
2675
2675
2625
2625
2625
2625
2625
2625
2625
2625
2625
2625
2625
2625
2625
2625
2625
2625
2625
2625
2620
2620
2620
2620
2620
2620
2620
2620
2620
2620
2620
2620
2620
2620
2608
2608
2608
2608
2608
2608
2608
2608
2608
2608
2608
2608
2608
2608
2608
2608
2608
2608
2608
2608
2536
2536
2536
2536
2536
2536
2536
2536
2536
2536
2536
2536
2531
2531
2531
2531
2531
2531
2531
2531
2531
2531
2531
2531
2531
2531
2531
2531
2525
2525
2525
2525
2525
2525
2525
2525
2525
2462
2462
2462
2462
2462
2462
2462
2462
2462
2462
2462
2462
2462
2462
2462
2462
2462
2462
2462
2362
2360
2360
2360
2360
2360
2360
2360
2360
2360
2360
2360
2360
2360
2360
2360
2360
2360
2326
2326
2326
2326
2326
2326
2326
2286
2286
2286
2286
2286
2286
2286
2286
2255
2255
2196
2196
2196
2196
2196
2196
2196
2196
2196
2196
2196
2196
2196
2196
2140
2140
2112
2112
2112
2112
2112
2112
2112
2112
2112
2112
2112
2112
2102
2102
2102
2102
2102
2102
2102
2102
2102
2102
2102
2102
2102
2102
2102
2102
2102
2102
2092
2092
2092
2092
2092
2092
2092
2089
2087
2087
2087
2087
2087
2087
2087
2087
2087
2009
2009
2009
2009
2009
2009
2009
2009
2009
2009
2009
2009
2009
2009
2009
2009
2009
2009
1982
1982
1982
1982
1956
1956
1956
1956
1956
1956
1956
1956
1956
1956
1956
1956
1956
1956
1956
1956
1956
1956
1956
1935
1935
1935
1935
1935
1935
1935
1935
1935
1935
1935
1935
1935
1935
1935
1935
1935
1935
1899
1899
1899
1796
1796
1796
1796
1796
1796
1796
1796
1796
1796
1796
1762
1762
1762
1762
1762
1762
1762
1762
1762
1762
1762
1762
1762
1762
1755
1755
1753
1753
1753
1753
1753
1753
1753
1753
1753
1753
1753
1753
1753
1753
1689
1689
1689
1689
1689
1689
1674
1667
1667
1667
1667
1667
1667
1667
1667
1667
1667
1667
1667
1667
1667
1667
1667
1667
1667
1667
1667
1643
1643
1643
1613
1613
1613
1613
1613
1611
1611
1611
1611
1611
1611
1611
1611
1611
1611
1611
1611
1611
1611
1611
1611
1611
1513
1463
1463
1463
1463
1463
1463
1463
1463
1463
1463
1463
1463
1463
1463
1463
1463
1463
1463
1463
1463
1442
1442
1442
1442
1442
1442
1429
1429
1429
1429
1429
1389
1389
1389
1389
1389
1378
1378
1378
1378
1378
1378
1378
1308
1308
1308
1308
1308
1308
1208
1208
1208
1208
1208
1208
1208
1208
1208
1208
1208
1208
1208
1133
1133
1133
1133
1133
1133
1133
1133
1133
1133
1133
1092
1092
1092
1092
1092
1092
1092
1092
1055
1055
1055
1055
1055
1055
1055
1055
1055
1055
1055
1055
1055
1055
1055
1055
1055
1055
1026
1026
1026
1026
1026
1026
1026
1026
1026
1026
1026
1026
1026
1026
1026
1026
974
974
906
906
906
906
906
906
906
906
906
906
906
906
906
906
906
906
906
904
904
904
904
904
904
904
904
904
904
904
904
904
904
904
877
877
877
877
877
818
818
818
818
818
818
818
801
778
778
778
778
778
778
762
762
762
762
762
762
762
762
762
762
762
762
762
762
762
762
746
746
746
746
746
746
746
746
746
746
746
746
746
746
746
746
722
722
722
722
722
722
722
722
722
722
722
722
722
722
722
722
713
713
684
681
681
681
681
681
681
681
681
681
681
681
681
681
681
681
681
681
681
681
673
673
647
647
647
647
647
647
647
647
647
647
647
583
583
583
583
583
583
568
568
568
568
568
568
568
568
568
568
568
568
568
568
568
568
568
568
561
561
561
561
561
561
561
561
561
561
561
561
457
457
457
457
457
457
457
345
345
345
345
345
345
345
345
345
345
293
293
293
293
293
293
293
293
293
293
285
285
285
285
285
285
285
285
273
273
273
195
195
195
195
195
195
195
195
195
195
195
195
195
195
195
195
195
185
185
185
185
185
185
185
185
185
185
185
185
185
185
185
185
185
185
185
185
169
169
169
169
169
158
158
158
158
158
158
158
158
158
158
158
158
158
158
158
145
145
145
145
145
145
145
145
126
68
68
68
68
68
68
68
68
68
68
68
68
68
68
37
37
37
37
37
37
37
37
37
29
29
29
29
29
29
29
29
29
29
