1090
10000
4945
4945
4945
4945
4945
4945
4945
4945
4945
4945
4924
4924
4924
4853
4853
4853
4832
4832
4832
4832
4832
4832
4832
4832
4832
4832
4832
4832
4832
4832
4832
4832
4832
4806
4806
4806
4806
4806
4806
4806
4806
4806
4806
4806
4806
4791
4791
4791
4791
4791
4791
4791
4791
4791
4791
4791
4791
4791
4791
4791
4791
4791
4791
4791
4543
4543
4543
4543
4543
4543
4543
4543
4543
4543
4543
4543
4543
4543
4531
4531
4531
4531
4531
4531
4531
4531
4531
4531
4531
4531
4531
4531
4531
4531
4531
4531
4531
4509
4509
4509
4509
4509
4509
4509
4509
4509
4509
4509
4509
4466
4466
4466
4466
4466
4466
4466
4466
4466
4466
4466
4466
4466
4466
4466
4466
4456
4456
4456
4456
4456
4456
4456
4456
4456
4456
4456
4456
4456
4456
4416
4416
4416
4416
4416
4416
4416
4416
4398
4398
4398
4397
4397
4397
4397
4397
4397
4397
4397
4397
4397
4397
4397
4397
4373
4373
4373
4373
4373
4373
4373
4373
4373
4373
4373
4373
4373
4373
4373
4373
4373
4373
4228
4228
4228
4228
4228
4228
4228
4228
4228
4228
4228
4228
4228
4145
4145
4145
4145
4145
4145
4145
4145
4106
4106
4106
4106
4106
4106
4106
4106
4106
4106
4106
4106
4106
4106
4106
4106
4106
4104
4104
4104
4104
4104
4104
4104
4104
4104
4104
4104
4104
4104
4103
4103
4103
4103
4090
4090
4090
4090
4090
4090
4090
4090
4090
4090
4090
4090
4090
4090
4090
4090
4090
4090
4090
4090
4021
4021
4021
4021
4021
4021
4021
4021
4021
4021
4021
4021
3978
3978
3978
3978
3978
3978
3978
3978
3978
3978
3978
3978
3978
3978
3978
3978
3978
3978
3978
3826
3826
3826
3826
3826
3826
3826
3805
3805
3805
3805
3805
3805
3805
3805
3805
3805
3805
3805
3805
3799
3799
3799
3799
3799
3799
3799
3799
3799
3799
3799
3799
3799
3799
3799
3799
3799
3671
3671
3671
3622
3622
3622
3622
3622
3622
3622
3622
3622
3622
3622
3622
3622
3622
3562
3562
3562
3562
3562
3562
3562
3562
3562
3562
3562
3562
3562
3562
3562
3562
3562
3562
3456
3456
3456
3401
3401
3401
3401
3401
3401
3384
3384
3384
3384
3384
3384
3357
3357
3357
3357
3357
3357
3357
3357
3357
3357
3357
3357
3357
3303
3303
3303
3298
3298
3298
3298
3298
3298
3298
3298
3298
3298
3259
3259
3259
3259
3259
3259
3259
3259
3259
3259
3259
3259
3259
3259
3259
3259
3259
3259
3254
3254
3254
3254
3254
3254
3254
3254
3254
3254
3254
3254
3254
3254
3254
3152
3152
3152
3152
3152
3152
3152
3152
3152
3152
3152
3152
3152
3147
3147
3147
3130
3130
3130
3130
3130
3130
3130
3130
3076
3076
3031
3031
3031
3031
3031
3031
3031
3031
3031
3031
3031
3031
3031
3031
3031
3031
3031
3031
3031
2995
2995
2936
2936
2936
2936
2931
2931
2931
2931
2931
2931
2931
2931
2931
2931
2931
2931
2931
2931
2931
2931
2857
2857
2857
2857
2857
2857
2857
2857
2857
2857
2857
2857
2786
2786
2786
2786
2786
2786
2786
2786
2786
2786
2786
2786
2786
2786
2786
2786
2786
2786
2786
2687
2687
2687
2652
2652
2652
2652
2652
2652
2652
2652
2652
2652
2652
2652
2652
2582
2582
2582
2582
2582
2582
2582
2582
2582
2582
2582
2582
2582
2582
2582
2582
2582
2582
2582
2582
2575
2575
2452
2452
2452
2452
2452
2452
2452
2452
2452
2452
2452
2452
2452
2452
2412
2412
2412
2412
2412
2412
2412
2412
2412
2412
2412
2412
2412
2412
2412
2412
2412
2412
2412
2412
2401
2401
2401
2401
2401
2401
2401
2401
2401
2401
2401
2401
2401
2401
2379
2379
2379
2379
2379
2379
2379
2379
2301
2301
2301
2301
2301
2301
2301
2301
2301
2301
2301
2301
2301
2301
2301
2296
2296
2296
2296
2296
2296
2296
2296
2296
2296
2296
2296
2296
2268
2268
2268
2268
2268
2268
2268
2268
2268
2268
2268
2268
2268
2268
2268
2268
2268
2248
2248
2248
2248
2248
2248
2248
2248
2248
2248
2248
2248
2248
2248
2248
2248
2242
2242
2242
2242
2242
2242
2180
2180
2180
2180
2180
2180
2180
2180
2180
2180
2180
2180
2180
2180
2180
2180
2180
2180
2180
2180
2103
2103
2103
2103
2103
2103
2103
2103
2103
2103
2103
2103
2103
2103
2103
2055
2055
2055
2055
2055
2055
2055
2055
2055
2055
2055
2055
2055
2055
2055
2047
2047
1984
1984
1984
1984
1984
1984
1984
1984
1984
1984
1984
1984
1984
1984
1984
1984
1984
1984
1984
1984
1962
1962
1962
1962
1962
1962
1962
1962
1962
1962
1962
1962
1962
1962
1962
1962
1962
1904
1904
1904
1904
1904
1904
1904
1904
1790
1790
1790
1790
1790
1790
1790
1685
1685
1685
1685
1685
1685
1685
1685
1685
1685
1685
1685
1657
1657
1657
1594
1594
1594
1594
1594
1594
1594
1594
1594
1594
1594
1594
1594
1594
1594
1594
1594
1594
1594
1594
1589
1589
1589
1589
1532
1532
1532
1532
1532
1532
1532
1506
1506
1506
1506
1506
1506
1506
1463
1463
1463
1463
1463
1463
1463
1463
1463
1463
1452
1452
1452
1452
1452
1452
1452
1452
1452
1452
1452
1440
1440
1440
1440
1440
1440
1440
1440
1440
1440
1440
1440
1440
1440
1432
1432
1432
1432
1432
1432
1432
1420
1420
1420
1420
1420
1420
1420
1420
1420
1420
1420
1420
1420
1420
1367
1367
1367
1367
1367
1367
1367
1367
1367
1367
1367
1367
1367
1367
1367
1367
1367
1214
1214
1213
1213
1213
1122
1122
1122
1122
1122
1122
1084
1084
1084
1084
1084
1084
1084
1084
1084
1084
1084
1084
1084
1084
1084
1084
1084
1084
1084
980
974
974
974
974
974
974
974
974
974
974
974
974
974
931
929
929
929
929
929
929
929
929
929
929
929
929
929
929
929
929
929
893
893
893
893
893
801
801
801
801
801
801
801
801
801
795
795
795
795
795
795
795
795
795
795
795
795
795
795
795
795
795
795
578
578
578
578
578
578
578
578
578
578
578
578
578
578
578
578
578
578
578
578
523
523
523
523
523
440
440
440
440
440
423
423
423
423
423
423
423
423
423
423
423
423
423
423
423
410
410
410
410
410
280
280
280
280
280
246
246
246
246
246
246
246
246
246
107
107
107
107
107
107
107
107
107
107
