4679
10000
4904
4904
4904
4904
4904
4904
4904
4904
4896
4896
4896
4896
4896
4896
4896
4896
4896
4896
4896
4896
4896
4896
4896
4896
4896
4896
4896
4896
4896
4877
4877
4877
4877
4877
4877
4877
4877
4877
4877
4877
4877
4877
4877
4877
4877
4877
4877
4877
4877
4877
4877
4877
4877
4877
4877
4877
4877
4877
4784
4784
4784
4784
4784
4784
4784
4784
4784
4784
4784
4784
4784
4784
4784
4672
4672
4672
4672
4672
4672
4672
4672
4672
4672
4672
4672
4672
4672
4672
4672
4672
4672
4672
4672
4672
4672
4672
4672
4672
4672
4547
4547
4547
4547
4547
4547
4547
4547
4547
4547
4547
4547
4547
4547
4547
4547
4547
4547
4547
4547
4547
4547
4547
4547
4547
4547
4547
4547
4547
4547
4547
4547
4547
4547
4547
4547
4547
4547
4547
4547
4547
4547
4547
4547
4547
4547
4517
4517
4517
4517
4517
4517
4517
4517
4517
4517
4517
4517
4517
4517
4517
4517
4517
4517
4517
4517
4517
4517
4517
4517
4517
4517
4517
4517
4517
4517
4517
4517
4517
4517
4517
4517
4517
4517
4517
4517
4517
4517
4517
4517
4517
4517
4517
4517
4517
4517
4517
4517
4517
4517
4517
4517
4517
4517
4457
4457
4457
4457
4457
4457
4457
4457
4457
4457
4457
4457
4457
4457
4457
4457
4457
4457
4457
4457
4457
4457
4457
4457
4457
4457
4457
4457
4457
4457
4457
4457
4457
4457
4457
4457
4457
4457
4457
4457
4348
4348
4348
4348
4348
4348
4348
4348
4348
4348
4348
4348
4348
4348
4348
4348
4348
4348
4348
4348
4348
4348
4348
4348
4348
4348
4348
4348
4348
4348
4348
4348
4348
4348
4348
4348
4348
4348
4348
4348
4348
4348
4230
4230
4230
4230
4230
4230
4230
4230
4230
4230
4230
4230
4230
4230
4230
4230
4230
4230
4230
4230
4230
4230
4230
4230
4230
4230
4230
4230
4230
4230
4230
4230
4230
4230
4230
4230
4230
4230
4230
4230
4230
4230
4230
4230
4230
4230
4230
4230
4230
4230
4230
4230
4230
4230
4230
4230
4230
4230
4230
4230
4230
4230
4230
4230
4230
4230
4230
4230
4230
4230
4230
4149
4149
4149
4149
4149
4149
4149
4149
4149
4149
4149
4149
4149
4149
4149
4149
4149
4149
4149
4149
4149
4149
4149
4149
4149
4149
4149
4149
4149
4149
4149
4149
4149
4149
4149
4149
4149
4149
4149
4149
4149
4149
4149
4149
4149
4149
4149
4149
4149
4149
4149
4149
4149
4149
4149
4149
4149
4149
4149
4149
4149
4149
4149
4149
4149
4149
4149
4149
4149
4149
4149
4149
4149
4149
4149
4149
4149
4149
4149
4149
4149
4149
4125
4125
4125
4125
4125
4125
4125
4125
4125
4125
4125
4125
4125
4125
4125
4125
4125
4125
4125
4125
4125
4125
4125
4125
4125
4125
4125
4125
4125
4125
4125
4125
4125
4125
4125
4125
4125
4125
4125
4125
4125
4125
4125
4125
4125
4125
4125
4125
4125
4125
4125
4125
4125
4125
4125
4125
4125
4125
4125
4125
4125
4125
4125
4125
4125
4125
4125
4125
4028
4028
4028
4028
4028
4028
4028
4028
4028
4028
4028
4028
4028
4028
4028
4028
4028
4028
4028
4028
4028
4028
4028
4028
4028
4028
4028
4028
4028
4028
4028
4028
4028
4028
4028
4028
4028
4028
4028
4028
4028
4028
4028
4028
4028
4028
4028
4028
4028
4028
4028
4028
4028
4028
4028
4028
4028
4028
4028
4028
4028
4028
4028
4028
4028
4028
4028
4028
3990
3990
3990
3990
3990
3990
3990
3990
3990
3990
3990
3990
3990
3990
3990
3990
3990
3990
3990
3990
3990
3990
3990
3990
3990
3990
3990
3990
3990
3990
3990
3990
3990
3990
3990
3990
3990
3926
3926
3926
3926
3926
3909
3909
3909
3909
3909
3909
3909
3909
3909
3909
3909
3909
3909
3909
3909
3909
3909
3909
3909
3909
3909
3909
3909
3909
3909
3909
3909
3909
3909
3909
3909
3909
3909
3909
3909
3909
3909
3909
3909
3909
3909
3909
3909
3909
3909
3909
3909
3909
3909
3909
3909
3909
3909
3909
3909
3909
3909
3909
3909
3909
3909
3909
3909
3909
3909
3909
3909
3909
3909
3909
3909
3909
3909
3909
3909
3909
3909
3909
3909
3909
3909
3909
3909
3899
3899
3899
3899
3899
3899
3899
3899
3899
3899
3899
3899
3899
3899
3899
3899
3899
3899
3899
3899
3899
3899
3899
3899
3899
3899
3899
3899
3899
3899
3899
3899
3899
3899
3899
3899
3899
3899
3899
3899
3899
3899
3899
3899
3899
3899
3899
3899
3899
3899
3899
3899
3899
3899
3899
3899
3899
3899
3899
3899
3899
3899
3899
3899
3899
3899
3899
3899
3899
3899
3899
3899
3899
3899
3899
3899
3899
3899
3899
3899
3899
3899
3899
3899
3899
3899
3899
3899
3899
3899
3899
3899
3899
3899
3887
3887
3887
3887
3887
3887
3887
3887
3887
3887
3887
3887
3887
3887
3887
3887
3887
3887
3887
3887
3887
3887
3887
3887
3887
3887
3887
3887
3887
3887
3887
3887
3887
3887
3887
3887
3887
3887
3887
3887
3887
3887
3887
3887
3887
3887
3887
3887
3887
3887
3887
3887
3887
3887
3887
3887
3887
3887
3887
3887
3887
3887
3887
3887
3887
3887
3887
3887
3887
3887
3887
3887
3887
3887
3884
3884
3884
3884
3884
3884
3884
3884
3884
3884
3884
3884
3884
3884
3884
3884
3884
3884
3884
3884
3884
3884
3884
3884
3884
3884
3884
3884
3884
3884
3884
3884
3884
3884
3884
3884
3884
3884
3855
3855
3855
3855
3855
3855
3855
3855
3855
3855
3855
3855
3855
3855
3855
3855
3855
3855
3855
3855
3855
3855
3855
3855
3855
3855
3855
3855
3855
3855
3855
3855
3855
3855
3855
3855
3855
3855
3855
3855
3855
3855
3808
3808
3808
3808
3808
3808
3808
3808
3775
3775
3775
3775
3775
3775
3775
3775
3775
3775
3775
3775
3775
3775
3775
3775
3775
3775
3775
3775
3775
3775
3775
3775
3775
3775
3775
3775
3775
3775
3775
3775
3775
3775
3775
3750
3750
3750
3750
3750
3750
3750
3750
3750
3750
3750
3750
3750
3750
3750
3750
3750
3750
3750
3750
3750
3750
3750
3750
3750
3750
3750
3750
3750
3750
3750
3750
3750
3750
3750
3750
3750
3750
3750
3750
3750
3750
3750
3750
3750
3750
3750
3750
3750
3750
3750
3750
3750
3750
3750
3750
3750
3750
3750
3750
3750
3750
3750
3750
3750
3750
3750
3750
3750
3750
3750
3750
3729
3729
3729
3729
3729
3729
3729
3729
3729
3729
3729
3729
3729
3729
3729
3729
3729
3729
3729
3729
3729
3729
3729
3729
3729
3729
3729
3729
3729
3729
3729
3729
3729
3729
3729
3729
3729
3729
3729
3729
3729
3729
3729
3729
3729
3729
3729
3729
3729
3729
3729
3729
3729
3729
3729
3729
3729
3729
3729
3729
3729
3729
3729
3729
3729
3729
3721
3721
3721
3721
3721
3721
3721
3721
3721
3721
3721
3721
3721
3721
3721
3721
3721
3721
3721
3721
3721
3721
3721
3721
3721
3721
3721
3721
3721
3721
3721
3721
3721
3721
3721
3721
3721
3721
3721
3721
3721
3721
3721
3721
3721
3721
3721
3721
3721
3721
3721
3721
3721
3721
3721
3721
3721
3721
3721
3721
3721
3721
3721
3721
3721
3721
3721
3721
3721
3721
3721
3721
3721
3721
3721
3721
3721
3721
3721
3721
3721
3721
3721
3721
3721
3721
3721
3721
3721
3721
3721
3721
3721
3721
3721
3721
3721
3721
3721
3721
3720
3720
3720
3720
3720
3720
3720
3720
3720
3720
3720
3720
3720
3720
3720
3720
3720
3720
3720
3720
3720
3720
3720
3720
3720
3720
3720
3720
3720
3720
3720
3720
3720
3720
3720
3720
3720
3720
3720
3720
3720
3720
3720
3720
3720
3720
3720
3720
3720
3720
3720
3720
3720
3720
3720
3720
3720
3720
3720
3720
3720
3720
3720
3720
3720
3720
3720
3720
3720
3720
3720
3720
3720
3720
3720
3720
3720
3720
3720
3720
3720
3720
3710
3710
3710
3710
3710
3710
3710
3710
3710
3710
3710
3710
3710
3710
3710
3710
3710
3710
3710
3710
3710
3710
3710
3710
3710
3710
3710
3710
3710
3710
3710
3710
3710
3710
3710
3710
3710
3710
3710
3710
3710
3710
3710
3710
3710
3710
3710
3710
3710
3710
3710
3710
3710
3710
3710
3710
3710
3710
3710
3710
3710
3710
3710
3710
3710
3710
3710
3710
3710
3710
3710
3710
3710
3710
3710
3710
3710
3710
3710
3710
3710
3710
3710
3710
3710
3710
3710
3710
3710
3710
3710
3710
3710
3710
3710
3710
3710
3710
3710
3710
3701
3701
3701
3701
3701
3701
3701
3701
3701
3701
3701
3701
3701
3701
3701
3701
3701
3701
3701
3701
3701
3701
3701
3701
3701
3701
3701
3701
3701
3701
3701
3701
3701
3701
3701
3701
3568
3568
3568
3568
3568
3568
3568
3568
3568
3568
3568
3568
3568
3568
3568
3568
3568
3568
3568
3568
3568
3568
3568
3568
3568
3568
3568
3568
3568
3568
3568
3568
3568
3568
3568
3568
3568
3568
3568
3568
3568
3568
3568
3568
3568
3568
3568
3568
3568
3568
3568
3568
3568
3543
3543
3543
3543
3543
3543
3543
3543
3543
3543
3543
3543
3543
3543
3543
3543
3543
3543
3543
3543
3543
3543
3543
3543
3543
3543
3543
3543
3543
3543
3543
3543
3543
3543
3543
3543
3543
3543
3543
3543
3543
3543
3543
3543
3543
3543
3543
3543
3543
3543
3543
3543
3543
3543
3543
3543
3543
3543
3543
3543
3543
3543
3543
3543
3543
3543
3543
3543
3543
3543
3543
3543
3543
3543
3543
3543
3543
3543
3543
3543
3543
3531
3531
3531
3531
3531
3531
3531
3531
3531
3531
3531
3531
3531
3531
3531
3531
3531
3531
3528
3528
3528
3528
3528
3528
3494
3494
3494
3494
3494
3494
3494
3494
3494
3494
3494
3494
3494
3494
3494
3494
3494
3494
3494
3494
3494
3494
3494
3494
3494
3494
3494
3494
3494
3494
3494
3494
3494
3494
3494
3494
3494
3397
3397
3397
3397
3397
3397
3397
3397
3397
3397
3397
3397
3397
3397
3397
3397
3397
3397
3397
3397
3397
3397
3397
3397
3397
3397
3397
3397
3397
3397
3397
3397
3397
3397
3397
3397
3397
3397
3397
3397
3397
3397
3397
3397
3397
3397
3397
3397
3397
3397
3397
3397
3397
3389
3245
3245
3245
3245
3245
3211
3211
3211
3211
3211
3211
3211
3211
3211
3211
3211
3211
3211
3211
3211
3211
3211
3211
3211
3211
3211
3211
3211
3211
3211
3211
3211
3191
3191
3191
3191
3191
3191
3191
3191
3191
3191
3191
3191
3191
3191
3191
3191
3191
3191
3191
3191
3191
3191
3191
3191
3191
3191
3191
3191
3191
3191
3191
3191
3191
3191
3191
3191
3191
3191
3191
3191
3191
3191
3191
3191
3191
3191
3191
3191
3191
3191
3173
3173
3173
3173
3173
3173
3173
3173
3173
3173
3173
3173
3173
3173
3173
3173
3173
3173
3173
3173
3173
3173
3173
3071
3071
3071
3071
3071
3071
3071
3071
3071
3071
3071
3071
3071
3071
3071
3071
3071
3071
3071
3071
3071
3071
3071
3071
3071
3071
3071
3071
3071
3071
3071
3071
3071
3071
3058
3058
3058
3058
3058
3058
3058
3058
3058
3058
3058
3058
3058
3058
3058
3058
3058
3058
3058
3058
3058
3058
3058
3058
3058
3058
3058
3058
3058
3058
3058
3058
3058
3058
3058
3058
3058
3058
3058
3058
3058
3058
3058
3058
3058
3026
3026
3026
3026
3026
3026
3026
3026
3026
3026
3026
3026
3026
3026
3026
3026
3026
3026
3026
3026
3026
3026
3026
3026
3026
3026
3026
3026
3026
3026
3026
3026
3026
3026
3026
3026
3026
3026
3026
3026
3026
3026
3026
3026
3026
3026
3026
3026
3026
3026
3026
3026
3026
3026
3026
3026
3026
3026
2965
2965
2965
2965
2965
2965
2965
2965
2965
2965
2965
2965
2910
2910
2910
2910
2910
2910
2910
2908
2908
2908
2908
2908
2908
2908
2908
2908
2908
2908
2908
2908
2908
2908
2908
2908
2908
2908
2908
2908
2908
2908
2908
2908
2908
2908
2908
2908
2908
2908
2908
2908
2908
2908
2908
2908
2908
2908
2908
2908
2908
2908
2908
2908
2908
2908
2908
2908
2908
2908
2908
2908
2863
2863
2863
2863
2863
2863
2863
2863
2863
2863
2863
2863
2863
2863
2863
2863
2863
2863
2863
2863
2863
2863
2863
2843
2779
2779
2779
2779
2779
2779
2779
2779
2779
2779
2779
2779
2779
2779
2779
2779
2779
2779
2779
2779
2779
2779
2779
2779
2779
2779
2779
2779
2779
2779
2779
2779
2779
2779
2779
2779
2779
2779
2779
2779
2779
2779
2779
2779
2779
2779
2779
2779
2779
2779
2779
2779
2779
2779
2779
2779
2779
2779
2779
2779
2759
2759
2759
2759
2759
2759
2759
2759
2759
2759
2759
2759
2759
2759
2759
2759
2759
2759
2759
2759
2759
2759
2759
2759
2672
2672
2659
2659
2659
2659
2659
2659
2659
2659
2659
2659
2659
2659
2659
2659
2659
2659
2659
2659
2659
2659
2659
2659
2659
2659
2659
2659
2659
2659
2659
2659
2659
2659
2659
2659
2659
2659
2659
2659
2659
2659
2659
2659
2659
2659
2659
2659
2659
2659
2659
2659
2659
2659
2659
2659
2659
2659
2659
2659
2659
2659
2659
2659
2659
2659
2659
2659
2659
2659
2659
2659
2659
2659
2659
2659
2659
2659
2659
2659
2659
2659
2659
2659
2659
2659
2659
2659
2659
2659
2659
2659
2659
2659
2659
2659
2659
2659
2659
2659
2659
2613
2613
2613
2613
2613
2613
2613
2613
2613
2613
2613
2613
2613
2613
2613
2613
2613
2613
2613
2613
2613
2613
2613
2613
2613
2613
2613
2613
2613
2613
2613
2613
2613
2613
2613
2613
2613
2613
2613
2613
2613
2613
2613
2613
2613
2613
2613
2613
2613
2613
2613
2613
2613
2613
2613
2613
2613
2613
2613
2613
2613
2613
2613
2613
2613
2613
2613
2613
2613
2613
2613
2613
2613
2613
2613
2613
2613
2613
2613
2613
2613
2613
2613
2613
2613
2519
2519
2519
2519
2519
2519
2519
2519
2519
2519
2519
2519
2519
2519
2519
2519
2519
2519
2519
2519
2519
2519
2507
2507
2507
2507
2507
2507
2507
2507
2507
2507
2507
2507
2507
2507
2507
2507
2507
2507
2507
2507
2507
2507
2507
2507
2507
2507
2507
2507
2507
2507
2507
2507
2507
2507
2507
2507
2507
2507
2507
2507
2507
2507
2507
2507
2507
2507
2507
2507
2507
2507
2507
2507
2507
2507
2507
2507
2507
2507
2507
2507
2507
2507
2507
2507
2507
2507
2507
2507
2507
2507
2507
2507
2507
2507
2507
2507
2507
2507
2507
2497
2497
2497
2497
2497
2497
2497
2497
2497
2497
2497
2497
2497
2497
2429
2429
2429
2429
2429
2429
2345
2345
2345
2345
2345
2345
2345
2345
2345
2345
2345
2345
2345
2345
2345
2345
2345
2345
2345
2345
2345
2345
2345
2345
2345
2345
2345
2345
2345
2345
2345
2345
2345
2345
2345
2345
2345
2345
2345
2345
2345
2345
2345
2345
2345
2345
2345
2345
2345
2345
2345
2345
2345
2345
2345
2345
2345
2345
2345
2345
2345
2345
2345
2345
2345
2345
2345
2345
2345
2345
2345
2345
2345
2345
2345
2345
2345
2345
2345
2345
2345
2345
2345
2345
2345
2345
2345
2345
2345
2345
2313
2313
2313
2313
2313
2313
2313
2313
2313
2313
2313
2313
2313
2313
2311
2311
2311
2311
2311
2311
2311
2311
2311
2311
2311
2311
2311
2311
2311
2311
2311
2311
2311
2311
2311
2311
2311
2311
2311
2311
2311
2311
2311
2311
2311
2311
2311
2311
2311
2311
2311
2311
2311
2311
2311
2311
2311
2311
2311
2311
2311
2311
2311
2311
2311
2311
2311
2311
2311
2311
2311
2311
2311
2311
2311
2311
2311
2311
2311
2311
2311
2311
2311
2311
2311
2311
2311
2310
2310
2310
2310
2310
2310
2310
2310
2310
2310
2310
2310
2310
2310
2310
2310
2310
2310
2310
2310
2310
2310
2310
2310
2310
2310
2310
2310
2310
2310
2310
2310
2310
2310
2310
2306
2306
2306
2306
2306
2306
2306
2306
2306
2306
2306
2306
2306
2306
2306
2306
2306
2306
2306
2306
2306
2306
2306
2306
2306
2306
2306
2306
2306
2306
2306
2306
2306
2306
2306
2215
2215
2215
2215
2215
2215
2215
2215
2215
2215
2184
2184
2184
2184
2184
2184
2184
2184
2184
2184
2184
2184
2184
2184
2184
2184
2184
2184
2184
2184
2184
2184
2184
2184
2184
2184
2184
2184
2184
2106
2106
2106
2106
2106
2106
2106
2106
2106
2106
2106
2106
2106
2106
2106
2106
2106
2106
2106
2106
2106
2106
2106
2106
2106
2106
2106
2106
2106
2106
2106
2106
2106
2106
2106
2106
2106
2106
2106
2106
2106
2106
2106
2106
2106
2087
2087
2087
2087
2087
2087
2087
2087
2087
2087
2087
2087
2087
2087
2087
2087
2087
2087
2087
2087
2087
2087
2087
2087
2087
2087
2087
2087
2087
2087
2087
2087
2087
2087
2087
2087
2087
2087
2087
2087
2087
2087
2087
2087
2087
2087
2087
2087
2087
2087
2087
2087
2087
2087
2087
2087
2087
2087
2087
2087
2087
1979
1979
1979
1979
1979
1979
1979
1979
1979
1979
1979
1979
1979
1979
1979
1979
1979
1979
1979
1979
1979
1979
1979
1979
1979
1979
1979
1979
1979
1979
1979
1979
1979
1979
1979
1979
1979
1979
1979
1979
1979
1979
1979
1979
1979
1979
1979
1979
1979
1979
1979
1979
1979
1979
1979
1965
1965
1965
1935
1935
1935
1935
1935
1935
1935
1935
1935
1935
1935
1935
1935
1935
1935
1935
1935
1935
1935
1935
1935
1935
1935
1935
1935
1935
1935
1935
1935
1935
1935
1935
1935
1935
1935
1935
1935
1935
1935
1935
1935
1935
1935
1935
1935
1935
1935
1935
1935
1935
1935
1935
1935
1935
1935
1935
1935
1935
1935
1935
1935
1935
1935
1935
1935
1935
1935
1935
1935
1935
1935
1935
1935
1935
1935
1935
1935
1935
1886
1886
1886
1886
1886
1886
1886
1886
1886
1886
1886
1886
1886
1886
1886
1886
1886
1886
1886
1886
1886
1886
1886
1886
1886
1886
1886
1886
1886
1886
1886
1886
1886
1886
1886
1886
1886
1886
1886
1886
1886
1886
1886
1886
1886
1886
1886
1886
1886
1886
1886
1886
1886
1886
1886
1886
1886
1886
1886
1886
1886
1886
1886
1886
1886
1886
1886
1886
1886
1886
1845
1845
1845
1845
1845
1845
1845
1845
1845
1845
1845
1845
1845
1845
1845
1845
1845
1845
1845
1845
1845
1845
1845
1845
1845
1845
1845
1845
1845
1845
1845
1845
1845
1845
1845
1845
1845
1845
1845
1845
1845
1845
1845
1845
1845
1845
1845
1845
1845
1845
1845
1845
1845
1845
1845
1845
1845
1845
1845
1845
1845
1845
1845
1845
1845
1845
1845
1845
1845
1845
1845
1845
1845
1845
1845
1845
1845
1845
1845
1845
1845
1845
1845
1845
1845
1845
1845
1845
1845
1845
1845
1845
1845
1845
1845
1755
1755
1755
1755
1755
1755
1755
1755
1755
1755
1755
1755
1755
1755
1755
1755
1755
1755
1755
1755
1755
1755
1755
1755
1755
1755
1755
1755
1755
1755
1755
1755
1755
1755
1755
1755
1755
1755
1755
1755
1755
1755
1755
1755
1755
1755
1669
1669
1669
1669
1669
1669
1669
1669
1669
1669
1669
1669
1669
1669
1669
1669
1669
1587
1587
1587
1587
1587
1587
1587
1587
1587
1587
1587
1587
1587
1587
1587
1587
1587
1587
1587
1587
1587
1587
1587
1587
1587
1587
1587
1587
1587
1587
1587
1587
1587
1587
1587
1587
1587
1587
1587
1587
1587
1587
1587
1587
1587
1587
1587
1587
1587
1587
1587
1587
1587
1587
1587
1587
1587
1587
1587
1587
1587
1587
1587
1587
1587
1587
1587
1587
1587
1587
1587
1560
1560
1560
1560
1560
1560
1560
1560
1560
1560
1560
1560
1560
1560
1560
1560
1560
1560
1560
1560
1560
1560
1560
1560
1560
1560
1560
1560
1560
1491
1491
1491
1491
1491
1491
1491
1491
1491
1491
1491
1491
1491
1491
1491
1491
1491
1491
1491
1491
1491
1491
1491
1491
1491
1491
1491
1491
1491
1491
1491
1491
1491
1433
1433
1433
1433
1433
1433
1433
1433
1433
1433
1433
1433
1433
1433
1433
1433
1433
1433
1433
1433
1433
1433
1433
1433
1433
1433
1433
1433
1433
1433
1433
1433
1433
1433
1433
1433
1433
1433
1433
1433
1433
1433
1433
1433
1433
1433
1433
1433
1433
1433
1433
1433
1433
1433
1433
1433
1433
1433
1433
1433
1433
1433
1433
1433
1433
1433
1433
1433
1433
1433
1433
1433
1433
1433
1433
1433
1433
1433
1433
1433
1397
1397
1397
1397
1397
1397
1397
1397
1397
1397
1397
1397
1397
1397
1397
1397
1397
1397
1397
1397
1397
1397
1397
1397
1397
1397
1397
1397
1397
1397
1397
1397
1397
1397
1397
1397
1387
1387
1387
1387
1387
1387
1387
1345
1345
1345
1345
1345
1345
1345
1345
1345
1345
1345
1345
1345
1345
1345
1345
1345
1345
1345
1345
1345
1345
1345
1345
1345
1345
1345
1345
1345
1345
1345
1345
1345
1345
1345
1345
1345
1345
1345
1345
1345
1345
1345
1345
1345
1345
1345
1345
1345
1345
1345
1345
1345
1345
1345
1345
1345
1345
1345
1345
1345
1345
1345
1345
1345
1345
1345
1345
1345
1345
1345
1345
1345
1345
1345
1345
1345
1345
1345
1345
1345
1345
1345
1345
1345
1345
1345
1345
1345
1345
1345
1345
1270
1270
1270
1270
1270
1270
1270
1270
1270
1059
1059
1059
1059
1059
1059
1059
1059
1059
1059
1059
1059
1059
1059
1059
1059
1059
1059
1059
1059
1059
1059
1059
1059
1059
1059
1059
1059
1059
1059
1059
1059
1059
1059
1059
1059
1059
1059
1059
1059
1059
1059
1059
1059
1059
1059
1059
1059
1054
1054
1054
1054
1054
1054
1054
1054
1054
1054
1054
1054
1054
1054
1054
1054
1054
1054
1054
1054
1054
1054
1054
1054
1054
1054
1054
1054
1054
1054
1054
1054
1054
1054
1054
1054
1054
1054
1054
1054
1054
1054
1054
1054
1054
1054
1054
1054
1054
1054
1054
1054
1054
1054
1054
1054
1054
1054
1054
1054
1054
1054
1054
1054
1054
1054
1054
1054
1054
1054
1054
1054
1054
1054
1054
1054
1054
1054
1054
1054
1054
1054
1054
1054
1054
1054
1054
1054
1054
1054
1054
1054
1054
1054
1054
1054
1054
1054
1054
1054
1052
1052
1052
1052
1052
1052
1052
1052
1052
1052
1052
1052
1052
1052
1052
1052
1052
1052
1052
1052
1052
1052
1052
1052
1052
1052
1052
1052
1052
1052
1052
1052
1052
1052
1052
1052
1052
1052
1052
1052
1052
1052
1052
1052
1052
1052
1052
1052
1052
1052
1052
1052
1052
1052
1052
1052
1052
1052
1052
1052
1052
1052
1052
1052
1052
1052
1052
1052
1052
1052
1052
1052
1052
1052
1052
1052
1052
1052
1052
1052
1052
1052
1052
1052
1052
1052
1052
1052
1052
1052
1052
1052
1052
1052
1042
1042
1042
1042
1042
1042
1042
1042
1042
1042
1042
1042
1042
1042
1042
1042
1042
1042
1042
1042
1042
1042
1042
1042
1042
1042
1042
1042
1042
1042
1042
1042
1042
1042
1042
1042
1042
1042
1042
1042
1042
1042
1042
1042
1042
1036
1036
1036
1036
1036
1036
1036
1036
1036
1036
1036
1036
1036
1036
1036
1036
1036
1036
1036
1036
1036
1036
1036
1036
1036
1036
1036
1036
1036
1036
1036
1036
1036
1036
1036
1036
1036
1036
1036
1036
1036
1036
1036
1036
1036
1036
1036
1036
1036
1036
1036
1036
1036
1036
1036
1036
1036
1036
1036
1036
1036
1036
1036
1036
1036
1036
1036
1036
1036
1036
1036
1036
1036
1036
1036
1036
1036
1036
1036
1036
1036
1036
1036
1036
1036
1036
1036
1036
1036
1036
1036
1036
1036
1036
1010
1010
1010
1010
1010
1010
1010
1010
1010
1010
1010
1010
1010
1010
1010
1010
1010
1010
1010
1010
1010
1010
1010
1010
1010
1010
1010
1010
1010
1010
1010
1010
1010
1010
1010
1010
1010
1010
1010
1010
1010
1010
1010
1010
1010
1010
934
934
934
934
934
934
934
934
934
934
934
934
934
934
934
934
934
934
934
934
934
934
934
887
887
887
887
887
887
887
887
887
887
887
887
887
887
887
887
887
887
887
887
887
887
887
887
887
887
887
887
887
887
887
887
887
887
887
887
887
887
887
887
887
887
887
887
887
887
887
887
887
887
887
887
887
887
887
887
887
887
887
887
887
887
887
887
887
887
887
887
887
887
887
887
887
887
887
887
887
887
887
887
887
887
887
887
887
887
887
887
887
887
887
887
819
819
819
819
819
819
819
819
819
819
819
819
819
819
819
819
819
819
819
819
819
819
819
819
819
819
819
819
819
819
819
819
819
819
819
819
819
819
819
819
819
819
819
819
819
819
819
819
819
819
819
819
819
819
819
819
819
819
819
819
819
819
819
819
819
819
819
819
819
819
819
819
819
819
819
819
819
819
768
768
768
768
768
768
768
768
768
768
768
768
768
768
768
768
768
768
768
768
768
768
768
768
768
768
768
768
768
768
768
768
768
768
768
768
768
768
768
768
757
757
757
757
757
757
757
757
757
757
757
757
757
757
757
757
757
757
757
757
757
757
757
757
757
757
757
757
757
757
757
757
757
757
757
757
757
757
757
757
757
757
757
757
757
757
757
757
757
757
757
757
757
757
757
757
757
757
757
757
757
757
757
757
757
757
757
757
757
757
757
757
757
757
757
757
757
757
757
757
757
674
674
674
674
674
674
674
674
674
674
674
674
674
674
674
674
674
674
674
674
674
674
674
674
674
674
674
674
674
674
674
674
674
674
674
674
674
668
668
668
668
668
668
668
668
668
668
668
668
668
668
668
668
668
668
668
668
668
668
668
668
668
668
668
668
668
668
668
668
668
668
668
668
668
668
668
668
668
668
668
668
668
668
668
668
668
668
668
668
668
668
668
668
668
668
668
668
668
668
668
668
668
593
593
593
593
593
593
593
593
593
593
593
593
593
593
593
593
593
593
593
593
593
593
593
593
593
593
593
593
593
593
593
593
593
593
593
593
593
593
593
593
593
593
593
499
499
499
499
499
499
499
499
499
499
499
499
499
499
499
499
499
499
499
499
499
499
499
499
499
499
499
499
499
499
499
499
499
499
499
425
425
425
425
425
425
425
425
425
425
425
425
425
425
425
425
425
425
425
425
425
425
425
425
425
425
425
425
425
425
425
425
425
425
425
425
425
425
425
425
425
425
425
425
425
425
425
425
425
425
425
425
425
425
425
425
425
425
425
425
425
425
425
425
425
425
425
425
425
425
425
425
425
425
425
425
425
425
425
425
425
425
425
425
425
425
405
405
405
405
405
405
405
405
405
405
405
405
405
405
405
405
405
405
405
405
405
405
405
405
405
405
405
405
405
405
405
405
405
405
405
405
405
405
405
405
405
405
405
405
405
405
405
405
405
388
388
388
388
388
388
388
388
388
388
388
388
388
388
388
388
388
388
388
388
388
388
388
388
388
388
388
388
388
388
388
388
388
354
354
354
354
354
354
354
354
354
354
354
354
354
354
354
354
354
354
354
354
354
354
354
354
354
354
354
354
354
354
354
354
354
354
354
354
354
354
354
354
354
354
354
354
354
354
333
333
333
333
333
333
333
