994
10000
9937
9937
9749
9749
9749
9749
9749
9734
9734
9734
9734
9734
9734
9734
9734
9734
9734
9734
9734
9734
9734
9571
9571
9571
9571
9571
9571
9571
9571
9571
9571
9571
9571
9571
9571
9571
9530
9530
9530
9493
9493
9493
9493
9493
9493
9473
9473
9473
9473
9473
9473
9473
9473
9473
9473
9473
9473
9473
9445
9445
9445
9445
9445
9438
9438
9438
9438
9438
9438
9438
9438
9438
9222
9024
9024
9024
9024
9024
9024
9024
9024
9024
8954
8954
8954
8954
8954
8954
8954
8954
8954
8954
8954
8954
8954
8954
8954
8948
8948
8948
8948
8948
8948
8948
8948
8948
8948
8948
8948
8948
8948
8908
8908
8908
8908
8908
8908
8887
8887
8887
8887
8859
8859
8859
8859
8859
8859
8859
8667
8667
8667
8667
8667
8667
8667
8667
8667
8667
8667
8667
8667
8667
8667
8667
8634
8634
8634
8634
8634
8634
8519
8519
8519
8502
8502
8502
8502
8502
8502
8502
8502
8502
8502
8502
8502
8427
8427
8427
8427
8427
8427
8402
8402
8402
8402
8402
8402
8402
8402
8402
8402
8402
8402
8402
8402
8402
8041
8041
8041
8041
8041
8041
7805
7805
7805
7805
7805
7805
7805
7805
7805
7805
7805
7805
7805
7805
7805
7805
7805
7805
7733
7733
7733
7733
7733
7733
7733
7680
7680
7680
7680
7680
7680
7680
7680
7680
7680
7680
7680
7680
7680
7680
7680
7680
7680
7680
7601
7601
7601
7591
7591
7591
7591
7591
7591
7396
7396
7396
7396
7396
7386
7386
7386
7386
7386
7386
7386
7386
7386
7369
7369
7369
7369
7369
7369
7369
7345
7320
7320
7320
7320
7320
7320
7320
7320
7320
7320
7320
7320
7320
7320
7320
7260
7260
7260
7260
7260
7260
7260
7260
7196
7196
7196
7196
7196
7196
7196
7196
7196
7196
7196
7196
7196
7196
7196
7196
7196
7196
7196
6705
6705
6705
6705
6705
6705
6705
6705
6705
6705
6705
6705
6649
6649
6637
6637
6637
6637
6637
6637
6637
6637
6637
6637
6637
6637
6637
6637
6637
6637
6542
6542
6542
6542
6542
6542
6281
6281
6281
6281
6281
6281
6281
6281
6281
6233
6233
6233
6233
6233
6233
6233
6233
6233
6233
6233
6233
6233
6233
6232
6232
6232
6232
6232
6232
6232
6232
6204
6204
6204
6204
6204
6204
6204
6204
6204
6204
6204
6204
6204
6148
6148
6148
6148
6148
6148
6148
6148
5962
5962
5962
5962
5962
5962
5962
5962
5962
5962
5962
5962
5962
5962
5962
5962
5962
5962
5962
5780
5780
5780
5780
5780
5780
5780
5661
5661
5661
5661
5661
5661
5661
5661
5661
5661
5661
5661
5555
5555
5555
5555
5555
5555
5555
5555
5555
5555
5555
5494
5494
5494
5494
5494
5494
5494
5494
5494
5494
5494
5494
5494
5373
5373
5373
5373
5373
5373
5150
5150
5150
5150
5150
5150
5150
5150
5150
5150
5150
5150
5150
5150
5150
5093
5093
5093
5093
5093
4925
4925
4925
4925
4925
4925
4893
4893
4893
4893
4893
4893
4893
4893
4893
4893
4893
4893
4893
4893
4813
4813
4813
4813
4813
4813
4813
4813
4813
4813
4813
4813
4812
4812
4812
4812
4812
4812
4812
4576
4576
4576
4576
4504
4504
4384
4384
4384
4384
4384
4384
4384
4384
4384
4384
4384
4324
4324
4324
4324
4324
4324
4324
4324
4228
4228
4228
4228
4228
4228
4211
4211
4211
4211
4211
4211
4211
4211
4211
4211
4211
4211
4211
4211
4135
4135
4135
4135
4135
4135
4135
4135
4135
4135
4135
4135
4135
4135
4062
4062
4062
4062
4062
4062
4062
4062
4062
4062
4062
4062
4062
4062
4062
4062
3773
3773
3773
3773
3773
3773
3773
3773
3773
3773
3773
3773
3773
3593
3593
3593
3593
3593
3593
3593
3593
3593
3503
3503
3503
3503
3503
3503
3503
3503
3503
3503
3503
3503
3503
3503
3503
3503
3503
3503
3503
3503
3252
3252
3252
3252
3119
3119
3119
3119
3119
3038
3038
3038
3038
3038
3038
3038
3038
3038
3038
3038
3038
3038
2770
2770
2770
2770
2770
2770
2770
2770
2770
2770
2770
2770
2770
2770
2770
2770
2770
2770
2696
2696
2696
2696
2696
2696
2696
2696
2696
2696
2696
2696
2696
2696
2696
2696
2696
2602
2602
2602
2567
2567
2567
2567
2567
2548
2548
2548
2403
2403
2403
2403
2403
2403
2403
2403
2403
2403
2403
2403
2343
2343
2343
2343
2343
2343
2343
2343
2343
2343
2343
2343
2334
2334
2334
2334
2334
2334
2334
2334
2334
2334
2317
2317
2317
2317
2317
2317
2317
2317
2317
2317
2317
2317
1984
1984
1984
1984
1984
1984
1984
1984
1984
1984
1984
1984
1984
1984
1984
1984
1964
1964
1964
1964
1964
1964
1964
1964
1964
1964
1964
1964
1964
1964
1964
1964
1964
1964
1964
1897
1897
1897
1897
1897
1897
1897
1897
1897
1897
1897
1897
1897
1897
1897
1897
1897
1888
1888
1888
1888
1888
1888
1888
1888
1888
1888
1888
1888
1888
1888
1888
1749
1749
1749
1749
1749
1749
1749
1749
1749
1749
1594
1468
1468
1468
1468
1468
1468
1468
1468
1468
1468
1468
1468
1468
1468
1468
1468
1468
1468
1288
1288
1288
1288
1194
1194
1194
1194
1194
1194
1194
1194
1194
1194
1194
1194
1194
1194
1194
1194
1194
1194
1194
1194
1190
1190
1190
1190
1190
1190
1190
1190
1190
1190
1063
1063
1063
1063
1063
1063
1063
919
919
919
919
919
919
919
904
904
904
904
904
904
904
904
904
904
904
904
904
904
904
904
658
658
658
658
658
658
658
658
658
658
658
658
658
579
579
579
579
579
579
529
529
529
529
529
529
529
529
529
529
529
529
432
432
432
432
432
432
432
432
432
432
432
432
432
432
432
432
432
276
276
276
276
181
181
181
181
181
181
181
181
181
181
181
181
181
181
181
181
181
181
181
181
7
7
7
7
7
7
7
