1551
10000
7411
7411
7411
7411
7411
7411
7411
7411
7411
7411
7411
7411
7411
7411
7411
7411
7411
7411
7411
7411
7377
7377
7377
7377
7377
7377
7377
7377
7377
7377
7377
7377
7377
7377
7344
7344
7344
7344
7344
7344
7344
7344
7344
7344
7344
7306
7306
7306
7306
7306
7306
7306
7306
7306
7306
7306
7306
7306
7306
7306
7306
7306
7279
7279
7279
7107
7107
7107
7107
7107
7107
7107
7107
7107
7107
7107
7107
7107
7107
7107
7093
7093
7093
7093
7093
7093
7093
7093
7093
7093
7093
7093
7093
7093
7093
7093
6954
6954
6954
6954
6954
6954
6863
6863
6863
6863
6863
6863
6863
6863
6863
6863
6863
6863
6863
6863
6863
6863
6860
6860
6860
6860
6834
6794
6794
6794
6794
6794
6794
6794
6794
6794
6794
6794
6794
6794
6794
6794
6794
6794
6794
6794
6794
6777
6777
6777
6777
6719
6719
6719
6719
6719
6719
6719
6719
6719
6719
6719
6719
6701
6701
6701
6701
6701
6701
6701
6701
6701
6701
6701
6701
6701
6688
6688
6688
6688
6688
6688
6688
6687
6687
6687
6687
6687
6687
6687
6687
6606
6606
6606
6606
6606
6606
6606
6606
6606
6606
6606
6606
6606
6606
6606
6606
6586
6586
6586
6586
6508
6508
6508
6508
6508
6508
6508
6508
6508
6508
6508
6508
6508
6508
6508
6508
6508
6472
6472
6472
6472
6472
6472
6472
6472
6464
6464
6464
6464
6464
6407
6407
6407
6407
6407
6407
6407
6388
6388
6388
6388
6388
6388
6388
6388
6278
6278
6278
6278
6278
6278
6278
6278
6277
6277
6277
6277
6277
6277
6268
6268
6268
6268
6268
6244
6244
6237
6237
6237
6235
6235
6235
6235
6235
6235
6235
6235
6211
6211
6211
6211
6211
6211
6211
6211
6211
6211
6211
6211
6211
6204
6204
6204
6204
6204
6204
6204
6204
6204
6204
6204
6204
6204
6204
6204
6204
6204
6182
6182
6182
6182
6182
6182
6182
6182
6182
6182
6176
6176
6176
6176
6176
6176
6098
6098
6098
6098
6069
6069
6069
6069
6069
6069
6069
6069
6069
6069
6069
6069
6069
6069
6069
6069
6069
6069
6068
6068
6068
6068
6049
6049
6049
6049
6049
6049
6049
6049
6049
6049
6049
6031
6031
6031
6031
6031
6031
6031
6031
6031
6021
6021
6021
6021
6021
6021
6021
6021
6021
6021
5944
5944
5944
5944
5944
5944
5944
5944
5944
5944
5944
5944
5929
5929
5929
5928
5928
5928
5928
5928
5928
5928
5928
5928
5928
5928
5928
5928
5928
5928
5928
5796
5796
5796
5796
5796
5796
5796
5796
5796
5796
5796
5795
5795
5795
5795
5795
5795
5795
5795
5795
5795
5795
5743
5743
5743
5743
5743
5743
5743
5743
5743
5743
5743
5743
5743
5743
5743
5743
5731
5731
5731
5731
5731
5731
5731
5731
5731
5731
5731
5731
5731
5598
5598
5598
5598
5598
5598
5598
5534
5534
5534
5534
5534
5534
5534
5534
5534
5534
5534
5534
5534
5534
5534
5534
5452
5452
5452
5452
5433
5433
5433
5433
5433
5433
5433
5433
5433
5433
5433
5433
5226
5226
5226
5226
5226
5226
5226
5226
5226
5226
5226
5226
5224
5224
5224
5224
5224
5224
5224
5224
5224
5087
5087
5087
5087
5087
5087
5087
5087
5087
5087
5087
5087
5087
5087
5085
5085
5085
5085
5085
5085
5085
5085
5085
5085
5085
5058
5011
5011
5011
5011
5011
5011
5011
5011
5011
5011
4969
4969
4969
4969
4969
4969
4969
4969
4969
4969
4969
4969
4969
4969
4969
4969
4955
4955
4955
4955
4955
4955
4955
4955
4955
4947
4947
4947
4947
4947
4947
4947
4947
4947
4934
4934
4934
4934
4934
4934
4934
4934
4934
4934
4934
4934
4934
4934
4934
4934
4927
4927
4927
4927
4927
4927
4927
4927
4927
4927
4927
4870
4870
4870
4870
4870
4870
4870
4870
4870
4870
4870
4870
4870
4870
4870
4870
4870
4854
4854
4841
4841
4841
4841
4841
4841
4841
4841
4841
4841
4841
4764
4764
4764
4764
4764
4764
4764
4764
4764
4764
4764
4764
4764
4764
4764
4764
4764
4764
4603
4603
4603
4603
4603
4603
4603
4603
4603
4603
4603
4603
4603
4603
4603
4551
4551
4551
4551
4551
4551
4551
4551
4551
4551
4551
4551
4551
4551
4551
4551
4549
4549
4549
4549
4549
4549
4549
4549
4411
4411
4411
4411
4411
4342
4342
4342
4342
4342
4342
4342
4342
4342
4342
4316
4316
4316
4316
4316
4316
4316
4316
4316
4316
4316
4244
4244
4244
4244
4244
4244
4244
4244
4244
4244
4244
4244
4146
4146
4146
4146
4146
4146
4146
4146
4146
4146
4146
4146
4146
4146
4146
4146
4146
4122
4122
4122
4122
4122
4122
4122
4122
4122
4122
4122
4122
4122
4122
4122
4122
4122
4122
3995
3995
3995
3995
3995
3995
3926
3926
3926
3926
3926
3926
3926
3926
3926
3926
3831
3831
3831
3831
3831
3831
3831
3831
3831
3831
3831
3831
3818
3818
3818
3818
3818
3818
3818
3818
3818
3818
3818
3818
3818
3781
3781
3781
3781
3781
3781
3781
3781
3781
3781
3781
3781
3781
3781
3781
3781
3781
3781
3781
3781
3771
3734
3734
3734
3734
3734
3675
3675
3675
3675
3675
3675
3675
3675
3675
3675
3675
3675
3675
3675
3675
3675
3675
3606
3606
3606
3606
3606
3606
3606
3606
3606
3606
3606
3606
3606
3594
3594
3594
3594
3594
3594
3594
3594
3594
3594
3594
3563
3489
3489
3489
3489
3481
3481
3481
3481
3481
3481
3481
3481
3481
3481
3481
3481
3481
3454
3454
3454
3454
3454
3454
3454
3454
3454
3454
3425
3425
3425
3425
3425
3425
3425
3425
3425
3425
3425
3425
3425
3425
3425
3369
3369
3369
3369
3369
3369
3369
3334
3334
3334
3334
3334
3334
3334
3334
3334
3334
3334
3334
3334
3334
3260
3260
3260
3260
3256
3256
3256
3256
3256
3256
3256
3256
3256
3256
3256
3235
3196
3196
3196
3196
3196
3196
3196
3196
3196
3196
3196
3196
3196
3196
3196
3169
3169
3169
3169
3169
3169
3169
3169
3140
3140
3140
3140
3089
3089
3089
3089
3089
3089
3089
3089
3089
3089
3089
3048
3048
3048
3048
3048
3048
3048
3048
3048
3048
3048
3048
2929
2929
2929
2929
2929
2929
2929
2929
2929
2929
2929
2929
2929
2929
2929
2929
2929
2929
2929
2902
2902
2902
2902
2902
2902
2902
2872
2872
2872
2872
2872
2872
2872
2872
2872
2872
2872
2872
2872
2872
2872
2872
2872
2872
2762
2762
2762
2762
2762
2762
2762
2762
2762
2762
2762
2762
2762
2762
2762
2762
2762
2762
2762
2711
2711
2711
2711
2711
2711
2711
2711
2711
2711
2711
2688
2688
2688
2688
2600
2600
2600
2600
2600
2600
2600
2600
2600
2600
2600
2600
2600
2600
2600
2600
2600
2600
2600
2523
2523
2523
2523
2523
2523
2523
2523
2523
2523
2523
2523
2523
2523
2523
2523
2523
2354
2354
2354
2354
2354
2354
2354
2354
2354
2354
2354
2354
2354
2354
2354
2354
2354
2354
2354
2326
2326
2326
2326
2326
2326
2326
2326
2326
2326
2326
2326
2326
2326
2325
2325
2325
2325
2325
2260
2260
2260
2260
2260
2260
2260
2260
2225
2225
2225
2210
2210
2210
2210
2210
2210
2210
2210
2210
2210
2210
2210
2210
2210
2210
2210
2210
2210
2210
2173
2023
2023
2023
2023
2023
2023
2023
2023
2023
2023
2023
2023
2023
2023
2023
2023
2017
2017
2017
2017
2017
2017
2017
2017
2017
2017
2017
2017
2017
2017
1929
1929
1929
1929
1929
1929
1929
1929
1929
1929
1929
1929
1929
1929
1929
1929
1929
1929
1929
1904
1904
1904
1904
1904
1904
1904
1904
1904
1904
1904
1904
1904
1884
1884
1875
1875
1875
1875
1875
1875
1875
1875
1875
1875
1875
1839
1839
1839
1839
1652
1652
1652
1652
1652
1652
1652
1652
1652
1652
1652
1652
1652
1652
1652
1652
1652
1575
1575
1575
1575
1575
1575
1575
1575
1557
1557
1529
1529
1529
1529
1529
1529
1529
1529
1529
1529
1529
1529
1529
1529
1529
1478
1478
1478
1478
1478
1478
1478
1478
1478
1478
1478
1478
1478
1400
1400
1400
1400
1368
1368
1368
1368
1368
1368
1368
1368
1368
1368
1368
1368
1368
1069
1069
1069
965
965
965
965
965
965
965
965
945
945
945
945
945
945
945
945
939
939
939
939
939
939
939
939
904
904
904
904
894
894
894
894
839
839
839
839
839
839
839
839
839
839
839
839
839
839
839
839
839
839
839
839
839
839
839
839
839
839
663
663
663
663
663
663
663
663
663
663
663
662
662
662
662
662
662
662
662
662
662
662
662
662
662
662
662
662
662
622
622
622
622
622
622
622
622
622
622
605
605
605
605
554
554
554
554
554
554
554
554
554
554
554
554
554
480
480
480
480
480
480
480
480
480
480
480
480
480
480
480
480
480
480
480
450
450
450
450
450
450
450
450
450
450
450
450
450
450
450
450
450
450
429
373
373
373
373
373
373
373
373
373
373
373
373
354
354
354
354
354
354
354
251
251
251
251
251
251
251
251
251
251
251
251
251
251
251
251
242
242
242
242
