993
10000
4999
4904
4904
4904
4904
4904
4868
4868
4868
4868
4868
4868
4868
4868
4868
4868
4868
4868
4868
4868
4868
4868
4816
4816
4816
4816
4816
4816
4816
4816
4816
4816
4816
4816
4807
4807
4807
4784
4730
4730
4730
4730
4730
4730
4730
4730
4730
4730
4730
4728
4728
4728
4728
4728
4728
4728
4728
4719
4719
4719
4719
4719
4719
4719
4719
4719
4719
4525
4525
4525
4525
4525
4525
4525
4525
4525
4525
4525
4525
4525
4525
4525
4525
4525
4525
4494
4494
4494
4494
4494
4494
4494
4423
4423
4423
4423
4423
4307
4307
4307
4307
4307
4307
4307
4307
4307
4307
4307
4307
4307
4307
4307
4307
4307
4307
4307
4307
4228
4228
4228
4228
4228
4203
4203
4203
4203
4203
4203
4195
4195
4195
4195
4195
4195
4195
4195
4195
4195
4195
4195
4195
4195
4195
4195
4195
4195
4195
4195
4153
4153
4153
4153
4084
4084
4084
4084
4084
4084
4084
4084
4084
4084
4084
4084
4084
4084
4084
4084
4084
4084
4084
4062
4062
4062
4062
4062
4062
4062
4053
4053
4053
4053
4011
3994
3994
3994
3994
3994
3994
3994
3994
3994
3994
3994
3994
3994
3982
3982
3982
3968
3968
3968
3968
3968
3968
3968
3968
3968
3968
3968
3968
3968
3968
3968
3886
3886
3886
3886
3886
3886
3886
3886
3886
3824
3824
3824
3824
3824
3824
3824
3824
3824
3824
3824
3824
3824
3824
3824
3824
3824
3824
3824
3747
3747
3747
3747
3747
3747
3747
3725
3725
3721
3721
3721
3721
3721
3721
3721
3721
3721
3721
3721
3721
3712
3712
3712
3712
3712
3712
3712
3712
3712
3712
3702
3702
3702
3702
3702
3702
3702
3702
3702
3702
3702
3696
3696
3696
3696
3696
3696
3669
3669
3669
3668
3562
3562
3562
3562
3562
3562
3562
3562
3562
3562
3562
3562
3562
3562
3562
3562
3562
3562
3562
3525
3525
3525
3525
3525
3525
3525
3525
3525
3525
3525
3472
3472
3472
3472
3472
3472
3472
3472
3472
3472
3472
3472
3472
3472
3472
3472
3472
3472
3472
3440
3440
3440
3440
3440
3440
3440
3440
3440
3440
3440
3440
3440
3440
3440
3440
3440
3440
3435
3367
3356
3356
3356
3347
3347
3347
3347
3347
3347
3347
3347
3347
3347
3347
3347
3347
3347
3347
3347
3177
3177
3177
3177
3177
3177
3177
3177
3177
3177
3177
3177
3177
3177
3177
3177
3094
3094
3094
3094
3094
3094
3094
3094
3051
3051
3051
3051
2954
2954
2954
2954
2954
2954
2954
2800
2800
2800
2800
2800
2800
2800
2800
2800
2800
2732
2732
2732
2732
2732
2732
2732
2709
2709
2709
2709
2709
2709
2709
2709
2709
2709
2709
2709
2709
2709
2709
2709
2709
2709
2709
2499
2499
2499
2499
2499
2499
2499
2499
2499
2499
2499
2499
2499
2444
2444
2444
2444
2444
2444
2444
2297
2297
2297
2297
2297
2297
2297
2297
2297
2297
2297
2297
2297
2297
2297
2297
2264
2264
2264
2264
2264
2264
2264
2264
2264
2264
2264
2264
2264
2264
2264
2231
2231
2231
2231
2231
2231
2231
2231
2231
2231
2231
2231
2231
2231
2231
2231
2231
2231
2231
2216
2216
2216
2216
2216
2216
2216
2216
2216
2216
2216
2216
2164
2158
2158
2158
2158
2158
2009
2009
2009
2009
2009
2009
2009
2009
2009
2009
2009
2009
2009
2009
2009
2009
2009
2009
2009
1979
1979
1979
1979
1979
1979
1979
1979
1979
1979
1979
1979
1979
1979
1979
1979
1979
1979
1979
1979
1964
1964
1964
1848
1848
1848
1848
1848
1848
1848
1848
1848
1848
1848
1848
1842
1842
1842
1842
1842
1842
1842
1842
1799
1799
1799
1799
1799
1799
1799
1799
1799
1695
1695
1695
1695
1695
1695
1695
1695
1695
1695
1695
1695
1695
1695
1695
1695
1695
1695
1695
1688
1688
1688
1688
1688
1688
1688
1688
1688
1659
1659
1659
1659
1659
1659
1659
1659
1659
1659
1659
1659
1659
1651
1651
1651
1651
1651
1651
1651
1651
1651
1651
1651
1651
1651
1651
1651
1651
1651
1651
1566
1566
1566
1566
1566
1566
1566
1566
1566
1507
1507
1507
1507
1507
1502
1502
1502
1502
1502
1502
1502
1502
1343
1343
1343
1343
1343
1343
1319
1319
1319
1319
1255
1255
1255
1255
1255
1255
1255
1255
1254
1254
1254
1254
1254
1254
1254
1254
1254
1254
1254
1254
1251
1251
1251
1251
1251
1251
1251
1222
1222
1222
1222
1222
1222
1222
1180
1180
1180
1180
1180
1180
1180
1180
1180
1180
1180
1180
1180
1180
1180
1180
1097
1097
1097
1097
1097
1097
1097
1097
1097
1097
1097
1097
1097
1097
1097
1097
1081
1081
1081
1081
1081
1081
1081
1081
1081
1081
1081
1081
1081
1081
936
936
936
936
936
936
936
936
936
936
936
936
936
936
936
936
936
870
870
870
870
870
870
870
870
870
870
870
870
870
870
853
853
853
853
853
853
853
853
853
853
853
836
836
836
836
836
836
836
836
836
836
802
802
802
802
802
802
773
773
773
773
773
773
773
773
773
773
773
773
773
773
773
773
773
773
773
683
683
683
683
683
683
683
683
683
683
683
683
683
683
683
646
646
646
646
646
646
646
646
646
646
646
603
603
603
603
532
532
532
532
532
532
532
532
532
532
532
532
532
459
459
459
459
459
457
457
457
457
457
457
457
457
398
398
398
398
398
398
398
398
344
344
344
344
344
344
344
344
344
344
344
344
344
344
344
299
296
296
296
296
296
296
296
296
296
296
169
169
169
169
169
169
140
140
140
140
140
140
140
140
140
140
140
140
140
140
69
69
69
69
69
69
69
69
69
69
69
69
69
69
69
69
69
69
69
69
27
27
27
