1656
10000
7451
7451
7451
7451
7318
7318
7318
7318
7318
7318
7318
7318
7318
7318
7318
7318
7318
7318
7318
7318
7318
7313
7313
7313
7313
7313
7313
7313
7313
7291
7291
7291
7291
7291
7291
7291
7291
7291
7291
7291
7291
7291
7291
7291
7291
7291
7279
7279
7279
7279
7279
7279
7279
7279
7279
7279
7279
7225
7225
7225
7225
7225
7225
7225
7225
7225
7225
7225
7225
7225
7225
7195
7195
7195
7195
7195
7195
7195
7195
7195
7195
7195
7195
7195
7195
7195
7195
7089
7089
7089
7089
7089
7089
7089
7089
7089
7089
7089
7089
7089
7089
7089
7089
7089
7089
7089
7089
6995
6995
6995
6995
6995
6970
6970
6970
6970
6970
6970
6970
6887
6887
6887
6887
6887
6887
6887
6887
6887
6887
6887
6887
6887
6887
6887
6887
6887
6886
6886
6886
6886
6886
6886
6886
6886
6886
6886
6886
6786
6786
6786
6786
6786
6786
6786
6786
6786
6786
6786
6786
6786
6786
6786
6754
6754
6754
6754
6754
6754
6754
6754
6754
6752
6729
6729
6729
6729
6729
6729
6729
6729
6729
6729
6729
6729
6729
6729
6729
6729
6729
6729
6729
6729
6729
6729
6729
6729
6729
6729
6725
6725
6725
6725
6725
6725
6725
6725
6725
6725
6725
6725
6725
6725
6725
6725
6706
6706
6706
6706
6706
6706
6706
6706
6687
6687
6687
6687
6687
6687
6687
6687
6687
6687
6687
6687
6687
6687
6687
6687
6639
6639
6639
6639
6639
6639
6639
6639
6639
6639
6639
6639
6639
6639
6639
6639
6639
6639
6639
6639
6538
6538
6538
6538
6538
6538
6538
6538
6538
6538
6538
6538
6538
6538
6538
6538
6538
6538
6538
6505
6505
6505
6505
6505
6505
6505
6505
6505
6505
6505
6505
6505
6505
6505
6505
6505
6505
6479
6479
6479
6479
6479
6479
6479
6479
6479
6479
6479
6479
6479
6402
6402
6402
6402
6402
6402
6402
6402
6301
6301
6301
6301
6300
6300
6300
6300
6300
6300
6300
6300
6300
6285
6285
6285
6285
6285
6285
6285
6285
6285
6285
6285
6285
6285
6285
6285
6285
6285
6285
6285
6269
6269
6269
6269
6269
6269
6269
6269
6269
6269
6269
6269
6269
6269
6269
6269
6269
6269
6269
6269
6269
6269
6269
6269
6269
6269
6246
6246
6246
6246
6246
6246
6246
6246
6246
6246
6246
6246
6246
6246
6246
6246
6246
6246
6189
6184
6184
6184
6184
6184
6184
6184
6184
6184
6184
6184
6184
6139
6139
6139
6139
6139
6139
6139
6139
6139
6128
6128
6090
6090
6090
6090
6090
6090
6090
6090
6090
6090
6058
6058
6058
6058
6058
6058
6058
6058
6058
6058
6058
6058
6058
6058
6058
6058
5955
5955
5955
5955
5955
5955
5955
5955
5955
5955
5955
5955
5955
5955
5955
5955
5955
5955
5955
5949
5949
5949
5949
5949
5949
5949
5949
5903
5903
5903
5903
5903
5903
5903
5903
5903
5903
5903
5903
5903
5903
5903
5903
5853
5853
5853
5853
5847
5847
5847
5847
5847
5847
5847
5847
5847
5847
5847
5847
5847
5847
5847
5847
5847
5847
5847
5827
5827
5827
5827
5827
5808
5808
5808
5808
5808
5808
5808
5808
5808
5808
5808
5808
5808
5808
5789
5789
5789
5789
5789
5789
5638
5638
5638
5638
5638
5638
5638
5638
5638
5638
5638
5618
5618
5618
5618
5547
5547
5547
5547
5547
5547
5524
5524
5524
5524
5516
5516
5516
5516
5516
5516
5516
5516
5516
5516
5516
5516
5516
5516
5516
5516
5516
5516
5448
5448
5448
5448
5448
5448
5422
5422
5422
5422
5422
5422
5422
5422
5422
5422
5422
5422
5422
5422
5422
5422
5422
5262
5262
5262
5262
5262
5262
5262
5262
5262
5262
5262
5262
5260
5209
5209
5209
5209
5209
5209
5209
5209
5209
5209
5209
5209
5209
5209
5209
5209
5209
5209
5209
5209
5188
5188
5188
5188
5085
5085
5085
5085
5085
5085
5085
5085
5085
5047
5047
5047
5047
5047
5047
5047
5045
5045
5045
5045
5045
5045
5045
5045
5045
5045
5045
5045
5045
5045
5045
5045
5045
5045
5008
5008
5008
5008
5008
5008
5008
5008
5008
5008
5008
5008
5008
5008
5008
5008
5008
5008
5008
4998
4998
4998
4998
4998
4998
4998
4998
4998
4998
4998
4998
4998
4998
4998
4812
4812
4812
4812
4812
4812
4812
4775
4775
4775
4775
4775
4775
4581
4581
4581
4581
4581
4581
4581
4581
4581
4581
4581
4581
4581
4540
4540
4540
4540
4540
4540
4540
4540
4540
4540
4540
4540
4540
4540
4540
4540
4540
4532
4532
4532
4500
4500
4500
4500
4500
4500
4481
4481
4481
4481
4481
4481
4481
4481
4481
4481
4426
4426
4426
4426
4426
4426
4426
4426
4426
4426
4426
4426
4426
4426
4426
4426
4426
4426
4416
4348
4348
4348
4348
4348
4348
4348
4348
4348
4348
4348
4348
4348
4316
4316
4316
4253
4253
4253
4253
4253
4253
4253
4253
4253
4253
4253
4253
4253
4253
4253
4253
4253
4222
4222
4222
4222
4222
4222
4222
4222
4222
4222
4222
3988
3988
3988
3988
3988
3988
3988
3988
3988
3988
3988
3988
3988
3988
3988
3988
3988
3988
3957
3957
3957
3957
3957
3957
3957
3957
3957
3957
3957
3957
3957
3957
3916
3916
3916
3916
3916
3916
3916
3916
3916
3916
3916
3916
3916
3916
3849
3849
3849
3849
3849
3849
3849
3797
3797
3797
3797
3797
3797
3797
3797
3797
3797
3797
3797
3797
3797
3797
3797
3797
3593
3593
3593
3593
3593
3593
3593
3593
3593
3593
3593
3593
3593
3593
3593
3593
3593
3593
3554
3554
3554
3554
3554
3554
3554
3554
3554
3554
3554
3553
3553
3553
3553
3553
3553
3553
3553
3553
3553
3553
3521
3521
3521
3521
3521
3521
3521
3521
3521
3521
3511
3466
3466
3466
3466
3466
3466
3466
3424
3424
3424
3423
3423
3423
3423
3423
3423
3423
3423
3423
3423
3423
3423
3423
3423
3423
3423
3423
3416
3416
3416
3416
3416
3416
3416
3416
3416
3416
3416
3416
3416
3416
3416
3416
3416
3330
3330
3330
3330
3330
3330
3330
3330
3330
3330
3330
3325
3325
3325
3325
3325
3325
3325
3325
3325
3325
3250
3250
3250
3250
3250
3250
3250
3231
3231
3231
3231
3231
3231
3231
3231
3231
3231
3231
3231
3231
3206
3206
3206
3206
3206
3206
3206
3206
3206
3206
3206
3206
3206
3206
3206
3206
3206
3206
3206
3128
3128
3128
3128
3128
3128
3128
3128
3128
3128
3128
3128
3091
3091
3091
3091
3091
3091
3091
3091
3091
3091
3064
3064
3064
3064
3064
3064
3064
3064
3064
3057
3057
3057
3057
3057
3057
3057
3057
2952
2952
2902
2902
2902
2902
2902
2902
2902
2902
2902
2902
2902
2902
2902
2902
2902
2902
2807
2807
2807
2807
2807
2807
2807
2807
2800
2800
2800
2800
2800
2800
2800
2800
2800
2800
2800
2789
2789
2789
2789
2789
2789
2789
2789
2789
2789
2789
2789
2752
2752
2752
2752
2752
2752
2752
2752
2752
2752
2752
2752
2623
2623
2623
2623
2623
2623
2623
2623
2623
2623
2623
2623
2623
2623
2623
2623
2497
2497
2497
2497
2497
2461
2279
2279
2279
2279
2279
2279
2279
2279
2279
2279
2279
2279
2279
2279
2279
2279
2279
2279
2279
2278
2278
2278
2278
2278
2278
2278
2278
2278
2278
2278
2278
2278
2194
2194
2194
2194
2194
2194
2194
2194
2194
2194
2194
2194
2194
2194
2194
2194
2189
2189
2189
2189
2189
2189
2189
2189
2189
2189
2189
2189
2189
2189
2189
2189
2189
2189
2186
2186
2186
2186
2186
2186
2186
2186
2186
2049
2049
2049
2049
2049
2049
2049
2049
2049
2049
2049
2049
2049
2049
2015
2015
2015
2015
2015
2015
2015
2015
2015
2015
2015
2015
2015
2015
2015
2015
1966
1966
1966
1966
1916
1916
1916
1851
1851
1851
1851
1851
1851
1851
1851
1851
1851
1851
1851
1851
1851
1851
1851
1649
1649
1649
1649
1649
1649
1649
1649
1649
1649
1638
1638
1638
1638
1638
1638
1638
1638
1638
1638
1638
1638
1637
1637
1637
1637
1637
1637
1637
1637
1637
1637
1637
1637
1637
1637
1637
1637
1637
1637
1637
1625
1625
1625
1598
1598
1598
1598
1598
1598
1598
1598
1598
1598
1598
1598
1598
1598
1598
1598
1598
1598
1598
1516
1516
1516
1516
1516
1516
1516
1516
1516
1516
1516
1516
1516
1516
1516
1516
1516
1516
1432
1432
1432
1432
1432
1432
1432
1308
1308
1308
1308
1308
1308
1308
1245
1245
1245
1245
1245
1245
1245
1245
1245
1245
1245
1245
1245
1245
1154
1154
1154
1154
1154
1154
1154
1154
1154
1154
1154
1154
1154
1112
1112
1112
1112
1112
1112
1009
1009
1009
1009
1009
991
991
991
991
991
922
922
922
922
922
922
922
922
922
922
922
922
922
922
922
922
897
897
897
897
897
897
737
737
713
713
713
713
713
713
713
713
713
699
699
699
699
699
699
699
699
699
699
699
699
699
699
699
699
699
699
699
689
689
689
689
689
689
689
625
625
625
625
611
611
611
611
611
611
611
611
611
611
611
611
611
611
611
573
573
573
482
482
482
344
344
344
344
344
344
344
344
344
344
344
344
344
344
344
344
344
344
344
307
307
307
307
307
290
290
290
290
231
231
231
231
231
225
225
225
225
225
225
225
225
225
225
225
225
225
225
207
207
207
207
207
207
207
207
207
207
207
207
207
207
207
207
207
181
181
181
181
181
181
181
181
181
181
181
181
181
181
181
181
181
181
181
158
158
158
158
158
158
158
158
107
107
107
107
107
107
107
107
107
107
107
107
107
107
107
107
107
60
60
60
60
60
60
17
17
17
17
17
17
17
17
17
17
17
17
17
17
17
17
