4801
10000
9917
9917
9917
9917
9917
9917
9917
9917
9917
9917
9917
9917
9917
9917
9917
9917
9917
9917
9917
9917
9917
9917
9917
9917
9917
9917
9917
9917
9917
9917
9917
9917
9917
9917
9917
9917
9917
9917
9917
9917
9917
9917
9917
9917
9917
9917
9917
9917
9917
9917
9917
9876
9876
9876
9876
9876
9876
9876
9876
9876
9876
9876
9876
9876
9876
9876
9876
9876
9876
9876
9876
9876
9876
9876
9876
9876
9876
9876
9876
9876
9876
9876
9876
9876
9876
9876
9876
9876
9876
9876
9876
9876
9876
9876
9876
9876
9876
9876
9876
9876
9876
9876
9876
9876
9876
9876
9876
9876
9876
9876
9876
9863
9863
9863
9863
9863
9863
9863
9863
9863
9863
9863
9863
9863
9863
9863
9863
9863
9863
9863
9863
9863
9863
9863
9863
9863
9863
9863
9863
9863
9863
9863
9863
9863
9863
9863
9863
9863
9863
9863
9863
9863
9863
9863
9863
9863
9848
9848
9848
9848
9848
9848
9848
9848
9848
9848
9848
9848
9848
9848
9848
9848
9848
9848
9848
9848
9848
9848
9848
9848
9848
9848
9848
9848
9848
9848
9848
9848
9848
9848
9848
9789
9789
9789
9789
9789
9789
9789
9789
9789
9789
9789
9789
9789
9789
9789
9789
9789
9789
9789
9789
9789
9789
9789
9789
9772
9772
9772
9772
9772
9772
9772
9772
9772
9772
9772
9772
9772
9726
9726
9726
9726
9726
9726
9726
9726
9726
9726
9726
9726
9726
9726
9726
9726
9726
9726
9726
9726
9726
9726
9726
9726
9726
9726
9726
9726
9726
9726
9726
9726
9726
9726
9726
9726
9726
9726
9726
9726
9726
9726
9726
9726
9726
9726
9726
9726
9726
9726
9726
9726
9726
9726
9726
9726
9726
9726
9726
9726
9726
9726
9726
9726
9726
9726
9726
9668
9668
9668
9668
9668
9668
9668
9668
9668
9668
9668
9668
9668
9668
9668
9668
9668
9668
9614
9614
9614
9614
9614
9614
9614
9614
9614
9614
9614
9614
9614
9614
9614
9614
9614
9614
9614
9614
9614
9614
9614
9614
9614
9614
9614
9614
9614
9614
9614
9614
9614
9614
9614
9614
9614
9614
9614
9614
9614
9614
9614
9614
9614
9614
9614
9614
9614
9614
9614
9614
9614
9614
9614
9614
9614
9614
9614
9614
9614
9614
9614
9614
9614
9580
9580
9580
9580
9580
9580
9580
9580
9580
9580
9580
9580
9580
9580
9580
9580
9580
9580
9580
9580
9580
9580
9580
9580
9580
9580
9580
9580
9580
9580
9580
9580
9580
9580
9580
9580
9580
9580
9580
9580
9580
9580
9580
9580
9580
9580
9580
9580
9580
9580
9580
9580
9580
9580
9580
9580
9580
9580
9580
9580
9580
9580
9580
9580
9580
9580
9580
9580
9580
9580
9580
9580
9580
9580
9580
9580
9580
9580
9580
9580
9580
9580
9580
9580
9580
9580
9580
9580
9580
9580
9580
9580
9580
9580
9580
9580
9580
9446
9446
9446
9446
9446
9446
9446
9446
9446
9446
9446
9446
9446
9446
9446
9446
9446
9446
9446
9446
9446
9446
9446
9446
9446
9446
9446
9446
9446
9446
9446
9446
9446
9446
9446
9446
9446
9446
9446
9446
9446
9446
9446
9446
9446
9446
9446
9446
9446
9446
9446
9446
9446
9446
9446
9446
9446
9446
9446
9446
9446
9446
9446
9446
9446
9446
9446
9446
9446
9446
9446
9446
9446
9432
9432
9432
9432
9432
9432
9432
9432
9432
9432
9432
9432
9432
9432
9432
9432
9432
9432
9432
9432
9432
9432
9432
9432
9432
9432
9432
9432
9432
9432
9432
9432
9432
9432
9432
9432
9432
9432
9432
9432
9432
9432
9432
9432
9432
9432
9432
9432
9432
9432
9432
9432
9432
9432
9432
9432
9268
9268
9268
9268
9268
9268
9268
9268
9268
9268
9268
9268
9268
9268
9268
9268
9268
9268
9268
9268
9268
9268
9268
9268
9268
9268
9268
9268
9268
9268
9268
9268
9268
9268
9268
9268
9268
9268
9268
9268
9268
9268
9268
9268
9268
9268
9268
9268
9268
9268
9268
9268
9268
9268
9268
9268
9268
9268
9268
9268
9268
9268
9268
9268
9268
9268
9268
9268
9268
9263
9263
9263
9263
9263
9263
9263
9263
9263
9263
9263
9263
9263
9263
9263
9263
9263
9263
9263
9263
9263
9263
9263
9263
9263
9263
9263
9263
9263
9263
9263
9263
9263
9263
9263
9263
9263
9263
9263
9263
9263
9263
9263
9263
9263
9263
9263
9263
9263
9263
9263
9263
9263
9263
9263
9263
9263
9263
9263
9263
9263
9263
9263
9263
9263
9263
9263
9263
9263
9263
9263
9156
9156
9156
9156
9156
9156
9156
9156
9156
9156
9156
9156
9156
9156
9156
9156
9156
9156
9156
9156
9156
9156
9156
9156
9134
9134
9134
9134
9134
9134
9134
9134
9134
9134
9134
9134
9134
9134
9134
9073
9073
9073
9073
9073
9073
9073
9011
9011
9011
9011
9011
9011
9011
9011
9011
9011
9011
9011
9011
9011
9011
9011
9011
9011
9011
9011
9011
9011
9011
9011
9011
9011
9011
9011
9011
9011
9011
9011
9011
9011
8953
8953
8953
8953
8953
8953
8953
8953
8953
8953
8953
8953
8953
8953
8953
8953
8953
8953
8953
8953
8953
8953
8953
8953
8953
8953
8953
8953
8953
8953
8953
8953
8953
8953
8953
8953
8953
8953
8953
8953
8953
8953
8953
8953
8953
8953
8953
8953
8953
8953
8953
8953
8953
8953
8953
8953
8953
8953
8953
8953
8953
8953
8953
8953
8953
8953
8953
8953
8953
8953
8953
8953
8953
8953
8953
8953
8953
8953
8900
8900
8900
8900
8900
8900
8900
8900
8900
8900
8900
8900
8900
8900
8900
8900
8900
8900
8900
8900
8900
8822
8822
8822
8822
8822
8822
8822
8822
8822
8822
8822
8822
8822
8822
8822
8822
8822
8822
8822
8822
8822
8822
8822
8822
8822
8822
8822
8822
8822
8822
8822
8822
8822
8822
8822
8822
8822
8822
8822
8822
8822
8822
8822
8822
8822
8822
8822
8822
8822
8822
8822
8822
8822
8822
8822
8822
8822
8822
8822
8822
8822
8822
8822
8822
8822
8822
8822
8822
8822
8822
8822
8822
8822
8822
8822
8822
8822
8822
8822
8822
8822
8822
8789
8789
8789
8789
8789
8789
8789
8789
8789
8789
8789
8789
8789
8789
8789
8789
8789
8789
8789
8789
8789
8789
8789
8789
8789
8789
8789
8789
8789
8766
8766
8766
8766
8766
8483
8483
8483
8483
8483
8483
8483
8483
8483
8483
8483
8483
8483
8483
8483
8483
8483
8483
8483
8483
8483
8483
8483
8483
8483
8483
8483
8483
8483
8483
8483
8483
8483
8483
8483
8483
8483
8483
8483
8483
8483
8483
8483
8483
8483
8483
8483
8483
8483
8483
8483
8483
8483
8483
8483
8483
8483
8483
8483
8483
8483
8483
8483
8483
8483
8483
8483
8483
8483
8483
8483
8483
8483
8483
8483
8483
8483
8483
8483
8483
8483
8483
8483
8483
8483
8483
8483
8483
8483
8483
8483
8483
8483
8483
8483
8483
8483
8433
8433
8433
8433
8419
8419
8419
8419
8419
8419
8419
8419
8419
8419
8419
8419
8419
8419
8419
8419
8419
8419
8419
8419
8419
8419
8419
8419
8419
8419
8419
8419
8419
8419
8419
8419
8419
8419
8419
8419
8419
8419
8419
8419
8419
8419
8419
8419
8419
8419
8419
8419
8419
8419
8419
8419
8419
8419
8419
8419
8419
8419
8419
8419
8419
8419
8419
8419
8419
8419
8419
8103
8103
8103
8103
8103
8103
8103
8103
8103
8103
8103
8103
8103
8103
8103
8103
8103
8103
8103
8103
8103
8103
8103
8103
8103
8103
8103
8103
8102
8102
8102
8102
8102
8102
8102
8102
8102
8102
8102
8102
8102
8102
8102
8102
8093
8093
8093
8093
8093
8093
8093
8093
8093
8093
8093
8093
8093
8093
8093
8093
8093
8093
8093
8093
8093
8093
8093
8093
8093
8093
8093
8093
8093
8093
8093
8093
8093
8093
8093
8093
8093
8093
8093
8093
8093
8093
8093
8093
8093
8093
8093
8093
8093
8093
8093
8093
8093
8093
8093
8093
8093
8093
8093
8093
8093
8093
8093
8093
8093
7969
7969
7969
7969
7969
7969
7969
7969
7969
7969
7969
7969
7969
7969
7969
7969
7969
7969
7969
7969
7969
7969
7969
7969
7969
7969
7969
7969
7969
7969
7969
7969
7969
7969
7969
7969
7969
7969
7969
7969
7969
7969
7969
7969
7969
7969
7969
7969
7969
7969
7969
7969
7969
7969
7969
7969
7969
7969
7969
7969
7969
7969
7969
7969
7969
7969
7969
7969
7969
7969
7969
7969
7969
7969
7969
7969
7969
7969
7969
7969
7969
7969
7969
7969
7969
7969
7969
7969
7969
7969
7969
7969
7969
7969
7969
7969
7969
7969
7969
7847
7847
7847
7847
7847
7847
7847
7847
7847
7847
7847
7847
7847
7847
7847
7847
7847
7847
7847
7847
7847
7847
7847
7847
7847
7847
7847
7847
7847
7847
7847
7847
7847
7847
7847
7847
7847
7847
7847
7847
7847
7847
7847
7847
7841
7841
7841
7841
7841
7841
7841
7841
7841
7841
7841
7841
7841
7841
7841
7841
7841
7841
7841
7841
7841
7841
7841
7841
7841
7841
7841
7841
7841
7841
7841
7841
7841
7841
7841
7841
7841
7841
7841
7841
7841
7841
7841
7841
7841
7841
7841
7841
7841
7841
7841
7841
7841
7841
7841
7802
7802
7802
7802
7802
7802
7802
7802
7802
7802
7802
7802
7802
7802
7802
7802
7802
7802
7802
7802
7802
7802
7802
7802
7802
7802
7802
7802
7802
7802
7802
7802
7802
7802
7802
7802
7802
7802
7802
7802
7802
7802
7802
7802
7802
7802
7802
7802
7802
7802
7802
7802
7802
7802
7802
7802
7802
7802
7802
7698
7698
7698
7698
7698
7698
7698
7698
7698
7698
7698
7698
7698
7698
7698
7698
7698
7698
7698
7698
7698
7698
7698
7698
7698
7698
7698
7698
7698
7698
7698
7698
7698
7698
7698
7698
7698
7698
7685
7685
7685
7685
7685
7685
7685
7685
7685
7685
7685
7685
7685
7685
7685
7685
7685
7685
7685
7685
7685
7685
7685
7685
7685
7685
7685
7685
7685
7685
7685
7685
7685
7685
7685
7685
7685
7685
7685
7685
7685
7685
7685
7685
7685
7685
7685
7685
7685
7685
7685
7685
7685
7685
7685
7685
7685
7685
7685
7685
7685
7685
7685
7685
7685
7685
7685
7685
7685
7685
7576
7576
7576
7576
7576
7576
7576
7576
7576
7576
7576
7576
7576
7576
7576
7576
7576
7576
7576
7576
7576
7576
7576
7576
7576
7576
7576
7576
7576
7576
7576
7576
7576
7576
7576
7576
7576
7576
7576
7576
7576
7576
7576
7576
7576
7576
7576
7576
7576
7576
7576
7576
7576
7576
7576
7576
7576
7576
7576
7576
7576
7576
7576
7576
7576
7576
7576
7576
7576
7576
7576
7576
7576
7576
7576
7576
7576
7576
7576
7576
7576
7576
7576
7576
7558
7558
7558
7558
7558
7558
7558
7558
7558
7558
7558
7558
7558
7558
7558
7558
7558
7558
7558
7558
7558
7558
7558
7558
7558
7558
7558
7558
7558
7558
7558
7558
7558
7558
7558
7558
7558
7558
7558
7558
7558
7412
7412
7412
7412
7412
7412
7412
7412
7412
7412
7412
7412
7329
7329
7329
7329
7329
7329
7329
7329
7329
7329
7329
7329
7329
7329
7329
7329
7329
7329
7329
7329
7329
7329
7329
7329
7329
7329
7329
7329
7329
7329
7329
7329
7329
7329
7329
7304
7304
7304
7304
7304
7304
7304
7304
7304
7304
7304
7304
7304
7304
7304
7304
7304
7304
7304
7304
7304
7304
7304
7304
7304
7304
7304
7304
7304
7304
7304
7304
7304
7304
7304
7304
7304
7304
7304
7304
7304
7304
7304
7304
7304
7304
7304
7304
7124
7124
7124
7124
7124
7124
7124
7124
7124
7124
7124
7124
7124
7124
7124
7124
7124
7124
7124
7124
7124
7124
7124
7124
7124
7124
7124
7124
7124
7124
7124
7124
7124
7124
7124
6985
6985
6985
6985
6985
6985
6985
6985
6985
6985
6985
6985
6985
6985
6985
6985
6985
6985
6985
6985
6985
6985
6985
6985
6985
6985
6985
6985
6985
6985
6985
6985
6985
6985
6985
6985
6985
6985
6985
6972
6972
6972
6972
6972
6972
6972
6972
6972
6972
6972
6972
6972
6972
6972
6972
6678
6678
6678
6678
6678
6678
6678
6678
6678
6678
6678
6678
6623
6623
6623
6623
6623
6623
6623
6623
6623
6245
6245
6245
6245
6245
6245
6245
6245
6245
6245
6245
6245
6245
6245
6245
6245
6245
6245
6239
6239
6239
6239
6239
6239
6239
6239
6239
6239
6239
6239
6239
6239
6239
6239
6239
6239
6239
6239
6239
6239
6239
6239
6239
6239
6239
6239
6239
6239
6239
6239
6239
6239
6239
6239
6239
6239
6239
6239
6239
6239
6239
6239
6239
6239
6239
6239
6239
6215
6215
6215
6215
6215
6215
6215
6215
6215
6215
6215
6215
6215
6215
6215
6215
6215
6215
6215
6215
6215
6215
6215
6215
6215
6215
6215
6215
6215
6215
6215
6215
6215
6215
6215
6215
6215
6215
6215
6215
6215
6215
6215
6215
6215
6215
6215
6215
6215
6215
6098
6098
6098
6098
6098
6098
6098
6098
6098
6098
6098
6098
6098
6098
6098
6098
6098
6098
6098
6098
6098
6098
6098
6098
6024
6024
6024
6024
6024
6024
6024
6024
6024
6024
6024
6024
6024
6024
6024
6024
6024
6024
6024
6024
6024
6024
6024
6024
6024
6024
6024
6024
6024
6024
6024
6024
6024
6024
6024
6024
6024
6024
6024
6024
6024
6024
6024
6024
6024
6024
6024
6024
6024
6024
6024
6024
6024
6024
6024
6024
6024
6024
6024
6024
6024
6024
6024
6024
6024
6024
6024
6024
6024
6024
6024
6024
6024
6024
6024
6024
5999
5999
5999
5999
5999
5999
5999
5999
5999
5999
5999
5999
5999
5999
5999
5999
5999
5999
5999
5999
5999
5999
5999
5999
5999
5999
5999
5999
5999
5999
5999
5999
5999
5999
5999
5999
5999
5999
5999
5999
5999
5999
5999
5999
5999
5999
5999
5999
5999
5999
5999
5999
5999
5999
5999
5999
5999
5999
5999
5999
5999
5726
5726
5726
5726
5726
5726
5726
5726
5726
5450
5450
5450
5450
5450
5450
5450
5450
5450
5450
5450
5450
5450
5450
5450
5450
5450
5450
5450
5450
5450
5450
5450
5450
5450
5450
5450
5450
5450
5450
5450
5450
5450
5450
5450
5450
5450
5450
5450
5450
5450
5450
5450
5450
5450
5450
5450
5450
5450
5450
5450
5450
5450
5450
5450
5450
5450
5450
5450
5450
5450
5450
5450
5450
5450
5450
5450
5450
5450
5450
5450
5450
5450
5450
5450
5450
5450
5450
5450
5450
5450
5450
5450
5450
5450
5450
5450
5450
5450
5450
5450
5241
5241
5241
5241
5241
5241
5241
5241
5241
5241
5241
5241
5241
5241
5241
5241
5241
5241
5241
5241
5241
5241
5241
5241
5241
5241
5241
5241
5241
5241
5241
5241
5241
5241
5241
5241
5241
5241
5241
5241
5241
5241
5241
5208
5208
5208
5208
5208
5208
5208
5208
5208
5208
5208
5208
5208
5208
5208
5208
5208
5208
5208
5208
5208
5208
5208
5208
5208
5208
5208
5208
5208
5208
5208
5208
5208
5208
5208
5208
5208
5208
5208
5208
5208
5208
5153
5153
5153
5153
5153
5137
5137
5137
5137
5063
5063
5063
5063
5063
5063
5063
5063
5063
5063
5063
5063
5063
5063
5063
5063
5063
5063
5063
5063
5063
5063
5063
5063
5063
5063
5063
5063
5063
5063
5063
5063
5063
5063
5063
5063
5063
5063
5063
5063
5063
5063
5063
5063
5063
5063
5063
5063
5063
5063
5063
5063
5063
5063
5063
5063
5063
5063
5063
5063
5063
5063
5063
5063
5063
5063
5063
5063
5063
5063
5063
5063
5036
5036
5036
5036
5036
5036
5036
5036
5036
5036
5036
5036
5036
5036
5036
5036
5036
5036
5036
5036
5036
5036
5036
5036
5036
5036
5036
5036
5036
5036
5036
5036
5036
5036
5036
5036
5036
5036
5036
5036
5036
5036
5036
5036
5036
5036
5036
5036
5036
5036
5036
5036
5036
5036
5036
5036
5036
5036
5036
5036
5036
5036
5036
5036
5036
5036
5036
5036
5036
5036
5036
5036
5036
5036
5036
5036
5036
5036
5036
5036
5036
5036
5036
5036
5036
5036
5036
5036
5036
5036
5036
5036
5036
5036
5036
5036
5036
5036
5036
4994
4994
4994
4994
4994
4994
4994
4994
4994
4994
4994
4994
4994
4994
4994
4994
4994
4994
4994
4994
4994
4994
4994
4994
4994
4994
4994
4994
4994
4994
4994
4994
4994
4994
4994
4994
4994
4994
4994
4994
4994
4994
4994
4994
4994
4994
4994
4994
4994
4994
4994
4994
4994
4994
4994
4994
4994
4994
4994
4994
4994
4994
4994
4994
4994
4994
4994
4994
4994
4994
4994
4994
4994
4994
4994
4994
4994
4994
4994
4994
4994
4994
4882
4882
4882
4882
4882
4882
4882
4882
4882
4882
4882
4882
4882
4882
4882
4882
4882
4882
4882
4882
4882
4882
4882
4882
4882
4882
4882
4882
4882
4882
4882
4882
4882
4882
4882
4882
4882
4882
4588
4588
4588
4588
4588
4588
4588
4588
4588
4588
4588
4588
4588
4588
4588
4588
4588
4588
4588
4588
4588
4588
4588
4588
4500
4500
4500
4500
4500
4500
4500
4500
4500
4500
4500
4500
4500
4500
4500
4500
4500
4500
4500
4500
4500
4500
4500
4500
4500
4500
4500
4500
4500
4500
4500
4500
4500
4500
4500
4500
4500
4500
4500
4500
4500
4500
4500
4500
4500
4500
4500
4500
4500
4500
4500
4500
4500
4500
4500
4500
4500
4500
4500
4500
4500
4500
4500
4500
4500
4500
4500
4500
4500
4500
4500
4500
4500
4500
4500
4500
4500
4500
4500
4500
4500
4500
4500
4500
4500
4500
4500
4500
4500
4500
4500
4500
4500
4500
4500
4500
4500
4500
4162
4162
4162
4162
4162
4162
4162
4162
4162
4162
4162
4162
4162
4162
4162
4162
4162
4162
4162
4162
4162
4162
4162
4162
4162
4162
4162
4162
4162
4162
4162
4162
4162
4162
4162
4162
4162
4162
4162
4162
4162
4162
4162
4162
4162
4162
4162
4162
3968
3968
3968
3968
3968
3968
3968
3968
3968
3968
3968
3968
3968
3968
3968
3968
3968
3968
3968
3968
3968
3968
3968
3968
3968
3968
3968
3968
3968
3968
3968
3968
3968
3968
3968
3968
3968
3968
3968
3968
3968
3968
3968
3968
3968
3968
3968
3968
3968
3968
3968
3968
3968
3968
3968
3968
3968
3968
3965
3965
3965
3965
3965
3965
3965
3965
3965
3965
3965
3965
3965
3965
3965
3965
3965
3965
3965
3965
3965
3965
3965
3965
3965
3965
3965
3965
3965
3965
3965
3965
3965
3965
3965
3965
3965
3965
3965
3965
3965
3965
3965
3965
3965
3965
3965
3965
3965
3965
3965
3965
3965
3965
3965
3965
3965
3965
3965
3938
3938
3938
3938
3938
3938
3938
3938
3938
3938
3938
3938
3938
3938
3938
3938
3938
3938
3938
3938
3938
3938
3938
3938
3938
3938
3938
3938
3938
3938
3938
3938
3938
3938
3938
3938
3938
3938
3938
3938
3938
3938
3938
3938
3938
3938
3938
3938
3938
3938
3938
3938
3938
3938
3938
3938
3938
3937
3937
3937
3937
3937
3937
3937
3937
3937
3937
3937
3937
3937
3937
3937
3937
3937
3937
3937
3937
3937
3937
3937
3937
3937
3937
3937
3937
3937
3937
3937
3937
3937
3937
3937
3937
3937
3937
3937
3937
3937
3937
3937
3937
3937
3937
3937
3937
3937
3937
3937
3937
3937
3937
3937
3937
3937
3937
3937
3937
3937
3937
3937
3937
3937
3937
3937
3937
3937
3937
3937
3937
3937
3937
3937
3937
3937
3937
3937
3937
3937
3937
3937
3937
3937
3937
3937
3937
3926
3926
3926
3926
3926
3926
3926
3926
3926
3926
3926
3926
3926
3926
3926
3926
3926
3926
3926
3926
3926
3926
3926
3926
3860
3860
3860
3860
3860
3860
3860
3860
3860
3860
3860
3860
3860
3860
3860
3860
3860
3860
3860
3860
3860
3860
3860
3860
3860
3860
3860
3860
3860
3860
3860
3860
3860
3860
3860
3860
3860
3860
3860
3860
3860
3860
3714
3714
3714
3714
3714
3714
3714
3714
3714
3714
3714
3714
3714
3714
3714
3714
3714
3714
3714
3714
3714
3714
3714
3714
3714
3714
3714
3714
3714
3714
3714
3714
3714
3714
3714
3714
3714
3714
3714
3666
3666
3666
3666
3666
3666
3666
3666
3666
3666
3666
3666
3666
3666
3666
3666
3666
3666
3666
3666
3666
3666
3666
3666
3666
3666
3666
3666
3666
3666
3666
3666
3666
3666
3666
3666
3666
3666
3666
3666
3666
3646
3646
3646
3646
3646
3646
3646
3646
3646
3646
3646
3646
3646
3646
3646
3646
3646
3646
3646
3646
3646
3646
3646
3646
3646
3646
3646
3646
3646
3646
3646
3646
3646
3646
3646
3646
3646
3646
3646
3646
3646
3646
3646
3646
3646
3646
3646
3646
3646
3646
3556
3556
3556
3556
3556
3556
3556
3556
3556
3556
3556
3556
3556
3556
3556
3556
3556
3556
3556
3556
3556
3556
3556
3556
3556
3556
3556
3556
3556
3556
3556
3556
3556
3556
3556
3556
3556
3556
3556
3556
3556
3556
3556
3556
3556
3556
3556
3556
3556
3556
3556
3556
3556
3556
3556
3556
3556
3556
3556
3556
3556
3556
3509
3509
3509
3509
3509
3509
3509
3509
3509
3509
3509
3509
3509
3509
3509
3509
3509
3509
3509
3509
3509
3509
3509
3509
3509
3509
3509
3509
3509
3509
3509
3509
3509
3509
3509
3509
3509
3509
3509
3509
3509
3509
3509
3509
3480
3480
3480
3480
3480
3480
3480
3480
3480
3480
3480
3480
3480
3480
3480
3480
3480
3480
3480
3480
3480
3480
3480
3480
3480
3480
3480
3480
3480
3480
3480
3480
3480
3480
3480
3480
3480
3480
3480
3480
3480
3480
3480
3480
3461
3461
3461
3461
3461
3461
3461
3461
3461
3461
3461
3461
3461
3461
3461
3461
3461
3461
3461
3461
3461
3461
3461
3461
3461
3461
3461
3461
3461
3461
3461
3461
3461
3461
3461
3461
3461
3461
3461
3461
3461
3461
3461
3461
3461
3461
3461
3461
3461
3461
3461
3461
3461
3461
3461
3461
3461
3461
3461
3461
3461
3461
3461
3461
3461
3461
3461
3461
3461
3461
3461
3461
3461
3461
3461
3461
3461
3461
3461
3461
3461
3461
3461
3461
3461
3461
3461
3461
3174
3174
3174
3174
3174
3174
3174
3174
3174
3174
3174
3174
3174
3174
3174
3174
3174
3174
3174
3174
3174
3174
3174
3174
3174
3174
3174
3174
3174
3174
3174
3174
3174
3174
3174
3174
3174
3174
3174
3174
3174
3174
3174
3174
3174
3174
3174
3174
3174
3174
3174
3174
3174
3174
3174
3174
3174
3174
3174
3174
3174
3174
3174
3174
3174
3174
3174
3174
3174
3174
3174
3174
3174
3174
3174
3174
3174
3174
3174
3174
3174
3174
3174
3174
3174
3174
3174
3174
3174
3174
3174
3174
3037
3037
3037
3037
3037
3037
3037
3037
3037
3037
3037
3037
3037
3037
3037
3037
3037
3037
3037
3037
3037
3037
3037
3037
3037
3037
3037
3037
3037
3037
3037
3037
3037
3037
3037
3037
3037
3037
3037
3037
3037
3037
3037
3037
3037
3037
3037
3037
3037
3037
3037
3037
3037
3037
3037
3037
3037
3037
3037
3037
3037
3037
3037
3037
2958
2958
2958
2958
2958
2958
2958
2958
2958
2958
2958
2958
2958
2958
2958
2958
2958
2958
2958
2958
2958
2958
2958
2958
2958
2958
2958
2958
2958
2958
2958
2958
2958
2958
2958
2958
2958
2958
2958
2958
2958
2958
2958
2958
2958
2958
2958
2958
2958
2958
2958
2958
2958
2958
2958
2958
2958
2958
2958
2958
2958
2958
2958
2958
2958
2958
2958
2958
2958
2958
2958
2958
2958
2958
2958
2958
2958
2958
2958
2958
2958
2958
2958
2576
2576
2576
2576
2576
2576
2515
2515
2515
2515
2515
2515
2515
2515
2515
2515
2515
2515
2515
2515
2515
2515
2515
2515
2515
2515
2515
2515
2515
2515
2515
2515
2515
2515
2515
2515
2515
2515
2515
2515
2515
2515
2515
2515
2515
2515
2515
2515
2515
2515
2515
2515
2515
2515
2515
2515
2515
2515
2515
2515
2515
2515
2515
2515
2515
2515
2515
2515
2515
2515
2515
2515
2515
2515
2515
2515
2515
2515
2515
2515
2515
2515
2515
2515
2515
2515
2515
2515
2515
2515
2515
2515
2515
2515
2515
2515
2515
2515
2515
2515
2515
2515
2515
2515
2415
2415
2415
2415
2415
2415
2415
2415
2415
2415
2415
2415
2415
2415
2415
2415
2415
2415
2415
2415
2415
2415
2415
2382
2382
2382
2382
2382
2382
2382
2382
2382
2382
2382
2382
2382
2382
2382
2382
2382
2382
2382
2382
2382
2382
2382
2382
2382
2382
2382
2382
2382
2382
2382
2382
2382
2382
2382
2382
2382
2382
2382
2382
2382
2382
2382
2382
2382
1775
1775
1775
1775
1775
1775
1775
1775
1775
1775
1775
1775
1775
1775
1775
1775
1775
1775
1775
1775
1775
1775
1775
1761
1761
1761
1761
1761
1761
1761
1761
1761
1761
1761
1761
1761
1761
1761
1761
1761
1761
1761
1761
1761
1761
1761
1761
1761
1761
1761
1761
1761
1761
1761
1761
1761
1761
1761
1761
1761
1761
1761
1761
1761
1761
1761
1761
1761
1761
1761
1761
1761
1761
1761
1761
1761
1761
1761
1761
1761
1761
1761
1761
1761
1761
1761
1761
1761
1761
1761
1761
1761
1761
1761
1761
1761
1761
1761
1761
1761
1761
1761
1761
1761
1761
1761
1761
1761
1761
1761
1761
1761
1761
1761
1761
1761
1761
1761
1761
1761
1761
1593
1593
1554
1554
1554
1554
1554
1554
1554
1554
1554
1554
1554
1554
1554
1554
1554
1554
1554
1554
1554
1554
1554
1554
1554
1554
1554
1554
1554
1554
1554
1554
1554
1554
1554
1554
1554
1511
1511
1511
1511
1511
1511
1511
1511
1511
1511
1511
1511
1511
1511
1511
1511
1511
1511
1511
1511
1511
1511
1511
1511
1511
1511
1511
1511
1511
1511
1511
1511
1511
1511
1511
1511
1511
1511
1511
1511
1511
1511
1511
1511
1511
1511
1511
1511
1511
1511
1511
1511
1511
1511
1511
1511
1511
1511
1511
1511
1511
1511
1511
1511
1511
1511
1511
1511
1511
1511
1511
1511
1511
1511
1511
1511
1511
1511
1511
1511
1511
1511
1511
1511
1511
1495
1495
1495
1495
1495
1495
1495
1495
1461
1461
1461
1461
1461
1461
1461
1461
1461
1461
1461
1461
1461
1461
1461
1461
1461
1461
1461
1461
1461
1461
1461
1461
1461
1461
1461
1461
1461
1461
1461
1461
1461
1461
1461
1461
1461
1461
1461
1461
1461
1461
1461
1461
1461
1461
1461
1461
1461
1461
1461
1461
1461
1461
1461
1461
1461
1461
1461
1461
1461
1461
1461
1113
1113
1113
1113
1113
1113
1113
1113
1113
1113
1113
1113
1113
1113
1113
1113
1113
1113
1113
1113
1113
1113
1113
1113
1113
1093
1093
1093
1093
1093
1093
1093
1093
1093
1093
1093
1093
1093
1093
1093
1093
1093
1093
1093
1093
1093
1093
1093
1093
1093
1093
1093
1093
1093
1093
1093
1093
1093
1093
1093
1093
1093
1093
1093
1093
1093
1093
1093
1093
1093
1093
1093
1093
1093
1093
1093
1093
1093
1093
1093
1093
1093
1093
1093
1093
1093
1093
1093
1093
1093
1093
1093
1093
1093
1093
1093
1093
1093
1093
1093
1093
987
987
987
987
987
987
987
987
987
987
987
987
987
987
987
987
987
987
987
987
987
987
987
987
987
987
987
987
987
987
987
987
987
987
987
987
987
987
987
987
987
987
987
987
987
987
987
987
987
987
904
904
904
904
904
904
904
904
904
904
904
904
904
904
904
904
904
904
904
904
904
904
904
904
904
904
904
904
904
904
904
904
904
904
904
904
904
904
904
904
904
904
904
904
904
904
904
904
904
904
904
904
904
904
904
904
904
904
904
904
904
904
904
904
904
904
904
904
904
904
904
904
904
904
687
687
687
687
687
687
687
687
687
684
684
684
684
684
684
684
684
684
684
684
684
684
684
684
684
684
684
684
684
684
684
684
684
684
684
684
684
684
684
684
684
684
684
684
684
684
684
684
684
684
684
684
684
684
684
684
590
590
590
590
590
590
590
590
590
590
590
590
590
590
590
590
590
590
590
590
590
590
590
590
590
590
590
590
590
590
590
590
590
590
590
590
590
590
590
590
590
590
590
590
590
590
590
590
590
590
590
590
590
590
590
590
590
590
590
590
590
590
590
590
590
590
590
590
590
482
482
482
482
482
482
482
482
482
482
482
482
482
482
482
482
482
482
482
482
482
482
482
482
482
482
482
482
482
482
482
482
482
42
42
42
42
42
42
42
42
42
42
42
42
42
42
42
42
42
42
42
42
42
42
42
42
42
42
42
42
42
42
42
42
42
42
42
42
42
42
42
42
42
42
42
42
42
42
42
42
42
42
42
42
