4945
10000
2477
2477
2477
2477
2477
2477
2477
2477
2477
2477
2477
2477
2477
2477
2477
2477
2477
2477
2477
2477
2477
2440
2440
2440
2440
2440
2440
2440
2440
2440
2440
2440
2440
2440
2440
2440
2440
2440
2440
2440
2440
2440
2440
2440
2440
2440
2440
2440
2440
2440
2440
2440
2440
2440
2440
2440
2440
2440
2440
2440
2440
2440
2440
2440
2440
2440
2440
2440
2440
2440
2440
2440
2440
2440
2440
2440
2440
2440
2440
2440
2440
2424
2424
2424
2424
2424
2424
2424
2424
2424
2424
2424
2424
2424
2424
2424
2424
2424
2424
2424
2424
2424
2424
2424
2424
2424
2424
2424
2424
2424
2424
2424
2424
2424
2424
2424
2424
2424
2424
2424
2424
2424
2424
2424
2424
2424
2420
2420
2420
2420
2420
2420
2420
2420
2420
2420
2420
2420
2420
2420
2420
2420
2420
2420
2420
2420
2420
2420
2420
2420
2420
2420
2420
2420
2420
2420
2420
2420
2420
2420
2420
2420
2420
2420
2420
2420
2420
2420
2420
2420
2420
2420
2420
2420
2420
2420
2420
2420
2420
2381
2381
2381
2381
2381
2381
2381
2381
2381
2381
2381
2381
2381
2381
2381
2381
2381
2381
2381
2381
2381
2381
2381
2381
2381
2381
2381
2381
2381
2381
2381
2381
2381
2381
2381
2381
2381
2381
2381
2381
2381
2381
2381
2381
2381
2381
2381
2381
2381
2381
2381
2381
2381
2381
2381
2381
2381
2381
2381
2381
2381
2381
2376
2376
2376
2376
2376
2376
2376
2376
2376
2376
2376
2376
2376
2376
2376
2376
2376
2376
2376
2376
2376
2376
2376
2376
2376
2376
2376
2376
2376
2376
2376
2376
2376
2376
2376
2376
2376
2376
2376
2376
2376
2376
2376
2376
2376
2376
2376
2376
2376
2376
2376
2376
2376
2376
2376
2372
2372
2372
2372
2372
2372
2372
2372
2372
2372
2372
2372
2372
2372
2372
2372
2372
2372
2372
2372
2372
2372
2372
2372
2372
2372
2372
2372
2372
2372
2372
2372
2372
2372
2372
2372
2372
2372
2372
2372
2372
2372
2372
2372
2372
2372
2372
2372
2372
2372
2372
2372
2372
2372
2372
2372
2372
2372
2372
2372
2372
2372
2372
2372
2372
2372
2372
2372
2372
2372
2372
2372
2372
2372
2372
2372
2372
2372
2372
2372
2372
2372
2372
2372
2372
2372
2372
2372
2372
2372
2365
2365
2365
2365
2365
2365
2365
2365
2365
2365
2365
2365
2365
2365
2365
2365
2365
2365
2365
2365
2365
2365
2365
2365
2365
2365
2365
2365
2365
2365
2365
2365
2365
2365
2365
2365
2365
2365
2365
2365
2310
2310
2310
2310
2310
2310
2310
2310
2310
2310
2310
2310
2310
2310
2310
2310
2310
2310
2310
2310
2310
2310
2310
2310
2310
2310
2310
2310
2310
2310
2310
2310
2310
2310
2310
2310
2310
2310
2310
2310
2310
2310
2310
2310
2310
2310
2310
2310
2310
2310
2310
2310
2310
2310
2310
2270
2270
2270
2270
2270
2270
2270
2270
2270
2270
2270
2270
2270
2270
2270
2270
2270
2270
2270
2270
2270
2270
2270
2270
2270
2270
2270
2270
2270
2270
2270
2270
2270
2270
2270
2270
2270
2270
2270
2270
2270
2270
2270
2270
2270
2270
2270
2270
2270
2270
2270
2270
2270
2270
2270
2270
2270
2270
2270
2270
2270
2270
2270
2270
2270
2270
2270
2270
2270
2270
2270
2269
2269
2269
2269
2269
2269
2269
2269
2269
2269
2269
2269
2269
2269
2269
2269
2269
2269
2269
2269
2269
2269
2269
2269
2269
2269
2269
2269
2267
2267
2267
2267
2267
2267
2267
2267
2267
2267
2267
2267
2267
2267
2267
2267
2267
2267
2267
2267
2267
2267
2267
2267
2267
2267
2267
2267
2267
2267
2267
2267
2267
2267
2267
2267
2267
2267
2267
2267
2267
2267
2267
2267
2267
2267
2267
2267
2267
2267
2267
2267
2267
2267
2267
2267
2267
2267
2267
2267
2267
2267
2267
2267
2267
2267
2267
2267
2265
2265
2265
2265
2265
2265
2265
2265
2265
2265
2265
2265
2265
2265
2265
2265
2265
2265
2265
2265
2265
2265
2265
2265
2265
2265
2265
2265
2265
2265
2265
2265
2265
2265
2265
2265
2265
2265
2265
2265
2265
2265
2265
2265
2265
2265
2265
2265
2265
2265
2265
2265
2265
2265
2265
2265
2265
2265
2265
2265
2265
2265
2265
2265
2265
2265
2265
2265
2265
2265
2265
2265
2265
2265
2265
2265
2265
2265
2265
2265
2265
2265
2265
2265
2265
2265
2265
2265
2265
2265
2265
2265
2265
2258
2258
2258
2258
2248
2248
2248
2248
2248
2248
2248
2248
2248
2248
2248
2248
2248
2248
2248
2248
2248
2248
2248
2248
2248
2248
2248
2248
2248
2248
2248
2248
2248
2248
2248
2248
2248
2248
2248
2248
2248
2248
2248
2248
2248
2248
2248
2248
2248
2248
2248
2248
2248
2248
2248
2248
2248
2248
2248
2248
2248
2248
2248
2248
2248
2248
2248
2248
2248
2248
2248
2248
2248
2224
2224
2224
2224
2224
2224
2224
2224
2224
2224
2224
2224
2224
2224
2224
2224
2224
2224
2224
2224
2224
2224
2224
2224
2224
2224
2224
2224
2224
2224
2224
2224
2224
2224
2224
2224
2224
2224
2224
2224
2224
2224
2224
2224
2224
2224
2224
2224
2224
2224
2224
2224
2224
2224
2224
2224
2224
2224
2224
2224
2224
2224
2224
2224
2224
2224
2224
2224
2224
2224
2224
2224
2224
2224
2224
2224
2224
2224
2224
2224
2224
2224
2224
2224
2224
2224
2224
2224
2224
2224
2224
2224
2224
2224
2224
2224
2224
2212
2212
2212
2212
2212
2212
2212
2212
2212
2212
2212
2212
2200
2200
2200
2200
2200
2200
2200
2200
2200
2200
2200
2200
2200
2200
2200
2200
2200
2200
2200
2200
2200
2200
2200
2200
2200
2200
2200
2200
2200
2200
2200
2200
2200
2200
2200
2200
2200
2200
2200
2200
2200
2200
2200
2200
2200
2200
2200
2200
2200
2200
2200
2200
2200
2200
2200
2200
2200
2200
2200
2200
2200
2200
2200
2200
2200
2200
2200
2200
2200
2200
2200
2200
2200
2200
2200
2200
2200
2200
2200
2200
2200
2200
2200
2200
2174
2174
2174
2174
2174
2174
2174
2174
2151
2151
2151
2151
2151
2151
2151
2151
2151
2151
2151
2151
2151
2151
2151
2151
2151
2151
2151
2151
2151
2151
2151
2151
2151
2151
2151
2151
2151
2151
2151
2151
2151
2151
2151
2151
2151
2151
2151
2151
2151
2151
2151
2151
2151
2151
2151
2151
2151
2151
2151
2151
2151
2151
2151
2151
2151
2151
2151
2151
2151
2151
2151
2151
2151
2151
2151
2151
2151
2151
2151
2151
2151
2151
2151
2151
2151
2151
2151
2151
2151
2151
2151
2151
2151
2151
2151
2151
2151
2151
2151
2151
2121
2121
2121
2121
2121
2121
2121
2121
2121
2121
2121
2121
2121
2121
2009
2009
2009
2009
2009
2009
2009
2009
2009
2009
2009
2009
2009
2009
2009
2009
2009
2009
2009
2009
2009
2009
2009
2009
2009
2009
2009
2009
2009
2009
2009
2009
2009
2009
2009
2009
2009
2009
2009
2009
2009
2009
2009
2009
2009
2009
2009
2009
2009
2009
2009
2009
2009
2009
2009
2009
2009
2009
2009
2009
2009
2009
2009
2009
2009
2009
2009
2009
2009
2009
2009
2009
2009
2009
2009
2009
2009
1994
1994
1994
1994
1994
1994
1994
1994
1994
1994
1994
1994
1994
1994
1994
1994
1994
1994
1994
1994
1994
1994
1994
1994
1994
1994
1994
1981
1981
1981
1981
1981
1981
1981
1981
1981
1981
1981
1981
1981
1981
1981
1981
1981
1981
1981
1981
1981
1981
1981
1981
1981
1981
1981
1981
1981
1981
1981
1981
1981
1981
1981
1981
1981
1981
1981
1981
1981
1981
1981
1981
1981
1981
1981
1981
1981
1981
1981
1981
1981
1981
1981
1981
1981
1981
1981
1981
1981
1981
1981
1981
1981
1981
1981
1981
1981
1981
1981
1981
1981
1981
1981
1981
1981
1981
1981
1981
1981
1981
1981
1981
1981
1981
1961
1961
1961
1936
1936
1936
1936
1936
1936
1936
1936
1936
1936
1936
1936
1936
1936
1936
1936
1936
1936
1936
1936
1936
1936
1936
1936
1936
1936
1936
1936
1936
1936
1936
1936
1936
1936
1936
1936
1936
1936
1936
1936
1936
1934
1934
1934
1934
1934
1934
1934
1934
1934
1934
1934
1934
1934
1934
1934
1934
1934
1934
1934
1934
1934
1934
1934
1934
1934
1934
1934
1932
1932
1932
1885
1885
1885
1885
1885
1885
1885
1885
1885
1885
1885
1885
1885
1885
1885
1885
1885
1885
1885
1885
1885
1885
1885
1885
1885
1885
1885
1885
1885
1885
1885
1885
1885
1885
1885
1885
1885
1885
1885
1885
1885
1885
1885
1885
1885
1885
1885
1885
1885
1885
1885
1885
1885
1885
1885
1885
1885
1885
1885
1885
1885
1885
1885
1885
1885
1885
1885
1885
1885
1885
1885
1885
1885
1885
1885
1885
1885
1885
1885
1885
1885
1885
1885
1885
1885
1885
1885
1885
1885
1885
1885
1885
1885
1885
1885
1885
1885
1849
1849
1849
1849
1849
1849
1849
1849
1849
1849
1849
1849
1849
1849
1849
1849
1849
1849
1849
1849
1849
1849
1849
1849
1849
1849
1849
1849
1849
1849
1849
1849
1849
1849
1849
1849
1849
1849
1849
1849
1849
1849
1849
1849
1849
1849
1849
1849
1849
1849
1849
1849
1849
1849
1849
1849
1849
1849
1849
1849
1849
1849
1849
1849
1849
1849
1849
1849
1849
1849
1849
1849
1849
1849
1849
1849
1849
1849
1849
1849
1849
1849
1849
1843
1843
1843
1843
1843
1843
1843
1843
1843
1843
1843
1843
1843
1843
1843
1843
1843
1843
1843
1843
1843
1843
1843
1843
1843
1843
1843
1843
1843
1843
1843
1843
1843
1843
1843
1843
1843
1843
1843
1843
1843
1843
1843
1843
1843
1843
1843
1843
1843
1820
1820
1820
1820
1820
1820
1820
1820
1820
1820
1820
1820
1820
1820
1820
1820
1820
1820
1820
1820
1820
1820
1820
1820
1820
1820
1820
1820
1820
1754
1754
1754
1754
1754
1754
1754
1754
1754
1754
1754
1754
1754
1754
1754
1754
1754
1754
1754
1754
1754
1754
1754
1754
1754
1754
1754
1754
1754
1754
1754
1754
1754
1754
1754
1754
1754
1754
1754
1754
1754
1754
1754
1754
1754
1754
1754
1754
1754
1754
1754
1754
1754
1754
1754
1754
1754
1754
1754
1754
1754
1754
1754
1754
1754
1754
1754
1754
1754
1754
1754
1754
1754
1754
1754
1754
1754
1754
1754
1754
1754
1754
1754
1754
1754
1754
1754
1754
1754
1754
1754
1754
1754
1754
1754
1754
1754
1754
1754
1754
1752
1752
1752
1752
1752
1752
1752
1752
1752
1752
1752
1752
1752
1752
1752
1752
1752
1752
1752
1752
1752
1752
1752
1752
1752
1752
1752
1752
1752
1752
1752
1752
1752
1752
1752
1752
1752
1752
1752
1752
1752
1752
1752
1752
1752
1752
1752
1752
1752
1752
1752
1752
1752
1752
1752
1752
1752
1752
1752
1752
1752
1752
1752
1621
1621
1621
1621
1621
1621
1621
1621
1621
1621
1621
1621
1621
1621
1621
1621
1621
1621
1621
1621
1621
1621
1621
1621
1621
1621
1621
1621
1621
1621
1621
1621
1621
1621
1621
1621
1621
1621
1621
1621
1621
1621
1621
1621
1621
1621
1621
1621
1621
1621
1621
1621
1621
1621
1621
1621
1621
1621
1621
1621
1621
1621
1621
1621
1621
1621
1621
1621
1621
1621
1621
1621
1621
1621
1615
1615
1615
1615
1615
1615
1615
1615
1615
1615
1615
1615
1615
1615
1615
1615
1615
1615
1615
1615
1615
1615
1615
1615
1615
1615
1615
1615
1615
1615
1615
1615
1615
1615
1615
1615
1615
1615
1615
1615
1615
1615
1615
1615
1615
1615
1615
1615
1615
1615
1615
1615
1615
1615
1603
1603
1603
1603
1603
1603
1603
1603
1603
1603
1603
1603
1603
1603
1603
1603
1603
1603
1603
1603
1603
1603
1603
1558
1558
1558
1558
1558
1558
1558
1558
1558
1558
1558
1558
1558
1558
1558
1558
1558
1558
1558
1558
1558
1558
1558
1558
1558
1558
1558
1558
1558
1558
1558
1558
1558
1558
1558
1558
1558
1558
1558
1558
1558
1558
1558
1558
1558
1558
1558
1558
1558
1558
1558
1558
1558
1558
1558
1558
1558
1558
1558
1558
1558
1550
1550
1550
1550
1550
1550
1550
1550
1550
1550
1550
1550
1550
1550
1550
1550
1550
1550
1550
1550
1550
1550
1550
1550
1550
1550
1550
1550
1550
1550
1550
1550
1550
1550
1550
1550
1550
1550
1550
1550
1550
1550
1550
1550
1550
1550
1550
1550
1550
1550
1550
1550
1550
1550
1542
1542
1542
1542
1542
1542
1542
1542
1542
1528
1528
1528
1528
1528
1528
1528
1528
1528
1528
1528
1528
1528
1528
1528
1528
1528
1528
1528
1528
1528
1528
1528
1528
1528
1528
1528
1528
1528
1528
1528
1528
1528
1528
1528
1528
1528
1528
1528
1528
1528
1528
1528
1528
1528
1528
1528
1504
1504
1504
1504
1504
1504
1437
1437
1437
1437
1437
1437
1437
1437
1437
1437
1437
1437
1437
1437
1437
1437
1437
1437
1437
1437
1437
1437
1437
1437
1437
1437
1437
1437
1437
1437
1437
1437
1437
1437
1437
1437
1437
1437
1437
1437
1437
1437
1437
1437
1360
1360
1360
1360
1360
1360
1360
1360
1360
1360
1360
1360
1360
1360
1360
1360
1360
1360
1360
1360
1360
1360
1360
1360
1360
1360
1354
1354
1354
1354
1354
1354
1352
1352
1352
1352
1352
1352
1345
1345
1345
1345
1345
1345
1345
1345
1345
1345
1345
1345
1345
1345
1345
1345
1345
1345
1345
1345
1345
1345
1345
1345
1345
1345
1345
1345
1345
1345
1345
1345
1345
1345
1345
1345
1345
1345
1345
1345
1345
1345
1345
1345
1345
1345
1345
1345
1345
1345
1345
1345
1345
1345
1345
1345
1345
1345
1345
1345
1345
1345
1345
1345
1345
1345
1345
1345
1345
1345
1345
1345
1345
1345
1345
1345
1345
1345
1345
1345
1345
1345
1345
1345
1345
1345
1345
1345
1283
1283
1283
1283
1283
1283
1283
1283
1283
1283
1283
1283
1283
1283
1283
1283
1283
1283
1283
1283
1283
1283
1283
1283
1283
1283
1283
1283
1283
1283
1283
1283
1283
1283
1283
1283
1283
1283
1236
1236
1236
1236
1236
1236
1236
1236
1236
1236
1236
1236
1236
1236
1236
1236
1236
1236
1236
1236
1236
1236
1236
1236
1236
1236
1236
1236
1236
1236
1236
1236
1236
1236
1236
1236
1236
1236
1236
1236
1236
1236
1236
1236
1236
1236
1236
1236
1236
1236
1236
1236
1236
1236
1236
1234
1234
1234
1234
1234
1234
1234
1234
1234
1234
1234
1234
1234
1234
1234
1234
1234
1234
1234
1234
1234
1234
1234
1234
1234
1234
1234
1234
1234
1234
1234
1234
1234
1234
1234
1234
1234
1234
1234
1234
1234
1234
1234
1234
1234
1234
1234
1234
1234
1234
1234
1234
1234
1234
1234
1234
1234
1234
1234
1234
1234
1234
1234
1234
1234
1234
1234
1234
1234
1234
1234
1234
1234
1234
1234
1234
1234
1234
1234
1234
1234
1234
1234
1234
1234
1234
1193
1193
1193
1193
1193
1193
1157
1157
1157
1157
1157
1157
1157
1137
1137
1137
1137
1137
1137
1137
1137
1137
1137
1137
1137
1113
1113
1113
1113
1113
1113
1113
1113
1113
1113
1113
1113
1113
1113
1113
1113
1113
1113
1113
1113
1113
1113
1113
1113
1113
1113
1113
1113
1113
1113
1113
1113
1113
1113
1113
1113
1113
1113
1113
1113
1113
1113
1113
1113
1113
1113
1113
1113
1113
1113
1113
1113
1113
1113
1113
1113
1113
1113
1113
1113
1113
1113
1113
1113
1080
1080
1080
1080
1080
1080
1080
1080
1080
1080
1080
1080
1080
1063
1063
1063
1063
1063
1063
1063
1063
1063
1063
1063
1063
1063
1063
1063
1063
1063
1063
1063
1063
1063
1063
1063
1063
1063
1063
1063
1063
1063
1063
1063
1063
1063
1063
1063
1063
1063
1063
1063
1063
1063
1063
1063
1063
1063
1063
1063
1063
1063
1063
1063
1063
1063
1063
1063
1063
1063
1063
1063
1063
1063
1063
1063
1063
1063
1063
1063
1063
1063
1063
1063
1063
1051
1051
1051
1051
1051
1051
1051
1051
1051
1051
1051
1051
1051
1051
1051
1043
1043
1043
1043
1043
1043
1043
1043
1043
1043
1043
1043
1043
1043
1043
1043
1043
1043
1043
1043
1043
1043
1043
1043
1043
1043
1043
1043
1043
1043
1043
1043
1043
1043
1043
1043
1043
1043
1043
1043
1043
1043
1043
1043
1043
1043
1043
1043
1043
1043
1043
1043
1043
1043
1043
1043
1043
1043
1043
1043
1043
1043
1043
1043
1043
1043
1043
1043
1043
1030
1030
1030
1030
1030
1030
1030
1030
1030
1030
1030
1030
1030
1030
978
978
978
978
978
978
978
978
978
978
978
978
978
978
978
978
978
978
978
978
978
978
978
978
978
978
978
978
978
978
978
978
978
978
978
978
978
978
960
960
960
960
960
960
960
960
960
960
960
960
960
960
960
960
960
960
960
960
960
960
960
960
960
960
960
960
960
960
960
960
960
960
960
960
952
952
952
952
952
952
952
952
952
952
952
952
952
952
952
952
952
952
952
952
952
952
952
952
952
952
952
952
952
952
952
952
952
952
952
952
952
952
952
952
952
952
952
952
952
952
932
932
932
932
932
932
932
932
932
932
932
932
932
932
932
932
932
932
932
932
932
932
932
932
932
932
932
932
932
932
932
932
932
932
932
932
932
932
932
924
924
924
924
924
924
924
924
924
924
924
924
924
924
924
924
924
924
924
924
924
924
924
924
924
924
924
924
924
924
924
924
924
924
924
924
924
924
924
924
924
924
924
924
924
924
924
924
924
924
924
924
924
924
924
924
924
924
924
924
924
924
924
924
924
924
924
924
924
924
919
919
919
919
919
919
919
919
919
919
919
919
919
919
919
919
919
919
919
919
919
919
919
919
919
919
919
919
919
919
919
919
919
919
919
919
919
919
919
919
919
919
919
919
919
919
919
919
919
919
919
919
919
919
919
919
919
919
919
919
878
878
878
878
878
878
878
878
878
878
878
878
878
878
878
878
878
878
878
878
878
878
878
878
878
878
878
878
878
878
878
878
878
878
878
878
878
878
878
878
878
878
878
878
878
878
878
878
878
878
878
878
878
878
878
878
878
878
878
878
878
878
878
878
878
878
878
865
865
865
865
865
865
865
865
865
865
865
865
865
865
865
865
865
865
865
865
865
865
865
865
865
865
865
865
865
865
865
865
865
865
865
865
865
865
865
865
865
865
865
865
865
865
865
865
865
865
865
865
865
865
865
865
865
865
865
865
865
865
865
865
865
865
865
865
865
865
865
865
865
865
865
865
865
865
865
865
865
865
865
865
865
865
865
865
865
865
865
865
865
865
865
849
849
849
849
849
849
849
849
849
849
849
849
849
849
849
849
849
849
849
849
849
849
849
849
828
828
828
828
828
828
828
828
828
828
828
828
828
828
828
828
828
828
828
828
828
828
828
828
828
828
828
828
828
828
828
828
828
828
828
828
828
828
828
828
828
828
828
828
828
828
828
828
828
828
828
828
828
828
828
828
828
828
828
828
828
802
802
802
802
802
802
802
802
802
802
802
802
802
802
802
802
802
802
802
802
802
802
802
802
802
802
802
802
802
802
802
802
802
802
802
802
802
802
802
802
802
802
802
802
802
802
802
802
802
802
802
802
802
802
802
802
802
802
802
802
802
802
802
802
802
802
802
802
802
802
802
802
802
802
802
802
802
802
802
802
802
802
802
802
802
802
802
802
802
802
802
802
802
802
781
781
781
781
781
781
781
781
781
781
781
781
781
781
781
781
781
781
781
777
777
777
777
777
777
777
777
777
777
777
777
777
777
777
777
777
777
777
760
760
760
760
760
760
760
760
760
760
760
760
760
760
760
760
760
760
760
760
760
760
760
760
760
760
760
760
760
760
760
760
760
760
760
760
760
760
760
760
760
760
760
760
760
760
760
760
760
760
760
760
760
760
760
760
760
760
760
760
760
760
760
760
760
760
760
760
760
760
760
760
760
760
760
760
760
760
760
760
760
760
760
760
760
760
760
760
760
760
760
760
760
760
760
760
707
707
707
707
707
707
707
707
707
707
707
707
707
707
707
707
707
707
707
707
707
707
707
707
707
707
707
707
707
707
707
707
707
707
707
707
707
707
707
707
707
707
707
707
707
707
707
707
707
703
703
703
703
703
703
703
703
703
703
703
703
703
703
703
703
703
703
703
703
703
703
703
703
703
703
703
703
703
703
703
703
703
703
703
703
703
703
703
703
703
703
703
703
703
703
703
703
703
703
703
703
703
703
703
703
703
703
703
703
703
703
703
703
696
696
696
696
696
696
696
696
696
696
696
696
696
696
696
696
696
696
696
696
696
696
696
696
696
696
696
696
696
696
696
696
696
696
696
696
696
696
696
696
696
696
696
696
696
696
696
696
696
696
696
696
696
696
696
696
696
696
696
696
696
696
696
696
696
696
696
696
696
696
696
696
696
696
696
696
696
696
696
696
696
696
696
696
696
696
689
689
689
689
689
689
689
689
689
689
689
689
689
689
689
689
689
689
689
689
689
689
689
689
689
689
689
689
689
689
689
689
689
689
689
689
689
689
689
689
689
689
689
689
689
689
689
689
689
689
689
689
689
689
689
689
689
689
689
689
689
689
689
689
689
689
689
689
689
689
689
689
687
687
687
638
638
638
638
638
638
638
638
638
638
638
638
638
638
638
638
638
638
638
638
638
638
638
638
638
638
638
638
638
638
638
638
638
638
638
638
638
638
638
638
638
638
638
638
638
638
638
638
638
638
638
638
638
638
638
638
638
638
638
638
638
638
638
638
638
638
638
638
638
638
638
638
638
638
638
638
638
638
638
634
634
634
634
634
634
634
634
634
634
634
634
634
634
634
634
634
634
634
634
634
634
634
634
634
634
634
634
634
634
634
634
634
634
634
634
572
572
572
572
572
572
572
572
572
572
572
572
572
572
572
572
572
572
572
572
572
572
572
572
572
572
572
572
572
572
572
572
572
572
572
572
572
572
572
572
572
572
572
572
572
572
572
572
572
572
572
572
572
572
572
572
572
572
572
572
572
572
572
572
572
572
572
572
572
572
572
572
572
572
572
572
572
572
572
572
572
572
572
572
572
572
572
572
572
572
572
572
572
572
572
572
572
563
563
563
563
559
559
559
559
559
559
559
559
559
559
559
559
559
559
559
559
559
559
559
559
559
559
559
559
559
559
559
559
559
559
559
559
559
559
559
559
559
559
559
559
559
559
559
559
559
559
559
559
559
559
559
559
559
559
559
559
559
559
559
559
559
559
559
559
559
504
504
504
504
504
504
504
504
504
504
504
504
504
504
504
504
504
504
504
504
504
504
504
504
504
504
504
504
504
504
504
504
504
504
504
504
504
504
504
504
504
504
504
504
504
504
504
504
504
504
504
504
504
504
504
504
504
504
504
504
470
470
470
470
470
470
470
470
470
470
470
470
470
470
470
470
470
470
470
470
470
470
470
470
470
470
470
470
470
470
470
470
470
470
470
470
470
470
470
470
470
470
470
470
470
470
470
470
470
470
470
470
470
470
470
470
470
470
470
470
470
470
470
470
470
470
470
470
470
470
470
470
470
470
470
470
470
470
457
457
457
457
457
457
457
457
457
457
457
457
457
457
457
457
457
457
457
457
457
457
457
457
457
457
457
457
457
457
457
457
457
457
457
457
457
457
457
457
457
457
457
457
457
457
457
457
457
457
457
457
457
457
457
457
457
457
457
454
454
454
454
454
454
454
454
454
454
454
401
401
401
401
401
401
401
401
401
401
401
401
401
401
401
401
401
401
401
401
401
401
401
401
401
401
401
401
401
401
401
401
401
401
401
401
401
401
401
401
401
401
401
276
276
276
276
276
276
276
276
276
276
276
276
276
276
276
276
276
276
276
276
276
276
276
276
276
276
276
276
276
276
276
276
276
276
276
276
276
276
276
276
276
276
276
276
276
276
276
276
276
276
276
276
276
276
276
276
276
276
276
276
276
276
276
276
276
276
276
276
276
276
276
276
276
276
276
276
276
276
276
276
276
276
276
276
276
276
276
276
276
276
182
182
182
182
182
182
182
182
182
182
182
182
182
182
182
182
182
182
182
182
182
182
182
182
182
182
182
182
182
182
182
182
182
182
182
182
182
182
182
182
182
182
182
182
182
182
182
182
182
160
160
160
160
160
160
160
160
160
160
160
160
160
160
160
160
160
160
160
160
160
160
160
160
160
160
160
160
160
160
160
160
160
160
160
160
160
160
160
160
160
160
160
160
160
160
160
160
160
160
160
160
160
160
160
160
160
160
160
160
154
154
154
154
154
154
154
154
154
154
154
154
154
154
154
154
154
154
154
154
154
154
154
154
154
154
154
154
154
154
154
154
154
154
154
154
154
154
154
154
154
154
154
154
154
154
154
154
154
154
154
154
154
154
154
154
154
154
154
154
154
154
154
154
154
154
154
154
154
142
142
142
142
142
142
142
142
142
142
142
134
134
134
134
134
134
134
134
134
134
134
134
134
134
134
134
134
134
134
134
134
134
134
134
134
134
134
134
134
134
134
134
134
134
134
134
134
134
134
134
134
134
134
134
134
134
134
134
134
134
134
134
134
134
134
134
134
134
134
134
134
134
134
134
134
134
134
134
134
134
134
134
134
134
134
134
134
134
134
134
134
134
134
134
134
134
134
134
134
134
134
134
124
124
124
124
124
124
124
124
124
124
124
124
124
124
124
124
124
124
124
124
124
124
124
124
124
124
124
124
124
124
124
124
124
124
124
124
124
124
124
124
124
124
124
124
124
124
124
124
124
124
124
124
124
124
124
124
124
124
124
124
124
87
87
87
87
87
87
87
87
87
87
87
87
87
87
46
46
46
46
46
46
46
46
46
46
46
46
46
46
46
46
46
46
46
46
46
46
46
46
46
46
46
46
38
38
38
38
38
38
38
38
38
38
38
38
38
38
38
38
38
38
38
38
38
38
38
38
38
38
38
38
38
38
38
38
38
38
38
38
38
38
38
38
38
38
38
38
38
38
38
38
38
38
38
38
38
38
38
38
38
38
38
38
38
38
38
38
38
38
38
38
38
38
38
38
38
38
38
38
38
38
38
38
38
38
38
38
38
38
38
38
25
25
25
25
25
25
25
25
25
25
25
25
25
2
2
2
2
2
2
2
2
2
2
2
2
2
2
2
2
2
2
2
2
2
2
2
2
2
2
2
2
2
2
2
2
2
2
2
2
2
2
2
2
2
2
2
2
2
