4591
10000
4957
4957
4957
4957
4957
4957
4957
4957
4957
4957
4957
4957
4957
4957
4957
4957
4957
4957
4957
4957
4957
4957
4957
4957
4957
4957
4957
4957
4957
4957
4957
4957
4957
4957
4957
4957
4957
4957
4957
4957
4957
4957
4957
4957
4957
4957
4957
4957
4957
4957
4957
4957
4957
4957
4957
4957
4957
4957
4957
4957
4957
4957
4957
4957
4957
4957
4957
4957
4957
4957
4957
4957
4957
4957
4957
4957
4957
4957
4957
4957
4957
4957
4957
4957
4957
4957
4957
4957
4957
4957
4936
4936
4936
4936
4936
4936
4936
4936
4936
4936
4936
4936
4936
4936
4936
4936
4936
4936
4936
4835
4835
4835
4835
4835
4835
4835
4835
4835
4835
4835
4835
4835
4835
4835
4835
4835
4835
4835
4835
4835
4835
4835
4835
4835
4835
4835
4835
4835
4835
4835
4835
4835
4835
4835
4835
4835
4835
4835
4835
4835
4835
4835
4835
4835
4835
4835
4835
4835
4835
4835
4835
4835
4835
4835
4835
4835
4835
4835
4835
4833
4833
4833
4833
4833
4833
4833
4833
4833
4833
4833
4833
4833
4833
4833
4833
4833
4833
4833
4833
4833
4833
4833
4833
4833
4833
4833
4833
4833
4833
4833
4833
4833
4833
4833
4833
4833
4833
4833
4833
4833
4833
4833
4833
4833
4833
4833
4833
4833
4833
4833
4833
4833
4833
4833
4833
4833
4833
4833
4833
4833
4833
4833
4800
4800
4800
4800
4800
4800
4800
4800
4800
4800
4800
4800
4800
4800
4800
4800
4800
4800
4800
4800
4800
4800
4800
4800
4800
4800
4800
4800
4800
4800
4800
4800
4800
4800
4800
4800
4800
4800
4800
4800
4800
4800
4800
4800
4800
4800
4800
4800
4800
4800
4800
4800
4800
4800
4800
4800
4800
4800
4800
4800
4800
4800
4800
4800
4800
4800
4800
4800
4800
4800
4800
4800
4800
4800
4800
4800
4800
4800
4800
4800
4800
4800
4800
4800
4800
4800
4800
4800
4800
4800
4800
4800
4800
4800
4800
4800
4800
4800
4796
4796
4796
4796
4796
4796
4796
4796
4796
4796
4796
4796
4796
4796
4796
4796
4796
4796
4796
4796
4796
4796
4796
4796
4796
4796
4796
4796
4796
4796
4796
4796
4796
4796
4796
4796
4796
4796
4796
4796
4796
4796
4796
4796
4796
4796
4796
4796
4796
4723
4723
4723
4723
4723
4723
4723
4723
4723
4723
4723
4723
4723
4723
4693
4693
4693
4693
4693
4693
4693
4693
4693
4693
4693
4693
4693
4693
4693
4693
4693
4693
4693
4693
4693
4693
4693
4693
4693
4693
4693
4693
4693
4693
4693
4693
4693
4693
4693
4693
4693
4693
4693
4693
4693
4693
4693
4693
4693
4693
4693
4693
4693
4674
4674
4674
4674
4674
4674
4674
4674
4674
4674
4674
4674
4674
4674
4674
4674
4674
4674
4674
4674
4608
4608
4608
4608
4608
4608
4608
4608
4608
4608
4608
4608
4608
4608
4608
4608
4608
4608
4608
4608
4608
4608
4608
4608
4608
4608
4608
4608
4608
4608
4608
4608
4608
4608
4608
4608
4608
4608
4608
4608
4608
4608
4608
4608
4608
4607
4607
4607
4607
4607
4607
4607
4593
4593
4593
4593
4593
4593
4593
4593
4593
4593
4593
4593
4593
4593
4593
4593
4593
4593
4593
4593
4593
4593
4593
4593
4593
4593
4593
4593
4593
4593
4593
4593
4593
4593
4593
4593
4593
4593
4593
4593
4593
4593
4593
4593
4593
4593
4593
4593
4593
4593
4593
4593
4593
4593
4593
4593
4593
4593
4593
4593
4593
4593
4593
4593
4593
4593
4593
4593
4394
4394
4394
4394
4394
4394
4394
4394
4394
4394
4394
4394
4394
4394
4394
4394
4394
4394
4394
4394
4394
4394
4394
4377
4377
4377
4377
4377
4377
4377
4377
4377
4377
4377
4377
4377
4377
4377
4377
4377
4377
4377
4377
4377
4377
4377
4377
4377
4377
4377
4377
4377
4377
4377
4377
4377
4377
4377
4308
4308
4308
4308
4308
4308
4308
4308
4308
4308
4308
4308
4308
4308
4308
4308
4308
4308
4308
4308
4308
4308
4308
4308
4308
4308
4308
4308
4308
4308
4308
4308
4308
4308
4308
4308
4308
4308
4308
4308
4308
4308
4308
4308
4308
4308
4308
4308
4308
4308
4308
4308
4308
4308
4308
4308
4308
4308
4308
4308
4308
4308
4308
4308
4308
4308
4308
4308
4308
4308
4308
4308
4308
4308
4308
4308
4308
4308
4308
4308
4308
4308
4308
4308
4306
4306
4228
4228
4228
4228
4228
4228
4228
4228
4228
4228
4228
4228
4228
4228
4228
4228
4049
4049
4049
4049
4049
4049
4049
4049
4049
4049
4049
4049
4049
4049
4049
4049
4049
4049
4049
4049
4049
4049
4049
4049
4049
4049
4049
4049
4049
4049
4049
4049
4049
4049
4049
4049
4049
4049
4049
4049
4049
4049
4049
4049
4049
4049
4049
4049
4049
4049
4049
4049
4049
4049
4049
4049
4049
4049
4049
4049
4049
4049
4049
4049
4049
4049
4049
4049
4049
4049
4049
4049
4049
4049
4049
4049
4049
4049
4049
4049
4049
4049
4049
4049
4049
4049
4049
4049
4049
4049
4049
4049
4049
4049
4036
4001
4001
4001
4001
4001
4001
4001
4001
4001
4001
4001
4001
4001
4001
4001
4001
4001
4001
4001
4001
4001
4001
4001
4001
4001
4001
4001
4001
4001
4001
4001
4001
4001
4001
4001
4001
4001
4001
4001
4001
4001
4001
4001
4001
4001
4001
4001
4001
4001
4001
4001
4001
4001
4001
4001
4001
4001
4001
4001
4001
4001
4001
4001
4001
4001
4001
4001
4001
4001
4001
4001
4001
4001
4001
4001
4001
4001
4001
4001
4001
4001
4001
4001
3981
3981
3981
3981
3981
3981
3981
3981
3981
3981
3981
3981
3981
3981
3981
3981
3981
3981
3981
3981
3981
3981
3981
3981
3981
3981
3981
3981
3981
3981
3981
3981
3981
3981
3981
3981
3981
3981
3981
3981
3981
3981
3981
3981
3981
3981
3981
3981
3981
3981
3981
3981
3981
3981
3981
3981
3981
3981
3981
3981
3981
3981
3981
3981
3981
3981
3981
3981
3981
3981
3981
3981
3981
3981
3981
3981
3981
3981
3981
3981
3981
3981
3981
3981
3981
3913
3913
3913
3913
3913
3913
3913
3913
3913
3913
3913
3913
3913
3913
3913
3913
3913
3913
3913
3913
3913
3913
3913
3913
3913
3913
3913
3913
3913
3913
3913
3913
3913
3913
3913
3913
3913
3913
3913
3913
3913
3913
3913
3913
3913
3913
3913
3913
3913
3913
3913
3913
3913
3913
3913
3913
3913
3913
3913
3913
3913
3913
3913
3913
3913
3913
3913
3913
3913
3913
3913
3913
3913
3913
3913
3913
3913
3913
3913
3913
3913
3913
3913
3913
3913
3913
3913
3913
3913
3912
3912
3912
3912
3912
3912
3912
3912
3912
3912
3912
3912
3912
3912
3912
3912
3912
3912
3912
3912
3912
3912
3912
3912
3912
3912
3912
3912
3912
3912
3912
3912
3912
3912
3912
3912
3912
3912
3912
3912
3912
3912
3912
3912
3912
3912
3912
3912
3912
3912
3912
3912
3912
3912
3912
3912
3912
3912
3902
3902
3902
3902
3902
3902
3902
3902
3902
3902
3902
3902
3902
3902
3902
3902
3902
3902
3902
3902
3902
3902
3902
3902
3902
3902
3902
3902
3902
3902
3826
3826
3826
3826
3826
3826
3826
3826
3826
3826
3826
3826
3826
3826
3826
3826
3826
3826
3826
3826
3826
3826
3826
3826
3826
3826
3826
3826
3826
3826
3826
3826
3826
3826
3826
3826
3826
3826
3826
3826
3826
3826
3826
3826
3826
3826
3826
3826
3826
3826
3826
3826
3826
3826
3826
3826
3826
3826
3826
3826
3826
3826
3826
3826
3826
3826
3826
3826
3826
3826
3826
3826
3826
3826
3826
3826
3826
3826
3826
3826
3818
3818
3818
3818
3818
3818
3818
3818
3818
3818
3818
3818
3818
3818
3818
3818
3818
3818
3818
3818
3818
3818
3818
3818
3818
3818
3818
3818
3818
3818
3818
3818
3818
3818
3818
3818
3818
3818
3818
3818
3818
3818
3818
3818
3818
3818
3818
3818
3818
3818
3818
3818
3818
3818
3818
3818
3818
3818
3818
3818
3818
3818
3818
3818
3818
3818
3818
3818
3818
3818
3818
3818
3818
3818
3799
3799
3799
3799
3799
3799
3799
3799
3799
3799
3799
3799
3799
3799
3799
3799
3799
3799
3799
3799
3799
3799
3799
3799
3799
3799
3799
3799
3799
3799
3799
3799
3799
3799
3799
3799
3799
3799
3799
3799
3799
3799
3799
3799
3799
3799
3799
3799
3799
3799
3799
3799
3799
3799
3799
3799
3799
3799
3799
3799
3799
3799
3799
3799
3799
3799
3799
3799
3799
3799
3799
3799
3799
3799
3799
3799
3799
3799
3799
3799
3799
3799
3799
3799
3799
3799
3799
3799
3760
3760
3760
3760
3760
3760
3760
3760
3760
3760
3760
3760
3760
3760
3760
3760
3760
3760
3760
3760
3760
3760
3760
3760
3760
3760
3760
3760
3760
3760
3760
3760
3760
3760
3760
3760
3760
3760
3760
3760
3760
3760
3760
3760
3760
3760
3760
3760
3760
3760
3760
3760
3760
3760
3760
3760
3760
3760
3760
3760
3760
3759
3759
3759
3759
3759
3759
3759
3759
3759
3759
3759
3759
3759
3759
3759
3759
3759
3759
3759
3759
3759
3759
3759
3759
3759
3759
3720
3720
3720
3720
3720
3720
3720
3720
3720
3720
3720
3720
3720
3720
3720
3720
3720
3720
3720
3720
3720
3720
3720
3720
3720
3720
3720
3720
3720
3720
3720
3720
3720
3720
3720
3720
3720
3720
3720
3720
3720
3720
3720
3720
3720
3720
3720
3720
3720
3720
3720
3720
3720
3720
3720
3720
3720
3720
3720
3720
3720
3720
3720
3720
3720
3720
3720
3720
3720
3720
3720
3720
3720
3720
3720
3720
3720
3720
3720
3720
3720
3720
3720
3720
3720
3720
3655
3655
3655
3655
3655
3655
3655
3655
3655
3605
3605
3605
3605
3605
3605
3605
3605
3605
3605
3605
3605
3605
3605
3605
3605
3605
3605
3605
3605
3605
3605
3605
3605
3605
3605
3605
3605
3605
3605
3605
3605
3605
3605
3605
3605
3605
3605
3605
3605
3605
3605
3605
3605
3605
3605
3605
3605
3605
3605
3605
3605
3605
3605
3605
3605
3605
3605
3605
3605
3605
3605
3605
3605
3605
3605
3605
3605
3605
3605
3605
3605
3605
3605
3605
3605
3605
3605
3578
3578
3578
3578
3578
3578
3578
3578
3578
3578
3578
3578
3578
3578
3578
3578
3578
3578
3578
3578
3578
3578
3578
3578
3578
3578
3578
3578
3578
3578
3578
3578
3578
3578
3578
3578
3578
3578
3578
3578
3578
3578
3578
3578
3578
3578
3578
3578
3578
3578
3578
3578
3578
3578
3578
3578
3578
3578
3578
3578
3578
3578
3578
3578
3578
3578
3578
3578
3578
3578
3578
3578
3578
3578
3578
3578
3578
3578
3578
3578
3578
3578
3578
3578
3578
3578
3578
3578
3578
3578
3578
3578
3479
3479
3479
3479
3479
3438
3438
3438
3438
3438
3438
3438
3438
3438
3438
3438
3438
3438
3438
3438
3438
3438
3438
3438
3438
3438
3438
3277
3277
3277
3277
3277
3277
3277
3277
3277
3277
3277
3277
3277
3277
3277
3277
3277
3277
3277
3277
3277
3277
3277
3277
3277
3277
3277
3277
3277
3277
3277
3277
3277
3277
3277
3277
3277
3277
3277
3277
3277
3277
3277
3277
3277
3277
3277
3239
3239
3239
3239
3239
3239
3239
3239
3239
3239
3239
3239
3239
3239
3239
3239
3239
3239
3239
3239
3239
3239
3239
3239
3239
3239
3239
3239
3239
3239
3239
3239
3239
3239
3239
3239
3239
3239
3239
3239
3239
3239
3239
3239
3239
3239
3239
3239
3239
3239
3239
3239
3239
3239
3239
3239
3239
3239
3239
3239
3239
3239
3239
3239
3239
3239
3239
3239
3239
3239
3206
3206
3206
3206
3206
3206
3206
3206
3206
3206
3206
3206
3206
3206
3206
3206
3206
3206
3206
3206
3206
3206
3206
3206
3206
3206
3206
3206
3206
3206
3206
3206
3206
3191
3191
3191
3191
3191
3191
3191
3191
3191
3191
3191
3191
3191
3191
3191
3168
3168
3168
3168
3168
3168
3168
3168
3168
3168
3168
3168
3168
3168
3168
3168
3168
3168
3168
3168
3168
3168
3168
3168
3168
3168
3168
3168
3168
3168
3168
3168
3168
3168
3168
3168
3168
3168
3168
3168
3168
3168
3168
3168
3168
3168
3168
3168
3168
3168
3168
3168
3168
3168
3168
3168
3168
3168
3168
3168
3168
3168
3168
3168
3168
3168
3168
3168
3168
3168
3168
3168
3168
3168
3168
3168
3168
3168
3168
3168
3168
3168
3092
3092
3092
3092
3092
3092
3092
3092
3092
3092
3092
3092
3092
3092
3092
2959
2959
2959
2959
2959
2959
2959
2959
2959
2959
2959
2959
2959
2959
2959
2903
2903
2903
2903
2903
2903
2903
2903
2903
2903
2903
2903
2903
2903
2903
2903
2903
2903
2903
2903
2903
2903
2903
2903
2903
2903
2903
2903
2903
2903
2870
2870
2870
2870
2870
2870
2870
2870
2870
2870
2870
2870
2870
2870
2870
2870
2870
2870
2870
2870
2870
2870
2870
2870
2870
2870
2870
2870
2870
2736
2736
2736
2736
2736
2736
2736
2736
2736
2736
2736
2736
2736
2736
2722
2722
2722
2722
2722
2722
2722
2722
2722
2722
2722
2722
2722
2722
2722
2722
2722
2722
2722
2722
2722
2722
2722
2722
2722
2722
2722
2722
2722
2722
2722
2722
2722
2722
2722
2722
2722
2722
2722
2722
2722
2722
2722
2722
2722
2722
2722
2722
2722
2722
2722
2722
2722
2722
2722
2722
2722
2722
2719
2719
2719
2719
2719
2719
2719
2719
2719
2719
2719
2719
2719
2719
2719
2719
2719
2719
2719
2719
2719
2719
2719
2719
2719
2719
2719
2719
2719
2719
2719
2719
2719
2719
2719
2719
2719
2719
2719
2719
2719
2719
2719
2719
2719
2719
2719
2719
2719
2719
2719
2719
2719
2719
2719
2719
2719
2719
2719
2719
2719
2719
2719
2719
2719
2719
2719
2719
2719
2719
2719
2719
2719
2719
2719
2719
2650
2650
2650
2650
2650
2650
2650
2650
2650
2650
2650
2650
2650
2650
2650
2650
2650
2650
2650
2650
2650
2650
2650
2650
2650
2650
2650
2650
2650
2650
2650
2650
2650
2650
2573
2573
2573
2573
2573
2573
2573
2573
2573
2573
2573
2573
2573
2573
2573
2573
2573
2573
2573
2573
2573
2573
2573
2573
2573
2573
2573
2573
2573
2573
2573
2573
2573
2573
2573
2573
2573
2573
2573
2573
2573
2573
2573
2573
2573
2573
2573
2573
2573
2573
2573
2573
2573
2573
2573
2573
2573
2573
2573
2573
2573
2573
2573
2573
2573
2573
2573
2573
2573
2573
2573
2573
2573
2573
2573
2573
2573
2573
2573
2573
2573
2573
2573
2573
2573
2573
2567
2567
2567
2567
2567
2567
2567
2567
2567
2567
2567
2567
2567
2567
2567
2567
2567
2567
2567
2567
2567
2473
2473
2473
2473
2473
2473
2473
2473
2473
2473
2473
2473
2473
2473
2473
2473
2473
2473
2473
2473
2473
2473
2473
2473
2473
2473
2473
2473
2473
2473
2473
2473
2473
2473
2473
2473
2473
2473
2473
2473
2473
2473
2473
2473
2473
2473
2473
2473
2473
2473
2473
2473
2473
2473
2473
2473
2473
2473
2473
2473
2473
2473
2473
2473
2473
2473
2473
2473
2473
2473
2473
2473
2473
2473
2473
2455
2455
2455
2455
2455
2455
2455
2455
2455
2455
2455
2455
2455
2455
2455
2455
2455
2455
2455
2455
2455
2455
2455
2455
2455
2455
2455
2455
2455
2455
2455
2455
2455
2455
2455
2455
2455
2455
2455
2455
2455
2455
2455
2455
2455
2455
2455
2455
2455
2455
2455
2455
2455
2455
2455
2455
2455
2455
2455
2455
2455
2455
2455
2455
2455
2455
2455
2455
2455
2455
2455
2455
2455
2455
2455
2455
2455
2455
2455
2455
2455
2455
2430
2430
2430
2430
2430
2430
2430
2430
2430
2430
2430
2430
2430
2430
2430
2430
2430
2430
2430
2330
2330
2330
2330
2330
2330
2330
2330
2330
2330
2330
2330
2330
2330
2330
2330
2330
2330
2330
2330
2330
2330
2330
2330
2330
2330
2330
2330
2330
2330
2330
2330
2330
2330
2330
2330
2330
2330
2330
2330
2330
2330
2330
2330
2330
2330
2330
2200
2200
2200
2200
2200
2200
2200
2200
2200
2200
2200
2200
2200
2200
2200
2200
2200
2200
2200
2200
2200
2200
2200
2200
2200
2200
2200
2200
2200
2200
2200
2200
2200
2200
2200
2200
2200
2200
2200
2200
2200
2200
2200
2200
2200
2192
2192
2192
2192
2192
2192
2192
2192
2192
2192
2192
2192
2192
2192
2192
2192
2192
2192
2192
2192
2192
2192
2192
2192
2192
2192
2192
2192
2192
2192
2192
2192
2192
2192
2192
2192
2192
2192
2192
2192
2192
2192
2192
2192
2192
2192
2192
2192
2192
2192
2192
2192
2192
2192
2192
2192
2175
2175
2175
2175
2175
2175
2175
2175
2175
2175
2175
2175
2175
2175
2175
2175
2175
2175
2175
2175
2175
2175
2175
2175
2175
2175
2175
2174
2174
2174
2174
2174
2174
2174
2174
2174
2174
2174
2174
2174
2174
2174
2174
2174
2174
2174
2174
2174
2174
2174
2174
2174
2174
2174
2174
2174
2174
2174
2174
2174
2174
2174
2174
2174
2174
2174
2174
2174
2174
2174
2174
2174
2174
2174
2174
2174
2174
2174
2174
2174
2174
2174
2174
2174
2174
2174
2174
2174
2174
2174
2174
2174
2174
2174
2174
2174
2174
2174
2174
2174
2174
2174
2174
2174
2162
2162
2162
2162
2162
2162
2162
2162
2162
2162
2162
2162
2162
2162
2162
2162
2162
2162
2162
2162
2162
2162
2162
2162
2162
2162
2162
2162
2162
2162
2162
2162
2162
2162
2162
2162
2162
2162
2162
2162
2162
2162
2162
2162
2162
2162
2162
2162
2162
2162
2120
2120
2120
2120
2120
2120
2120
2120
1971
1971
1971
1971
1971
1971
1971
1971
1971
1971
1971
1971
1971
1971
1971
1971
1971
1971
1971
1971
1971
1971
1971
1971
1971
1971
1971
1971
1971
1971
1971
1971
1971
1971
1971
1971
1971
1971
1971
1971
1971
1971
1971
1971
1971
1971
1971
1971
1971
1971
1971
1971
1971
1971
1971
1971
1971
1971
1971
1971
1971
1971
1971
1971
1971
1971
1971
1971
1971
1971
1971
1971
1971
1971
1971
1951
1951
1885
1885
1885
1885
1885
1885
1885
1885
1885
1885
1885
1885
1885
1885
1885
1885
1885
1885
1885
1885
1885
1885
1885
1885
1885
1885
1885
1885
1885
1885
1885
1885
1885
1885
1885
1885
1885
1885
1885
1885
1885
1885
1885
1885
1885
1885
1885
1885
1868
1868
1868
1868
1868
1868
1868
1868
1868
1868
1868
1868
1868
1868
1868
1868
1868
1868
1868
1868
1868
1868
1868
1868
1757
1757
1757
1757
1757
1757
1757
1757
1757
1757
1757
1757
1757
1757
1757
1757
1757
1757
1757
1757
1757
1757
1757
1757
1757
1757
1757
1757
1757
1757
1757
1757
1757
1757
1757
1757
1757
1757
1757
1757
1757
1757
1757
1757
1757
1757
1757
1757
1757
1757
1757
1757
1757
1757
1757
1757
1757
1757
1757
1757
1757
1757
1757
1757
1757
1757
1757
1720
1720
1720
1720
1720
1720
1720
1720
1720
1720
1720
1720
1720
1720
1720
1720
1720
1623
1623
1623
1623
1623
1623
1623
1623
1623
1623
1623
1623
1623
1623
1623
1623
1623
1623
1623
1623
1623
1623
1623
1623
1623
1623
1623
1623
1623
1623
1623
1623
1623
1623
1623
1623
1623
1623
1623
1623
1623
1623
1623
1623
1623
1623
1623
1623
1623
1623
1623
1623
1623
1623
1623
1623
1623
1623
1623
1623
1623
1623
1623
1623
1623
1623
1623
1623
1623
1623
1623
1623
1623
1623
1623
1623
1623
1623
1623
1623
1623
1623
1623
1623
1623
1623
1623
1623
1623
1623
1623
1623
1623
1623
1623
1623
1623
1623
1611
1611
1611
1611
1611
1611
1611
1611
1611
1611
1611
1611
1611
1611
1611
1611
1611
1611
1611
1611
1611
1611
1611
1611
1611
1611
1611
1611
1611
1611
1611
1611
1611
1611
1611
1559
1559
1559
1559
1559
1559
1559
1559
1559
1559
1559
1559
1559
1559
1559
1559
1559
1559
1559
1559
1559
1559
1559
1559
1559
1559
1559
1559
1559
1559
1559
1559
1559
1559
1559
1559
1559
1559
1559
1559
1559
1559
1559
1559
1559
1559
1559
1559
1559
1559
1559
1559
1559
1559
1559
1559
1559
1559
1559
1559
1559
1559
1559
1559
1559
1559
1559
1559
1559
1559
1559
1559
1559
1559
1559
1559
1559
1559
1559
1559
1559
1559
1559
1559
1559
1559
1559
1559
1559
1559
1559
1559
1559
1559
1559
1514
1514
1514
1514
1514
1514
1514
1514
1483
1483
1483
1483
1483
1483
1483
1483
1483
1483
1483
1483
1483
1483
1483
1483
1483
1483
1483
1483
1483
1483
1483
1483
1483
1483
1483
1483
1483
1483
1483
1483
1483
1483
1483
1463
1463
1463
1463
1463
1463
1463
1463
1463
1463
1463
1463
1463
1463
1463
1463
1463
1463
1463
1463
1463
1463
1463
1463
1463
1463
1463
1463
1463
1463
1463
1463
1463
1463
1463
1463
1463
1463
1463
1463
1463
1463
1463
1463
1463
1463
1463
1463
1463
1463
1463
1463
1463
1202
1202
1202
1202
1202
1202
1202
1202
1202
1202
1202
1202
1202
1202
1202
1202
1202
1202
1202
1202
1202
1202
1202
1202
1202
1202
1202
1202
1202
1202
1202
1202
1202
1202
1202
1202
1202
1202
1202
1202
1202
1202
1202
1202
1202
1202
1202
1202
1202
1202
1202
1202
1202
1202
1202
1202
1202
1202
1202
1202
1202
1202
1158
1158
1158
1158
1158
1158
1158
1158
1158
1158
1158
1158
1158
1158
1158
1158
1158
1158
1158
1158
1158
1158
1158
1158
1158
1158
1158
1158
1158
1158
1158
1158
1158
1158
1158
1158
1158
1158
1158
1158
1158
1158
1158
1158
1158
1158
1158
1158
1158
1158
1158
1158
1158
1158
1158
1158
1158
1158
1158
1158
1158
1158
1158
1158
1158
1158
1158
1158
1151
1151
1151
1151
1151
1151
1151
1151
1151
1151
1151
1151
1151
1151
1151
1151
1151
1151
1151
1151
1151
1151
1151
1151
1151
1151
1151
1151
1151
1151
1151
1151
1151
1151
1151
1151
1151
1151
1151
1151
1151
1151
1151
1151
1151
1151
1151
1151
1151
1151
1151
1151
1151
1151
1151
1151
1151
1151
1151
1151
1151
1151
1151
1122
1122
1122
1122
1122
1122
1122
1122
1122
1122
1122
1122
1122
1122
1122
1122
1122
1122
1122
1122
1122
1122
1122
1122
1122
1122
1122
1122
1122
1122
1122
1122
1122
1122
1122
1122
1122
1122
1122
1122
1122
1122
1122
1122
1122
1122
1122
1122
1122
1122
1122
1122
1122
1109
1109
1109
1109
1109
1109
1109
1109
1109
1109
1109
1109
1109
1109
1109
1109
1109
1109
1109
1109
1109
1109
1109
1109
1109
1109
1109
1109
1109
1109
1109
1109
1109
1109
1109
1109
1109
1109
1109
1109
1109
1109
1109
1109
1109
1109
1109
1109
1109
1109
1109
1035
1035
1035
1035
1035
1035
1035
1035
1035
1035
1035
1035
1035
1035
1035
1035
1035
1035
1035
1035
1035
1035
1035
1035
1035
1035
1035
1035
1035
1035
1035
1035
1035
1035
1035
1035
1035
1035
1035
1035
1035
1035
1035
1035
1035
1035
1035
1035
1035
1035
1035
1035
1035
1035
1035
1035
1035
1035
1035
1035
1035
1035
1035
1035
1035
1035
1035
1035
1035
1035
1035
1035
1035
1035
1035
1035
1035
1035
1035
1035
1035
1035
1035
1035
1035
1035
944
944
944
944
944
944
944
944
944
944
944
944
944
944
944
944
944
944
944
944
944
944
944
944
944
944
944
944
944
944
936
936
936
936
936
936
936
936
936
936
936
936
936
936
936
936
936
936
936
936
936
936
936
936
936
936
936
936
936
936
936
936
936
936
936
936
936
936
936
936
936
936
936
936
936
936
936
936
936
936
936
936
936
909
909
909
909
909
909
909
909
909
909
909
909
909
909
909
909
909
909
909
909
909
909
909
909
909
909
909
909
909
909
892
892
892
892
892
892
892
892
892
892
892
892
892
892
892
892
892
892
892
892
892
892
892
892
892
892
892
892
892
892
892
892
892
892
892
892
892
892
892
892
892
892
892
892
892
892
892
892
843
843
843
843
843
843
843
843
843
843
843
785
785
785
785
785
785
785
785
785
785
785
785
785
785
785
785
785
785
785
785
785
785
785
785
785
781
781
781
781
781
781
781
781
781
781
781
781
781
781
781
781
781
781
781
781
781
781
781
781
781
781
781
781
781
781
781
781
781
781
781
781
781
781
781
781
781
781
781
781
781
733
733
733
733
733
733
733
733
733
733
733
733
733
733
733
733
733
733
733
733
733
733
733
733
733
733
733
733
733
733
733
733
733
733
733
733
733
733
733
733
733
733
733
733
733
733
733
733
733
733
733
721
721
721
721
721
721
721
721
721
721
721
721
721
721
721
721
721
721
721
721
721
721
721
721
721
721
721
721
721
721
721
721
721
721
721
721
721
721
721
721
721
721
721
721
721
721
721
721
721
721
721
721
721
721
721
721
721
721
721
721
721
721
721
721
721
721
721
721
721
687
687
687
687
687
687
687
687
663
663
663
663
663
663
663
663
663
663
663
615
615
615
615
615
615
615
615
615
615
615
615
615
615
615
615
615
615
615
572
572
572
572
572
572
546
546
546
546
546
546
546
546
546
546
546
546
546
546
546
546
546
546
546
546
546
546
546
546
546
546
546
544
544
544
544
544
544
544
544
544
544
544
544
544
544
544
544
544
544
544
544
544
544
544
544
544
499
499
499
499
499
499
499
499
499
499
492
492
492
492
492
492
492
492
492
492
492
492
492
492
492
492
492
492
492
492
492
492
492
492
492
492
492
492
215
215
215
215
215
215
215
215
215
215
215
215
215
215
215
215
215
215
215
215
215
215
215
215
215
215
215
215
215
215
215
215
215
215
215
174
174
174
174
174
174
174
174
174
174
174
174
174
174
174
157
157
157
157
157
157
157
157
157
157
157
157
157
157
157
157
157
157
157
157
157
157
157
157
157
157
157
157
157
157
157
157
157
157
157
157
157
157
157
157
157
157
157
157
157
157
157
157
157
157
157
157
157
157
157
157
157
157
157
157
157
157
157
157
157
157
157
157
157
157
157
157
157
157
157
157
157
157
157
157
157
157
157
157
157
157
157
157
157
157
157
157
8
8
8
8
8
8
8
8
8
8
8
8
8
8
8
8
8
8
8
8
8
8
8
8
8
8
8
8
8
8
8
8
8
8
8
8
8
8
8
8
8
8
8
8
8
8
8
8
8
8
8
8
8
8
8
8
8
8
8
8
8
8
8
8
8
8
8
8
8
8
8
8
8
8
8
8
8
8
8
8
8
8
8
8
8
8
8
8
8
8
8
8
8
8
8
8
8
8
8
