4395
10000
7432
7432
7432
7432
7432
7432
7432
7432
7432
7432
7432
7432
7432
7432
7432
7432
7432
7432
7432
7432
7432
7432
7432
7432
7432
7432
7432
7432
7432
7432
7432
7432
7432
7432
7432
7432
7432
7432
7432
7432
7432
7432
7432
7432
7432
7432
7432
7432
7432
7432
7432
7432
7432
7432
7432
7432
7432
7432
7432
7432
7432
7432
7432
7432
7432
7432
7432
7432
7432
7432
7432
7432
7432
7432
7432
7432
7432
7432
7432
7432
7432
7432
7432
7432
7432
7432
7428
7428
7428
7428
7428
7428
7428
7428
7428
7428
7428
7428
7428
7428
7428
7428
7428
7428
7428
7420
7420
7420
7420
7420
7420
7420
7420
7420
7420
7420
7420
7420
7420
7420
7420
7420
7420
7420
7420
7420
7420
7420
7420
7420
7420
7420
7420
7420
7420
7420
7420
7420
7420
7420
7420
7420
7420
7420
7420
7420
7420
7420
7420
7420
7420
7420
7420
7420
7420
7420
7420
7420
7420
7420
7420
7420
7420
7420
7420
7420
7420
7420
7384
7384
7384
7384
7384
7384
7384
7384
7384
7384
7384
7384
7384
7384
7384
7384
7384
7384
7384
7384
7384
7384
7384
7384
7384
7384
7384
7384
7384
7384
7384
7384
7384
7384
7384
7384
7384
7384
7384
7384
7384
7384
7384
7384
7384
7384
7384
7384
7384
7384
7384
7384
7384
7384
7384
7384
7384
7384
7384
7384
7384
7384
7384
7384
7384
7384
7384
7384
7384
7384
7384
7384
7384
7384
7384
7384
7384
7384
7384
7384
7384
7384
7384
7384
7379
7379
7379
7379
7379
7379
7379
7379
7379
7379
7379
7379
7379
7379
7379
7379
7379
7379
7379
7379
7379
7379
7379
7379
7379
7379
7379
7379
7379
7379
7379
7379
7379
7379
7379
7379
7379
7379
7379
7379
7379
7379
7379
7379
7379
7379
7379
7379
7379
7379
7379
7379
7379
7379
7379
7379
7379
7379
7379
7379
7379
7379
7379
7379
7379
7379
7379
7379
7379
7379
7379
7379
7379
7379
7379
7379
7379
7379
7379
7379
7379
7379
7379
7379
7379
7379
7379
7379
7379
7379
7379
7334
7334
7334
7334
7334
7334
7334
7334
7334
7334
7334
7334
7334
7334
7334
7334
7334
7334
7334
7334
7334
7334
7334
7334
7334
7334
7334
7334
7334
7334
7334
7334
7334
7334
7334
7334
7334
7334
7334
7334
7334
7334
7269
7269
7269
7269
7269
7269
7269
7269
7269
7269
7269
7269
7269
7269
7269
7269
7269
7269
7269
7269
7269
7269
7269
7269
7269
7269
7269
7269
7269
7269
7269
7269
7269
7269
7269
7269
7269
7269
7269
7269
7269
7269
7269
7269
7269
7269
7269
7211
7211
7211
7211
7211
7211
7211
7211
7211
7211
7211
7211
7211
7211
7211
7211
7211
7211
7211
7211
7211
7211
7211
7211
7211
7211
7211
7211
7211
7211
7211
7211
7211
7211
7211
7211
7211
7211
7211
7211
7211
7211
7211
7211
7211
7211
7211
7211
7211
7211
7211
7211
7211
7211
7211
7211
7211
7211
7211
7211
7211
7211
7211
7211
7211
7211
7211
7211
7211
7211
7211
7211
7211
7211
7211
7211
7211
7211
7211
7211
7211
7211
7211
7211
7211
7211
7211
7211
7211
7211
7211
7211
7211
7211
7211
7211
7211
7211
7211
7105
7105
7105
7105
7105
7105
7105
7105
7105
7105
7105
7105
7105
7105
7105
7105
7105
7105
7105
7105
7105
7105
7105
7105
7105
7105
7105
7105
7105
7105
7105
7105
7105
7105
7105
7105
7105
7105
7105
7105
7105
7105
7105
7105
7105
7105
7105
7105
7105
7105
7105
7105
7105
7105
7105
6922
6922
6922
6922
6922
6922
6922
6922
6922
6922
6922
6922
6922
6922
6922
6922
6922
6922
6922
6922
6922
6922
6922
6922
6922
6922
6922
6922
6922
6922
6922
6922
6922
6922
6922
6922
6922
6922
6922
6922
6922
6922
6922
6922
6922
6922
6922
6921
6921
6921
6921
6921
6921
6882
6882
6882
6882
6882
6882
6882
6882
6882
6882
6882
6882
6882
6882
6882
6882
6882
6882
6882
6882
6882
6882
6816
6816
6816
6816
6816
6816
6816
6816
6816
6816
6816
6816
6816
6816
6816
6816
6816
6816
6816
6816
6816
6816
6816
6816
6816
6816
6816
6816
6816
6816
6816
6816
6816
6816
6816
6816
6816
6816
6816
6816
6816
6816
6816
6816
6816
6816
6816
6816
6816
6816
6816
6816
6816
6665
6665
6665
6665
6665
6665
6665
6665
6665
6665
6665
6665
6665
6665
6665
6665
6665
6665
6665
6665
6665
6665
6665
6665
6665
6665
6665
6665
6665
6665
6665
6665
6665
6665
6665
6665
6665
6543
6543
6543
6543
6543
6543
6543
6543
6543
6543
6543
6543
6543
6543
6543
6543
6543
6543
6543
6543
6543
6543
6543
6543
6543
6543
6543
6543
6543
6543
6543
6543
6543
6543
6543
6543
6543
6543
6543
6543
6543
6543
6543
6543
6543
6543
6543
6543
6543
6543
6543
6543
6543
6543
6543
6543
6543
6543
6543
6543
6543
6479
6479
6479
6479
6479
6479
6479
6479
6479
6479
6479
6479
6479
6479
6479
6479
6479
6479
6479
6479
6479
6479
6479
6479
6479
6479
6479
6479
6479
6479
6479
6479
6479
6479
6479
6479
6479
6479
6479
6479
6479
6479
6479
6479
6479
6479
6479
6479
6479
6479
6479
6479
6479
6479
6479
6479
6479
6479
6479
6479
6479
6479
6479
6479
6479
6479
6479
6479
6479
6464
6464
6464
6464
6464
6464
6464
6464
6464
6464
6464
6464
6464
6464
6464
6464
6464
6464
6464
6464
6464
6464
6464
6464
6464
6464
6464
6464
6464
6464
6464
6464
6464
6464
6464
6464
6464
6464
6464
6464
6464
6444
6444
6444
6444
6444
6444
6444
6444
6444
6444
6444
6444
6444
6444
6444
6444
6444
6444
6444
6444
6444
6444
6444
6444
6444
6444
6444
6444
6444
6444
6444
6444
6444
6444
6444
6444
6444
6444
6444
6444
6444
6444
6444
6444
6444
6444
6444
6444
6444
6444
6444
6444
6444
6444
6444
6444
6444
6444
6444
6444
6426
6426
6426
6426
6426
6426
6426
6426
6426
6426
6426
6426
6426
6426
6426
6426
6025
6025
6025
6025
6025
6025
6025
6025
6025
6025
6025
6025
6025
6025
6025
6025
6025
6025
6025
6025
6025
6025
6025
6025
6025
6025
6025
6025
6025
6025
6025
6025
6025
6025
6025
6025
6025
6025
6025
6025
6025
6025
6025
6025
6025
6025
6025
6025
6025
6025
6025
6025
6025
6025
6025
6025
6025
6025
6025
6025
6025
6025
6025
6025
6025
6025
6025
6025
6025
6025
6025
6025
6025
6025
6025
6025
6025
6025
6025
6025
6025
6025
6025
6025
6025
6025
6025
6025
6025
6025
6025
6025
6025
6025
6025
6025
6025
6000
6000
6000
6000
6000
6000
6000
6000
6000
6000
6000
6000
6000
6000
6000
6000
6000
6000
6000
6000
6000
6000
6000
6000
6000
6000
6000
6000
6000
6000
5967
5967
5967
5967
5967
5967
5967
5967
5967
5967
5967
5967
5967
5967
5967
5967
5967
5967
5967
5967
5967
5967
5967
5967
5967
5967
5967
5967
5967
5967
5967
5787
5787
5787
5787
5787
5787
5787
5787
5787
5787
5787
5787
5787
5787
5787
5787
5787
5787
5787
5787
5787
5787
5787
5787
5787
5787
5787
5787
5787
5787
5787
5787
5787
5787
5787
5787
5787
5787
5787
5787
5787
5787
5787
5787
5787
5787
5787
5787
5787
5787
5787
5787
5787
5787
5787
5787
5787
5787
5787
5787
5787
5787
5787
5787
5787
5787
5787
5787
5787
5787
5787
5787
5787
5787
5787
5787
5787
5787
5787
5787
5787
5787
5787
5787
5787
5787
5686
5686
5686
5686
5686
5686
5686
5686
5686
5686
5686
5686
5686
5686
5686
5686
5686
5686
5686
5686
5686
5686
5686
5686
5686
5686
5686
5686
5686
5686
5686
5686
5686
5686
5686
5686
5686
5686
5686
5686
5686
5686
5686
5686
5686
5686
5686
5686
5686
5686
5686
5686
5686
5686
5686
5686
5686
5686
5686
5686
5686
5686
5686
5686
5686
5686
5665
5665
5665
5665
5665
5665
5665
5665
5665
5665
5665
5665
5665
5665
5496
5496
5496
5496
5496
5496
5496
5496
5496
5496
5496
5496
5496
5496
5496
5496
5496
5496
5496
5496
5496
5208
5208
5208
5208
5208
5208
5208
5208
5208
5208
5208
5208
5208
5208
5208
5208
5208
5208
5208
5208
5208
5208
5208
5208
5208
5208
5208
5208
5208
5208
5208
5208
5208
5208
5208
5208
5208
5208
5208
5208
5208
5208
5208
5208
5208
5208
5208
5186
5186
5186
5186
5186
5186
5186
5186
5186
5186
5186
5186
5186
5186
5186
5186
5186
5186
5186
5186
5186
5186
5186
5186
5186
5184
5184
5184
5184
5184
5184
5184
5184
5184
5184
5184
5108
5108
5108
5108
5108
5108
5108
5108
5103
5103
5103
5103
5103
5103
5103
5103
5103
5103
5103
5103
5103
5103
5103
5103
5103
5103
5103
5103
5103
5103
5103
5103
5103
5103
5016
5016
5016
5016
5016
5016
5016
5016
5016
5016
5016
5016
4874
4874
4874
4874
4874
4874
4874
4874
4874
4874
4874
4874
4874
4874
4874
4853
4853
4853
4853
4853
4853
4853
4853
4853
4853
4853
4853
4853
4853
4853
4853
4853
4853
4853
4853
4853
4853
4853
4853
4853
4853
4853
4853
4853
4853
4853
4853
4853
4853
4853
4853
4853
4853
4853
4853
4853
4853
4853
4853
4853
4853
4853
4853
4853
4853
4853
4853
4853
4817
4817
4817
4817
4817
4817
4817
4817
4817
4817
4817
4817
4817
4817
4817
4817
4817
4817
4817
4817
4817
4817
4817
4817
4817
4817
4817
4817
4817
4817
4730
4730
4730
4730
4730
4730
4730
4730
4730
4730
4730
4730
4730
4730
4730
4730
4730
4730
4730
4730
4730
4730
4730
4730
4730
4730
4730
4730
4730
4730
4730
4730
4730
4730
4730
4730
4730
4730
4730
4730
4730
4730
4730
4722
4722
4722
4722
4722
4722
4722
4722
4722
4722
4722
4722
4722
4722
4722
4722
4722
4722
4722
4722
4722
4722
4722
4722
4722
4722
4722
4722
4722
4722
4722
4722
4722
4722
4722
4722
4501
4501
4501
4501
4501
4501
4501
4501
4501
4501
4501
4501
4501
4501
4501
4501
4501
4501
4501
4501
4501
4501
4501
4501
4501
4501
4501
4501
4501
4501
4501
4501
4501
4501
4501
4501
4501
4499
4499
4499
4499
4499
4499
4499
4499
4499
4499
4499
4499
4499
4499
4499
4499
4499
4499
4499
4499
4499
4499
4499
4499
4499
4499
4499
4499
4499
4499
4499
4499
4499
4499
4499
4467
4467
4467
4467
4467
4467
4467
4467
4467
4467
4467
4467
4467
4467
4467
4467
4467
4467
4467
4467
4467
4467
4467
4467
4467
4467
4467
4467
4467
4467
4467
4467
4467
4467
4467
4467
4467
4467
4467
4467
4467
4467
4467
4467
4467
4467
4467
4467
4467
4467
4467
4467
4467
4467
4467
4467
4467
4467
4467
4467
4461
4461
4461
4461
4461
4461
4461
4461
4461
4461
4461
4461
4461
4461
4461
4461
4461
4461
4461
4461
4461
4461
4461
4461
4461
4461
4461
4461
4461
4461
4411
4411
4411
4411
4411
4411
4411
4411
4411
4411
4411
4411
4411
4411
4411
4411
4411
4411
4411
4411
4411
4411
4411
4411
4411
4411
4411
4411
4384
4384
4384
4384
4384
4384
4384
4384
4384
4384
4384
4384
4384
4384
4384
4384
4384
4384
4384
4384
4384
4384
4384
4384
4384
4384
4384
4384
4384
4384
4384
4384
4384
4384
4384
4384
4384
4252
4252
4252
4252
4252
4252
4252
4252
4252
4252
4252
4252
4252
4252
4252
4252
4252
4252
4252
4109
4109
4109
4109
4109
4109
4109
4109
4109
4109
4109
4109
4109
4109
4109
4109
4109
4109
4109
4109
4109
4109
4109
4109
4109
4109
4109
4109
3936
3936
3936
3936
3936
3936
3936
3936
3936
3936
3936
3936
3936
3936
3936
3936
3936
3936
3936
3936
3936
3936
3936
3936
3936
3936
3936
3936
3936
3936
3936
3936
3936
3936
3936
3936
3936
3936
3936
3936
3936
3936
3936
3906
3906
3906
3906
3906
3906
3906
3906
3906
3906
3906
3906
3906
3906
3906
3906
3906
3906
3906
3906
3906
3906
3906
3906
3906
3906
3906
3906
3751
3751
3751
3751
3751
3751
3751
3751
3751
3751
3751
3751
3751
3751
3751
3751
3751
3751
3751
3751
3751
3751
3751
3751
3751
3751
3751
3751
3751
3751
3751
3751
3751
3751
3751
3751
3751
3751
3751
3751
3751
3751
3751
3751
3751
3751
3751
3751
3751
3751
3751
3751
3751
3751
3751
3751
3751
3751
3751
3751
3751
3751
3751
3751
3751
3751
3751
3751
3751
3751
3751
3751
3751
3751
3751
3751
3751
3751
3751
3751
3751
3751
3751
3751
3751
3751
3751
3751
3751
3751
3751
3751
3751
3751
3690
3690
3690
3690
3690
3690
3690
3690
3690
3690
3690
3690
3690
3690
3690
3690
3690
3690
3690
3690
3690
3690
3690
3690
3690
3690
3690
3690
3690
3690
3690
3690
3690
3690
3690
3690
3690
3690
3690
3690
3690
3690
3690
3690
3690
3690
3690
3690
3690
3690
3690
3690
3690
3690
3690
3690
3690
3690
3690
3690
3690
3690
3690
3690
3690
3690
3690
3690
3690
3690
3654
3654
3654
3654
3654
3654
3654
3654
3654
3654
3654
3654
3654
3654
3654
3654
3654
3654
3654
3654
3654
3654
3599
3599
3577
3577
3577
3577
3577
3577
3577
3577
3577
3577
3577
3577
3577
3577
3577
3577
3577
3577
3577
3577
3577
3577
3577
3577
3577
3577
3577
3577
3577
3577
3577
3577
3577
3577
3577
3577
3577
3577
3577
3577
3577
3577
3577
3553
3553
3524
3524
3524
3524
3524
3524
3524
3524
3524
3524
3524
3524
3524
3524
3524
3524
3524
3524
3524
3524
3524
3524
3524
3524
3524
3524
3524
3524
3524
3524
3524
3524
3524
3524
3524
3524
3524
3524
3524
3524
3524
3524
3524
3524
3524
3524
3524
3524
3524
3524
3524
3524
3524
3524
3524
3524
3524
3524
3524
3524
3524
3524
3524
3524
3524
3524
3524
3524
3524
3473
3473
3473
3473
3473
3473
3473
3473
3473
3473
3473
3473
3473
3473
3473
3473
3473
3473
3473
3473
3473
3473
3473
3473
3473
3473
3473
3473
3473
3473
3473
3473
3473
3473
3473
3473
3473
3473
3473
3473
3307
3307
3307
3307
3307
3307
3307
3307
3307
3307
3307
3307
3307
3307
3307
3307
3307
3307
3307
3307
3307
3307
3307
3307
3307
3307
3307
3307
3307
3307
3307
3307
3307
3307
3307
3307
3307
3307
3307
3307
3307
3210
3210
3210
3210
3210
3210
3210
3210
3210
3210
3210
3210
3210
3210
3210
3210
3210
3210
3210
3210
3210
3210
3210
3210
3210
3210
3210
3210
3210
3210
3210
3210
3210
3210
3210
3210
3210
3210
3210
3210
3210
3210
3210
3210
3210
3210
3210
3210
3210
3210
3210
3210
3210
3210
3210
3210
3210
3210
3210
3210
3072
3072
3072
3072
3072
3072
3072
3072
3072
3072
3072
3072
3072
3072
3072
3072
3072
3072
3072
3072
3072
3072
3072
3072
3072
3072
3072
3072
3072
3072
3072
3072
3072
3072
3072
3072
3072
3072
3072
3072
3072
3072
3072
3072
3072
3072
3072
3072
3072
3072
3072
3072
3072
3072
3072
2958
2954
2954
2954
2954
2954
2954
2954
2954
2954
2954
2844
2844
2844
2844
2844
2844
2844
2844
2844
2844
2844
2844
2844
2844
2844
2844
2844
2844
2844
2844
2844
2844
2844
2844
2844
2844
2844
2844
2844
2844
2844
2844
2844
2844
2804
2804
2804
2804
2804
2804
2804
2804
2804
2804
2804
2804
2804
2804
2804
2804
2804
2804
2804
2804
2804
2804
2804
2804
2804
2804
2804
2804
2804
2804
2804
2804
2731
2731
2731
2731
2731
2731
2731
2731
2731
2731
2731
2731
2731
2731
2731
2731
2731
2724
2724
2724
2724
2724
2724
2724
2724
2724
2724
2724
2724
2724
2724
2724
2724
2724
2724
2724
2724
2724
2724
2724
2724
2724
2724
2724
2724
2724
2724
2724
2724
2724
2724
2724
2724
2724
2724
2724
2724
2724
2724
2724
2724
2724
2724
2724
2724
2724
2724
2724
2724
2724
2724
2675
2675
2675
2675
2675
2675
2675
2675
2675
2675
2675
2675
2675
2675
2675
2675
2675
2675
2675
2675
2675
2675
2675
2675
2675
2675
2675
2675
2675
2675
2675
2675
2675
2675
2675
2675
2675
2675
2675
2675
2675
2675
2675
2675
2675
2675
2675
2675
2675
2675
2675
2675
2390
2390
2390
2390
2390
2390
2390
2390
2390
2390
2390
2390
2390
2390
2390
2390
2390
2390
2390
2390
2390
2390
2390
2390
2390
2390
2390
2390
2390
2390
2390
2390
2390
2390
2390
2390
2390
2390
2390
2390
2390
2390
2390
2390
2390
2390
2390
2390
2390
2390
2390
2390
2390
2390
2390
2390
2390
2390
2390
2390
2390
2390
2390
2390
2390
2390
2390
2390
2390
2390
2390
2390
2390
2390
2390
2390
2390
2390
2390
2390
2390
2390
2390
2390
2390
2390
2390
2390
2390
2390
2390
2390
2390
2390
2390
2390
2390
2390
2390
2390
2328
2328
2328
2328
2328
2328
2328
2328
2328
2328
2328
2328
2328
2328
2328
2328
2328
2328
2328
2328
2313
2313
2313
2313
2313
2313
2313
2313
2313
2313
2313
2313
2313
2313
2313
2313
2313
2313
2313
2313
2313
2313
2313
2313
2313
2313
2313
2313
2313
2313
2313
2313
2313
2313
2313
2313
2313
2313
2313
2313
2313
2313
2313
2313
2313
2313
2313
2313
2313
2282
2282
2282
2282
2282
2282
2282
2282
2282
2282
2282
2282
2282
2282
2282
2282
2282
2282
2282
2282
2282
2282
2282
2282
2282
2282
2282
2282
2282
2282
2282
2282
2282
2282
2282
2282
2282
2282
2282
2282
2282
2282
2282
2282
2282
2282
2282
2282
2282
2282
2282
2282
2282
2282
2282
2282
2282
2282
2282
2282
2282
2282
2282
2282
2282
2282
2282
2282
2282
2282
2282
2282
2282
2282
2282
2282
2282
2282
2282
2282
2282
2282
2282
2282
2282
2282
2282
2282
2282
2282
2168
2168
2168
2168
2168
2168
2168
2168
2168
2168
2168
2168
2168
2168
2168
2168
2168
2168
2168
2168
2168
2168
2168
2168
2168
2168
2168
2168
2168
2168
2168
2168
2168
2168
2168
2168
2168
2168
2121
2121
2121
2121
2121
2121
2121
2121
2121
2121
2121
2121
2121
2121
2121
2121
2121
2121
2121
2121
2121
2121
2121
2121
2121
2121
2121
2121
2121
2121
2121
2121
2121
2121
2121
2121
2121
2121
2121
2121
2121
2121
2121
2121
2121
2121
2121
2121
2121
2062
2062
2062
2062
2062
2062
2062
2062
2062
2062
2062
2062
2062
2024
2024
2024
2024
2024
2024
2024
2024
2024
2024
2024
2024
2024
2024
2024
2024
2024
2024
2024
2024
2024
2024
2024
2024
2024
2024
2024
2024
2024
2024
2024
2024
2024
2024
2024
2024
2024
2024
2024
2024
2024
2024
2024
2024
2024
2024
2024
2024
2024
2024
2024
2024
2024
2024
2024
2024
2024
2024
2024
2024
2024
2024
2024
2024
2024
2024
2024
2024
2024
2024
2024
2024
2024
2024
2024
2024
2024
2020
2020
2020
2020
2020
2020
2020
2020
2020
2020
2020
2020
2020
2020
2020
2020
2020
2020
2020
2020
2020
2020
2020
2020
2020
2020
2020
2020
2020
2020
2020
2020
2020
2020
2020
2020
2020
2020
2020
2020
2020
2020
2020
2020
2020
2020
2020
2020
2020
2020
2020
2020
2020
2020
2020
2020
2020
2020
2020
2020
2020
2020
2020
2020
2020
2020
2020
2020
2020
2020
2020
2020
2020
2020
2020
2020
2020
2020
2020
2020
2020
2020
2020
2020
2020
2020
2020
2020
2020
2020
2020
2020
2020
2020
2020
2020
2020
1989
1989
1989
1989
1989
1989
1989
1989
1989
1989
1989
1989
1989
1989
1989
1989
1989
1989
1989
1989
1901
1901
1901
1901
1901
1901
1901
1901
1901
1901
1901
1901
1901
1901
1901
1901
1901
1901
1901
1901
1901
1901
1901
1901
1901
1901
1901
1901
1901
1901
1901
1901
1901
1901
1901
1901
1901
1901
1901
1901
1901
1901
1901
1901
1901
1901
1901
1901
1901
1901
1901
1901
1901
1901
1901
1901
1901
1901
1901
1901
1901
1901
1901
1901
1901
1901
1901
1901
1901
1901
1901
1901
1901
1901
1901
1901
1901
1901
1901
1901
1901
1901
1901
1901
1901
1901
1877
1877
1877
1877
1877
1877
1877
1877
1877
1877
1877
1877
1877
1877
1877
1877
1877
1877
1877
1877
1877
1877
1877
1877
1877
1877
1877
1877
1877
1877
1877
1877
1877
1877
1877
1877
1877
1877
1877
1877
1877
1877
1877
1877
1877
1877
1877
1877
1877
1877
1877
1877
1877
1877
1877
1877
1877
1877
1877
1877
1877
1877
1877
1877
1877
1877
1877
1877
1877
1877
1877
1877
1877
1877
1877
1877
1877
1877
1877
1877
1877
1877
1877
1877
1877
1877
1873
1873
1873
1873
1873
1873
1873
1873
1873
1873
1873
1873
1873
1873
1873
1873
1873
1873
1873
1873
1873
1873
1873
1873
1873
1873
1873
1873
1873
1873
1873
1873
1873
1873
1873
1873
1873
1873
1873
1873
1873
1873
1873
1873
1873
1873
1873
1873
1873
1873
1873
1873
1873
1873
1873
1873
1873
1873
1873
1873
1873
1873
1873
1873
1873
1873
1873
1873
1873
1873
1873
1873
1873
1873
1873
1873
1873
1873
1873
1873
1873
1873
1873
1873
1873
1873
1873
1873
1873
1873
1873
1873
1873
1873
1873
1857
1857
1857
1857
1857
1857
1857
1857
1857
1857
1857
1857
1857
1857
1857
1857
1857
1857
1857
1857
1857
1857
1857
1857
1857
1857
1857
1857
1857
1857
1857
1857
1857
1857
1857
1857
1857
1857
1857
1857
1857
1857
1857
1857
1857
1857
1857
1857
1857
1857
1857
1857
1857
1857
1857
1857
1857
1857
1857
1857
1857
1857
1857
1857
1857
1857
1857
1857
1857
1857
1857
1857
1857
1809
1791
1791
1791
1791
1791
1791
1791
1791
1791
1761
1761
1761
1761
1761
1761
1761
1761
1761
1761
1761
1761
1761
1761
1761
1761
1761
1761
1761
1761
1761
1761
1761
1761
1761
1761
1761
1761
1761
1761
1761
1761
1761
1761
1761
1761
1761
1761
1761
1761
1761
1761
1761
1761
1653
1653
1653
1653
1653
1653
1653
1653
1653
1653
1653
1653
1653
1653
1653
1653
1653
1653
1653
1653
1653
1653
1653
1653
1653
1653
1653
1653
1653
1653
1653
1653
1653
1653
1653
1653
1653
1566
1566
1566
1566
1566
1566
1566
1566
1566
1566
1566
1566
1566
1566
1566
1566
1566
1566
1566
1566
1566
1566
1566
1566
1566
1566
1566
1566
1566
1566
1566
1566
1560
1560
1531
1531
1531
1531
1531
1531
1531
1531
1531
1531
1443
1443
1443
1443
1443
1443
1443
1443
1443
1443
1443
1443
1443
1443
1437
1437
1437
1437
1437
1437
1437
1437
1437
1437
1437
1437
1437
1437
1437
1437
1437
1437
1437
1437
1437
1437
1437
1437
1437
1437
1437
1313
1313
1313
1313
1313
1313
1313
1313
1313
1313
1313
1313
1313
1313
1313
1313
1313
1313
1313
1313
1313
1313
1313
1313
1313
1313
1313
1313
1313
1313
1313
1313
1313
1313
1313
1313
1313
1313
1313
1313
1313
1313
1313
1313
1313
1313
1313
1313
1313
1313
1313
1313
1313
1313
1313
1313
1313
1313
1313
1313
1313
1313
1313
1313
1313
1313
1313
1313
1313
1313
1313
1313
1313
1313
1313
1313
1313
1313
1313
1313
1313
1313
1313
1313
1313
1313
1313
1313
1313
1306
1306
1306
1306
1306
1306
1306
1306
1306
1306
1306
1306
1306
1306
1306
1306
1306
1306
1306
1306
1306
1306
1306
1306
1306
1306
1306
1306
1306
1306
1306
1306
1306
1306
1306
1306
1306
1306
1306
1306
1306
1306
1306
1306
1306
1306
1306
1306
1306
1306
1306
1306
1306
1306
1306
1204
1204
1204
1204
1204
1204
1204
1204
1204
1204
1204
1204
1204
1204
1204
1204
1204
1204
1204
1204
1204
1204
1204
1204
1204
1204
1204
1204
1204
1204
1204
1204
1204
1204
1204
1204
1204
1204
1204
1204
1204
1204
1204
1204
1204
1204
1204
1204
1204
1204
1204
1204
1204
1204
1204
1204
1204
1204
1204
1204
1204
1204
1204
1204
1204
1204
1204
1204
1204
1204
1204
1159
1159
1159
1159
1159
1159
1159
1159
1159
1159
1159
1159
1159
1159
1159
1159
1159
1159
1159
998
998
998
998
768
768
768
768
768
768
768
768
768
768
768
768
768
768
768
768
768
768
768
768
768
768
768
768
768
768
768
768
768
768
768
768
768
768
768
768
768
768
768
768
768
768
768
768
768
768
768
768
768
768
768
768
768
768
768
768
768
768
678
678
678
678
678
678
678
678
678
678
678
678
678
678
678
678
678
678
678
678
678
678
678
678
678
678
678
678
678
678
678
678
678
678
678
678
678
678
678
678
678
678
678
678
678
678
678
678
678
678
678
678
678
678
678
678
678
678
678
678
678
678
678
678
678
678
678
678
678
678
678
678
678
678
678
678
678
678
678
678
678
678
678
678
678
678
678
678
678
678
601
601
601
601
601
601
601
601
601
601
601
601
601
601
601
601
601
601
601
601
601
601
601
601
601
601
601
601
601
601
601
601
601
601
601
601
601
601
601
601
601
601
601
601
601
601
601
601
601
601
601
601
601
601
601
568
568
568
568
568
568
568
568
568
568
568
568
568
568
568
568
568
568
568
568
521
521
521
521
521
521
521
521
521
521
521
521
521
521
521
521
521
521
521
521
521
521
521
521
521
521
521
521
521
521
521
521
521
521
521
521
521
521
521
521
521
521
521
521
521
521
521
521
521
521
521
521
521
521
521
521
521
521
521
521
521
521
521
521
521
521
521
521
521
521
521
521
521
521
521
521
521
521
521
521
521
521
521
521
521
521
521
521
521
521
521
521
521
521
227
227
227
227
227
227
227
227
227
227
227
227
227
227
227
227
227
227
227
227
227
227
227
227
227
227
227
227
227
227
227
227
227
227
227
227
227
227
227
227
227
227
227
227
227
227
227
227
227
227
227
227
227
227
227
227
227
227
227
227
227
227
227
227
227
227
227
227
227
227
227
227
227
227
227
227
227
227
227
