1619
10000
2499
2499
2499
2499
2499
2499
2499
2499
2499
2499
2499
2478
2478
2478
2478
2478
2478
2478
2478
2478
2478
2478
2478
2478
2478
2478
2478
2476
2476
2476
2476
2476
2476
2476
2476
2476
2476
2476
2476
2476
2476
2476
2476
2432
2432
2432
2432
2432
2432
2432
2432
2432
2432
2405
2405
2405
2401
2401
2401
2401
2401
2401
2401
2401
2401
2401
2401
2401
2401
2401
2401
2401
2401
2401
2401
2397
2397
2397
2326
2326
2326
2326
2326
2326
2326
2323
2323
2323
2323
2323
2323
2323
2299
2299
2299
2299
2299
2299
2299
2299
2299
2299
2299
2299
2299
2299
2299
2299
2299
2299
2299
2299
2298
2298
2298
2298
2298
2298
2298
2298
2298
2298
2298
2298
2281
2281
2281
2281
2281
2281
2281
2281
2281
2281
2281
2281
2281
2281
2281
2279
2279
2279
2279
2279
2273
2273
2273
2273
2272
2272
2272
2272
2272
2272
2272
2272
2263
2263
2263
2263
2240
2240
2240
2240
2240
2240
2240
2240
2240
2240
2240
2240
2240
2240
2240
2223
2219
2219
2219
2219
2219
2219
2219
2219
2219
2214
2214
2214
2214
2214
2214
2214
2214
2214
2214
2214
2214
2214
2205
2205
2205
2205
2205
2205
2205
2205
2205
2205
2205
2205
2205
2205
2183
2183
2183
2183
2183
2183
2183
2183
2183
2183
2183
2155
2155
2155
2155
2155
2155
2155
2153
2153
2153
2153
2153
2153
2153
2153
2153
2153
2151
2151
2151
2151
2151
2151
2151
2151
2151
2151
2151
2151
2151
2151
2151
2151
2140
2140
2140
2140
2140
2140
2140
2140
2140
2140
2140
2140
2114
2114
2114
2114
2114
2114
2114
2114
2114
2114
2114
2114
2114
2114
2070
2070
2070
2061
2061
2061
2061
2035
2035
2035
2035
1996
1996
1996
1996
1996
1989
1989
1989
1989
1989
1977
1977
1977
1977
1977
1977
1977
1962
1962
1962
1962
1962
1928
1928
1928
1928
1928
1928
1928
1928
1928
1928
1928
1928
1928
1928
1928
1928
1928
1906
1906
1881
1881
1881
1881
1881
1881
1881
1881
1860
1860
1860
1860
1860
1860
1860
1860
1844
1844
1844
1844
1844
1844
1844
1844
1844
1844
1844
1844
1844
1844
1844
1844
1844
1844
1844
1834
1834
1834
1834
1834
1833
1833
1833
1833
1833
1833
1833
1833
1833
1833
1833
1833
1833
1833
1833
1833
1833
1833
1823
1823
1823
1823
1823
1823
1823
1823
1823
1823
1823
1823
1823
1823
1805
1805
1805
1805
1805
1805
1805
1805
1805
1805
1805
1805
1805
1805
1805
1805
1805
1805
1803
1803
1803
1803
1803
1803
1803
1803
1803
1803
1803
1803
1803
1803
1803
1803
1803
1803
1761
1761
1761
1761
1761
1761
1761
1761
1761
1761
1761
1761
1739
1739
1739
1739
1739
1739
1739
1739
1739
1739
1739
1739
1739
1739
1739
1729
1716
1716
1716
1716
1716
1716
1716
1716
1716
1716
1716
1716
1716
1716
1716
1716
1716
1716
1716
1716
1706
1706
1706
1706
1706
1706
1706
1706
1706
1706
1706
1706
1667
1667
1667
1667
1667
1667
1667
1667
1667
1667
1667
1667
1667
1667
1640
1640
1640
1640
1640
1640
1640
1640
1640
1640
1640
1640
1640
1640
1640
1640
1640
1640
1622
1622
1622
1622
1622
1622
1580
1580
1580
1580
1580
1580
1580
1580
1580
1580
1566
1566
1566
1566
1566
1566
1566
1566
1566
1566
1566
1566
1566
1566
1566
1566
1566
1557
1557
1557
1557
1557
1557
1539
1539
1539
1539
1539
1539
1539
1539
1539
1539
1539
1509
1509
1509
1509
1509
1509
1509
1495
1495
1495
1495
1495
1495
1495
1495
1495
1489
1489
1489
1489
1489
1489
1489
1489
1489
1489
1442
1442
1442
1442
1442
1442
1442
1421
1421
1421
1421
1421
1421
1421
1421
1421
1421
1421
1421
1421
1421
1421
1421
1393
1393
1393
1393
1393
1393
1393
1393
1393
1393
1393
1393
1393
1393
1393
1380
1380
1380
1380
1380
1380
1380
1380
1380
1380
1363
1363
1363
1363
1363
1363
1363
1363
1363
1362
1362
1362
1362
1362
1362
1362
1362
1362
1356
1356
1356
1356
1356
1356
1356
1356
1356
1356
1356
1356
1356
1356
1356
1356
1353
1353
1353
1353
1353
1353
1353
1353
1353
1353
1353
1353
1353
1353
1353
1353
1353
1332
1332
1308
1308
1308
1308
1308
1308
1308
1290
1290
1290
1290
1290
1290
1290
1290
1290
1290
1271
1271
1271
1271
1271
1271
1271
1271
1271
1245
1245
1245
1245
1245
1245
1245
1245
1245
1245
1245
1245
1245
1245
1244
1244
1244
1244
1244
1244
1244
1244
1244
1244
1244
1244
1244
1240
1240
1240
1240
1240
1240
1240
1240
1200
1200
1200
1200
1200
1193
1193
1193
1193
1193
1193
1193
1193
1193
1193
1193
1193
1193
1193
1193
1193
1193
1193
1193
1171
1171
1171
1171
1171
1171
1171
1171
1171
1171
1171
1171
1171
1171
1171
1171
1171
1171
1171
1160
1160
1160
1160
1160
1160
1160
1160
1153
1153
1153
1153
1153
1153
1153
1153
1153
1153
1153
1153
1153
1153
1153
1153
1051
1051
1051
1051
1051
1051
1051
1051
1051
1051
1002
1002
1002
1002
1002
1001
1001
1001
1001
1001
1001
981
981
981
981
981
981
981
981
981
981
981
981
981
981
981
981
974
974
974
974
974
974
974
974
974
974
974
974
974
974
974
945
945
945
945
945
945
945
945
945
945
945
939
939
939
939
939
939
939
939
939
939
939
939
939
939
939
939
939
935
935
935
935
935
935
935
935
935
935
935
935
935
935
935
935
935
935
935
935
929
929
929
929
929
929
929
929
929
929
929
929
929
929
929
929
925
925
925
925
925
925
925
925
925
925
925
925
925
925
922
922
922
922
917
917
917
917
917
917
917
917
914
914
914
914
914
914
913
913
913
913
913
913
913
913
913
913
913
913
906
906
906
906
906
906
906
906
906
906
906
906
899
899
899
899
899
899
899
899
899
899
883
863
863
863
863
863
863
863
863
863
863
863
863
863
863
863
863
826
826
826
826
826
826
826
826
826
826
826
826
826
826
826
826
826
816
816
816
816
816
816
816
816
807
807
807
807
807
789
789
789
789
789
789
789
789
789
789
789
785
785
780
780
780
780
780
780
780
780
780
780
777
777
777
777
777
777
777
777
777
777
752
752
752
752
752
752
752
752
723
723
723
723
723
723
723
723
723
723
723
675
675
675
675
675
675
675
656
656
656
656
656
656
656
656
656
656
656
656
656
656
656
656
656
656
656
656
654
654
654
654
654
654
654
654
654
654
654
654
654
654
654
654
649
649
649
649
649
649
649
649
649
649
649
649
649
649
649
649
649
649
641
641
641
641
641
641
641
641
641
641
641
641
629
629
629
629
629
629
629
629
629
629
629
629
629
629
629
629
629
626
626
626
626
626
626
626
626
626
626
626
626
626
626
626
626
613
613
613
613
613
613
613
613
613
613
613
613
613
613
613
613
613
613
600
600
600
600
600
600
600
600
600
600
600
600
600
600
600
600
600
592
592
592
592
592
592
592
587
587
587
587
587
587
587
587
587
587
587
587
587
587
587
578
578
578
578
578
561
561
561
561
561
561
561
561
561
561
511
511
510
510
510
510
510
510
510
510
510
510
510
510
510
510
510
444
444
444
444
444
444
444
444
444
444
444
444
444
444
444
444
436
436
418
418
418
418
418
414
414
414
414
388
388
388
388
388
388
388
388
388
388
388
388
388
388
388
388
388
388
388
388
373
373
373
373
373
373
373
373
373
373
373
373
373
373
373
373
373
373
373
367
367
367
367
367
367
367
367
367
367
367
367
367
367
367
367
359
359
359
359
359
359
359
359
359
359
350
350
350
350
350
350
350
350
350
350
350
350
350
350
350
350
350
338
338
338
338
338
338
338
338
338
338
338
338
338
338
338
338
338
338
338
310
310
310
310
310
310
310
310
310
310
310
310
294
294
264
264
264
264
264
252
252
252
252
252
252
252
252
252
252
252
252
252
252
252
252
251
251
251
251
251
251
251
251
251
251
251
251
251
251
237
237
237
237
237
237
237
223
223
223
223
223
223
223
223
223
223
223
223
223
223
223
200
200
200
200
200
200
200
200
187
187
187
187
187
187
187
187
187
187
187
187
187
187
187
187
187
187
187
150
150
150
150
150
150
150
150
150
150
150
150
150
150
150
150
150
150
150
119
119
119
119
119
119
119
119
119
119
119
119
119
119
119
119
119
61
61
61
61
61
61
61
61
61
61
61
61
53
53
53
53
53
53
53
53
53
53
53
53
53
53
53
53
53
23
23
23
23
23
23
23
23
23
23
23
23
23
