4732
10000
7462
7462
7462
7462
7462
7462
7462
7462
7462
7462
7462
7462
7462
7462
7462
7462
7462
7462
7462
7462
7462
7462
7310
7310
7310
7310
7310
7097
7097
7097
7097
7097
7097
7097
7097
7097
7097
7097
7097
7097
7097
7097
7097
7097
7097
7097
7097
7097
7097
7097
7097
7097
7097
7097
7097
7097
7097
7097
7097
7097
7097
7097
7097
7097
7097
7097
7097
7097
7097
7097
7097
7097
7097
7097
7097
7097
7097
7097
7097
7097
7097
7097
7097
7097
7097
7097
7097
7097
7097
7097
7097
7097
7097
7097
7097
7097
7097
7097
7097
6981
6981
6981
6981
6981
6981
6981
6981
6981
6981
6981
6981
6981
6981
6981
6981
6981
6981
6981
6981
6981
6981
6981
6981
6981
6981
6981
6981
6981
6981
6981
6981
6981
6981
6981
6981
6981
6981
6981
6981
6981
6981
6981
6981
6981
6981
6981
6981
6773
6773
6773
6773
6773
6773
6773
6773
6773
6773
6773
6773
6773
6773
6773
6773
6773
6773
6773
6773
6773
6773
6773
6773
6773
6773
6773
6773
6773
6773
6773
6773
6773
6773
6773
6773
6773
6773
6773
6773
6773
6773
6773
6773
6773
6773
6773
6773
6773
6773
6773
6773
6773
6773
6773
6773
6773
6773
6773
6773
6764
6764
6764
6764
6764
6764
6764
6764
6764
6764
6764
6764
6764
6764
6764
6764
6764
6764
6764
6764
6764
6764
6764
6764
6764
6764
6764
6764
6764
6764
6764
6764
6764
6764
6764
6764
6764
6764
6764
6764
6764
6764
6764
6764
6764
6764
6764
6764
6764
6764
6745
6745
6745
6745
6745
6745
6745
6745
6745
6745
6745
6745
6745
6745
6745
6745
6745
6745
6745
6745
6745
6745
6745
6745
6745
6745
6745
6745
6745
6745
6745
6745
6745
6745
6745
6745
6745
6745
6745
6745
6745
6745
6745
6745
6745
6745
6745
6745
6745
6745
6745
6745
6745
6745
6745
6745
6745
6745
6745
6745
6745
6745
6745
6745
6745
6745
6745
6745
6745
6688
6688
6688
6688
6688
6688
6688
6688
6688
6688
6688
6688
6688
6688
6688
6688
6688
6688
6688
6688
6688
6688
6688
6688
6688
6688
6688
6688
6688
6688
6688
6688
6688
6688
6688
6688
6688
6688
6688
6688
6688
6688
6688
6688
6688
6688
6688
6688
6688
6688
6688
6688
6688
6688
6688
6688
6688
6688
6688
6688
6688
6688
6688
6688
6688
6688
6688
6688
6688
6688
6688
6688
6688
6688
6688
6688
6688
6688
6688
6688
6688
6688
6688
6688
6688
6688
6688
6688
6650
6650
6650
6650
6650
6432
6432
6432
6432
6432
6432
6432
6432
6432
6432
6432
6432
6432
6432
6432
6432
6432
6432
6432
6432
6432
6432
6432
6432
6432
6432
6432
6432
6432
6432
6432
6432
6432
6432
6432
6432
6432
6432
6432
6432
6432
6432
6432
6432
6432
6432
6432
6432
6432
6432
6432
6432
6432
6432
6432
6432
6432
6432
6432
6426
6426
6426
6426
6426
6426
6426
6426
6426
6426
6426
6426
6426
6426
6426
6426
6426
6426
6426
6426
6426
6426
6426
6426
6426
6426
6426
6426
6426
6426
6426
6426
6426
6426
6426
6426
6426
6426
6426
6426
6426
6426
6426
6426
6426
6426
6426
6426
6426
6426
6426
6426
6426
6426
6426
6426
6257
6257
6257
6257
6257
6257
6257
6257
6257
6257
6257
6257
6257
6257
6257
6257
6257
6257
6257
6257
6257
6257
6257
6257
6257
6257
6257
6257
6257
6257
6257
6257
6257
6257
6257
6257
6257
6257
6257
6257
6257
6257
6257
6257
6257
6257
6257
6257
6257
6257
6257
6257
6257
6257
6257
6257
6257
6257
6257
6257
6257
6257
6257
6257
6257
6257
6257
6257
6257
6257
6257
6257
6257
6257
6257
6257
6257
6257
6257
6239
6239
6239
6239
6239
6239
6239
6239
6239
6239
6239
6239
6239
6239
6239
6239
6239
6239
6239
6239
6239
6239
6239
6239
6239
6239
6239
6239
6239
6239
6239
6239
6239
6239
6239
6239
6239
6239
6239
6239
6239
6239
6239
6231
6231
6231
6231
6231
6231
6231
6231
6231
6231
6231
6231
6231
6231
6231
6231
6231
6231
6231
6231
6231
6231
6231
6231
6231
6231
6231
6231
6231
6231
6231
6231
6231
6231
6231
6231
6231
6231
6231
6231
6231
6231
6231
6231
6231
6231
6231
6231
6231
6231
6231
6231
6231
6231
6231
6231
6231
6231
6231
6231
6231
6231
6231
6231
6231
6231
6231
6231
6231
6231
6231
6231
6231
6231
6231
6231
6231
6231
6231
6224
6224
6224
6224
6224
6224
6224
6224
6224
6224
6224
6224
6224
6224
6224
6224
6224
6224
6224
6224
6224
6224
6224
6224
6224
6224
6224
6224
6224
6224
6224
6224
6224
6224
6224
6224
6224
6224
6224
6224
6224
6184
6184
6184
6184
6184
6184
6184
6184
6184
6184
6184
6184
6184
6184
6184
6184
6184
6184
6184
6184
6184
6184
6184
6184
6184
6184
6184
6184
6184
6184
6184
6184
6184
6184
6184
6184
6184
6184
6184
6184
6184
6184
6184
6184
6184
6184
6184
6184
6184
6148
6148
6148
6148
6148
6148
6148
6148
6148
6148
6148
6148
6148
6148
6148
6148
6148
6148
6148
6148
6148
6148
6148
6148
6148
6148
6148
6148
6148
6148
6148
6148
6148
6148
6148
6148
6148
6148
6148
6068
6068
6068
6068
6068
6068
6068
6068
6068
6068
6068
6068
6068
6068
5965
5965
5965
5965
5965
5965
5965
5965
5965
5965
5965
5965
5965
5965
5965
5965
5965
5965
5965
5965
5965
5965
5965
5965
5965
5965
5965
5965
5965
5965
5965
5965
5965
5965
5965
5965
5965
5965
5965
5965
5965
5965
5965
5965
5965
5965
5965
5920
5920
5920
5920
5920
5920
5920
5920
5920
5920
5920
5920
5920
5920
5920
5920
5920
5920
5920
5920
5920
5920
5920
5920
5920
5920
5920
5920
5920
5920
5920
5920
5920
5920
5920
5920
5920
5920
5920
5920
5908
5908
5908
5908
5908
5908
5908
5908
5908
5908
5908
5908
5908
5908
5908
5908
5908
5908
5908
5908
5908
5908
5908
5908
5908
5908
5908
5908
5908
5908
5908
5908
5908
5908
5908
5908
5908
5908
5908
5908
5908
5908
5908
5908
5908
5908
5908
5908
5908
5908
5908
5908
5908
5908
5908
5908
5854
5854
5854
5854
5854
5854
5854
5854
5854
5854
5854
5854
5854
5854
5854
5854
5854
5854
5854
5854
5854
5854
5854
5854
5854
5653
5653
5653
5653
5653
5653
5653
5653
5653
5653
5653
5653
5563
5563
5563
5563
5563
5563
5563
5563
5563
5563
5563
5563
5563
5563
5563
5563
5563
5563
5563
5563
5563
5563
5563
5563
5563
5563
5563
5563
5563
5563
5563
5563
5563
5563
5563
5563
5563
5563
5563
5563
5563
5563
5563
5563
5563
5563
5563
5563
5563
5563
5563
5563
5563
5563
5563
5563
5563
5563
5563
5563
5563
5563
5563
5563
5563
5563
5409
5409
5409
5409
5409
5409
5409
5409
5409
5409
5409
5409
5409
5409
5409
5409
5409
5409
5409
5409
5409
5409
5409
5409
5409
5409
5409
5409
5409
5409
5340
5340
5340
5340
5340
5340
5340
5340
5340
5340
5340
5340
5340
5340
5340
5340
5340
5340
5340
5340
5340
5340
5340
5340
5340
5340
5340
5340
5340
5340
5340
5340
5340
5340
5340
5340
5340
5340
5340
5340
5340
5340
5340
5340
5340
5340
5340
5340
5340
5340
5340
5340
5340
5340
5340
5340
5340
5340
5340
5340
5340
5340
5340
5340
5340
5340
5340
5340
5340
5340
5340
5340
5340
5340
5340
5340
5340
5340
5340
5340
5340
5340
5340
5340
5340
5340
5340
5340
5340
5313
5313
5313
5313
5313
5313
5313
5313
5313
5313
5313
5313
5313
5313
5313
5313
5313
5313
5313
5313
5313
5313
5313
5313
5313
5313
5313
5313
5313
5313
5313
5313
5313
5313
5313
5313
5313
5313
5313
5313
5313
5313
5313
5313
5313
5313
5313
5313
5313
5313
5313
5313
5313
5313
5313
5313
5313
5313
5313
5313
5313
5313
5313
5313
5313
5313
5313
5313
5313
5313
5092
5092
5092
5092
5092
5092
5092
5092
5092
5092
5092
5092
5092
5092
5092
5092
5092
5092
5092
5092
5092
5092
5092
5092
5083
5083
5083
5083
5083
5083
5083
5083
5083
5083
5083
5083
5051
5051
5051
4877
4877
4877
4877
4877
4877
4877
4877
4877
4877
4877
4877
4877
4877
4877
4877
4877
4877
4877
4877
4877
4877
4877
4877
4877
4877
4877
4877
4877
4877
4877
4877
4877
4877
4877
4877
4877
4877
4877
4877
4877
4877
4877
4877
4877
4877
4877
4877
4877
4877
4877
4877
4877
4877
4877
4859
4859
4859
4859
4859
4859
4859
4859
4859
4859
4859
4859
4859
4859
4859
4859
4859
4859
4859
4859
4859
4859
4859
4859
4859
4859
4859
4859
4859
4859
4859
4859
4859
4859
4859
4859
4859
4859
4859
4859
4859
4859
4859
4859
4859
4859
4859
4859
4859
4859
4859
4859
4859
4859
4859
4859
4859
4859
4859
4859
4859
4859
4841
4841
4841
4841
4841
4841
4841
4841
4841
4841
4841
4841
4841
4841
4841
4841
4841
4841
4841
4841
4841
4841
4841
4841
4841
4841
4841
4841
4841
4841
4841
4841
4839
4839
4839
4839
4839
4839
4839
4684
4684
4684
4684
4684
4684
4684
4684
4684
4684
4684
4684
4684
4684
4684
4684
4684
4684
4684
4684
4684
4684
4684
4684
4684
4684
4684
4684
4684
4684
4684
4684
4684
4684
4684
4684
4684
4684
4684
4684
4684
4684
4684
4684
4684
4684
4684
4684
4684
4684
4684
4681
4681
4681
4681
4681
4681
4681
4681
4681
4681
4681
4681
4681
4681
4681
4681
4681
4681
4681
4681
4681
4681
4681
4681
4681
4681
4681
4681
4681
4681
4681
4681
4681
4681
4681
4681
4681
4681
4681
4681
4681
4681
4681
4681
4681
4681
4681
4681
4681
4681
4681
4681
4681
4681
4681
4681
4681
4681
4681
4681
4681
4681
4681
4681
4681
4681
4681
4681
4681
4681
4681
4681
4681
4681
4681
4681
4681
4681
4681
4681
4681
4681
4681
4681
4681
4681
4681
4681
4681
4681
4681
4613
4613
4613
4613
4613
4613
4613
4613
4613
4613
4613
4613
4613
4613
4613
4613
4613
4613
4613
4613
4613
4613
4613
4613
4613
4613
4613
4613
4613
4613
4613
4613
4613
4613
4521
4521
4521
4521
4521
4521
4521
4521
4521
4521
4521
4521
4521
4521
4521
4521
4521
4521
4521
4521
4521
4521
4521
4521
4521
4521
4521
4521
4521
4521
4521
4421
4332
4332
4332
4332
4332
4332
4332
4332
4332
4332
4332
4332
4332
4332
4332
4332
4332
4332
4332
4332
4332
4332
4332
4332
4332
4332
4332
4332
4308
4308
4308
4308
4308
4308
4308
4308
4308
4308
4308
4308
4308
4308
4308
4308
4308
4308
4308
4308
4308
4308
4308
4308
4308
4308
4308
4308
4308
4308
4308
4308
4308
4308
4308
4308
4308
4308
4308
4308
4308
4308
4308
4308
4308
4308
4308
4308
4308
4308
4308
4308
4308
4308
4308
4308
4308
4308
4308
4308
4308
4308
4308
4308
4308
4308
4308
4308
4308
4308
4308
4308
4308
4308
4308
4308
4308
4308
4308
4308
4308
4308
4308
4308
4308
4308
4308
4308
4308
4299
4299
4299
4299
4299
4299
4299
4299
4299
4299
4299
4299
4299
4299
4299
4299
4299
4299
4299
4299
4299
4299
4299
4299
4299
4299
4299
4299
4299
4299
4299
4299
4299
4299
4299
4299
4299
4299
4299
4299
4299
4299
4299
4299
4299
4299
4299
4299
4299
4299
4299
4299
4299
4299
4299
4299
4299
4299
4299
4299
4299
4299
4299
4299
4299
4299
4299
4299
4299
4299
4299
4299
4299
4299
4299
4299
4299
4299
4299
4255
4255
4255
4255
4255
4255
4255
4255
4255
4255
4255
4255
4255
4255
4255
4255
4255
4021
4021
4021
4021
4021
4021
4021
4021
4021
4021
4021
4021
4021
4021
4021
4021
4021
4021
4021
4021
4021
4021
4021
4021
4021
4021
4021
4021
4021
4021
4021
4021
4021
4021
4021
4021
4021
4021
4021
4021
4021
4021
4021
4021
4021
4021
4021
4021
4021
4021
4021
4021
4021
4021
4021
4021
4021
4021
4021
4021
4021
4021
4021
4021
4021
4021
4021
4021
4021
4021
4021
4021
4021
4021
4021
4021
3934
3934
3934
3934
3934
3934
3934
3934
3934
3934
3934
3934
3934
3934
3934
3934
3934
3934
3934
3934
3934
3934
3934
3934
3934
3934
3934
3934
3934
3934
3934
3934
3934
3934
3934
3934
3934
3934
3913
3913
3913
3913
3913
3913
3913
3913
3913
3913
3913
3913
3913
3913
3913
3913
3913
3913
3913
3913
3913
3913
3913
3913
3913
3913
3913
3913
3913
3913
3913
3913
3913
3913
3913
3913
3913
3886
3886
3886
3886
3886
3886
3886
3886
3886
3886
3886
3886
3886
3886
3886
3886
3886
3886
3886
3886
3886
3886
3886
3886
3886
3886
3886
3886
3886
3886
3886
3886
3886
3886
3886
3886
3886
3886
3886
3886
3886
3886
3886
3886
3886
3886
3886
3886
3833
3833
3833
3833
3833
3833
3833
3833
3833
3833
3833
3833
3833
3833
3833
3833
3833
3833
3833
3833
3833
3833
3833
3833
3833
3833
3833
3833
3833
3833
3833
3833
3833
3833
3833
3833
3833
3833
3833
3833
3833
3833
3833
3833
3833
3833
3833
3833
3833
3833
3833
3833
3798
3798
3798
3798
3798
3726
3726
3726
3726
3726
3726
3726
3726
3726
3726
3726
3726
3726
3726
3726
3726
3726
3726
3726
3726
3475
3475
3475
3475
3475
3475
3475
3475
3475
3475
3475
3475
3475
3475
3475
3475
3475
3475
3475
3475
3475
3475
3475
3475
3464
3464
3464
3464
3464
3464
3464
3464
3464
3464
3464
3464
3464
3464
3464
3464
3464
3464
3464
3464
3464
3464
3464
3464
3464
3464
3464
3464
3464
3464
3464
3464
3464
3464
3464
3464
3464
3464
3464
3464
3464
3464
3464
3464
3464
3464
3464
3464
3464
3464
3464
3464
3464
3464
3464
3464
3464
3464
3464
3464
3464
3464
3464
3464
3464
3464
3464
3464
3464
3464
3464
3464
3464
3464
3464
3464
3464
3464
3464
3464
3464
3464
3464
3288
3288
3288
3288
3288
3288
3288
3288
3288
3288
3288
3288
3288
3288
3288
3288
3288
3288
3288
3288
3288
3288
3288
3288
3288
3288
3288
3288
3288
3288
3288
3288
3288
3288
3288
3288
3288
3288
3288
3288
3288
3288
3288
3288
3288
3288
3288
3288
3288
3288
3288
3288
3288
3288
3288
3288
3288
3288
3288
3288
3288
3288
3288
3288
3288
3288
3288
3288
3288
3288
3288
3288
3288
3288
3288
3288
3288
3288
3288
3288
3288
3288
3288
3133
3133
3133
3133
3133
3133
3133
3133
3133
3133
3133
3133
3133
3133
3133
3133
3133
3133
3133
3133
3133
3133
3133
3133
3133
3133
3133
3133
3133
3133
3133
3133
3133
3133
3133
3133
3133
3133
3133
3133
3133
3133
3133
3133
3133
3133
3133
3133
3133
3133
3133
3133
3133
3133
3133
3133
3133
3133
3133
3133
3133
3133
3133
3133
3133
3133
3133
3133
3133
3133
3133
3133
3133
3133
3081
3081
3081
3081
3081
3081
3081
3081
3081
3081
3081
3081
3081
3081
3081
3081
3081
3081
3081
3081
3081
3081
3081
3081
3081
3081
3081
3081
3081
3081
3081
3081
3081
3081
3081
3081
3081
3081
3081
3081
3081
3081
3081
3081
3081
3081
3081
3081
3081
3081
3081
3081
3081
3081
3081
3081
3081
3081
3081
3081
3081
3081
3081
3081
3081
3081
3081
3081
3081
3081
3081
3081
3081
3081
3081
3081
3081
3081
3081
3081
3081
3081
3081
3081
3081
3081
3081
3081
2858
2858
2858
2858
2858
2858
2858
2858
2858
2858
2858
2858
2858
2858
2858
2858
2858
2858
2858
2858
2858
2858
2858
2858
2858
2858
2858
2858
2858
2858
2858
2858
2858
2858
2858
2858
2779
2779
2779
2777
2777
2777
2777
2777
2777
2777
2777
2777
2777
2777
2777
2777
2777
2777
2777
2777
2777
2777
2777
2777
2777
2777
2777
2777
2777
2777
2777
2777
2777
2777
2777
2777
2777
2777
2777
2777
2777
2777
2777
2777
2777
2777
2777
2777
2777
2777
2777
2777
2777
2777
2777
2777
2777
2777
2777
2777
2777
2777
2777
2777
2777
2777
2777
2777
2777
2777
2777
2777
2777
2777
2777
2777
2777
2777
2777
2777
2777
2777
2777
2777
2777
2777
2777
2777
2777
2777
2777
2777
2777
2777
2777
2777
2777
2714
2714
2714
2714
2714
2714
2714
2714
2714
2714
2714
2714
2714
2714
2714
2714
2714
2714
2714
2714
2714
2714
2714
2714
2714
2714
2714
2714
2714
2714
2714
2714
2714
2714
2714
2714
2714
2714
2618
2618
2618
2618
2618
2618
2618
2618
2618
2618
2618
2618
2618
2618
2618
2618
2618
2618
2618
2618
2618
2618
2618
2618
2618
2618
2618
2618
2618
2618
2618
2618
2618
2618
2618
2618
2618
2618
2618
2618
2618
2618
2618
2618
2618
2618
2618
2618
2618
2618
2618
2618
2618
2618
2618
2618
2618
2618
2535
2535
2535
2535
2535
2535
2535
2535
2535
2535
2535
2535
2535
2535
2535
2535
2535
2535
2535
2535
2535
2535
2535
2535
2535
2535
2535
2535
2535
2535
2535
2535
2535
2535
2535
2535
2535
2535
2535
2535
2535
2535
2535
2535
2535
2535
2535
2535
2535
2535
2535
2535
2535
2535
2535
2535
2535
2535
2535
2535
2535
2535
2535
2535
2535
2535
2535
2535
2535
2535
2535
2535
2535
2535
2535
2535
2535
2535
2535
2535
2535
2535
2535
2535
2535
2535
2535
2535
2535
2535
2535
2437
2437
2437
2437
2437
2437
2437
2437
2437
2437
2437
2437
2437
2437
2437
2437
2437
2437
2437
2437
2437
2437
2437
2437
2437
2437
2437
2437
2437
2437
2437
2437
2437
2437
2437
2437
2437
2437
2437
2437
2437
2401
2401
2401
2401
2401
2401
2401
2401
2401
2401
2401
2401
2401
2401
2401
2401
2401
2401
2401
2401
2401
2401
2401
2401
2401
2401
2401
2401
2401
2401
2401
2401
2401
2401
2401
2401
2401
2401
2401
2401
2401
2401
2401
2401
2401
2401
2401
2401
2401
2401
2401
2401
2401
2401
2401
2401
2401
2401
2401
2401
2401
2401
2401
2401
2401
2401
2401
2401
2401
2401
2401
2401
2401
2401
2401
2401
2367
2367
2367
2367
2367
2367
2367
2367
2367
2367
2367
2367
2367
2367
2367
2367
2367
2367
2367
2367
2367
2367
2367
2367
2367
2367
2367
2367
2367
2367
2367
2367
2367
2367
2335
2335
2335
2335
2335
2335
2335
2335
2335
2335
2335
2335
2335
2335
2335
2335
2335
2335
2335
2335
2335
2335
2335
2335
2335
2335
2335
2335
2335
2335
2335
2335
2335
2335
2335
2335
2335
2335
2335
2335
2335
2335
2335
2335
2335
2335
2335
2335
2335
2335
2335
2335
2335
2335
2335
2335
2335
2335
2335
2335
2335
2335
2335
2293
2293
2293
2293
2293
2293
2293
2293
2293
2293
2293
2293
2293
2293
2293
2293
2293
2293
2293
2293
2293
2293
2293
2293
2293
2293
2293
2293
2293
2293
2293
2293
2184
2184
2184
2184
2138
2138
2138
2138
2138
2138
2138
2138
2138
2138
2138
2138
2138
2138
2138
2138
2138
2138
2138
2138
2138
2138
2138
2138
2138
2138
2138
2138
2138
2138
2138
2138
2138
2138
2138
2138
2138
2138
2138
2138
2138
2138
2138
2129
2129
2129
2129
2129
2129
2129
2129
2129
2129
2129
2129
2129
2129
2129
2129
2129
2129
2129
2129
2129
2129
2129
2129
2129
2129
2129
2129
2129
2129
2129
2129
2129
2129
2129
2129
2129
2129
2129
2129
2129
2129
2129
2129
2129
2129
2129
2129
2129
2129
2129
2129
2129
2129
2129
2129
2129
2129
2129
2129
2129
2129
2129
2129
2099
2099
2099
2099
2099
2099
2099
2099
2099
2099
2099
2099
2099
2099
2099
2099
2099
2099
2099
2099
2099
2099
2099
2099
2099
2099
2099
2099
2099
2099
2099
2099
2099
2099
2099
2099
2099
2099
2099
2065
2065
2065
2065
2065
2065
2065
2065
2065
2065
2065
2065
2065
2065
2065
2065
2065
2065
2065
2065
2065
2065
2065
2065
2065
2065
2065
2065
2065
2065
2065
2065
2065
2065
2065
2065
2065
2065
2065
2065
2065
2065
2065
2065
2065
2065
2065
2065
2065
2065
2065
2065
2065
1984
1984
1984
1984
1984
1984
1984
1984
1984
1984
1984
1984
1984
1984
1984
1984
1984
1915
1915
1915
1915
1915
1915
1915
1915
1915
1915
1915
1915
1915
1915
1915
1915
1915
1915
1915
1915
1915
1915
1915
1753
1753
1753
1753
1753
1753
1753
1753
1753
1753
1753
1753
1753
1753
1753
1753
1753
1753
1753
1753
1753
1753
1753
1753
1753
1753
1753
1753
1753
1753
1753
1753
1753
1753
1753
1753
1753
1753
1753
1753
1753
1753
1753
1753
1753
1753
1753
1753
1753
1753
1753
1753
1753
1753
1753
1753
1753
1753
1753
1753
1753
1673
1673
1673
1673
1673
1673
1673
1673
1673
1673
1673
1673
1673
1673
1673
1673
1673
1673
1673
1673
1673
1673
1673
1673
1673
1673
1673
1673
1673
1673
1673
1673
1673
1673
1673
1673
1673
1673
1673
1673
1673
1673
1673
1673
1673
1673
1673
1673
1673
1673
1673
1673
1673
1648
1648
1648
1648
1648
1648
1648
1648
1648
1648
1648
1648
1648
1648
1648
1646
1646
1646
1646
1646
1646
1646
1646
1646
1646
1646
1646
1646
1646
1646
1646
1646
1646
1646
1646
1646
1646
1646
1646
1646
1646
1646
1646
1646
1646
1646
1646
1646
1646
1646
1646
1646
1646
1646
1646
1646
1646
1646
1646
1646
1646
1646
1646
1646
1646
1646
1646
1646
1646
1646
1646
1646
1646
1646
1646
1646
1646
1646
1591
1591
1591
1591
1591
1591
1591
1591
1591
1591
1591
1591
1591
1591
1591
1591
1591
1548
1548
1548
1548
1548
1548
1548
1548
1548
1548
1548
1548
1548
1548
1548
1548
1548
1548
1548
1548
1548
1548
1548
1548
1548
1548
1548
1548
1548
1548
1548
1548
1548
1548
1548
1548
1548
1548
1548
1548
1548
1548
1548
1548
1548
1548
1548
1548
1506
1506
1461
1461
1461
1461
1461
1461
1461
1461
1461
1461
1461
1461
1461
1461
1461
1461
1461
1461
1461
1461
1461
1461
1461
1461
1461
1461
1461
1461
1461
1461
1461
1461
1461
1461
1461
1461
1461
1461
1461
1461
1461
1461
1461
1461
1461
1461
1461
1461
1461
1461
1461
1461
1461
1461
1461
1461
1461
1461
1461
1461
1461
1461
1461
1461
1461
1461
1461
1461
1461
1461
1461
1461
1461
1461
1461
1461
1461
1461
1461
1461
1461
1461
1461
1461
1461
1418
1418
1418
1418
1418
1418
1418
1418
1418
1418
1418
1418
1418
1418
1418
1418
1418
1418
1418
1418
1418
1418
1418
1418
1418
1418
1418
1418
1418
1418
1418
1418
1418
1418
1418
1418
1418
1418
1418
1418
1418
1418
1418
1418
1418
1418
1418
1418
1418
1418
1418
1418
1418
1418
1418
1418
1418
1418
1418
1418
1418
1418
1418
1418
1418
1418
1418
1418
1418
1418
1418
1418
1418
1418
1418
1418
1418
1418
1418
1418
1418
1418
1418
1418
1418
1418
1357
1357
1357
1357
1357
1357
1357
1357
1357
991
991
991
991
991
991
991
991
991
991
991
991
991
991
991
991
991
991
991
991
991
991
991
991
991
991
991
991
991
960
960
960
960
960
960
960
960
960
960
960
960
960
960
960
960
960
960
960
960
960
960
960
960
960
960
960
960
960
960
960
960
960
960
960
960
960
960
960
960
960
960
960
960
960
960
960
960
960
960
960
960
960
960
960
960
960
960
960
960
960
960
960
960
960
943
943
943
943
943
943
943
943
906
906
906
906
906
906
906
906
906
906
906
906
906
906
906
906
906
906
906
906
906
906
906
906
906
906
906
906
906
906
906
906
906
906
906
906
906
906
906
906
906
906
906
906
906
906
906
906
906
906
906
906
906
906
906
906
906
906
906
906
906
906
906
906
906
906
906
906
906
906
906
906
906
906
906
906
906
906
906
906
906
906
906
906
906
906
906
906
906
906
906
906
906
875
875
875
875
875
875
875
875
875
875
875
875
875
875
875
875
875
875
875
875
875
875
875
875
875
875
875
875
875
875
875
812
812
812
812
812
812
812
812
812
812
812
812
812
812
812
812
812
812
812
812
812
812
812
812
812
812
812
812
812
812
812
812
812
812
812
812
812
812
812
812
812
812
812
812
812
812
812
812
812
812
808
808
808
808
808
808
808
808
808
808
808
808
808
808
808
808
808
808
808
808
808
808
808
808
808
808
808
808
808
808
808
808
808
808
808
808
808
808
808
808
808
808
808
808
808
808
808
808
808
808
808
808
808
808
808
808
808
808
808
808
808
808
808
808
808
808
808
808
808
761
761
761
761
761
761
761
761
761
761
761
761
761
761
761
761
761
761
761
761
761
761
761
761
761
761
761
761
761
761
761
761
761
761
761
761
761
761
761
761
761
761
761
761
761
761
761
761
761
761
761
761
761
761
761
761
761
761
761
761
761
761
761
761
761
666
666
666
666
666
666
666
666
666
666
666
666
666
666
666
666
666
666
666
666
666
666
666
666
666
666
666
666
666
666
666
666
666
666
666
666
666
666
666
666
666
666
666
666
666
666
666
666
666
666
666
666
666
666
666
666
666
666
666
666
666
666
666
666
666
666
666
666
666
666
666
666
666
666
666
666
666
666
666
666
666
666
666
666
666
666
666
666
666
666
465
465
465
465
454
454
454
454
454
454
454
454
454
454
454
454
454
454
454
454
454
454
454
454
454
454
454
454
454
454
454
454
454
454
454
454
454
454
454
454
448
448
448
448
448
448
448
448
448
448
448
448
448
448
448
448
448
448
448
448
448
448
448
448
448
448
448
448
448
448
448
448
448
448
448
448
448
448
448
446
446
446
446
446
446
446
446
446
446
446
446
446
446
446
446
446
446
446
446
446
446
446
446
446
446
446
446
446
446
409
409
409
409
409
409
409
409
409
409
409
409
409
409
409
409
409
409
409
409
409
409
409
409
409
409
409
409
409
409
409
409
409
409
409
409
409
409
409
409
409
409
409
409
409
409
409
409
409
409
409
409
409
409
409
409
409
409
409
409
409
409
409
409
409
409
409
409
409
409
409
227
227
227
227
227
227
227
227
227
227
227
227
227
227
227
227
227
227
227
227
227
227
227
227
227
227
227
227
227
227
227
227
227
227
227
227
227
227
227
227
227
227
227
227
227
227
227
227
227
227
227
227
227
227
227
227
227
227
227
227
227
227
227
227
227
227
227
227
227
227
227
227
227
227
227
227
227
227
227
227
227
227
227
227
227
227
227
227
227
227
227
227
227
227
227
227
227
227
227
227
207
207
207
207
207
207
207
207
207
207
207
207
207
207
207
207
207
207
207
207
207
207
207
207
207
207
207
207
207
207
207
207
207
207
207
207
207
207
207
207
207
207
207
207
207
207
207
207
207
207
207
207
207
207
207
207
207
207
207
207
207
207
207
207
207
207
207
207
207
207
207
207
207
207
207
207
207
207
207
207
207
207
207
15
15
15
15
15
15
15
15
15
15
15
15
15
15
15
15
15
15
15
15
15
15
15
15
15
15
15
15
15
15
15
15
15
15
15
15
15
15
15
15
15
15
15
15
15
15
15
15
15
15
15
15
15
15
15
15
15
15
15
15
15
15
15
15
