1553
10000
2500
2500
2500
2500
2500
2500
2500
2500
2500
2500
2500
2500
2500
2500
2500
2471
2471
2471
2471
2471
2471
2471
2471
2471
2471
2471
2471
2471
2471
2471
2471
2471
2471
2471
2471
2462
2462
2462
2462
2462
2462
2462
2462
2462
2462
2444
2444
2444
2444
2444
2444
2401
2401
2401
2401
2401
2401
2375
2375
2375
2375
2375
2375
2375
2375
2375
2375
2375
2375
2375
2375
2375
2375
2365
2365
2365
2365
2365
2365
2365
2365
2365
2365
2365
2365
2365
2365
2365
2365
2365
2365
2365
2365
2365
2365
2365
2365
2365
2362
2362
2362
2362
2362
2362
2362
2362
2362
2362
2362
2362
2353
2353
2353
2353
2353
2353
2353
2353
2353
2353
2353
2353
2353
2353
2353
2327
2327
2327
2327
2327
2327
2327
2327
2327
2327
2327
2327
2327
2327
2327
2305
2305
2260
2260
2260
2183
2183
2183
2183
2183
2183
2183
2183
2183
2183
2183
2183
2183
2183
2151
2151
2151
2151
2151
2151
2151
2151
2151
2151
2151
2151
2151
2151
2151
2151
2151
2151
2096
2096
2096
2096
2096
2096
2096
2096
2096
2096
2096
2096
2084
2084
2084
2084
2084
2084
2084
2084
2084
2084
2084
2084
2084
2084
2084
2084
2084
2082
2082
2082
2082
2082
2082
2082
2082
2082
2082
2082
2082
2082
2082
2082
2082
2082
2082
2082
2082
2067
2067
2067
2067
2067
2059
2059
2059
2059
2059
2059
2059
2059
2059
2059
2059
2059
2059
2059
2059
2059
2035
2035
2035
2035
1984
1984
1984
1984
1984
1984
1984
1946
1946
1946
1946
1946
1946
1946
1946
1946
1946
1946
1946
1946
1946
1946
1946
1946
1946
1942
1942
1942
1942
1928
1928
1928
1928
1928
1928
1928
1919
1919
1919
1919
1919
1919
1919
1919
1919
1919
1919
1915
1915
1903
1903
1903
1903
1903
1903
1903
1903
1903
1903
1903
1903
1903
1903
1903
1903
1877
1877
1877
1877
1877
1877
1877
1877
1877
1877
1877
1854
1854
1854
1854
1854
1854
1854
1854
1854
1847
1847
1847
1847
1847
1847
1847
1847
1847
1847
1847
1847
1847
1847
1847
1845
1845
1845
1845
1845
1845
1845
1845
1845
1845
1845
1845
1845
1845
1845
1845
1822
1822
1822
1822
1822
1816
1816
1816
1816
1816
1816
1816
1816
1816
1816
1816
1816
1792
1792
1792
1792
1792
1792
1792
1792
1792
1792
1792
1792
1792
1792
1775
1775
1775
1775
1775
1775
1775
1774
1774
1774
1774
1774
1774
1774
1774
1774
1774
1774
1774
1774
1774
1769
1769
1769
1769
1769
1669
1669
1669
1669
1669
1669
1669
1669
1669
1669
1669
1669
1669
1669
1669
1669
1665
1665
1665
1665
1665
1665
1665
1665
1665
1665
1652
1640
1640
1640
1640
1640
1640
1640
1640
1640
1640
1640
1640
1640
1622
1622
1618
1618
1618
1618
1618
1618
1618
1618
1618
1618
1618
1618
1618
1618
1607
1607
1607
1607
1607
1607
1607
1594
1594
1594
1594
1594
1594
1588
1588
1588
1588
1588
1588
1588
1588
1588
1588
1588
1588
1588
1588
1588
1588
1588
1588
1588
1583
1583
1511
1511
1511
1511
1485
1485
1485
1485
1485
1485
1485
1485
1485
1485
1485
1485
1485
1485
1485
1485
1453
1453
1453
1453
1453
1453
1453
1453
1453
1453
1453
1453
1453
1453
1447
1447
1447
1447
1447
1447
1445
1445
1445
1445
1445
1445
1445
1445
1445
1445
1423
1423
1423
1423
1423
1423
1423
1395
1395
1395
1395
1395
1395
1395
1395
1395
1395
1395
1395
1395
1395
1395
1395
1395
1371
1371
1371
1371
1371
1371
1371
1364
1364
1364
1364
1364
1364
1364
1331
1331
1331
1331
1331
1331
1307
1307
1307
1307
1307
1307
1307
1307
1293
1293
1293
1293
1293
1293
1293
1293
1293
1293
1293
1293
1293
1293
1293
1286
1286
1279
1270
1270
1270
1270
1270
1270
1270
1270
1270
1270
1270
1270
1270
1270
1270
1267
1267
1267
1267
1267
1267
1267
1267
1267
1267
1265
1265
1265
1265
1265
1235
1235
1235
1235
1235
1235
1235
1235
1235
1235
1235
1235
1197
1197
1197
1197
1197
1197
1197
1197
1197
1197
1197
1197
1197
1197
1197
1197
1197
1197
1197
1197
1194
1194
1194
1194
1194
1194
1194
1194
1194
1194
1194
1194
1194
1194
1194
1194
1194
1194
1194
1194
1190
1190
1190
1190
1190
1190
1184
1184
1184
1184
1184
1184
1184
1159
1159
1159
1159
1159
1159
1159
1159
1159
1159
1159
1159
1159
1159
1159
1159
1159
1159
1135
1135
1135
1135
1135
1135
1135
1135
1135
1135
1135
1135
1129
1129
1090
1090
1090
1090
1090
1090
1049
1049
1049
1049
1049
1049
1049
1049
1049
1049
1049
1049
1022
1022
1022
1022
1022
1022
1022
1022
1022
1022
1022
1022
1022
1022
1022
1022
1022
1022
1022
1016
1016
1016
1016
1016
1016
1016
1016
1016
1016
1016
1016
1016
1016
1016
992
992
992
992
992
992
992
992
992
988
988
988
988
988
988
988
988
988
988
988
988
988
988
988
988
988
988
988
978
978
978
978
978
978
978
978
978
978
978
978
978
969
969
969
969
969
969
969
969
969
969
969
969
966
966
966
951
951
951
951
951
951
951
951
951
951
933
933
933
933
933
933
933
909
909
909
909
909
909
909
909
909
909
909
909
909
909
893
893
893
893
893
892
892
892
892
892
892
892
892
892
892
892
892
892
892
868
868
868
868
868
868
868
868
868
868
868
868
868
868
868
868
868
868
868
868
847
847
847
847
847
847
847
847
846
846
846
846
846
846
846
846
846
846
846
846
817
817
817
817
817
817
817
817
817
817
817
817
817
817
817
813
813
803
803
803
803
803
803
803
803
803
803
803
803
803
803
803
803
803
803
803
792
792
792
792
792
792
792
792
792
792
792
792
792
789
789
789
789
789
789
789
789
789
789
789
789
789
789
789
789
789
789
786
786
786
785
785
785
785
785
785
780
780
780
780
780
780
780
771
749
749
742
742
742
742
742
742
742
742
742
742
742
742
742
742
703
703
703
703
703
703
703
703
703
703
703
703
703
703
703
683
683
683
683
683
683
683
683
683
683
683
683
683
683
683
683
669
669
669
669
669
669
669
669
669
669
669
666
666
666
666
666
666
666
666
666
666
666
662
662
662
662
662
662
662
662
662
662
662
662
662
662
662
662
662
662
662
654
654
654
654
654
654
654
654
654
654
653
653
653
653
653
653
653
651
651
651
646
646
646
646
646
646
646
646
646
635
635
635
635
635
635
613
613
613
613
613
613
613
613
602
602
602
602
602
602
602
602
602
602
587
587
579
579
579
579
579
579
579
579
579
579
579
579
579
579
579
579
579
566
566
566
566
566
566
566
566
566
549
549
549
549
549
549
549
549
549
549
549
549
549
549
549
549
549
549
549
545
545
545
545
545
545
541
541
541
541
541
541
541
541
541
541
541
541
541
540
540
540
540
540
540
540
540
540
540
540
540
540
540
522
522
522
522
522
515
515
515
515
515
515
515
515
515
515
515
477
477
477
477
477
477
477
477
477
477
477
477
477
477
477
477
477
477
463
463
463
463
463
463
463
463
463
463
463
463
463
463
463
463
445
445
445
445
445
445
445
445
445
445
445
445
445
445
445
445
445
445
441
441
441
441
441
441
441
441
441
441
441
441
441
441
441
441
435
435
435
435
435
419
419
419
419
419
419
419
419
419
419
407
407
407
407
407
407
407
407
348
348
348
348
348
348
348
348
348
317
317
299
299
299
299
299
299
299
299
299
292
292
292
292
292
292
241
241
241
241
241
241
241
241
241
241
241
241
241
241
241
241
241
221
221
221
221
221
221
221
221
221
221
221
221
221
221
221
217
217
217
217
217
217
217
217
217
217
217
217
217
217
217
217
217
217
217
215
215
185
185
185
185
185
185
169
169
169
169
169
169
169
148
148
123
123
123
123
123
123
123
123
123
83
83
83
83
83
83
83
83
83
83
83
83
83
83
83
83
83
83
65
65
65
65
65
65
65
65
65
65
65
65
65
62
62
62
62
62
62
62
62
62
62
62
62
62
62
62
62
62
62
62
47
47
33
27
27
27
27
27
27
27
27
27
27
27
27
27
27
27
27
27
27
27
27
18
18
18
18
18
18
