1111
10000
9963
9963
9963
9963
9963
9963
9956
9956
9956
9956
9956
9956
9956
9956
9956
9956
9956
9956
9956
9956
9956
9921
9921
9921
9921
9921
9861
9861
9861
9861
9861
9861
9861
9861
9575
9575
9575
9575
9575
9575
9575
9575
9575
9575
9575
9575
9575
9575
9526
9526
9526
9526
9526
9526
9526
9526
9477
9477
9477
9477
9477
9477
9477
9477
9477
9477
9477
9477
9477
9477
9477
9477
9448
9448
9448
9448
9448
9448
9448
9448
9448
9388
9388
9388
9388
9388
9388
9388
9388
9388
9388
9388
9388
9388
9388
9388
9388
9128
9128
9128
9128
9128
9128
9128
9128
9128
9128
9128
9128
9128
9128
8929
8929
8929
8929
8929
8929
8929
8929
8720
8720
8720
8720
8720
8525
8525
8525
8525
8525
8499
8499
8499
8499
8498
8498
8498
8498
8498
8498
8498
8498
8498
8498
8498
8498
8471
8471
8471
8471
8471
8471
8471
8471
8471
8471
8471
8471
8471
8471
8471
8471
8269
8269
8269
8269
8269
8269
8269
8269
8269
8255
8255
8255
8255
8255
8255
8255
8255
8255
8255
8255
8255
8255
8034
8034
8034
8034
8034
8034
8034
8034
8034
8034
8034
8034
8034
8034
8034
8034
7987
7987
7985
7985
7985
7985
7985
7985
7985
7985
7985
7985
7985
7985
7985
7985
7985
7985
7985
7985
7835
7835
7835
7835
7835
7835
7835
7835
7835
7835
7835
7835
7758
7758
7758
7758
7758
7758
7758
7758
7758
7758
7758
7758
7758
7758
7758
7702
7702
7622
7622
7622
7622
7622
7622
7622
7622
7622
7622
7622
7622
7622
7622
7622
7622
7622
7622
7622
7622
7480
7480
7480
7480
7480
7480
7480
7480
7480
7480
7480
7480
7480
7480
7413
7413
7413
7413
7413
7413
7413
7413
7413
7413
7413
7413
7413
7413
7413
7413
7402
7402
7102
7102
7102
7102
7102
7102
7102
7102
7102
7102
7102
6822
6822
6822
6822
6822
6822
6822
6822
6822
6822
6822
6822
6822
6822
6822
6822
6822
6783
6783
6783
6783
6783
6783
6783
6783
6783
6783
6783
6783
6783
6783
6783
6783
6783
6700
6700
6675
6675
6675
6675
6675
6675
6675
6675
6675
6675
6675
6675
6675
6675
6675
6675
6675
6675
6624
6624
6624
6624
6624
6624
6624
6624
6525
6525
6525
6525
6525
6525
6525
6525
6525
6525
6525
6525
6525
6525
6525
6525
6525
6525
6525
6357
6357
6357
6357
6357
6357
6357
6357
6357
6357
6357
6357
6357
6357
6335
6335
6335
6335
6335
6335
6335
6239
6239
6239
6239
6239
6239
6239
6239
6239
6222
6099
6099
6099
6099
6099
6099
6099
6099
6099
6099
6099
6099
6099
6099
6099
6099
5874
5874
5874
5874
5822
5777
5486
5486
5486
5486
5486
5486
5486
5274
5274
5274
5274
5274
5274
5274
5274
5274
5274
5223
5223
5223
5223
5223
5223
5223
5223
5223
5223
5223
5223
5223
5223
5223
5223
5223
5223
5169
5169
5169
5169
5169
5169
5169
5169
5169
5169
5156
5156
5156
5156
5156
5156
5156
5156
5156
5156
5156
5156
5156
5156
5156
5156
5072
5072
5072
5072
5072
5072
5072
5072
5072
5072
5072
5072
5072
4991
4991
4991
4991
4991
4991
4991
4991
4991
4991
4991
4991
4991
4991
4991
4991
4991
4991
4845
4845
4845
4845
4845
4845
4845
4845
4845
4845
4845
4845
4845
4845
4845
4845
4845
4845
4845
4845
4501
4501
4501
4501
4501
4501
4501
4501
4501
4501
4501
4501
4501
4407
4407
4407
4407
4407
4407
4407
4407
4407
4407
4407
4407
4407
4407
4407
4407
4407
4407
4036
4036
4036
4036
4036
4036
4036
3960
3960
3960
3960
3960
3960
3960
3960
3960
3960
3763
3763
3763
3763
3763
3763
3763
3763
3763
3763
3763
3763
3763
3763
3763
3763
3763
3763
3706
3603
3603
3603
3603
3603
3603
3603
3603
3603
3603
3603
3603
3592
3592
3592
3592
3592
3592
3592
3592
3592
3592
3592
3592
3592
3592
3592
3592
3592
3592
3592
3592
3552
3552
3552
3552
3552
3552
3552
3552
3552
3552
3552
3552
3552
3552
3552
3552
3552
3487
3487
3487
3487
3487
3487
3487
3443
3443
3443
3443
3443
3443
3443
3443
3443
3443
3443
3443
3443
3443
3443
3443
3443
3443
3443
3443
3348
3348
3348
3348
3348
3348
3348
3348
3348
3348
3348
3348
3348
3348
3348
3348
3348
3348
3332
3332
3332
3332
3332
3332
3332
3332
3332
3332
3250
3250
3250
3250
3250
3250
3250
3247
3247
3247
3247
3247
3247
3247
3247
3247
3247
3247
3247
3247
3148
3148
3047
3047
3047
3047
3047
3047
3047
3047
3047
3047
3047
3047
3047
3021
3021
3021
3021
3021
3021
3021
3021
3021
3021
3021
3021
2674
2674
2674
2674
2674
2674
2674
2674
2674
2674
2674
2674
2674
2654
2654
2654
2654
2654
2654
2654
2654
2644
2644
2644
2644
2644
2644
2644
2644
2644
2644
2644
2644
2644
2644
2644
2644
2574
2574
2574
2574
2574
2574
2574
2574
2574
2574
2574
2574
2574
2574
2574
2574
2574
2574
2315
2315
2315
2315
2315
2315
2315
2315
2315
2315
2315
2315
2315
2315
2315
2227
2227
2227
2227
2227
2227
2227
2227
2227
2227
2227
2194
2194
2194
2194
2194
2194
2194
2194
2194
2194
2194
2194
2194
2194
2194
2194
2167
2167
2167
2167
2167
2167
2167
2167
2167
2167
2167
2167
2167
2167
2167
2112
2112
2112
2112
2112
2112
2112
2112
2112
2112
2112
2112
2051
2051
2051
2051
2051
2051
2051
1846
1846
1846
1846
1846
1846
1846
1846
1486
1486
1486
1486
1472
1472
1472
1472
1472
1472
1472
1472
1472
1472
1472
1472
1472
1472
1472
1472
1472
1231
1231
1231
1231
1231
1231
1231
1231
1231
1231
1231
1231
1231
1231
1231
1231
1231
1231
1231
1227
1227
1227
1227
1227
1219
1219
1219
1219
1219
1219
1219
1219
1219
1219
1219
1219
1219
1219
1178
1178
1178
1178
1178
1178
1178
1178
1178
1178
1178
1178
1178
1178
1178
1178
1178
1178
1079
1079
1079
1079
1079
1050
1050
1050
1050
1050
1050
1050
1050
1050
1050
1050
890
890
768
768
768
768
768
768
768
768
768
768
768
768
768
768
768
768
655
655
655
580
580
580
580
580
580
580
580
580
580
530
530
530
530
530
530
530
422
422
422
422
299
299
299
299
299
299
299
299
299
285
285
285
285
285
285
285
285
285
285
285
285
285
285
285
285
285
285
231
231
231
231
231
231
56
56
56
56
56
56
56
56
56
56
56
56
56
56
56
56
56
56
56
56
18
18
18
18
18
18
18
18
18
