1028
10000
9881
9881
9881
9881
9881
9881
9881
9881
9881
9881
9881
9782
9782
9782
9782
9782
9770
9770
9770
9770
9718
9718
9718
9718
9718
9718
9718
9718
9718
9718
9718
9469
9469
9469
9469
9469
9469
9469
9469
9469
9469
9469
9469
9469
9401
9401
9401
9401
9401
9401
9401
9401
9401
9401
9401
9401
9401
9394
9394
9394
9394
9394
9394
9394
9394
9394
9394
9394
9343
9343
9343
9343
9343
9343
9343
9343
9226
9226
9226
9226
9226
9226
9226
9226
9226
9226
9226
9226
9226
9226
9226
9226
9226
8925
8925
8925
8925
8925
8925
8925
8925
8925
8925
8925
8925
8925
8925
8925
8925
8925
8925
8925
8925
8823
8823
8746
8746
8746
8746
8746
8746
8746
8746
8746
8746
8746
8746
8746
8746
8746
8746
8746
8746
8746
8746
8345
8345
8345
8345
8345
8345
8345
8322
8191
8191
8191
8191
8191
8191
8191
8191
8191
8191
8191
8191
8191
8191
8191
8191
8191
8191
8191
8012
8012
8012
8012
8012
8012
8012
8012
8012
8012
8012
8012
8012
8012
8012
8012
8012
7746
7746
7746
7746
7746
7746
7746
7744
7744
7744
7744
7744
7744
7744
7648
7288
7288
7288
7288
7288
7288
7267
7267
7267
7267
7267
7267
7267
7267
7267
7267
7267
7267
7267
7267
7267
7267
7267
7235
7235
7235
7235
7235
7235
7235
7235
7235
7235
7235
7235
7235
7235
7235
7235
7235
7235
7235
7058
7058
7058
7058
7058
7058
7048
7048
7048
7048
6886
6886
6886
6886
6886
6886
6886
6886
6886
6886
6886
6886
6886
6886
6886
6886
6886
6886
6796
6796
6796
6796
6796
6796
6796
6796
6796
6796
6796
6796
6796
6763
6763
6763
6763
6513
6513
6513
6513
6513
6513
6513
6513
6513
6513
6513
6513
6513
6513
6513
6513
6513
6513
6338
6338
6338
6338
6338
6338
6338
6338
6338
6338
6338
6338
6338
6338
6338
6298
6298
6298
6163
6163
6163
6163
6163
6163
6163
6163
6163
6163
6163
6163
6163
6163
6163
6163
6163
6060
6060
6060
6060
6060
6060
6060
6060
6060
6060
6060
6060
6060
6060
6060
6060
5816
5816
5816
5816
5679
5679
5679
5679
5679
5679
5679
5679
5679
5679
5679
5575
5575
5575
5575
5575
5575
5575
5575
5575
5575
5567
5567
5567
5567
5567
5567
5567
5567
5567
5567
5567
5567
5556
5556
5556
5556
5556
5556
5556
5556
5508
5508
5508
5508
5508
5508
5508
5508
5508
5508
5508
5508
5494
5494
5494
5494
5494
5494
5494
5494
5494
5494
5494
5494
5494
5481
5481
5481
5481
5481
5481
5481
5462
5462
5265
5265
5265
5265
5265
5265
5265
5265
5265
5265
5265
5265
5265
5265
5265
5227
5227
5227
5227
5227
5227
5227
5227
5227
5227
5227
5129
5129
5129
5129
5129
5129
5129
5129
5129
5129
5129
5129
5129
5129
5129
5129
5129
5129
5129
5129
5099
5099
5099
5099
5099
5099
5099
5099
5099
5099
5099
5099
5099
5099
5099
5085
5085
5085
5085
5085
5085
5085
5085
5085
5065
5065
5065
5065
5065
5065
5065
5065
5065
5065
5065
4959
4959
4959
4959
4959
4959
4959
4959
4959
4959
4959
4959
4959
4959
4918
4918
4918
4918
4918
4918
4918
4918
4918
4918
4918
4918
4918
4918
4918
4918
4918
4918
4886
4886
4886
4886
4886
4886
4886
4886
4886
4886
4886
4886
4886
4886
4886
4886
4871
4871
4871
4871
4871
4871
4871
4869
4766
4766
4766
4653
4653
4653
4653
4653
4653
4653
4653
4653
4653
4653
4653
4653
4653
4653
4653
4653
4653
4653
4534
4534
4534
4534
4534
4534
4534
4520
4520
4520
4520
4520
4520
4520
4520
4520
4520
4520
4520
4520
4520
4520
4394
4394
4394
4394
4394
4394
4394
4394
4394
4394
4394
4394
4394
4190
4190
4190
4190
4190
4190
4190
4190
4190
4049
4049
4049
4049
4049
4049
4049
3944
3944
3944
3944
3944
3944
3944
3944
3944
3944
3921
3921
3921
3921
3921
3921
3921
3921
3691
3691
3691
3691
3691
3691
3691
3691
3691
3691
3691
3691
3691
3691
3691
3688
3688
3688
3688
3688
3688
3688
3688
3688
3530
3530
3530
3530
3530
3470
3470
3470
3470
3470
3470
3470
3470
3222
3222
2992
2992
2992
2992
2992
2992
2992
2992
2992
2992
2992
2902
2902
2902
2902
2902
2902
2902
2902
2902
2902
2902
2902
2896
2896
2896
2896
2896
2896
2896
2896
2896
2896
2896
2896
2896
2896
2896
2884
2884
2884
2884
2884
2884
2884
2706
2706
2566
2566
2491
2491
2491
2491
2491
2491
2491
2491
2491
2491
2491
2491
2491
2491
2441
2441
2441
2441
2441
2441
2441
2441
2441
2441
2441
2441
2441
2441
2441
2441
2441
2441
2441
2441
2398
2398
2398
2398
2398
2398
2398
2398
2398
2398
2398
2398
2385
2385
2385
2369
2369
2369
2369
2369
2369
2369
2369
2369
2369
2369
2369
2369
2369
2369
2369
2369
2369
2369
2369
2309
2309
2309
2309
2260
2260
2260
2260
2260
2260
2260
2260
2260
2260
2260
2260
2169
2169
2169
2169
2169
2169
2169
2169
2169
2169
2169
2159
2159
2159
2159
2159
2159
2159
2159
2099
2099
2099
2077
2077
2077
2077
2077
2077
2077
2077
2077
2077
2018
2018
2018
2018
2018
2018
1907
1907
1907
1907
1907
1907
1907
1907
1907
1907
1907
1907
1907
1907
1864
1864
1864
1575
1575
1575
1575
1575
1575
1575
1572
1572
1572
1572
1572
1572
1572
1572
1572
1572
1572
1469
1344
1344
1344
1344
1344
1344
1344
1344
1344
1344
1344
1258
1258
1258
1258
1258
1258
1258
1258
1258
1258
1258
1095
1095
1095
1095
1095
1095
1095
1095
1095
1095
1095
1095
1095
1095
1095
953
953
953
953
953
953
953
953
953
953
953
953
953
953
953
622
622
622
622
622
622
567
404
404
404
404
404
404
404
404
404
342
266
266
266
266
266
266
266
266
266
266
266
266
266
266
266
221
221
221
221
221
221
221
221
221
221
221
221
221
221
221
221
221
221
221
221
126
126
126
126
126
126
126
126
126
126
126
126
126
126
126
126
126
126
126
126
