1017
10000
9975
9890
9890
9890
9890
9890
9890
9890
9890
9663
9663
9663
9663
9648
9648
9648
9648
9485
9485
9485
9485
9485
9485
9485
9485
9485
9478
9478
9478
9478
9478
9365
9365
9365
9365
9365
9365
9365
9365
9365
9365
9365
9365
9365
9365
9365
9365
9365
9247
9247
9247
9247
9247
9247
9247
9247
9247
9247
9247
9247
9180
9180
9180
9180
9180
9180
9180
9180
9180
9174
9174
9174
9174
9174
9174
9174
9174
9174
9174
9174
9174
9174
9174
9174
9174
9174
9174
9174
9174
9146
9037
9037
9037
9037
9037
9037
9037
9037
9037
9037
9037
9037
9037
9037
9037
9037
9037
9037
9037
9037
9025
9025
9025
9025
9025
9025
9025
9025
9025
9025
9025
9025
9025
9025
9025
9025
9025
9025
9025
9025
8998
8998
8998
8998
8998
8998
8998
8998
8998
8998
8998
8998
8998
8998
8947
8810
8810
8810
8810
8810
8810
8620
8504
8437
8437
8437
8437
8437
8437
8437
8437
8437
8437
8437
8437
8437
8437
8437
8437
8437
8437
8427
8427
8427
8427
8427
8427
8371
8371
8371
8371
8371
8371
8371
8371
8371
8371
8371
8371
8371
8279
8279
8279
8279
8279
8279
8279
8279
8279
8279
8279
8279
8279
8279
8279
8279
8279
8279
8279
8100
8100
8100
8100
8100
8100
8100
8100
8100
8100
7820
7820
7820
7820
7820
7820
7820
7770
7770
7770
7770
7770
7770
7770
7770
7770
7770
7770
7702
7702
7702
7702
7702
7702
7691
7691
7691
7691
7691
7691
7691
7691
7691
7691
7691
7424
7424
7424
7424
7424
7424
7424
7424
7424
7424
7424
7424
7424
7424
7395
7395
7395
7395
7395
7105
7105
7105
7105
7001
7001
7001
6710
6710
6710
6710
6710
6710
6710
6710
6710
6710
6557
6557
6557
6557
6557
6557
6557
6557
6557
6557
6557
6557
6557
6557
6518
6518
6518
6518
6518
6518
6518
6518
6518
6518
6518
6518
6518
6518
6518
6518
6518
6383
6383
6383
6383
6383
6383
6383
6383
6383
6383
6380
6380
6380
6380
6380
6380
6380
6380
6380
6380
6380
6380
6380
6328
6328
6328
6328
6328
6328
6299
6299
6299
6299
6299
6299
6299
6299
6299
6299
6299
6299
6162
6162
6162
6162
6162
6162
6162
6162
6162
6162
6162
6162
6162
6124
6060
6060
6060
6060
6060
6060
6060
6060
6060
5993
5993
5993
5993
5993
5972
5972
5972
5972
5972
5972
5972
5972
5972
5972
5972
5972
5972
5972
5972
5972
5972
5972
5915
5915
5915
5915
5915
5915
5915
5915
5915
5915
5915
5915
5582
5582
5582
5582
5582
5582
5582
5582
5582
5582
5582
5582
5582
5582
5582
5582
5582
5582
5582
5549
5549
5549
5549
5549
5549
5549
5549
5549
5544
5544
5544
5544
5544
5544
5544
5544
5544
5544
5544
5544
5544
5544
5544
5413
5413
5413
5413
5413
5413
5413
5413
5413
5413
5413
5413
5298
5298
5298
5298
5298
5298
5298
5298
5298
5298
5298
5298
5298
5298
5298
5298
5298
5298
5298
5289
5289
5289
5289
5289
5289
5289
5071
5071
5071
5071
5071
5071
5071
5071
5071
5071
5071
5071
5071
5071
5071
5071
5071
5071
5071
5071
4950
4799
4799
4799
4799
4799
4799
4799
4799
4799
4799
4799
4799
4799
4799
4799
4799
4799
4799
4799
4789
4789
4789
4789
4789
4789
4789
4789
4789
4789
4789
4730
4730
4730
4730
4730
4730
4730
4730
4730
4730
4730
4612
4612
4612
4612
4612
4612
4612
4612
4612
4612
4612
4612
4612
4612
4612
4612
4612
4587
4587
4587
4587
4443
4443
4443
4443
4273
4273
4273
4273
4273
4273
4273
4273
4273
4273
4273
4273
4273
4273
4273
4273
4273
4231
4231
4231
4231
4231
4231
4231
4231
4231
4231
4231
4231
4231
4231
4231
4218
4218
4218
4218
4218
4218
4218
4218
4218
4218
4218
4218
4218
4218
4218
4218
4218
4218
4156
4156
4156
4102
4102
4102
4102
4102
4102
4102
4102
4102
4102
4083
4083
4083
4083
4083
4083
4083
4083
4083
4083
4083
4083
4083
3963
3963
3963
3963
3963
3852
3852
3852
3852
3852
3852
3852
3852
3852
3852
3852
3808
3808
3776
3776
3776
3776
3776
3776
3776
3776
3567
3567
3495
3495
3495
3495
3495
3495
3495
3495
3495
3495
3494
3494
3494
3494
3494
3494
3494
3494
3494
3494
3494
3494
3494
3293
3293
3293
3293
3293
3293
3293
3293
3293
3293
3293
3293
3293
3227
3227
3227
3227
3201
3201
3201
3201
3201
3201
3201
3201
3201
3201
3201
3201
3201
3201
3201
3201
3201
3201
3179
3179
3179
3179
3179
3179
3179
3179
3179
3179
3179
3179
3179
3179
3179
3179
3179
3179
3179
3164
3164
3164
3164
3164
3164
3164
2917
2917
2917
2917
2917
2917
2917
2917
2917
2917
2602
2602
2602
2602
2602
2602
2602
2602
2602
2602
2602
2602
2602
2602
2455
2455
2455
2455
2455
2455
2387
2387
2387
2387
2387
2387
2387
2305
2305
2305
2305
2305
2305
2305
2305
2305
2305
2305
2305
2305
2305
2305
2305
2305
2305
2305
2289
2289
2083
2083
2083
2083
2083
2083
2083
2083
2083
2083
2083
2083
2083
2083
2083
2083
2083
2083
2083
2062
2062
2062
2062
2062
2062
2062
2062
2062
2062
2062
2006
2006
2006
2006
2006
2006
2006
2006
2006
2002
1869
1869
1869
1869
1869
1869
1869
1675
1675
1675
1675
1675
1675
1675
1675
1675
1675
1675
1675
1675
1675
1675
1675
1675
1675
1675
1675
1465
1465
1465
1465
1465
1465
1465
1465
1465
1465
1465
1465
1465
1465
1465
1444
1444
1444
1444
1444
1338
1338
1338
1338
1338
1338
1338
1338
1338
1338
1338
1338
1338
1338
1338
1338
1338
1338
1237
1237
1237
1237
1237
1237
1237
1237
1237
1237
1237
1237
1237
1237
1237
1237
1173
1173
1173
1173
1173
1173
1173
1173
1173
1173
1173
887
887
887
887
887
887
887
887
887
887
887
887
887
887
887
823
823
723
723
723
723
723
723
723
593
593
593
593
593
589
171
171
171
171
171
171
171
171
171
171
171
171
171
171
171
171
171
171
83
83
83
