1623
10000
7489
7489
7489
7489
7489
7489
7489
7489
7489
7489
7489
7489
7489
7489
7489
7489
7489
7489
7489
7465
7465
7465
7465
7465
7465
7465
7465
7465
7361
7361
7361
7361
7361
7361
7361
7361
7361
7361
7361
7361
7361
7361
7361
7361
7361
7361
7361
7361
7359
7359
7336
7336
7336
7336
7336
7336
7309
7309
7309
7309
7309
7309
7309
7309
7309
7309
7309
7309
7309
7309
7309
7309
7309
7309
7309
7309
7309
7309
7309
7309
7309
7146
7146
7146
7146
7146
7146
7146
7146
7146
7146
7146
7146
7146
7102
7085
7085
7085
7085
7085
7085
7085
7085
7085
7085
7085
7085
7085
7085
7085
7085
7085
7085
7085
6981
6981
6981
6981
6981
6981
6981
6981
6981
6981
6981
6981
6981
6981
6981
6881
6881
6881
6881
6881
6881
6881
6881
6881
6881
6881
6881
6881
6781
6781
6781
6781
6781
6781
6781
6781
6781
6781
6775
6775
6775
6775
6775
6775
6775
6775
6775
6775
6775
6775
6775
6775
6775
6775
6681
6681
6681
6681
6681
6681
6681
6681
6681
6681
6681
6681
6681
6681
6681
6681
6681
6681
6681
6681
6558
6558
6558
6558
6558
6558
6558
6558
6558
6558
6558
6558
6558
6558
6558
6558
6558
6552
6552
6552
6552
6552
6552
6375
6375
6258
6258
6258
6258
6258
6258
6258
6258
6258
6258
6258
6258
6226
6226
6226
6226
6226
6226
6226
6226
6226
6192
6192
6192
6192
6192
6192
6192
6192
6183
6183
6183
6183
6183
6149
6149
6149
6149
6149
6149
6149
6149
6149
6142
6142
6142
6142
6094
6094
6094
6094
6094
6094
6094
6094
6094
6094
6094
5950
5950
5950
5925
5925
5925
5880
5880
5880
5880
5880
5880
5880
5880
5880
5880
5862
5862
5862
5862
5862
5813
5813
5813
5813
5813
5813
5813
5813
5813
5813
5813
5813
5813
5771
5771
5771
5771
5771
5771
5771
5771
5771
5771
5771
5771
5771
5771
5771
5771
5771
5771
5771
5771
5764
5764
5764
5764
5764
5764
5764
5764
5764
5764
5764
5764
5764
5764
5764
5764
5764
5752
5752
5752
5752
5752
5752
5752
5752
5752
5752
5745
5745
5745
5745
5745
5745
5745
5745
5745
5745
5737
5737
5737
5737
5737
5737
5737
5737
5737
5737
5710
5710
5710
5710
5710
5710
5710
5710
5710
5710
5710
5710
5710
5710
5710
5675
5675
5675
5675
5675
5675
5675
5675
5675
5675
5675
5675
5675
5675
5675
5675
5675
5675
5583
5583
5583
5583
5583
5583
5583
5583
5583
5583
5583
5583
5583
5583
5583
5583
5583
5583
5568
5568
5568
5568
5568
5568
5568
5568
5568
5568
5565
5565
5565
5565
5565
5565
5565
5565
5565
5565
5565
5565
5565
5565
5565
5533
5533
5533
5533
5533
5533
5533
5533
5533
5533
5533
5533
5533
5533
5533
5533
5533
5533
5533
5533
5530
5530
5530
5530
5530
5530
5530
5530
5530
5530
5530
5530
5530
5530
5530
5470
5470
5470
5470
5470
5470
5470
5470
5470
5470
5470
5470
5470
5470
5470
5470
5470
5470
5470
5470
5387
5387
5387
5387
5387
5387
5387
5387
5387
5387
5387
5347
5347
5347
5347
5347
5326
5326
5326
5326
5326
5326
5326
5326
5326
5326
5326
5326
5326
5326
5312
5312
5312
5312
5287
5287
5287
5287
5287
5287
5287
5287
5253
5253
5253
5253
5253
5253
5253
5253
5253
5253
5253
5243
5243
5243
5243
5243
5240
5240
5240
5240
5240
5240
5240
5240
5240
5240
5240
5240
5240
5240
5192
5192
5192
5192
5192
5057
5057
5057
5057
5057
5057
5057
5057
5057
5057
5057
5057
5057
5057
5034
4998
4998
4998
4998
4998
4998
4998
4998
4928
4928
4928
4928
4928
4928
4928
4928
4928
4928
4928
4928
4928
4888
4888
4888
4888
4888
4888
4888
4888
4888
4888
4888
4888
4888
4888
4888
4882
4882
4882
4882
4882
4882
4882
4882
4882
4882
4882
4882
4882
4882
4882
4882
4882
4882
4853
4853
4853
4853
4853
4853
4853
4853
4785
4785
4785
4785
4785
4750
4750
4750
4750
4750
4750
4750
4750
4750
4750
4750
4750
4750
4706
4706
4706
4706
4706
4706
4706
4706
4706
4706
4706
4706
4706
4706
4706
4706
4706
4706
4706
4706
4489
4489
4489
4489
4489
4489
4489
4489
4489
4489
4489
4489
4489
4489
4489
4489
4483
4483
4483
4483
4483
4483
4483
4483
4483
4483
4483
4483
4483
4483
4483
4483
4483
4483
4455
4455
4455
4443
4443
4443
4443
4443
4443
4443
4443
4443
4443
4443
4443
4443
4443
4443
4443
4443
4443
4443
4363
4363
4228
4228
4228
4228
4228
4228
4228
4228
4228
4228
4228
4228
4228
4228
4221
4221
4221
4221
4221
4221
4221
4221
4221
4221
4221
4221
4221
4221
4213
4213
4213
4213
4213
4213
4213
4213
4213
4213
4213
4193
4193
4193
4193
4155
4155
4155
4155
4153
4153
4153
4153
4153
4073
4073
4073
4073
4073
4073
4073
4073
4073
4073
4073
4073
4073
4073
4073
3963
3963
3963
3963
3963
3963
3963
3963
3963
3963
3963
3963
3963
3963
3963
3862
3862
3862
3862
3862
3816
3816
3816
3816
3816
3816
3816
3816
3816
3816
3814
3814
3814
3814
3814
3814
3814
3796
3796
3669
3669
3669
3590
3590
3590
3590
3590
3590
3590
3590
3590
3590
3590
3588
3588
3588
3588
3588
3588
3588
3588
3588
3588
3588
3588
3588
3585
3585
3585
3585
3585
3585
3585
3585
3585
3585
3585
3585
3585
3585
3566
3566
3566
3566
3566
3566
3566
3566
3530
3530
3530
3530
3530
3399
3399
3399
3328
3328
3328
3328
3328
3328
3328
3271
3271
3271
3271
3271
3271
3271
3271
3271
3271
3271
3271
3271
3271
3268
3268
3268
3268
3268
3268
3268
3268
3268
3268
3268
3268
3268
3268
3268
3268
3268
3268
3268
3206
3206
3206
3206
3206
3206
3206
3206
3206
3206
3206
3206
3206
3206
3206
3206
3206
3206
3195
3195
3195
3195
3195
3195
3195
3195
3189
3189
3189
3189
3118
3118
3118
3118
3118
3118
3118
3118
3118
3118
3118
3118
3118
3118
3118
3118
3118
3109
3109
3109
3109
3109
3109
3109
3109
3109
3109
3109
3109
3109
3109
3109
3109
3109
3109
3109
3096
3096
3079
3079
3079
3079
3035
3035
3035
3035
3035
3035
3035
3035
3035
3035
2823
2823
2823
2823
2823
2823
2823
2823
2823
2823
2823
2823
2823
2762
2762
2762
2762
2762
2762
2762
2762
2745
2745
2745
2745
2745
2745
2745
2745
2745
2745
2713
2713
2713
2713
2697
2697
2697
2697
2697
2697
2697
2697
2697
2697
2605
2605
2605
2605
2605
2605
2605
2605
2605
2605
2605
2605
2605
2524
2524
2524
2524
2524
2524
2524
2524
2524
2524
2524
2524
2524
2524
2524
2524
2524
2506
2506
2506
2506
2506
2506
2506
2506
2506
2506
2506
2502
2502
2502
2487
2487
2487
2487
2487
2487
2487
2487
2487
2487
2487
2487
2487
2487
2487
2487
2464
2464
2464
2464
2464
2464
2464
2464
2464
2464
2464
2464
2464
2464
2464
2403
2403
2403
2403
2374
2374
2374
2374
2374
2374
2374
2374
2374
2374
2374
2374
2374
2374
2374
2345
2345
2345
2345
2345
2345
2345
2345
2345
2345
2345
2345
2345
2345
2345
2345
2345
2345
2345
2232
2232
2232
2232
2232
2232
2232
2232
2232
2232
2232
2195
2195
2191
2191
2191
2171
2171
2171
2171
2171
2171
2171
2171
2171
2171
2171
2171
2171
2171
2171
2171
2171
2171
2171
2171
2113
2113
2113
2113
2113
2113
2113
2113
2113
2113
2113
2113
2113
2113
2070
2070
2070
2070
2070
2070
2070
2070
2070
2070
2070
2070
2070
2070
2070
2070
1944
1860
1860
1860
1860
1860
1860
1860
1860
1860
1860
1860
1860
1860
1860
1860
1860
1810
1810
1810
1810
1810
1810
1810
1810
1810
1810
1810
1810
1810
1810
1810
1810
1787
1787
1787
1787
1787
1787
1787
1787
1724
1724
1679
1679
1679
1679
1679
1679
1679
1679
1679
1679
1679
1679
1679
1679
1679
1679
1679
1679
1679
1646
1646
1646
1646
1646
1646
1646
1646
1646
1646
1646
1646
1646
1646
1646
1646
1646
1646
1646
1646
1589
1589
1589
1589
1589
1589
1589
1589
1589
1589
1589
1589
1589
1580
1580
1580
1580
1580
1580
1580
1580
1580
1580
1580
1580
1580
1580
1559
1559
1559
1541
1541
1541
1541
1541
1541
1541
1541
1541
1541
1541
1541
1541
1541
1541
1541
1541
1541
1541
1484
1484
1484
1484
1484
1484
1484
1484
1484
1484
1484
1484
1465
1465
1465
1465
1465
1465
1465
1465
1465
1465
1465
1465
1465
1465
1465
1465
1465
1465
1422
1422
1422
1422
1422
1422
1422
1422
1422
1422
1422
1422
1422
1422
1422
1405
1385
1385
1385
1385
1385
1385
1385
1385
1385
1385
1385
1385
1385
1385
1385
1385
1385
1385
1286
1286
1286
1286
1286
1286
1286
1286
1248
1248
1248
1248
1248
1248
1248
1248
1248
1248
1226
1226
1226
1226
1226
1226
1226
1226
1117
1117
1117
1117
1117
971
971
971
971
670
670
670
670
670
670
670
670
670
670
670
670
670
670
670
670
670
670
670
613
613
613
613
613
613
613
613
613
613
613
613
613
613
613
613
613
581
581
581
581
581
581
581
581
581
581
581
581
581
581
496
403
403
403
391
391
391
391
391
391
348
348
348
348
348
348
348
348
348
348
348
338
338
338
338
338
338
338
338
338
338
338
338
338
338
338
338
338
271
271
271
271
271
271
271
271
271
271
271
271
271
271
271
180
180
180
180
180
180
180
180
174
174
174
174
174
174
174
174
174
174
174
174
76
76
76
76
76
76
76
76
