4996
10000
7493
7493
7493
7493
7493
7493
7493
7493
7493
7493
7493
7493
7493
7493
7493
7493
7493
7493
7493
7493
7493
7493
7493
7493
7476
7476
7476
7476
7476
7476
7476
7476
7476
7476
7476
7476
7476
7476
7476
7476
7476
7476
7476
7476
7476
7476
7476
7476
7476
7476
7476
7476
7476
7476
7476
7476
7438
7438
7438
7438
7438
7438
7438
7438
7438
7438
7438
7438
7438
7438
7438
7438
7438
7438
7438
7438
7438
7438
7438
7438
7438
7438
7438
7438
7438
7438
7438
7438
7438
7438
7438
7438
7438
7438
7438
7438
7438
7438
7438
7438
7438
7438
7438
7438
7438
7438
7438
7438
7438
7432
7432
7432
7432
7432
7432
7432
7432
7432
7432
7432
7432
7432
7432
7432
7432
7432
7432
7432
7432
7432
7432
7432
7432
7432
7432
7432
7432
7432
7432
7432
7432
7432
7432
7432
7432
7432
7432
7432
7432
7432
7432
7432
7432
7432
7432
7432
7432
7432
7432
7432
7432
7432
7432
7432
7432
7432
7432
7432
7432
7432
7432
7432
7432
7432
7432
7432
7432
7432
7432
7432
7432
7432
7432
7432
7432
7432
7306
7306
7306
7306
7306
7306
7306
7306
7306
7306
7306
7306
7306
7306
7306
7306
7306
7306
7306
7306
7306
7306
7306
7306
7306
7306
7306
7306
7306
7306
7306
7306
7183
7183
7183
7183
7183
7183
7183
7183
7183
7183
7183
7183
7183
7183
7183
7183
7183
7183
7183
7183
7183
7183
7183
7183
7183
7183
7183
7183
7183
7176
7176
7176
7176
7176
7176
7176
7176
7176
7176
7176
7176
7176
7176
7176
7176
7176
7176
7176
7176
7176
7176
7176
7176
7176
7176
7176
7176
7176
7176
7176
7176
7176
7176
7176
7176
7176
7176
7176
7176
7176
7176
7176
7176
7176
7176
7176
7176
7176
7176
7176
7176
7176
7176
7176
7176
7176
7176
7176
7176
7176
7176
7176
7176
7176
7176
7176
7176
7176
7176
7176
7176
7176
7176
7176
7176
7176
7176
7176
7176
7176
7176
7176
7176
7176
7176
7176
7153
7153
7153
7153
7153
7153
7153
7153
7153
7153
7153
7153
7153
7153
7153
7153
7153
7153
7153
7153
7153
7153
7153
7153
7084
7084
7084
7084
7084
7084
7084
7084
7084
7084
7084
7084
7084
7084
7084
7084
7084
7084
7084
7084
7084
7084
7084
7084
7084
7084
7084
7084
7084
7084
7084
7084
7084
7084
7084
7084
7084
7084
7084
7084
7084
7084
7084
7084
7084
7084
7084
7084
7084
7084
7084
7084
7084
7084
7084
7084
7084
7084
7084
7055
7055
7055
7055
7055
7055
7055
7055
7055
7055
7055
7055
7055
7055
7055
7055
7055
7055
7055
7055
7055
7055
7055
7055
7055
7055
7055
7055
7055
7055
7055
6876
6876
6876
6876
6876
6876
6876
6876
6876
6876
6876
6876
6876
6876
6876
6876
6876
6876
6876
6876
6876
6876
6876
6876
6876
6876
6876
6876
6876
6876
6876
6876
6876
6876
6876
6876
6876
6876
6876
6876
6876
6876
6876
6876
6876
6876
6876
6876
6876
6876
6876
6876
6876
6876
6876
6876
6876
6876
6876
6876
6876
6876
6876
6876
6876
6876
6876
6876
6876
6876
6876
6876
6876
6876
6844
6844
6844
6844
6844
6844
6844
6844
6844
6844
6844
6844
6844
6844
6844
6844
6844
6844
6844
6844
6844
6844
6844
6844
6844
6844
6844
6844
6844
6844
6844
6844
6844
6844
6844
6844
6844
6844
6844
6844
6844
6844
6844
6844
6844
6844
6844
6844
6844
6844
6844
6844
6844
6844
6844
6844
6844
6844
6844
6844
6844
6844
6844
6844
6844
6821
6764
6764
6764
6764
6764
6764
6764
6764
6764
6764
6764
6764
6764
6764
6764
6764
6764
6764
6764
6764
6764
6764
6764
6764
6764
6764
6764
6764
6764
6764
6764
6764
6764
6764
6764
6764
6764
6764
6764
6764
6764
6764
6764
6764
6764
6764
6764
6764
6764
6758
6758
6758
6758
6758
6758
6758
6758
6758
6758
6758
6758
6758
6758
6758
6758
6723
6723
6723
6723
6723
6723
6723
6723
6723
6723
6723
6723
6723
6723
6723
6723
6723
6723
6723
6723
6723
6723
6723
6723
6723
6723
6723
6723
6723
6723
6618
6618
6618
6618
6618
6618
6618
6618
6618
6618
6618
6565
6565
6565
6565
6565
6565
6565
6565
6565
6565
6565
6565
6565
6565
6565
6565
6565
6565
6565
6565
6565
6565
6565
6565
6565
6565
6565
6565
6565
6565
6565
6565
6565
6565
6565
6565
6565
6565
6565
6565
6565
6565
6565
6565
6565
6565
6565
6565
6565
6565
6565
6565
6565
6565
6565
6565
6565
6565
6565
6565
6565
6565
6565
6565
6565
6565
6565
6565
6565
6565
6565
6565
6565
6565
6565
6565
6565
6565
6565
6565
6430
6430
6430
6430
6430
6430
6430
6430
6430
6430
6430
6430
6430
6430
6430
6430
6430
6430
6430
6430
6430
6430
6430
6430
6430
6430
6430
6430
6430
6430
6430
6430
6430
6430
6430
6430
6430
6430
6430
6430
6430
6430
6430
6430
6430
6430
6430
6430
6430
6430
6430
6430
6430
6430
6430
6430
6430
6430
6430
6430
6430
6430
6430
6430
6430
6430
6430
6430
6430
6430
6430
6430
6430
6430
6430
6430
6430
6318
6318
6318
6318
6318
6318
6318
6318
6318
6318
6318
6318
6318
6318
6318
6318
6318
6318
6318
6318
6318
6318
6318
6318
6318
6318
6318
6318
6318
6318
6318
6318
6318
6318
6318
6318
6318
6318
6318
6318
6318
6318
6318
6318
6318
6318
6318
6318
6318
6318
6318
6318
6318
6318
6318
6318
6318
6318
6318
6318
6318
6148
6148
6148
6148
6148
6148
6148
6148
6148
6148
6148
6148
6148
6148
6148
6148
6148
6148
6148
6148
6148
6148
6148
6148
6148
6148
6148
6148
6148
6148
6148
6148
6148
6148
6148
6148
6148
6148
6148
6148
6148
6148
6148
6148
6148
6148
6148
6148
6148
6148
6148
6148
6148
6148
6148
6148
6148
6148
6148
6148
6148
6148
6148
6148
6148
6148
6148
6148
6148
6148
6148
6148
6148
6148
6148
6148
6148
6148
5972
5972
5972
5972
5972
5940
5940
5940
5940
5940
5940
5940
5940
5940
5940
5940
5940
5940
5940
5940
5940
5940
5940
5940
5940
5940
5940
5940
5940
5940
5940
5940
5940
5940
5940
5940
5940
5940
5940
5940
5940
5940
5940
5940
5940
5940
5940
5940
5940
5940
5940
5940
5940
5940
5940
5940
5940
5940
5940
5940
5940
5940
5940
5940
5940
5940
5940
5940
5940
5940
5940
5940
5940
5940
5940
5940
5940
5940
5940
5940
5940
5940
5940
5940
5940
5940
5940
5915
5915
5915
5915
5915
5915
5915
5915
5915
5915
5915
5915
5915
5915
5915
5915
5915
5915
5915
5915
5915
5915
5915
5915
5915
5915
5915
5915
5915
5915
5915
5915
5915
5915
5915
5915
5915
5915
5915
5915
5915
5915
5915
5915
5915
5915
5915
5915
5915
5915
5915
5915
5915
5915
5915
5915
5915
5915
5915
5915
5915
5915
5915
5915
5915
5915
5915
5915
5915
5915
5915
5915
5915
5915
5915
5915
5822
5822
5822
5822
5822
5822
5822
5822
5822
5822
5822
5822
5822
5822
5822
5822
5822
5822
5822
5822
5822
5822
5822
5822
5822
5822
5822
5822
5822
5822
5822
5822
5822
5822
5822
5822
5822
5822
5822
5822
5822
5822
5822
5822
5822
5822
5822
5822
5822
5822
5822
5822
5822
5822
5822
5822
5822
5822
5822
5822
5822
5822
5822
5822
5822
5822
5822
5822
5822
5822
5822
5822
5822
5822
5822
5822
5822
5822
5822
5822
5822
5822
5822
5822
5822
5822
5822
5822
5822
5775
5775
5775
5775
5775
5775
5775
5775
5775
5775
5775
5775
5775
5775
5775
5775
5775
5775
5775
5589
5589
5589
5589
5589
5589
5589
5589
5589
5589
5589
5589
5589
5589
5589
5589
5589
5589
5589
5589
5589
5589
5589
5589
5589
5589
5589
5589
5589
5589
5589
5589
5589
5589
5589
5589
5589
5589
5589
5589
5589
5589
5589
5589
5589
5589
5589
5589
5589
5589
5589
5589
5589
5589
5589
5589
5589
5589
5589
5589
5589
5589
5589
5589
5589
5589
5589
5589
5589
5589
5589
5589
5549
5549
5549
5549
5549
5549
5549
5549
5549
5549
5549
5549
5549
5549
5549
5549
5549
5549
5549
5549
5549
5549
5549
5549
5549
5549
5549
5549
5549
5549
5549
5549
5549
5549
5549
5549
5476
5476
5476
5412
5412
5412
5412
5412
5412
5412
5412
5412
5412
5412
5412
5412
5412
5412
5412
5412
5412
5412
5412
5412
5412
5412
5412
5412
5412
5412
5412
5412
5412
5412
5412
5412
5412
5412
5412
5412
5411
5411
5411
5411
5411
5411
5411
5411
5411
5411
5411
5411
5411
5411
5411
5411
5411
5411
5411
5404
5404
5404
5404
5404
5404
5404
5404
5404
5404
5404
5404
5404
5404
5404
5404
5404
5404
5404
5404
5404
5404
5404
5404
5404
5404
5404
5404
5404
5404
5404
5404
5404
5404
5404
5404
5404
5404
5404
5404
5404
5404
5404
5404
5404
5404
5404
5404
5404
5404
5404
5404
5404
5383
5383
5383
5383
5383
5383
5383
5383
5383
5383
5383
5383
5383
5383
5383
5383
5383
5383
5383
5383
5383
5383
5383
5383
5383
5383
5383
5383
5383
5383
5383
5383
5383
5383
5383
5383
5383
5383
5383
5383
5383
5383
5383
5309
5309
5309
5309
5309
5309
5309
5309
5309
5309
5309
5309
5309
5309
5309
5309
5309
5309
5309
5309
5309
5309
5309
5309
5309
5309
5309
5309
5309
5309
5309
5309
5309
5309
5309
5309
5309
5309
5309
5309
5309
5309
5309
5309
5309
5309
5309
5309
5309
5309
5309
5309
5309
5309
5309
5309
5309
5309
5309
5309
5309
5309
5309
5301
5301
5301
5301
5301
5301
5301
5301
5301
5301
5301
5301
5301
5301
5301
5301
5301
5301
5301
5301
5301
5301
5301
5301
5301
5301
5301
5301
5301
5301
5301
5301
5301
5301
5301
5301
5301
5301
5301
5301
5301
5301
5301
5301
5301
5301
5301
5301
5301
5301
5301
5301
5301
5301
5301
5301
5301
5301
5301
5301
5301
5301
5301
5301
5301
5301
5301
5301
5301
5301
5301
5301
5301
5301
5301
5301
5301
5271
5271
5271
5271
5271
5271
5271
5271
5271
5271
5271
5271
5271
5271
5271
5271
5271
5271
5271
5271
5271
5271
5271
5271
5271
4993
4993
4993
4993
4993
4993
4993
4993
4993
4993
4993
4993
4993
4993
4993
4993
4993
4989
4989
4989
4989
4989
4989
4989
4989
4989
4989
4989
4989
4989
4989
4989
4989
4989
4989
4989
4989
4773
4773
4773
4773
4773
4773
4773
4773
4773
4773
4773
4773
4773
4773
4773
4773
4773
4773
4773
4773
4773
4773
4773
4773
4773
4773
4773
4773
4773
4773
4773
4773
4773
4773
4773
4773
4773
4773
4773
4773
4773
4773
4773
4773
4773
4773
4773
4773
4773
4773
4773
4773
4773
4773
4773
4773
4773
4773
4773
4773
4773
4773
4773
4773
4773
4709
4709
4709
4709
4709
4709
4709
4709
4709
4709
4709
4709
4709
4709
4709
4709
4709
4709
4709
4709
4709
4709
4709
4709
4709
4709
4709
4709
4709
4709
4709
4709
4709
4709
4709
4709
4709
4709
4709
4709
4709
4709
4709
4709
4709
4709
4709
4709
4709
4709
4709
4709
4709
4709
4709
4709
4709
4709
4709
4709
4709
4709
4709
4709
4709
4709
4709
4709
4709
4709
4709
4709
4709
4709
4709
4709
4709
4709
4709
4709
4709
4709
4709
4709
4709
4709
4709
4709
4709
4709
4709
4709
4709
4709
4709
4709
4592
4592
4592
4592
4592
4592
4592
4592
4592
4585
4585
4585
4585
4585
4585
4585
4585
4585
4585
4585
4585
4585
4585
4585
4585
4585
4585
4585
4585
4585
4585
4585
4585
4585
4585
4585
4585
4585
4585
4585
4585
4585
4585
4585
4585
4585
4585
4585
4585
4585
4585
4585
4585
4585
4585
4585
4585
4585
4585
4585
4585
4585
4585
4585
4585
4585
4585
4585
4585
4585
4585
4585
4585
4585
4585
4585
4585
4585
4585
4585
4585
4585
4585
4585
4585
4585
4585
4585
4585
4585
4585
4585
4585
4585
4585
4585
4585
4585
4585
4585
4585
4585
4585
4585
4585
4585
4565
4565
4565
4565
4565
4565
4565
4565
4565
4565
4565
4565
4565
4565
4565
4565
4565
4565
4565
4565
4565
4565
4565
4565
4565
4565
4565
4565
4565
4565
4565
4565
4565
4565
4565
4565
4565
4565
4565
4565
4565
4565
4565
4565
4565
4565
4565
4565
4565
4565
4565
4565
4565
4565
4565
4565
4565
4565
4565
4565
4565
4565
4565
4565
4565
4565
4565
4565
4565
4565
4565
4565
4565
4565
4565
4565
4545
4545
4545
4545
4545
4545
4545
4545
4545
4545
4545
4545
4545
4545
4545
4545
4545
4545
4545
4545
4545
4545
4545
4545
4545
4545
4545
4545
4545
4545
4545
4545
4545
4545
4545
4545
4545
4545
4545
4545
4545
4545
4545
4545
4545
4545
4545
4545
4545
4545
4545
4545
4545
4545
4545
4545
4545
4545
4545
4545
4545
4545
4545
4509
4509
4509
4509
4509
4509
4509
4509
4509
4509
4509
4509
4509
4509
4509
4509
4509
4509
4509
4509
4509
4509
4509
4509
4509
4509
4509
4509
4509
4509
4509
4509
4509
4509
4509
4509
4509
4509
4509
4509
4509
4509
4509
4509
4509
4509
4509
4509
4509
4509
4509
4509
4509
4509
4509
4509
4509
4509
4509
4509
4509
4509
4509
4509
4509
4509
4509
4509
4509
4509
4509
4509
4509
4509
4509
4509
4509
4509
4509
4509
4509
4509
4509
4509
4509
4509
4509
4509
4509
4509
4509
4509
4509
4509
4509
4509
4509
4434
4434
4434
4434
4434
4434
4434
4434
4434
4434
4434
4434
4434
4434
4434
4434
4434
4434
4434
4434
4434
4434
4434
4434
4434
4434
4434
4434
4434
4434
4434
4434
4434
4434
4434
4434
4434
4434
4434
4434
4434
4434
4434
4434
4434
4434
4434
4434
4434
4434
4434
4434
4434
4434
4434
4434
4434
4434
4434
4434
4434
4434
4434
4434
4434
4310
4310
4310
4310
4310
4310
4310
4310
4310
4310
4310
4310
4310
4310
4310
4310
4310
4310
4310
4310
4310
4310
4310
4310
4310
4310
4310
4310
4310
4310
4310
4310
4310
4310
4310
4310
4310
4310
4310
4310
4310
4310
4310
4310
4310
4310
4310
4310
4310
4310
4310
4310
4310
4310
4310
4310
4310
4310
4310
4310
4310
4310
4310
4310
4310
4310
4310
4310
4310
4310
4310
4310
4310
4310
4310
4310
4310
4310
4310
4265
4265
4265
4265
4265
4265
4265
4265
4265
4265
4265
4265
4265
4265
4265
4265
4265
4265
4265
4265
4265
4265
4265
4265
4265
4265
4265
4265
4265
4265
4265
4265
4265
4242
4242
4242
4242
4242
4242
4242
4242
4242
4242
4242
4242
4242
4242
4242
4242
4242
4242
4242
4242
4242
4242
4242
4242
4242
4242
4242
4242
4242
4242
4242
4242
4242
4242
4242
4242
4242
4242
4242
4242
4008
4008
4008
4008
4008
4008
4008
4008
4008
4008
4008
4008
4008
4008
4008
4008
4008
4008
4008
4008
4008
4008
4008
4008
4008
4008
4008
4008
4008
4008
4008
4008
4008
4008
4008
4008
4008
4008
4008
4008
4008
4008
4008
4008
4008
4008
4008
4008
4008
4008
4008
4008
4008
4008
4008
4008
4008
4008
4008
4008
4008
4008
4008
4008
4008
4008
4008
4008
3928
3928
3928
3928
3928
3928
3928
3928
3928
3928
3928
3928
3928
3928
3928
3928
3928
3928
3928
3928
3928
3928
3928
3928
3928
3928
3928
3928
3928
3928
3928
3928
3928
3928
3928
3928
3928
3928
3928
3928
3928
3928
3928
3928
3928
3928
3928
3928
3928
3928
3928
3928
3928
3928
3928
3928
3928
3928
3928
3928
3928
3928
3928
3928
3928
3928
3928
3928
3928
3928
3928
3928
3928
3928
3928
3928
3928
3928
3928
3928
3878
3878
3878
3878
3878
3878
3878
3878
3878
3878
3878
3878
3878
3878
3878
3878
3878
3878
3878
3878
3878
3878
3878
3878
3878
3878
3878
3878
3878
3878
3878
3878
3878
3878
3878
3878
3878
3878
3878
3878
3878
3878
3878
3878
3878
3878
3878
3878
3878
3878
3878
3878
3878
3878
3878
3798
3798
3798
3798
3798
3798
3798
3798
3798
3798
3798
3731
3731
3731
3731
3731
3731
3731
3731
3731
3731
3731
3731
3731
3731
3731
3731
3731
3688
3688
3688
3688
3688
3688
3688
3688
3688
3688
3688
3688
3688
3688
3688
3688
3688
3688
3688
3688
3688
3688
3688
3688
3688
3688
3688
3688
3688
3688
3688
3688
3688
3688
3688
3631
3631
3631
3631
3631
3631
3631
3631
3631
3631
3631
3631
3631
3631
3631
3631
3631
3631
3631
3631
3631
3631
3631
3631
3631
3631
3631
3631
3631
3631
3631
3631
3631
3631
3539
3539
3539
3539
3539
3539
3539
3539
3539
3539
3539
3539
3539
3539
3539
3539
3539
3539
3539
3539
3539
3539
3539
3539
3539
3539
3539
3539
3539
3539
3539
3539
3539
3539
3539
3539
3539
3539
3539
3539
3539
3539
3539
3539
3539
3539
3539
3539
3539
3539
3300
3300
3300
3300
3300
3300
3300
3300
3300
3300
3300
3300
3300
3300
3300
3300
3300
3300
3300
3300
3300
3300
3300
3300
3300
3300
3300
3300
3300
3300
3300
3300
3300
3300
3300
3300
3300
3300
3300
3300
3300
3300
3300
3300
3300
3300
3300
3300
3221
3221
3221
3221
3221
3221
3221
3221
3221
3221
3221
3221
3221
3221
3221
3221
3221
3221
3221
3221
3221
3221
3221
3221
3221
3221
3221
3221
3221
3221
3221
3221
3221
3221
3221
3221
3221
3221
3221
3221
3221
3221
3221
3221
3221
3221
3221
3221
3221
3221
3221
3221
3221
3221
3221
3221
3221
3221
3221
3221
3221
3221
3221
3221
3221
3221
3221
3221
3221
3221
3221
3221
3221
3221
3221
3221
3221
3221
3140
3140
3140
3140
3140
3140
3140
3140
3140
3140
3140
3140
3140
3140
3140
3140
3140
3140
3140
3140
3140
3140
3140
3140
3140
3140
3140
3140
3140
3140
3140
3140
3140
3140
3140
3140
3140
3140
3108
3108
3108
3108
3108
3108
3108
3108
3108
3108
3108
3108
3108
3108
3108
3108
3108
3108
3108
3108
3108
3108
3108
3108
3108
3108
3108
3108
3108
3108
3108
3108
3108
3108
3108
3108
3108
3108
3108
3108
3065
3065
3065
3065
3065
3065
3065
3065
3065
3065
3065
3065
3065
3065
3065
3065
3065
3065
3065
3065
3065
3065
3065
3065
3065
3065
3065
3065
3065
3065
3065
3065
3065
3065
3065
3065
3065
3065
3065
3065
3065
3065
3065
3065
3065
3065
3065
3065
3065
3065
3065
3065
3065
3065
3065
3065
3065
3065
3065
3065
3065
3065
3065
3065
3065
3065
3065
3065
3065
3065
3065
3065
3065
3065
3065
3037
3037
3037
3037
3037
3037
3037
3037
3037
3037
3037
3037
3037
3037
3037
3037
3037
3037
3037
3037
3037
3037
3037
3037
3037
3037
3037
3037
3037
3037
3037
3037
3037
3037
3037
3037
3037
3037
3037
3037
3037
3037
3037
3037
3037
3037
3037
3037
3026
3026
3026
3026
3026
3026
3026
3026
3026
3026
3026
3026
3026
3026
3026
3026
3026
3026
3026
3026
3026
3026
3026
3026
3026
3026
3026
3026
3026
3026
3026
3026
3026
3026
3026
3026
3026
3026
3026
3026
3026
3026
3026
3026
3026
3026
3026
3026
3026
3026
3026
3026
3026
3026
3026
3026
2948
2948
2948
2948
2948
2948
2948
2948
2948
2948
2948
2948
2948
2948
2948
2948
2948
2948
2948
2948
2948
2948
2948
2948
2948
2948
2948
2948
2948
2948
2948
2948
2948
2948
2948
2948
2948
2948
2948
2948
2948
2948
2948
2948
2948
2948
2948
2948
2948
2948
2848
2848
2848
2848
2848
2848
2848
2848
2848
2848
2848
2848
2848
2848
2848
2848
2848
2848
2848
2848
2848
2848
2848
2848
2848
2848
2848
2848
2848
2848
2848
2848
2848
2848
2848
2848
2848
2848
2848
2848
2848
2848
2848
2848
2848
2848
2848
2848
2848
2848
2848
2848
2848
2848
2848
2848
2848
2848
2848
2848
2848
2848
2634
2634
2634
2634
2634
2634
2634
2634
2634
2634
2634
2634
2634
2634
2634
2634
2634
2634
2634
2634
2634
2634
2634
2634
2634
2634
2634
2634
2634
2634
2634
2634
2634
2634
2634
2634
2634
2634
2634
2634
2634
2634
2634
2634
2634
2634
2615
2615
2615
2615
2615
2615
2615
2615
2615
2615
2615
2615
2615
2615
2615
2615
2615
2615
2615
2615
2615
2615
2615
2615
2615
2615
2615
2615
2615
2615
2615
2615
2615
2615
2615
2615
2615
2615
2615
2615
2615
2615
2615
2615
2615
2615
2615
2615
2615
2615
2615
2615
2615
2615
2615
2615
2615
2615
2615
2615
2615
2615
2615
2615
2615
2615
2615
2615
2615
2615
2615
2615
2615
2615
2615
2615
2615
2615
2615
2615
2615
2615
2615
2615
2615
2615
2615
2615
2615
2615
2615
2615
2601
2601
2601
2601
2601
2601
2601
2601
2601
2601
2601
2601
2601
2601
2601
2601
2601
2601
2601
2601
2601
2601
2601
2601
2601
2601
2601
2601
2601
2601
2601
2601
2601
2601
2601
2601
2601
2601
2601
2601
2601
2601
2601
2601
2601
2601
2601
2601
2601
2601
2601
2601
2601
2601
2601
2601
2601
2601
2601
2601
2601
2601
2601
2601
2601
2601
2601
2601
2601
2601
2601
2601
2601
2601
2601
2591
2591
2591
2591
2591
2591
2591
2591
2591
2591
2591
2591
2591
2591
2591
2591
2591
2591
2591
2591
2591
2591
2591
2591
2591
2591
2591
2591
2591
2591
2591
2591
2591
2591
2591
2591
2591
2591
2548
2548
2548
2548
2548
2548
2548
2548
2548
2548
2548
2548
2548
2548
2548
2548
2548
2548
2548
2548
2548
2548
2548
2548
2548
2548
2548
2548
2548
2548
2548
2548
2548
2548
2548
2548
2548
2548
2548
2548
2548
2548
2548
2548
2548
2548
2548
2548
2548
2548
2548
2548
2548
2548
2548
2548
2548
2548
2548
2548
2548
2548
2548
2548
2548
2548
2548
2548
2548
2548
2548
2548
2548
2548
2383
2383
2383
2383
2383
2383
2383
2383
2383
2383
2383
2383
2383
2383
2383
2383
2383
2383
2383
2383
2383
2383
2383
2383
2383
2383
2367
2367
2367
2367
2367
2367
2367
2367
2367
2367
2367
2367
2367
2367
2367
2367
2367
2367
2367
2367
2367
2367
2367
2367
2367
2367
2367
2367
2367
2367
2367
2367
2367
2367
2367
2367
2367
2367
2367
2367
2367
2367
2367
2367
2367
2367
2367
2367
2367
2367
2367
2367
2367
2367
2367
2367
2367
2367
2367
2367
2339
2339
2339
2339
2339
2339
2339
2339
2339
2339
2339
2339
2339
2339
2339
2339
2339
2339
2339
2339
2339
2339
2339
2339
2339
2339
2339
2238
2238
2238
2238
2238
2238
2238
2238
2238
2238
2238
2238
2238
2238
2238
2238
2238
2238
2238
2238
2238
2238
2238
2238
2238
2238
2238
2238
2238
2238
2238
2238
2238
2238
2238
2238
2238
2238
2238
2238
2238
2238
2238
2238
2238
2238
2238
2238
2238
2238
2238
2238
2238
2238
2238
2238
2238
2238
2238
2238
2238
2238
2238
2238
2238
2238
2238
2238
2238
2238
2139
2139
2139
2139
2139
2139
2139
2139
2139
2139
2139
2139
2139
2139
2139
2139
2139
2139
2139
2139
2139
2139
2139
2139
2139
2139
2139
2139
2139
2139
2139
2139
2139
2139
2139
2139
2139
2139
2139
2139
2139
2139
2139
2139
2139
2139
2139
2139
2139
2139
2139
2139
2139
2139
2139
2139
2139
2139
2139
2139
2139
2139
2139
2117
2117
2117
2117
2117
2117
2117
2117
2117
2117
2082
2082
2082
2082
2082
2082
2082
2082
2082
2082
2082
2082
2082
2082
2082
2082
2082
2082
2082
2082
2082
2082
2082
2082
2082
2082
2082
2082
2082
2082
2082
2082
2082
2082
2082
2082
2082
2082
2082
2082
2082
2082
2082
2082
2082
2082
2082
2082
2082
2082
2082
2082
2082
2082
2082
2082
2082
2082
2082
2082
2082
2082
2082
2082
2082
2082
2082
2082
2082
2082
2082
2082
2082
2082
2082
2082
2082
2082
2082
2082
2082
2038
2038
2038
2038
2038
2038
2038
2038
2038
2038
2038
2038
2038
2038
2038
2038
2038
2038
2038
2038
2038
2038
2038
2038
2038
2038
2038
2038
2038
2038
2038
2038
2038
2038
2038
2038
2038
2038
2038
1981
1981
1981
1981
1981
1981
1981
1981
1981
1981
1981
1981
1981
1981
1981
1981
1981
1981
1981
1981
1981
1981
1981
1981
1981
1981
1981
1981
1981
1981
1981
1981
1981
1981
1981
1981
1981
1981
1981
1981
1981
1981
1981
1981
1981
1981
1981
1981
1981
1981
1981
1981
1981
1981
1981
1981
1981
1981
1981
1981
1981
1981
1981
1981
1981
1981
1981
1981
1981
1981
1981
1981
1981
1981
1961
1961
1961
1961
1961
1961
1961
1961
1961
1961
1961
1961
1961
1961
1961
1961
1961
1961
1961
1961
1961
1961
1961
1961
1961
1961
1961
1961
1961
1961
1961
1961
1929
1929
1929
1929
1929
1929
1929
1929
1929
1929
1929
1929
1929
1929
1929
1929
1929
1929
1929
1929
1929
1929
1929
1929
1929
1929
1929
1929
1929
1929
1929
1850
1850
1850
1850
1850
1850
1850
1850
1850
1850
1850
1850
1850
1850
1850
1850
1850
1850
1850
1850
1850
1850
1850
1850
1850
1850
1850
1850
1850
1850
1850
1850
1850
1850
1850
1850
1850
1850
1850
1850
1850
1850
1850
1850
1850
1850
1850
1850
1850
1850
1850
1850
1850
1850
1850
1850
1850
1850
1850
1850
1850
1850
1850
1850
1850
1850
1850
1850
1850
1850
1850
1850
1850
1850
1850
1850
1850
1850
1850
1850
1850
1850
1850
1850
1850
1850
1850
1790
1790
1790
1790
1790
1790
1790
1790
1790
1790
1790
1790
1790
1790
1790
1790
1790
1790
1790
1790
1790
1790
1790
1790
1790
1790
1790
1790
1790
1790
1790
1790
1790
1790
1790
1790
1790
1790
1790
1790
1790
1790
1790
1790
1790
1790
1790
1790
1790
1790
1790
1790
1790
1790
1790
1790
1790
1790
1790
1790
1790
1790
1790
1790
1762
1762
1762
1762
1762
1762
1762
1762
1762
1762
1762
1762
1762
1762
1762
1762
1762
1762
1762
1762
1762
1762
1762
1762
1762
1762
1617
1617
1617
1617
1617
1617
1617
1617
1617
1617
1617
1617
1617
1617
1617
1617
1617
1617
1617
1617
1617
1617
1617
1617
1549
1549
1549
1549
1549
1549
1549
1549
1549
1549
1549
1549
1549
1549
1549
1549
1549
1549
1549
1549
1549
1549
1549
1549
1549
1549
1549
1549
1549
1549
1549
1549
1549
1549
1549
1549
1549
1549
1549
1350
1350
1350
1350
1350
1350
1350
1350
1350
1350
1350
1350
1350
1350
1350
1350
1350
1350
1350
1350
1350
1350
1350
1350
1350
1350
1350
1350
1350
1350
1350
1350
1350
1350
1350
1350
1350
1350
1350
1350
1350
1350
1350
1350
1350
1350
1350
1350
1350
1350
1350
1350
1350
1350
1350
1350
1337
1337
1337
1337
1337
1337
1337
1337
1337
1337
1337
1337
1337
1337
1337
1337
1337
1337
1337
1337
1337
1337
1337
1337
1337
1337
1337
1337
1337
1337
1337
1337
1337
1337
1337
1337
1337
1337
1337
1337
1337
1337
1337
1337
1337
1337
1337
1337
1337
1337
1337
1221
1221
1221
1221
1221
1221
1221
1221
1221
1221
1221
1221
1221
1221
1221
1221
1194
1194
1194
1194
1194
1194
1194
1194
1194
1194
1194
1194
1194
1194
1194
1194
1194
1194
1194
1194
1194
1194
1194
1194
1194
1194
1194
1194
1194
1194
1194
1194
1194
1194
1194
1194
1194
1194
1194
1194
1194
1194
1194
1194
1194
1194
1194
1194
1194
1194
1194
1194
1163
1163
1163
1163
1163
1163
1163
1163
1163
1163
1163
1163
1163
1163
1163
1163
1163
1163
1163
1163
1163
1163
1163
1163
1163
1163
1163
1163
1163
1163
1163
1163
1163
1163
1163
1163
1163
1163
1163
1163
1163
1163
1163
1163
1163
1163
1163
1163
1113
1113
1113
1113
1113
1113
1113
1113
1113
1113
1113
1113
1113
1113
1113
1113
1113
1113
1113
1113
1113
1113
1113
1113
1113
1113
1113
1113
1113
1113
1113
1113
1113
1113
1113
1113
1113
1113
1113
1113
1113
1113
1113
1113
1113
1113
1113
1113
1113
1113
1113
1113
1113
1113
1113
1113
1113
1083
1083
1083
1083
1083
1083
1083
1083
1083
1083
1083
1083
1083
1083
1083
1083
1083
1083
1083
1083
1083
1083
1083
1083
1083
1083
1083
1083
1083
764
764
764
764
764
764
764
764
764
764
764
764
764
764
764
764
764
764
764
764
764
764
764
764
764
764
764
764
764
764
764
764
764
764
764
654
654
654
654
654
654
654
654
654
654
654
654
654
654
391
391
391
391
391
391
391
391
391
391
391
391
391
391
391
391
391
391
391
391
391
391
391
391
391
391
391
391
391
391
391
305
305
305
305
305
305
305
305
305
305
305
305
305
305
305
305
305
305
305
305
305
305
305
305
305
305
305
305
305
305
305
305
305
305
305
305
305
305
305
305
305
305
305
305
305
305
305
305
305
305
305
305
305
305
305
305
305
305
305
305
305
305
305
305
305
305
305
305
305
305
305
305
305
305
305
305
305
305
305
305
305
305
305
305
305
305
305
305
305
41
41
41
41
41
41
41
41
41
41
41
41
41
41
41
41
41
41
41
41
41
41
41
41
41
41
41
41
41
41
41
41
41
41
41
41
41
41
41
41
41
41
41
41
41
41
41
41
41
41
41
41
7
7
7
7
7
7
7
7
7
7
7
7
7
7
7
7
7
7
7
7
7
7
7
7
7
7
7
7
7
7
7
7
7
7
7
7
7
7
7
7
7
7
7
7
7
7
7
7
7
7
7
7
7
7
7
7
7
7
7
7
7
7
7
7
7
7
7
7
7
7
7
7
7
7
7
7
7
7
7
7
7
7
7
7
7
7
7
7
7
7
7
7
7
7
7
7
7
