2639
10000
9879
9879
9879
9879
9879
9879
9837
9833
9833
9833
9833
9833
9833
9833
9833
9833
9833
9833
9833
9833
9833
9833
9723
9723
9723
9723
9723
9723
9723
9723
9723
9723
9723
9723
9717
9717
9717
9717
9717
9717
9717
9717
9717
9717
9635
9635
9635
9635
9635
9635
9635
9605
9605
9605
9605
9605
9605
9605
9570
9570
9570
9570
9570
9570
9570
9570
9570
9526
9526
9526
9526
9526
9526
9526
9526
9526
9526
9526
9526
9526
9526
9502
9502
9502
9502
9502
9502
9502
9502
9502
9502
9502
9499
9499
9499
9494
9494
9494
9494
9494
9494
9494
9494
9494
9494
9494
9494
9494
9494
9494
9474
9474
9474
9474
9474
9474
9474
9474
9463
9463
9463
9463
9463
9463
9463
9463
9463
9463
9463
9463
9463
9463
9463
9463
9463
9463
9463
9463
9463
9463
9463
9463
9463
9463
9463
9463
9463
9463
9448
9448
9448
9448
9448
9448
9448
9448
9448
9448
9448
9448
9448
9448
9448
9448
9448
9448
9448
9448
9436
9436
9436
9436
9436
9436
9436
9436
9436
9436
9436
9436
9436
9436
9436
9436
9436
9436
9398
9398
9332
9332
9332
9332
9332
9332
9332
9332
9332
9332
9332
9332
9332
9332
9332
9332
9282
9282
9282
9282
9282
9282
9282
9260
9260
9237
9237
9237
9237
9237
9237
9237
9237
9237
9196
9196
9196
9196
9196
9196
9196
9196
9196
9196
9196
9196
9196
9196
9196
9196
9196
9196
9196
9196
9150
9150
9150
9150
9150
9150
9150
9150
9150
9150
9150
9150
9150
9150
9150
9150
9150
9150
9150
9117
9117
9117
9117
9117
9117
9117
9117
9117
9001
9001
9001
9001
9001
8967
8967
8967
8967
8967
8967
8967
8967
8967
8967
8967
8967
8967
8967
8967
8967
8967
8967
8967
8967
8915
8915
8915
8915
8915
8915
8915
8915
8915
8915
8915
8915
8915
8915
8915
8907
8907
8907
8907
8907
8907
8907
8907
8907
8907
8907
8907
8907
8907
8878
8878
8878
8878
8878
8878
8878
8812
8812
8812
8812
8812
8812
8812
8812
8812
8812
8812
8812
8812
8812
8812
8812
8812
8812
8812
8812
8730
8730
8696
8696
8696
8696
8696
8696
8696
8696
8681
8681
8681
8681
8681
8652
8652
8652
8652
8652
8652
8652
8652
8652
8652
8652
8652
8652
8652
8652
8652
8652
8652
8652
8586
8586
8586
8586
8586
8586
8586
8586
8586
8586
8586
8586
8586
8586
8586
8586
8586
8577
8577
8577
8577
8577
8577
8577
8577
8577
8577
8577
8577
8577
8577
8577
8577
8577
8577
8577
8577
8554
8554
8554
8554
8554
8554
8554
8554
8554
8554
8554
8554
8554
8554
8554
8554
8554
8513
8513
8513
8513
8513
8513
8513
8513
8513
8513
8513
8513
8513
8513
8513
8513
8513
8397
8397
8397
8397
8352
8352
8352
8352
8352
8352
8352
8352
8352
8352
8352
8352
8352
8352
8352
8352
8352
8352
8325
8325
8325
8325
8289
8289
8289
8289
8289
8289
8289
8289
8289
8289
8289
8289
8289
8289
8289
8289
8289
8289
8289
8289
8275
8275
8275
8275
8275
8275
8275
8275
8275
8275
8275
8275
8275
8275
8275
8227
8227
8200
8200
8200
8200
8200
8200
8200
8200
8200
8200
8153
8153
8153
8050
8050
8050
8050
8050
8050
8050
8050
8050
8050
8050
8050
8043
8043
8043
8043
8043
8043
8043
8043
8043
8043
8043
8043
8043
8043
8043
8043
8017
8017
8017
8017
8017
8017
8017
8017
8017
7979
7979
7979
7979
7979
7979
7979
7979
7979
7979
7979
7979
7979
7979
7930
7930
7930
7930
7930
7930
7930
7930
7930
7930
7930
7930
7930
7884
7884
7884
7807
7807
7807
7807
7807
7807
7807
7807
7807
7765
7765
7765
7765
7765
7765
7765
7765
7765
7765
7765
7765
7765
7765
7761
7761
7761
7761
7761
7761
7761
7761
7761
7761
7761
7734
7734
7734
7734
7734
7734
7734
7734
7734
7734
7734
7734
7734
7717
7717
7717
7717
7717
7717
7717
7717
7717
7717
7717
7717
7717
7717
7717
7717
7717
7674
7674
7674
7655
7655
7655
7655
7655
7655
7655
7655
7655
7655
7655
7655
7655
7655
7655
7641
7641
7641
7641
7641
7641
7641
7641
7641
7641
7641
7641
7641
7641
7641
7641
7641
7641
7641
7635
7635
7635
7635
7635
7635
7635
7635
7635
7635
7635
7635
7621
7621
7621
7621
7621
7621
7621
7621
7621
7621
7621
7621
7621
7620
7620
7620
7620
7620
7620
7620
7620
7620
7620
7614
7614
7614
7614
7614
7614
7614
7614
7614
7614
7614
7502
7502
7502
7502
7502
7502
7502
7411
7411
7384
7384
7384
7384
7384
7384
7384
7384
7384
7384
7384
7384
7384
7384
7342
7342
7342
7342
7342
7342
7342
7342
7342
7336
7336
7336
7336
7336
7336
7336
7336
7336
7336
7336
7336
7336
7336
7336
7336
7326
7326
7308
7308
7308
7308
7308
7308
7308
7308
7308
7287
7287
7287
7287
7287
7287
7287
7287
7287
7287
7287
7287
7261
7261
7261
7261
7261
7261
7261
7261
7261
7261
7261
7261
7261
7247
7247
7247
7247
7247
7247
7247
7197
7197
7197
7197
7197
7197
7197
7197
7197
7197
7197
7197
7158
7158
7158
7158
7158
7158
7158
7158
7158
7158
7158
7150
7150
7150
7150
7150
7150
7150
7150
7150
7150
7083
7083
7083
7083
7083
7083
7083
7083
7063
7063
7063
7063
7063
7063
7034
7034
7034
7034
7034
7034
7034
7034
7034
7034
7034
7034
7034
7034
7034
7034
7034
7034
7014
7014
7014
7014
7014
7014
7014
7014
7014
7014
7014
7014
7014
7014
7014
7014
7014
7013
7013
7013
7013
7013
7013
7013
7013
7013
6988
6979
6979
6979
6979
6979
6979
6979
6979
6979
6979
6979
6979
6979
6979
6979
6979
6882
6882
6882
6882
6882
6882
6882
6882
6882
6882
6882
6882
6882
6882
6882
6767
6767
6759
6759
6759
6759
6759
6759
6759
6759
6759
6759
6759
6759
6759
6759
6759
6759
6759
6759
6697
6697
6697
6697
6697
6697
6697
6697
6672
6672
6672
6672
6672
6672
6672
6672
6672
6672
6672
6672
6672
6672
6672
6672
6672
6623
6598
6598
6598
6598
6598
6598
6598
6598
6578
6578
6578
6578
6578
6578
6578
6578
6578
6578
6578
6578
6578
6578
6578
6578
6578
6578
6578
6578
6556
6556
6556
6556
6423
6423
6423
6423
6423
6423
6423
6421
6421
6421
6421
6421
6325
6325
6325
6325
6325
6325
6325
6325
6159
6159
6159
6159
6159
6159
6159
6159
6152
6152
6152
6152
6152
6152
6152
6152
6152
6152
6152
6152
6152
6152
6152
6152
6112
6112
6112
6112
6112
6112
6112
6112
6112
6112
6112
6112
6112
6112
6112
6112
6112
6070
6070
6070
6070
6070
6035
6035
6035
6035
6035
6035
6035
6035
6035
6035
6035
6035
6001
5986
5986
5986
5986
5986
5986
5986
5986
5986
5986
5986
5986
5986
5986
5945
5945
5945
5860
5860
5860
5860
5860
5860
5860
5860
5860
5860
5860
5860
5860
5860
5860
5860
5860
5860
5793
5793
5793
5793
5793
5793
5793
5793
5793
5793
5793
5793
5793
5793
5728
5728
5728
5728
5728
5728
5728
5728
5728
5728
5728
5728
5728
5728
5728
5728
5728
5669
5669
5669
5669
5669
5669
5669
5669
5669
5669
5669
5669
5669
5669
5669
5669
5669
5665
5665
5665
5665
5665
5665
5665
5665
5665
5665
5665
5665
5665
5665
5665
5665
5665
5665
5665
5665
5640
5640
5640
5640
5640
5640
5611
5611
5544
5544
5544
5544
5544
5533
5533
5533
5533
5533
5533
5493
5493
5484
5484
5484
5442
5442
5442
5442
5442
5442
5440
5440
5440
5440
5440
5440
5440
5440
5440
5440
5440
5400
5400
5400
5400
5400
5400
5400
5400
5400
5400
5400
5400
5314
5314
5314
5314
5314
5314
5314
5285
5285
5261
5261
5261
5261
5261
5261
5261
5261
5261
5261
5261
5261
5261
5261
5261
5225
5225
5225
5222
5222
5222
5222
5222
5222
5222
5222
5222
5222
5222
5222
5222
5222
5222
5203
5203
5188
5188
5188
5188
5188
5188
5188
5188
5188
5188
5188
5188
5188
5188
5188
5105
5105
5105
5105
5105
5105
5105
5105
5047
5047
5047
5047
5047
5047
5047
5047
5047
5047
5047
5047
5047
5047
5047
5047
5047
5047
5047
5047
5024
5024
5000
5000
5000
5000
5000
4975
4975
4975
4975
4975
4975
4975
4935
4935
4935
4935
4935
4935
4935
4935
4935
4935
4935
4911
4911
4687
4687
4687
4687
4687
4687
4687
4687
4687
4661
4661
4661
4636
4636
4636
4636
4636
4636
4636
4636
4636
4636
4601
4601
4601
4601
4601
4601
4601
4601
4601
4524
4524
4524
4524
4524
4524
4524
4524
4524
4524
4524
4524
4524
4524
4503
4503
4503
4503
4503
4503
4503
4503
4503
4503
4503
4503
4503
4503
4503
4503
4503
4503
4503
4503
4415
4415
4415
4415
4399
4399
4399
4399
4399
4399
4399
4399
4399
4399
4399
4346
4346
4346
4346
4346
4346
4346
4346
4346
4346
4346
4346
4346
4346
4346
4346
4346
4263
4263
4263
4263
4263
4263
4263
4263
4263
4263
4263
4263
4263
4263
4263
4263
4263
4263
4263
4245
4245
4245
4245
4245
4245
4245
4245
4245
4245
4245
4204
4204
4204
4204
4128
4128
4128
4128
4128
4128
4128
4128
4128
4128
4128
4128
4128
4128
4128
4128
4128
4128
4128
4128
4040
4040
4040
4040
4040
4040
4040
4040
4012
4012
4012
4012
4012
4012
4012
4012
4012
4012
4012
4012
4012
4012
4012
4012
4012
4012
4012
4005
4005
3957
3957
3957
3957
3957
3957
3957
3957
3957
3957
3957
3957
3957
3944
3944
3944
3944
3944
3944
3944
3944
3944
3944
3939
3939
3939
3939
3939
3939
3939
3939
3939
3939
3939
3939
3939
3939
3939
3939
3939
3939
3939
3896
3896
3896
3896
3896
3835
3835
3835
3835
3835
3835
3835
3835
3835
3835
3835
3835
3835
3835
3835
3816
3816
3816
3816
3816
3816
3816
3816
3816
3816
3816
3816
3816
3816
3807
3807
3807
3807
3807
3807
3807
3807
3807
3807
3807
3807
3801
3801
3801
3801
3801
3801
3801
3801
3754
3754
3754
3754
3754
3754
3754
3754
3754
3735
3735
3735
3735
3735
3735
3735
3735
3735
3735
3735
3735
3735
3634
3634
3634
3634
3634
3634
3634
3634
3634
3634
3634
3634
3634
3634
3634
3634
3634
3634
3634
3634
3599
3599
3599
3599
3599
3599
3578
3578
3578
3578
3578
3578
3578
3578
3578
3578
3578
3578
3578
3578
3578
3578
3578
3578
3578
3498
3498
3498
3498
3498
3498
3498
3498
3498
3498
3498
3498
3498
3498
3498
3498
3498
3498
3498
3414
3414
3414
3414
3414
3397
3397
3397
3397
3397
3397
3397
3397
3397
3367
3367
3367
3367
3367
3367
3367
3367
3367
3367
3367
3367
3367
3367
3367
3367
3347
3347
3347
3347
3347
3347
3347
3347
3347
3347
3347
3347
3347
3347
3347
3347
3341
3341
3341
3341
3341
3341
3323
3323
3286
3286
3286
3286
3286
3286
3286
3286
3286
3286
3286
3286
3286
3286
3286
3286
3286
3286
3286
3286
3195
3192
3192
3192
3192
3192
3192
3192
3192
3192
3159
3159
3159
3159
3159
3159
3159
3159
3159
3159
3159
3159
3104
3104
3104
3104
3104
3104
3104
3104
3104
3104
3104
3104
3104
3104
3104
3104
3104
3104
3104
3087
3087
3087
3087
3087
3087
3070
3070
3070
3070
3070
3066
3066
3066
3066
3066
3066
3066
3066
3066
3066
3066
3066
3066
3066
2942
2942
2942
2942
2942
2942
2942
2942
2942
2942
2942
2942
2942
2885
2885
2885
2885
2885
2885
2885
2885
2885
2885
2885
2885
2885
2885
2861
2861
2861
2861
2861
2861
2861
2861
2861
2861
2861
2861
2861
2861
2861
2854
2854
2854
2854
2854
2854
2854
2854
2854
2854
2854
2854
2854
2854
2854
2854
2854
2854
2854
2854
2775
2775
2775
2775
2771
2771
2771
2771
2771
2709
2709
2709
2709
2709
2709
2709
2691
2691
2691
2691
2691
2691
2691
2691
2677
2677
2677
2677
2677
2677
2677
2677
2677
2677
2670
2670
2670
2670
2670
2670
2670
2670
2616
2616
2616
2616
2616
2616
2616
2616
2616
2616
2616
2616
2616
2491
2440
2440
2440
2440
2440
2440
2440
2421
2421
2421
2421
2421
2421
2421
2421
2421
2421
2421
2421
2421
2421
2421
2421
2405
2405
2405
2405
2405
2405
2405
2405
2405
2405
2405
2405
2405
2405
2405
2405
2398
2398
2398
2398
2398
2398
2398
2398
2398
2398
2398
2398
2398
2398
2398
2398
2398
2334
2334
2334
2334
2334
2334
2334
2319
2319
2319
2319
2319
2319
2319
2319
2319
2319
2319
2319
2319
2319
2319
2319
2319
2232
2209
2201
2201
2201
2201
2201
2201
2106
2106
2106
2106
2106
2106
2106
2106
2106
2106
2084
2084
2084
2084
2084
2084
2084
2084
2084
2084
2084
2084
2084
2084
2084
2084
1975
1803
1803
1803
1803
1803
1803
1803
1803
1803
1803
1803
1803
1803
1803
1803
1803
1803
1803
1803
1803
1803
1803
1803
1803
1803
1803
1729
1729
1729
1729
1729
1729
1729
1729
1729
1729
1729
1729
1729
1729
1729
1729
1729
1717
1717
1717
1717
1717
1717
1717
1717
1717
1717
1717
1717
1683
1683
1683
1683
1683
1623
1623
1623
1623
1623
1623
1623
1623
1623
1623
1623
1623
1623
1623
1623
1623
1623
1623
1623
1615
1615
1615
1597
1597
1597
1579
1579
1579
1579
1579
1579
1537
1537
1537
1537
1537
1537
1537
1537
1537
1537
1537
1537
1490
1490
1490
1490
1490
1490
1490
1490
1490
1490
1490
1490
1490
1490
1490
1490
1490
1446
1446
1446
1446
1446
1446
1446
1446
1446
1446
1446
1446
1446
1446
1446
1446
1446
1446
1446
1446
1439
1439
1439
1439
1439
1439
1439
1439
1439
1439
1439
1439
1439
1439
1439
1439
1439
1421
1421
1421
1348
1348
1348
1274
1263
1263
1263
1263
1263
1263
1263
1263
1263
1263
1263
1263
1263
1263
1263
1263
1263
1240
1240
1200
1200
1200
1200
1200
1200
1200
1189
1189
1189
1148
1148
1148
1148
1148
1148
1148
1148
1148
1148
1148
1148
1148
1078
1078
1078
1078
1078
1078
1078
1078
1078
1067
1067
1067
1067
1067
1067
1067
1067
1067
1067
1067
1067
1067
1061
1061
1009
1009
966
966
966
966
966
966
966
966
966
966
966
966
966
966
966
966
966
966
966
897
897
897
897
897
897
897
897
897
897
897
897
897
897
897
826
826
826
826
826
826
826
826
826
826
826
826
826
826
826
826
826
826
826
826
826
826
798
798
798
798
778
778
778
778
761
761
761
761
761
761
761
761
761
761
761
761
761
761
761
761
761
761
717
717
717
717
717
717
717
717
717
717
626
626
626
626
625
625
625
625
625
625
625
625
625
625
625
625
625
625
625
625
625
625
625
574
574
574
574
574
574
574
574
574
574
574
574
574
574
574
574
537
537
537
537
537
518
518
518
518
518
518
518
518
518
518
518
518
518
518
502
502
502
502
502
502
502
502
502
502
502
502
502
502
502
502
374
374
374
374
374
374
374
374
374
374
269
269
269
269
269
269
269
269
269
269
269
269
269
269
269
269
269
240
240
240
240
240
240
240
240
240
204
204
204
204
204
204
204
204
204
204
204
204
204
204
204
204
204
204
152
152
152
152
152
152
152
152
152
152
152
152
152
152
152
152
148
148
148
148
148
148
148
148
148
148
148
148
148
148
148
148
130
130
130
130
130
130
130
130
130
130
130
130
130
130
130
130
130
130
130
130
15
15
15
15
15
15
15
15
4
4
4
4
4
