2625
10000
9990
9990
9990
9990
9990
9990
9990
9990
9990
9947
9947
9947
9947
9947
9947
9947
9947
9947
9947
9947
9947
9947
9947
9947
9947
9902
9902
9902
9902
9889
9889
9889
9889
9889
9889
9889
9889
9889
9768
9768
9768
9768
9768
9763
9763
9763
9763
9763
9763
9763
9743
9743
9743
9734
9734
9734
9734
9653
9653
9644
9644
9644
9644
9644
9644
9644
9644
9619
9619
9619
9619
9619
9619
9619
9619
9619
9619
9619
9619
9619
9619
9619
9593
9593
9593
9593
9593
9593
9593
9593
9593
9593
9593
9593
9593
9593
9593
9593
9593
9593
9593
9460
9460
9460
9460
9460
9460
9460
9460
9460
9460
9419
9419
9419
9419
9419
9419
9419
9419
9419
9419
9419
9419
9328
9328
9328
9328
9328
9328
9328
9328
9328
9328
9328
9328
9328
9328
9328
9328
9289
9289
9289
9289
9289
9289
9289
9289
9285
9285
9285
9285
9285
9285
9208
9208
9208
9208
9208
9208
9208
9208
9208
9208
9208
9208
9208
9208
9177
9177
9177
9177
9177
9177
9177
9177
9177
9177
9177
9177
9177
9177
9152
9152
9152
9152
9152
9152
9152
9152
9152
9152
9152
9152
9152
9152
9152
9152
9132
9132
9132
9132
9132
9111
9111
9111
9111
9111
9111
9111
9111
9111
9111
9111
9111
9111
9111
9111
9111
9111
9111
9111
9101
9101
9101
9101
8880
8880
8880
8880
8880
8870
8740
8740
8740
8734
8734
8734
8734
8734
8734
8734
8734
8728
8728
8728
8728
8728
8728
8728
8728
8728
8728
8728
8728
8728
8683
8621
8621
8621
8621
8621
8621
8621
8621
8621
8621
8621
8621
8575
8575
8575
8575
8575
8575
8575
8575
8575
8575
8575
8575
8575
8575
8575
8575
8575
8575
8575
8575
8565
8565
8565
8565
8565
8565
8481
8481
8481
8481
8481
8422
8422
8422
8422
8422
8422
8422
8422
8422
8422
8422
8422
8422
8422
8422
8422
8422
8422
8416
8416
8416
8416
8416
8416
8416
8416
8416
8416
8416
8416
8416
8416
8416
8416
8416
8414
8414
8414
8414
8414
8414
8414
8414
8414
8414
8414
8414
8394
8394
8394
8262
8262
8262
8262
8262
8262
8262
8262
8262
8262
8262
8262
8262
8262
8262
8262
8262
8262
8262
8251
8251
8251
8251
8251
8251
8251
8251
8251
8251
8251
8251
8231
8231
8231
8231
8231
8231
8205
8205
8205
8205
8205
8205
8205
8205
8205
8205
8205
8205
8205
8143
8143
8143
8013
8013
8013
8013
8013
8013
8013
8013
8013
8013
8013
7948
7948
7948
7948
7948
7948
7948
7948
7948
7948
7948
7948
7948
7948
7948
7948
7948
7868
7849
7849
7849
7849
7849
7849
7849
7849
7849
7849
7849
7849
7849
7849
7849
7849
7849
7849
7849
7841
7841
7841
7834
7834
7834
7834
7834
7834
7834
7834
7834
7834
7834
7834
7834
7834
7834
7834
7834
7834
7793
7777
7777
7777
7777
7777
7777
7777
7777
7777
7777
7777
7777
7777
7777
7777
7777
7768
7768
7768
7768
7768
7768
7768
7768
7768
7768
7768
7768
7631
7631
7631
7631
7631
7631
7631
7631
7631
7631
7631
7631
7631
7631
7627
7627
7627
7627
7627
7627
7627
7627
7627
7627
7627
7627
7627
7618
7618
7618
7618
7618
7618
7618
7618
7618
7618
7618
7618
7618
7618
7618
7618
7618
7618
7618
7618
7572
7572
7572
7572
7572
7572
7572
7572
7572
7572
7572
7572
7572
7572
7572
7572
7572
7572
7572
7572
7557
7557
7557
7557
7557
7557
7557
7557
7496
7496
7496
7496
7496
7496
7496
7496
7496
7496
7496
7496
7496
7496
7495
7495
7495
7495
7495
7495
7495
7495
7495
7415
7415
7415
7415
7415
7415
7415
7415
7415
7415
7415
7415
7415
7415
7415
7415
7415
7384
7373
7373
7373
7373
7373
7373
7373
7373
7373
7373
7373
7373
7373
7373
7373
7312
7312
7312
7312
7312
7312
7312
7312
7312
7312
7312
7312
7312
7312
7312
7312
7312
7264
7264
7264
7264
7264
7242
7230
7230
7230
7230
7230
7230
7230
7230
7230
7230
7230
7230
7230
7142
7142
7142
7142
7142
7142
7142
7142
7127
7127
7127
7127
7127
7127
7127
7127
7127
7127
7127
7127
7127
7127
7127
7127
7127
7127
7121
7121
7121
7121
7121
7121
7121
7121
7121
7121
7104
7104
7104
7104
7104
7104
7104
7104
7104
7104
7104
7104
7104
7092
7092
7092
7092
7092
7092
7092
7092
7092
7062
7062
7062
7062
7062
7062
7062
7062
7062
6969
6969
6969
6969
6969
6969
6969
6969
6969
6969
6969
6969
6969
6969
6969
6969
6969
6969
6969
6969
6969
6969
6923
6923
6923
6923
6923
6920
6920
6920
6920
6920
6920
6920
6920
6920
6920
6920
6920
6920
6920
6920
6920
6916
6916
6916
6916
6916
6916
6916
6916
6916
6916
6916
6916
6916
6916
6906
6906
6906
6906
6906
6906
6906
6906
6906
6906
6832
6832
6832
6832
6832
6832
6832
6832
6832
6832
6832
6832
6832
6832
6832
6832
6832
6832
6784
6784
6784
6784
6784
6784
6784
6784
6784
6784
6784
6784
6784
6784
6784
6782
6782
6782
6704
6704
6704
6704
6704
6704
6704
6704
6615
6615
6615
6615
6592
6592
6592
6577
6577
6577
6577
6577
6577
6577
6577
6577
6577
6577
6577
6577
6577
6577
6577
6577
6577
6577
6557
6557
6557
6557
6557
6557
6557
6557
6557
6557
6557
6557
6557
6557
6557
6557
6557
6557
6536
6536
6536
6536
6519
6519
6519
6519
6519
6519
6519
6519
6519
6489
6489
6489
6489
6489
6489
6489
6489
6489
6489
6489
6489
6489
6489
6489
6489
6489
6489
6461
6461
6461
6461
6461
6461
6461
6461
6461
6461
6461
6461
6461
6461
6461
6461
6461
6461
6461
6461
6451
6451
6451
6451
6451
6451
6451
6451
6451
6451
6451
6451
6451
6451
6411
6411
6411
6411
6411
6411
6411
6411
6411
6411
6408
6408
6408
6408
6408
6408
6408
6284
6284
6284
6284
6284
6262
6257
6257
6257
6257
6257
6257
6257
6257
6257
6257
6257
6257
6257
6257
6257
6243
6243
6243
6243
6243
6243
6243
6243
6243
6243
6243
6243
6243
6243
6243
6243
6243
6243
6184
6184
6184
6184
6171
6171
6171
6171
6171
6171
6171
6171
6171
6171
6171
6171
6171
6163
6163
6163
6163
6163
6163
6163
6163
6163
6163
6163
6163
6163
6163
6163
6163
6163
6119
6119
6119
6119
6106
6106
6106
6106
6106
6106
6106
6106
6106
6106
6106
6106
6106
6106
6022
6022
5949
5949
5949
5902
5902
5902
5902
5902
5902
5902
5902
5902
5902
5809
5809
5809
5809
5809
5809
5809
5809
5809
5809
5809
5809
5809
5809
5809
5809
5809
5809
5791
5791
5791
5791
5791
5791
5778
5778
5778
5778
5778
5778
5778
5778
5778
5778
5778
5771
5771
5771
5771
5771
5771
5771
5771
5771
5771
5771
5771
5771
5771
5771
5771
5771
5771
5771
5771
5771
5771
5771
5771
5641
5641
5641
5641
5641
5641
5641
5641
5641
5641
5641
5641
5603
5603
5603
5603
5603
5603
5603
5603
5603
5603
5603
5603
5603
5603
5602
5602
5602
5602
5602
5602
5602
5602
5602
5602
5602
5602
5602
5602
5602
5515
5483
5483
5483
5483
5483
5483
5483
5483
5483
5483
5483
5483
5483
5455
5444
5444
5444
5444
5444
5444
5444
5444
5444
5444
5444
5444
5444
5444
5444
5444
5444
5439
5439
5439
5439
5439
5439
5439
5439
5439
5439
5439
5439
5439
5439
5439
5386
5386
5386
5386
5386
5386
5386
5386
5386
5386
5386
5386
5386
5386
5386
5372
5372
5372
5372
5372
5372
5372
5372
5372
5372
5372
5345
5345
5255
5255
5255
5255
5255
5255
5193
5193
5193
5193
5193
5193
5193
5193
5193
5193
5131
5131
5131
5131
5131
5131
5131
5131
5131
5131
5131
5131
5131
5131
5131
5131
5131
5131
5131
5070
5070
5070
5070
5070
5070
5070
5070
5070
5070
5070
5024
5024
5024
5024
5024
5024
5024
5024
4995
4995
4995
4995
4995
4995
4995
4995
4995
4995
4995
4995
4995
4995
4995
4985
4985
4985
4985
4985
4985
4985
4985
4985
4985
4985
4985
4985
4968
4968
4968
4968
4968
4968
4968
4968
4968
4968
4968
4968
4968
4968
4968
4968
4968
4968
4968
4949
4949
4949
4949
4949
4949
4949
4949
4949
4949
4949
4949
4946
4946
4946
4946
4946
4946
4927
4927
4927
4927
4927
4927
4927
4927
4927
4927
4927
4927
4927
4927
4927
4927
4927
4895
4895
4895
4895
4895
4895
4895
4895
4895
4895
4895
4895
4890
4890
4890
4890
4890
4890
4890
4890
4890
4890
4890
4890
4890
4890
4890
4890
4890
4872
4872
4872
4872
4872
4872
4872
4872
4872
4872
4825
4825
4825
4825
4825
4825
4825
4825
4825
4825
4775
4775
4775
4775
4730
4730
4730
4730
4730
4730
4730
4730
4730
4730
4730
4730
4730
4709
4709
4709
4709
4709
4709
4709
4709
4709
4709
4709
4709
4709
4709
4709
4709
4709
4647
4647
4647
4625
4592
4592
4592
4592
4592
4592
4592
4592
4592
4592
4592
4592
4592
4592
4592
4592
4592
4592
4592
4592
4546
4546
4546
4546
4546
4546
4424
4424
4424
4424
4424
4424
4424
4424
4424
4424
4424
4424
4424
4424
4424
4424
4424
4424
4424
4419
4419
4419
4419
4419
4419
4386
4386
4386
4386
4386
4386
4386
4386
4386
4386
4381
4381
4381
4381
4381
4381
4381
4381
4381
4343
4343
4343
4332
4332
4332
4332
4332
4332
4332
4332
4332
4332
4332
4264
4264
4264
4264
4264
4264
4264
4264
4264
4264
4264
4264
4264
4264
4264
4184
4184
4184
4170
4170
4170
4170
4170
4104
4104
4104
4093
4093
4093
4093
4093
4093
4093
4093
4093
4093
4093
4093
4093
4093
4093
4093
4093
4093
4093
4073
4073
4073
4073
4073
4073
4073
4073
4073
4073
4062
4062
4062
4062
4062
4062
4062
4062
4062
4062
4062
4062
4062
4062
4062
4059
4059
4059
4059
4059
4059
4059
4059
4051
4051
4051
4051
4051
4051
4051
4051
4051
4051
4051
4051
4051
4051
4010
4010
4010
4010
4010
4010
4010
4010
4010
4010
4010
4010
4010
4010
4010
3967
3967
3967
3967
3967
3967
3967
3967
3967
3967
3967
3967
3967
3967
3967
3967
3967
3942
3942
3942
3942
3942
3942
3942
3942
3939
3939
3939
3939
3939
3939
3931
3931
3931
3931
3931
3931
3931
3931
3931
3931
3824
3824
3824
3815
3815
3815
3815
3815
3815
3815
3815
3815
3815
3815
3815
3815
3815
3815
3815
3815
3773
3773
3773
3773
3773
3773
3773
3773
3773
3773
3773
3773
3757
3757
3757
3757
3757
3757
3757
3757
3757
3757
3757
3757
3757
3757
3757
3757
3739
3739
3739
3739
3739
3739
3739
3739
3739
3739
3739
3739
3739
3655
3655
3655
3655
3655
3655
3655
3655
3655
3655
3655
3655
3655
3618
3618
3618
3618
3618
3618
3618
3618
3618
3618
3618
3618
3618
3618
3618
3618
3618
3607
3607
3607
3607
3607
3607
3607
3607
3607
3607
3607
3607
3607
3607
3607
3607
3607
3607
3607
3566
3566
3566
3566
3540
3540
3540
3540
3540
3540
3540
3540
3540
3540
3540
3537
3537
3537
3537
3537
3537
3537
3537
3537
3537
3495
3495
3495
3495
3495
3495
3495
3495
3495
3495
3495
3495
3495
3495
3447
3447
3447
3447
3447
3447
3447
3447
3447
3447
3447
3447
3447
3406
3406
3406
3406
3406
3406
3406
3406
3406
3406
3406
3406
3406
3406
3406
3406
3406
3406
3406
3406
3334
3334
3334
3334
3334
3334
3334
3334
3334
3334
3334
3334
3217
3217
3217
3217
3217
3217
3217
3217
3217
3217
3217
3217
3217
3217
3217
3073
3073
3073
3073
3073
3073
3073
3073
3073
3073
3073
3073
3073
2986
2986
2986
2986
2986
2986
2986
2986
2986
2986
2951
2951
2951
2951
2951
2951
2951
2951
2951
2951
2945
2945
2945
2945
2945
2945
2945
2945
2945
2945
2940
2940
2940
2856
2856
2856
2856
2856
2856
2856
2856
2856
2856
2856
2837
2837
2837
2837
2837
2837
2837
2837
2837
2837
2837
2837
2837
2837
2837
2837
2837
2837
2837
2837
2837
2837
2837
2837
2837
2837
2837
2837
2837
2837
2837
2837
2837
2808
2808
2808
2808
2808
2808
2808
2808
2808
2808
2808
2808
2808
2808
2808
2706
2706
2706
2706
2706
2706
2706
2706
2706
2680
2680
2680
2680
2680
2680
2680
2680
2680
2680
2680
2680
2680
2666
2666
2666
2666
2666
2628
2628
2628
2628
2628
2628
2628
2628
2628
2628
2628
2628
2628
2628
2628
2517
2517
2517
2517
2517
2457
2457
2457
2457
2457
2457
2457
2457
2457
2437
2437
2437
2437
2437
2437
2437
2437
2437
2437
2437
2437
2437
2420
2420
2420
2420
2420
2420
2420
2420
2420
2420
2420
2420
2417
2417
2417
2417
2417
2417
2417
2417
2417
2417
2417
2417
2417
2417
2417
2417
2417
2413
2392
2392
2392
2392
2392
2392
2392
2363
2363
2363
2363
2363
2363
2145
2145
2145
2145
2134
2134
2134
2134
2134
2134
2134
2121
2121
2121
2121
2121
2121
2121
2121
2121
2121
2121
2121
2121
2121
2121
2121
2121
2121
2121
2102
2102
2102
2102
2102
2102
2102
2102
2102
2102
2102
2102
2102
1965
1965
1965
1965
1965
1965
1965
1965
1965
1965
1965
1965
1965
1965
1965
1965
1965
1965
1906
1829
1829
1829
1829
1829
1802
1802
1802
1802
1802
1700
1700
1700
1700
1700
1700
1700
1700
1700
1700
1700
1700
1700
1700
1670
1569
1569
1569
1569
1569
1569
1569
1569
1569
1569
1569
1569
1553
1553
1553
1553
1553
1553
1553
1553
1553
1500
1500
1500
1500
1464
1464
1464
1464
1464
1464
1464
1464
1315
1315
1315
1315
1315
1315
1315
1315
1315
1315
1315
1315
1315
1247
1247
1247
1247
1247
1247
1188
1147
1147
1147
1147
1147
1147
1147
1147
1147
1147
1147
1079
1079
1079
1079
1079
1079
1079
1079
1079
1079
1079
1079
1079
1079
1079
1079
1079
1079
1079
1065
1065
1065
1065
1065
1065
1065
1065
1065
1047
1034
1034
1034
1034
1034
1017
1017
1017
1017
1017
1017
1017
1017
1017
1017
1017
1017
1017
1017
1017
984
984
984
984
984
984
984
984
984
984
984
984
984
984
984
984
984
933
933
933
933
933
933
933
933
933
933
933
933
933
878
878
878
878
878
878
878
878
878
878
878
878
878
878
866
866
866
866
866
866
866
866
866
866
866
866
841
841
831
831
831
831
831
831
831
831
831
831
831
831
831
831
831
831
831
831
831
831
806
806
806
806
806
806
806
806
806
787
787
787
787
718
718
718
718
718
718
718
718
718
718
718
718
718
718
718
718
718
718
718
718
645
645
645
645
645
601
601
601
601
601
601
601
601
601
510
510
495
495
495
495
495
495
495
495
495
495
475
475
475
475
475
475
475
475
475
475
475
475
475
475
475
475
475
401
401
401
401
401
401
401
401
401
401
401
401
401
401
401
401
401
401
401
299
299
299
299
299
299
299
299
299
299
299
299
299
288
288
288
288
288
288
288
288
288
288
288
288
288
288
288
288
288
257
257
257
257
257
257
257
257
257
257
257
257
257
257
193
193
193
193
193
193
193
193
193
193
193
193
193
193
193
193
193
193
193
193
193
180
180
180
180
180
180
180
180
180
180
180
180
180
180
180
180
126
126
126
126
126
126
126
126
126
126
109
109
109
109
109
109
109
109
83
83
83
83
83
83
83
83
83
83
83
83
83
83
83
83
83
83
83
83
