2571
10000
4992
4992
4967
4967
4967
4967
4967
4967
4967
4967
4967
4967
4967
4967
4967
4967
4967
4967
4967
4967
4967
4967
4933
4933
4933
4933
4933
4933
4933
4933
4933
4933
4933
4933
4933
4933
4933
4927
4913
4913
4913
4913
4913
4913
4913
4913
4913
4913
4913
4913
4913
4892
4892
4892
4892
4892
4892
4892
4892
4881
4881
4881
4858
4858
4858
4858
4858
4842
4842
4842
4842
4842
4842
4842
4842
4842
4842
4842
4842
4842
4842
4842
4842
4842
4802
4802
4802
4802
4802
4802
4802
4802
4802
4802
4802
4802
4750
4750
4745
4745
4745
4745
4740
4740
4740
4740
4740
4740
4740
4740
4740
4740
4740
4740
4740
4739
4739
4733
4733
4733
4733
4733
4733
4733
4733
4733
4733
4733
4733
4730
4730
4730
4728
4728
4728
4622
4622
4622
4622
4622
4622
4622
4622
4589
4589
4589
4589
4589
4589
4588
4588
4588
4588
4570
4570
4570
4570
4570
4570
4570
4570
4570
4570
4570
4570
4570
4570
4570
4570
4570
4570
4565
4565
4565
4565
4565
4565
4565
4565
4565
4555
4555
4555
4555
4555
4555
4555
4555
4534
4534
4534
4534
4534
4534
4534
4534
4534
4533
4533
4533
4533
4533
4533
4533
4533
4516
4516
4516
4516
4516
4516
4516
4516
4516
4506
4506
4506
4506
4506
4506
4506
4506
4506
4506
4506
4506
4506
4506
4506
4506
4506
4506
4506
4506
4494
4494
4494
4494
4494
4494
4494
4494
4494
4494
4494
4494
4494
4494
4494
4494
4494
4472
4472
4472
4472
4472
4472
4472
4472
4472
4472
4472
4472
4472
4472
4472
4467
4467
4467
4467
4467
4467
4467
4467
4467
4467
4467
4467
4467
4467
4467
4467
4467
4467
4467
4467
4467
4467
4462
4462
4462
4462
4462
4420
4394
4394
4394
4394
4394
4394
4394
4394
4394
4394
4394
4394
4394
4394
4368
4368
4368
4368
4368
4368
4368
4368
4368
4336
4336
4336
4336
4336
4336
4336
4336
4336
4336
4336
4336
4336
4336
4336
4336
4336
4336
4312
4312
4312
4312
4312
4312
4312
4309
4307
4307
4307
4307
4307
4307
4287
4280
4280
4280
4280
4280
4280
4280
4280
4280
4280
4280
4280
4280
4253
4253
4253
4253
4253
4253
4253
4253
4253
4253
4253
4253
4253
4253
4253
4253
4253
4253
4253
4253
4246
4246
4246
4246
4246
4246
4246
4246
4246
4246
4246
4246
4246
4198
4198
4198
4198
4185
4185
4185
4185
4185
4185
4185
4185
4185
4185
4185
4185
4185
4185
4185
4185
4185
4185
4183
4183
4183
4175
4175
4175
4175
4175
4175
4175
4175
4175
4175
4175
4175
4175
4175
4175
4175
4175
4175
4175
4134
4134
4134
4134
4134
4134
4134
4134
4134
4134
4134
4134
4134
4134
4134
4134
4134
4127
4127
4127
4127
4127
4127
4127
4127
4127
4127
4127
4127
4127
4127
4127
4127
4127
4127
4127
4111
4111
4111
4111
4111
4111
4111
4111
4067
4067
4067
4067
4067
4067
4067
4067
3988
3988
3988
3988
3988
3988
3972
3972
3972
3972
3972
3972
3972
3972
3972
3972
3972
3972
3972
3874
3874
3874
3874
3874
3874
3874
3874
3874
3874
3874
3874
3874
3874
3850
3850
3850
3850
3850
3850
3850
3850
3825
3825
3825
3825
3825
3825
3825
3825
3825
3825
3825
3825
3825
3825
3825
3825
3825
3825
3825
3802
3802
3802
3802
3802
3802
3802
3802
3793
3793
3793
3793
3793
3793
3793
3793
3793
3793
3793
3793
3793
3766
3766
3766
3766
3766
3766
3766
3766
3661
3661
3661
3661
3661
3661
3661
3661
3661
3640
3640
3640
3640
3640
3640
3640
3640
3640
3607
3607
3607
3607
3563
3563
3563
3563
3563
3563
3563
3563
3563
3563
3563
3563
3561
3561
3561
3561
3561
3561
3561
3561
3556
3556
3510
3510
3510
3510
3510
3510
3510
3510
3510
3510
3510
3510
3469
3469
3469
3469
3469
3469
3469
3469
3469
3469
3469
3469
3469
3469
3456
3456
3456
3456
3456
3456
3456
3456
3456
3456
3456
3456
3456
3456
3456
3456
3448
3448
3448
3448
3448
3448
3448
3448
3448
3448
3448
3448
3448
3448
3448
3448
3448
3448
3448
3448
3432
3432
3432
3432
3409
3409
3409
3409
3409
3409
3409
3409
3409
3409
3409
3409
3409
3409
3408
3408
3408
3408
3408
3408
3392
3392
3392
3392
3392
3392
3392
3392
3392
3392
3392
3392
3392
3392
3389
3389
3389
3389
3389
3389
3389
3389
3370
3370
3370
3370
3361
3361
3361
3361
3333
3333
3333
3333
3333
3333
3333
3312
3312
3312
3312
3312
3312
3312
3312
3312
3312
3312
3278
3278
3278
3278
3278
3267
3267
3267
3267
3267
3267
3267
3267
3267
3263
3263
3263
3263
3263
3263
3263
3263
3263
3263
3263
3263
3263
3263
3263
3263
3263
3263
3263
3237
3237
3237
3237
3237
3237
3237
3237
3237
3177
3177
3177
3177
3177
3177
3177
3177
3177
3177
3177
3177
3177
3177
3177
3177
3177
3177
3171
3171
3171
3171
3171
3171
3171
3171
3171
3171
3171
3171
3171
3171
3171
3171
3171
3171
3140
3140
3140
3140
3140
3140
3140
3140
3140
3140
3140
3140
3140
3140
3140
3140
3140
3140
3131
3131
3131
3131
3131
3131
3131
3131
3131
3131
3131
3118
3118
3118
3118
3118
3118
3118
3118
3118
3118
3118
3118
3118
3118
3118
3118
3117
3117
3117
3117
3117
3117
3117
3117
3117
3117
3117
3117
3117
3117
3117
3117
3117
3117
3117
3090
3090
3090
3090
3090
3090
3090
3090
3090
3090
3090
3090
3090
3090
3090
3054
3054
3054
3054
3054
3054
3054
3049
3049
3049
3049
3049
3049
3049
3049
3049
3049
3049
3049
3049
3049
3049
3049
3049
3049
3049
3042
3042
3042
3042
3042
3042
3042
3042
3042
3042
3042
3042
3042
3042
3042
3042
3042
2993
2993
2993
2993
2993
2993
2974
2974
2974
2974
2974
2974
2974
2974
2932
2932
2932
2932
2932
2857
2857
2857
2857
2857
2857
2857
2857
2857
2857
2857
2857
2857
2857
2857
2857
2857
2857
2857
2843
2843
2843
2843
2843
2843
2843
2843
2843
2843
2843
2843
2843
2843
2843
2843
2843
2825
2825
2825
2825
2825
2821
2821
2821
2821
2821
2821
2821
2809
2809
2809
2809
2809
2809
2809
2809
2809
2809
2809
2809
2809
2809
2809
2809
2795
2795
2795
2795
2795
2795
2795
2795
2795
2795
2795
2795
2793
2793
2793
2793
2793
2793
2793
2793
2793
2793
2793
2793
2793
2793
2793
2793
2793
2793
2778
2778
2778
2777
2777
2777
2777
2777
2777
2777
2777
2733
2733
2726
2726
2726
2726
2726
2726
2726
2726
2726
2726
2726
2726
2726
2726
2726
2726
2726
2726
2704
2704
2704
2704
2704
2704
2704
2692
2692
2692
2692
2692
2692
2692
2692
2692
2692
2692
2692
2692
2692
2692
2692
2692
2692
2692
2636
2636
2636
2636
2636
2636
2636
2636
2636
2636
2636
2636
2636
2636
2636
2635
2635
2635
2635
2635
2635
2635
2635
2635
2635
2635
2635
2635
2635
2635
2635
2635
2635
2635
2635
2615
2615
2615
2615
2615
2615
2615
2615
2615
2615
2615
2615
2598
2598
2598
2598
2598
2598
2569
2569
2569
2569
2569
2569
2569
2569
2569
2569
2569
2569
2569
2569
2569
2569
2569
2569
2569
2569
2569
2569
2569
2569
2569
2569
2569
2569
2569
2552
2552
2552
2552
2552
2552
2552
2552
2537
2525
2525
2525
2525
2523
2523
2496
2496
2496
2496
2496
2496
2496
2496
2496
2496
2496
2496
2496
2496
2496
2455
2455
2455
2455
2455
2455
2455
2455
2455
2455
2455
2455
2455
2455
2455
2455
2455
2434
2434
2434
2434
2434
2434
2434
2434
2434
2387
2382
2382
2382
2382
2382
2382
2382
2379
2357
2357
2357
2357
2357
2357
2357
2357
2357
2357
2357
2357
2357
2357
2357
2357
2340
2340
2340
2340
2340
2340
2340
2340
2340
2340
2340
2340
2340
2340
2323
2323
2323
2323
2323
2323
2323
2323
2323
2323
2323
2323
2305
2305
2305
2305
2305
2305
2305
2305
2305
2305
2305
2305
2288
2288
2288
2288
2288
2288
2288
2288
2288
2288
2288
2288
2288
2288
2288
2288
2288
2288
2201
2201
2201
2201
2201
2201
2201
2201
2201
2201
2201
2201
2201
2201
2201
2201
2201
2201
2201
2197
2197
2197
2197
2197
2197
2197
2197
2197
2197
2197
2197
2197
2197
2197
2197
2197
2197
2175
2175
2175
2175
2175
2175
2175
2175
2166
2166
2166
2166
2166
2166
2166
2166
2166
2166
2166
2166
2166
2166
2166
2166
2166
2166
2145
2145
2145
2145
2145
2145
2139
2139
2139
2139
2139
2139
2139
2138
2138
2138
2138
2138
2138
2138
2138
2138
2138
2138
2138
2138
2138
2138
2138
2138
2138
2132
2132
2132
2132
2132
2119
2119
2119
2119
2119
2119
2119
2119
2119
2119
2119
2107
2107
2107
2107
2107
2107
2107
2107
2107
2107
2107
2107
2107
2107
2107
2090
2090
2090
2090
2090
2090
2090
2090
2090
2090
2090
2090
2090
2061
2061
2061
2061
2061
2058
2058
2058
2058
2058
2058
2058
2058
2058
2058
2030
2030
2030
2030
2030
2030
2030
2030
2030
2030
2030
2030
2030
2030
2030
2024
2024
2024
2024
2024
2024
2024
2024
2024
2024
2024
2024
2024
2019
2019
2019
2019
2019
2019
2019
2019
2019
2019
2019
2019
2019
2019
2019
1984
1976
1976
1976
1976
1976
1976
1976
1976
1976
1976
1976
1976
1976
1976
1976
1976
1976
1976
1964
1964
1953
1953
1854
1854
1854
1844
1844
1844
1844
1844
1844
1844
1844
1837
1837
1837
1837
1837
1824
1824
1824
1824
1824
1824
1824
1816
1816
1816
1816
1816
1812
1799
1799
1799
1799
1799
1799
1799
1799
1799
1789
1789
1789
1789
1789
1789
1789
1789
1789
1789
1789
1789
1789
1789
1789
1789
1789
1788
1788
1788
1788
1788
1776
1776
1776
1776
1776
1755
1755
1755
1755
1755
1755
1755
1755
1755
1755
1755
1755
1755
1736
1736
1736
1736
1736
1736
1736
1736
1736
1736
1736
1736
1736
1736
1736
1711
1711
1711
1711
1711
1711
1711
1711
1711
1711
1711
1711
1711
1711
1711
1711
1711
1711
1700
1700
1700
1700
1700
1700
1700
1659
1659
1659
1659
1659
1659
1659
1659
1659
1659
1659
1659
1659
1659
1659
1659
1659
1659
1659
1659
1647
1647
1647
1647
1647
1647
1647
1647
1647
1647
1647
1647
1647
1647
1647
1647
1647
1647
1647
1641
1641
1641
1641
1641
1641
1641
1641
1641
1641
1641
1641
1636
1636
1636
1636
1636
1636
1636
1636
1636
1636
1636
1636
1636
1636
1636
1636
1636
1636
1636
1612
1612
1612
1612
1612
1612
1612
1612
1612
1612
1612
1612
1612
1612
1611
1611
1611
1611
1610
1610
1610
1610
1610
1610
1610
1610
1610
1610
1610
1610
1610
1610
1610
1610
1610
1610
1601
1601
1601
1601
1601
1601
1601
1601
1601
1601
1601
1601
1601
1601
1601
1601
1601
1601
1601
1601
1591
1591
1591
1591
1591
1591
1591
1536
1536
1529
1529
1529
1529
1529
1529
1529
1529
1524
1468
1468
1468
1468
1468
1468
1468
1468
1468
1468
1468
1468
1468
1468
1437
1437
1437
1437
1437
1437
1437
1437
1437
1437
1437
1437
1437
1437
1437
1437
1437
1437
1423
1423
1423
1423
1423
1423
1410
1410
1410
1410
1410
1410
1410
1397
1397
1397
1397
1397
1397
1397
1397
1397
1397
1340
1340
1340
1340
1340
1340
1340
1340
1340
1340
1340
1340
1314
1314
1314
1314
1314
1314
1314
1314
1314
1314
1314
1314
1314
1314
1314
1314
1314
1313
1313
1313
1313
1313
1285
1285
1285
1285
1285
1285
1285
1285
1285
1181
1181
1181
1181
1181
1181
1181
1181
1181
1181
1181
1181
1175
1175
1175
1168
1168
1168
1168
1168
1168
1168
1168
1156
1156
1156
1156
1156
1156
1156
1156
1156
1156
1156
1156
1156
1156
1156
1156
1156
1156
1156
1132
1132
1132
1132
1132
1132
1132
1132
1132
1132
1132
1132
1132
1132
1132
1132
1132
1132
1132
1132
1076
1076
1076
1076
1076
1076
1076
1076
1076
1076
1076
1076
1076
1076
1076
1076
1076
1076
1062
1062
1062
1062
1062
1062
1062
1060
1060
1060
1060
1060
1060
1060
1060
1060
1060
1060
1060
1054
1054
1054
1054
1054
1054
1054
1054
1054
1007
1007
1007
1007
1007
1007
1007
1007
994
994
994
994
994
994
994
994
994
976
976
976
976
976
972
972
972
972
972
972
972
972
937
937
937
937
937
937
937
937
937
937
937
937
937
937
937
903
903
903
903
903
903
903
903
903
903
903
903
903
903
903
903
903
903
903
903
891
891
891
891
891
862
862
862
862
862
862
862
862
862
862
862
862
862
862
843
843
843
843
843
810
810
810
810
810
810
810
810
810
810
810
810
801
801
801
801
801
801
801
801
801
801
801
801
801
801
801
801
801
801
753
739
739
739
739
739
739
739
739
739
739
739
739
739
739
739
739
739
739
735
735
735
735
735
709
709
709
709
709
709
709
709
709
709
709
709
709
709
709
709
709
679
679
679
679
679
679
679
679
679
679
679
679
679
679
679
670
670
670
670
670
670
670
670
670
670
670
670
670
670
670
670
670
662
662
662
662
662
662
662
662
662
662
662
662
662
662
645
645
645
645
645
645
645
645
542
542
542
542
542
542
542
542
484
484
484
484
484
484
484
457
457
457
457
457
457
457
457
457
457
457
457
457
448
439
439
417
417
417
417
417
417
417
417
417
417
417
417
417
417
417
417
417
417
417
417
416
416
416
416
416
416
416
416
416
416
416
416
416
416
416
416
416
416
382
382
382
382
368
368
368
368
368
368
368
368
364
364
364
364
364
364
364
364
364
364
364
364
364
361
361
361
361
361
361
361
361
361
361
361
348
348
348
348
348
317
317
317
317
317
307
307
305
305
305
305
305
305
305
305
305
283
283
283
283
283
279
279
279
279
279
279
279
279
279
279
279
279
279
279
274
274
274
274
274
268
268
268
256
256
256
256
243
243
243
243
243
243
243
243
243
243
243
243
243
223
223
223
223
223
223
223
223
223
223
223
223
223
223
218
218
218
218
218
218
218
218
218
218
188
188
188
188
188
188
185
185
185
185
185
149
149
149
149
149
149
149
149
149
149
149
149
149
149
149
149
129
129
129
129
129
129
129
129
129
129
129
129
129
129
124
124
124
124
124
124
124
124
124
116
116
116
116
116
116
116
116
116
116
116
116
116
116
116
116
58
58
58
58
58
58
58
58
49
49
49
49
49
49
49
49
49
49
49
49
49
44
44
44
44
44
44
44
44
40
40
40
40
40
40
40
32
32
32
32
32
29
29
29
29
29
29
29
29
29
29
2
2
2
2
2
2
2
2
2
2
2
