2555
10000
9969
9969
9969
9969
9969
9969
9969
9969
9969
9969
9917
9917
9917
9868
9868
9868
9868
9868
9868
9868
9868
9868
9868
9868
9856
9856
9856
9856
9856
9856
9856
9856
9856
9856
9856
9856
9856
9856
9856
9856
9791
9791
9791
9791
9791
9791
9791
9791
9791
9791
9791
9791
9791
9776
9776
9776
9776
9776
9776
9776
9776
9776
9776
9776
9776
9720
9720
9720
9720
9720
9720
9720
9720
9720
9720
9720
9720
9705
9705
9705
9705
9705
9705
9705
9705
9705
9702
9692
9692
9692
9692
9692
9692
9666
9666
9666
9666
9666
9666
9639
9639
9639
9639
9639
9639
9639
9639
9639
9639
9639
9639
9639
9639
9639
9639
9639
9639
9520
9488
9488
9488
9488
9488
9488
9488
9488
9488
9488
9488
9488
9488
9488
9488
9488
9488
9488
9475
9437
9437
9437
9437
9437
9437
9437
9437
9437
9437
9437
9437
9437
9437
9437
9437
9322
9322
9322
9322
9322
9322
9322
9322
9322
9322
9322
9322
9322
9322
9322
9322
9322
9322
9316
9316
9316
9316
9316
9316
9316
9316
9316
9316
9316
9316
9316
9316
9316
9316
9209
9209
9209
9209
9209
9159
9159
9159
9159
9159
9159
9159
9159
9159
9159
9159
9159
9159
9159
9159
9159
9159
9159
9159
9064
9023
9023
9023
9023
9023
8949
8949
8949
8949
8949
8949
8949
8949
8923
8922
8922
8922
8922
8922
8922
8922
8922
8857
8857
8857
8857
8857
8857
8857
8857
8857
8857
8857
8857
8857
8857
8857
8857
8857
8832
8832
8832
8832
8832
8832
8832
8832
8832
8832
8832
8832
8832
8832
8832
8832
8832
8832
8705
8705
8705
8705
8705
8705
8705
8705
8705
8705
8705
8705
8705
8705
8705
8678
8678
8678
8678
8678
8678
8678
8678
8678
8678
8678
8676
8676
8676
8676
8676
8653
8653
8653
8653
8653
8653
8653
8653
8653
8653
8653
8653
8653
8653
8653
8653
8653
8653
8560
8560
8560
8560
8560
8560
8560
8560
8560
8560
8560
8560
8560
8560
8560
8560
8560
8560
8560
8560
8553
8553
8553
8553
8553
8553
8553
8553
8553
8553
8553
8553
8553
8553
8553
8553
8553
8542
8542
8542
8542
8542
8542
8542
8542
8542
8510
8510
8510
8510
8510
8510
8510
8510
8510
8510
8510
8510
8510
8510
8510
8510
8509
8509
8509
8509
8509
8509
8509
8509
8468
8468
8468
8468
8468
8468
8468
8468
8468
8402
8402
8402
8402
8402
8402
8365
8365
8365
8365
8365
8365
8365
8365
8365
8364
8364
8364
8364
8364
8364
8364
8364
8364
8364
8364
8364
8364
8364
8334
8334
8334
8334
8334
8334
8334
8334
8334
8334
8334
8334
8334
8334
8334
8334
8334
8333
8333
8333
8333
8333
8333
8333
8333
8333
8333
8333
8333
8333
8333
8333
8333
8333
8333
8333
8333
8333
8333
8333
8279
8279
8279
8279
8279
8279
8279
8279
8279
8279
8279
8279
8279
8279
8279
8279
8279
8279
8279
8260
8260
8260
8260
8260
8260
8260
8260
8122
8122
8122
8122
8122
8122
8122
8122
8122
8122
8122
8010
7995
7995
7995
7995
7952
7952
7952
7952
7952
7952
7952
7952
7952
7948
7948
7948
7948
7948
7948
7948
7948
7948
7948
7948
7948
7948
7889
7889
7851
7851
7851
7849
7849
7849
7834
7834
7834
7834
7834
7806
7806
7806
7806
7806
7806
7762
7762
7762
7762
7762
7762
7762
7762
7762
7744
7744
7731
7731
7731
7731
7731
7731
7731
7731
7731
7731
7731
7731
7731
7731
7731
7731
7731
7731
7731
7731
7730
7730
7730
7730
7730
7730
7730
7730
7730
7730
7730
7730
7730
7730
7730
7709
7709
7709
7709
7709
7709
7709
7709
7709
7709
7662
7662
7662
7662
7662
7662
7660
7634
7634
7634
7634
7634
7634
7634
7634
7634
7634
7634
7634
7617
7617
7617
7617
7617
7617
7617
7617
7617
7617
7617
7617
7552
7552
7552
7552
7552
7552
7552
7552
7552
7552
7526
7526
7526
7526
7526
7526
7526
7526
7526
7526
7526
7526
7526
7526
7526
7519
7519
7519
7519
7516
7516
7499
7499
7499
7499
7499
7499
7499
7499
7461
7461
7461
7461
7461
7461
7461
7461
7382
7382
7382
7382
7382
7382
7382
7382
7382
7382
7382
7382
7382
7382
7382
7382
7382
7382
7354
7354
7354
7354
7354
7354
7354
7354
7354
7354
7354
7326
7326
7326
7326
7326
7326
7326
7326
7326
7326
7326
7326
7326
7326
7326
7326
7326
7326
7326
7326
7322
7322
7322
7322
7322
7322
7322
7322
7308
7308
7308
7308
7308
7308
7308
7308
7308
7300
7300
7300
7300
7300
7300
7300
7300
7252
7252
7252
7252
7252
7252
7252
7252
7252
7252
7252
7252
7252
7252
7210
7210
7210
7210
7210
7189
7189
7189
7189
7189
7189
7189
7189
7189
7189
7189
7189
7189
7100
7100
7100
7100
7100
7100
7100
7100
7100
7100
7100
7100
7100
7100
7036
7036
7036
7014
7014
7014
7014
7014
7014
7014
7014
7014
7014
7014
7014
7014
7014
7014
7014
7014
7014
7014
7000
6982
6982
6960
6960
6960
6960
6960
6960
6960
6960
6960
6952
6952
6952
6952
6952
6952
6952
6952
6952
6952
6952
6952
6952
6952
6952
6952
6952
6946
6946
6946
6946
6946
6946
6946
6946
6946
6946
6946
6946
6946
6946
6946
6946
6935
6935
6935
6935
6935
6935
6935
6935
6935
6935
6935
6935
6935
6935
6935
6935
6935
6935
6935
6935
6865
6865
6865
6865
6865
6811
6811
6811
6811
6805
6805
6805
6805
6805
6805
6805
6805
6805
6779
6779
6779
6779
6779
6779
6779
6779
6779
6779
6779
6700
6700
6700
6700
6700
6700
6700
6700
6700
6700
6700
6700
6700
6700
6700
6700
6700
6700
6700
6700
6700
6700
6700
6693
6693
6693
6693
6693
6693
6693
6693
6693
6693
6693
6693
6693
6693
6693
6661
6661
6661
6661
6661
6661
6661
6661
6661
6661
6661
6661
6661
6652
6652
6652
6652
6652
6652
6652
6652
6545
6545
6545
6545
6545
6545
6545
6545
6545
6545
6545
6545
6545
6545
6449
6449
6449
6449
6449
6449
6449
6449
6449
6449
6449
6449
6404
6404
6404
6404
6404
6404
6404
6404
6404
6404
6404
6404
6404
6404
6374
6374
6374
6374
6374
6374
6374
6374
6374
6374
6374
6374
6374
6374
6374
6374
6374
6374
6374
6374
6359
6359
6359
6359
6347
6347
6347
6347
6347
6347
6347
6347
6347
6347
6343
6343
6343
6343
6343
6343
6343
6294
6294
6294
6294
6294
6294
6294
6294
6294
6294
6277
6277
6277
6267
6267
6267
6267
6267
6267
6267
6267
6267
6267
6258
6258
6258
6258
6258
6258
6258
6258
6258
6258
6258
6140
6140
6140
6140
6140
6140
6140
6140
6140
6140
6140
6127
6127
6127
6127
6127
6127
6127
6127
6127
6127
6127
6127
6127
6127
6127
6127
6127
6124
6124
6124
6090
6090
6090
6090
6090
6090
6090
6090
6090
6090
6090
6090
6076
6076
6076
6076
6076
6076
6076
6076
6076
6076
6076
6076
6076
6076
6076
6076
6076
6076
6076
6076
6070
6070
6070
6070
6070
6070
6070
6070
6070
6070
6070
6070
6070
6070
6070
6070
6070
6070
6038
6038
6024
6024
6024
6024
6024
6024
6024
6024
6024
6024
6024
6024
6024
6024
6024
6024
6024
6024
5977
5977
5977
5951
5951
5951
5951
5951
5951
5951
5951
5951
5951
5951
5951
5898
5898
5898
5898
5898
5898
5860
5860
5860
5860
5860
5860
5792
5792
5792
5792
5792
5792
5518
5518
5518
5518
5518
5518
5518
5518
5518
5518
5518
5518
5518
5518
5518
5439
5439
5439
5439
5439
5439
5439
5439
5439
5439
5433
5433
5433
5433
5433
5433
5433
5433
5433
5433
5433
5433
5433
5433
5433
5433
5433
5433
5433
5433
5392
5392
5392
5392
5392
5392
5392
5392
5392
5392
5392
5392
5392
5392
5392
5392
5392
5392
5392
5392
5361
5361
5361
5361
5361
5361
5361
5361
5361
5361
5361
5361
5361
5361
5361
5361
5353
5353
5353
5353
5353
5353
5353
5294
5294
5294
5294
5294
5294
5294
5294
5294
5294
5294
5294
5294
5274
5274
5274
5274
5274
5274
5274
5274
5274
5274
5274
5274
5274
5249
5249
5249
5249
5249
5249
5249
5249
5249
5249
5249
5249
5249
5249
5155
5155
5155
5155
5155
5155
5155
5155
5155
5155
5155
5155
5155
5155
5155
5155
5155
5145
5145
5145
5145
5145
5145
5145
5145
5145
5145
5145
5145
5145
5145
5145
5145
5128
5128
5121
5121
5012
5012
5012
5012
5012
5012
5012
4996
4960
4960
4960
4960
4960
4960
4960
4960
4960
4960
4960
4960
4960
4960
4960
4960
4960
4960
4960
4930
4930
4930
4930
4930
4930
4930
4930
4930
4896
4896
4896
4896
4896
4896
4896
4896
4896
4896
4896
4896
4896
4896
4896
4896
4896
4896
4896
4724
4724
4713
4713
4618
4618
4618
4618
4618
4618
4618
4618
4618
4618
4618
4618
4538
4538
4538
4538
4538
4538
4538
4538
4538
4538
4538
4538
4538
4538
4538
4538
4538
4538
4538
4486
4486
4486
4486
4486
4486
4486
4486
4486
4486
4486
4486
4486
4486
4486
4442
4442
4442
4325
4325
4325
4325
4325
4325
4325
4238
4238
4238
4238
4238
4159
4159
4159
4159
4159
4159
4159
4159
4120
4120
4120
4120
4120
4120
4120
4120
4120
4120
4120
4120
4120
4120
4120
4120
4035
3840
3840
3840
3840
3840
3840
3840
3840
3840
3840
3840
3840
3840
3840
3826
3826
3826
3826
3826
3826
3826
3826
3811
3811
3811
3811
3811
3811
3811
3811
3811
3811
3811
3811
3797
3797
3797
3797
3797
3797
3797
3797
3797
3797
3797
3797
3797
3762
3762
3762
3762
3762
3762
3762
3762
3762
3762
3762
3762
3740
3740
3740
3740
3740
3740
3740
3740
3740
3740
3740
3740
3740
3740
3740
3740
3740
3740
3721
3721
3721
3648
3648
3648
3648
3648
3648
3648
3648
3648
3648
3648
3648
3648
3648
3648
3648
3648
3648
3648
3639
3639
3639
3639
3639
3639
3639
3631
3631
3631
3631
3631
3631
3628
3628
3628
3628
3628
3628
3628
3628
3628
3628
3628
3628
3628
3628
3626
3626
3626
3626
3626
3626
3626
3626
3626
3626
3626
3626
3626
3626
3626
3626
3626
3545
3545
3545
3545
3545
3545
3545
3545
3545
3545
3545
3545
3545
3489
3473
3473
3473
3473
3473
3473
3473
3473
3473
3473
3473
3473
3473
3473
3473
3473
3473
3473
3473
3439
3439
3439
3439
3439
3439
3439
3439
3439
3439
3439
3439
3439
3439
3439
3425
3425
3425
3425
3425
3425
3425
3425
3425
3425
3425
3425
3425
3425
3425
3425
3425
3425
3405
3405
3405
3401
3401
3401
3401
3357
3357
3357
3357
3357
3357
3357
3357
3357
3357
3357
3357
3357
3340
3340
3340
3340
3340
3340
3340
3340
3340
3340
3340
3340
3340
3340
3340
3340
3340
3340
3304
3219
3219
3219
3219
3219
3219
3219
3219
3166
3166
3166
3166
3166
3166
3166
3166
3166
3166
3166
3166
3166
3166
3166
3166
3166
3153
3153
3153
3153
3153
3153
3153
3153
3153
3153
3153
3153
3153
3153
3153
3134
3134
3134
3134
3134
3134
3131
3131
3131
3131
3131
3131
3131
3131
3131
3131
3131
3131
3131
3131
3131
3131
3131
3131
3131
3131
3101
3101
3101
3101
3101
3101
3059
3059
3059
3059
3059
3059
3059
3059
3059
3046
3046
3046
2998
2998
2998
2998
2998
2998
2998
2998
2998
2998
2998
2998
2998
2998
2998
2978
2978
2978
2978
2978
2978
2978
2978
2978
2978
2978
2978
2978
2978
2978
2880
2880
2880
2880
2880
2880
2880
2880
2880
2880
2880
2880
2880
2880
2880
2880
2880
2877
2877
2877
2877
2877
2877
2877
2844
2844
2844
2844
2844
2844
2844
2844
2844
2844
2844
2844
2838
2838
2758
2758
2758
2758
2758
2758
2659
2659
2659
2659
2659
2659
2659
2659
2659
2659
2659
2655
2655
2655
2655
2655
2655
2655
2655
2655
2655
2576
2576
2576
2576
2576
2576
2576
2576
2576
2576
2576
2505
2505
2505
2482
2482
2482
2482
2482
2482
2482
2482
2482
2482
2482
2482
2482
2482
2482
2478
2478
2390
2390
2390
2390
2390
2390
2390
2390
2390
2390
2390
2390
2390
2390
2390
2390
2390
2390
2211
2211
2211
2211
2211
2211
2211
2211
2211
2211
2211
2211
2196
2196
2196
2196
2196
2196
2196
2175
2175
2175
2175
2175
2175
2175
2175
2175
2175
2175
2175
2175
2175
2175
2175
2175
2175
2175
2163
2163
2163
2163
2163
2163
2163
2163
2163
2132
2132
2132
2132
2132
2132
2132
2118
2118
2118
2118
2118
2118
2118
2118
2117
2117
2117
2117
2117
2025
2025
2025
2025
2025
2025
2025
2025
2025
2025
2025
2025
2025
2025
2025
2010
2010
1903
1903
1903
1903
1903
1903
1903
1903
1903
1903
1903
1903
1903
1903
1903
1903
1903
1903
1903
1903
1892
1887
1887
1887
1887
1887
1887
1887
1887
1887
1887
1887
1887
1887
1887
1887
1887
1887
1837
1837
1837
1837
1837
1837
1823
1823
1823
1823
1823
1823
1823
1823
1823
1823
1823
1823
1823
1823
1823
1823
1823
1823
1823
1823
1790
1790
1790
1790
1790
1790
1790
1790
1790
1790
1790
1790
1775
1775
1775
1775
1775
1657
1657
1657
1657
1657
1657
1657
1657
1657
1657
1657
1657
1606
1606
1606
1606
1593
1593
1593
1593
1593
1576
1576
1576
1576
1558
1558
1558
1558
1558
1558
1558
1558
1558
1558
1558
1443
1443
1443
1443
1443
1443
1443
1443
1443
1443
1443
1443
1443
1443
1443
1443
1443
1443
1443
1443
1443
1443
1443
1443
1443
1443
1443
1443
1411
1411
1411
1411
1411
1411
1323
1323
1323
1323
1323
1323
1323
1323
1323
1323
1323
1323
1323
1323
1323
1323
1297
1297
1297
1297
1297
1297
1297
1297
1297
1297
1297
1297
1297
1297
1281
1281
1281
1281
1281
1281
1281
1281
1281
1281
1281
1281
1281
1281
1281
1281
1281
1281
1230
1230
1230
1230
1230
1230
1230
1230
1230
1230
1211
1211
1211
1169
1169
1169
1169
1169
1169
1169
1169
1169
1169
1169
1145
1145
1145
1145
1145
1145
1145
1145
1145
1145
1145
1124
1124
1124
1124
1124
1124
1124
1124
1124
1124
1124
1124
1124
1124
1124
1085
1085
1085
1085
1085
1085
1085
1085
1085
1085
1067
1067
1067
1050
1050
1050
1050
1050
1050
1050
1050
1050
1050
1050
1050
1050
1050
1050
1050
1050
1050
1050
1013
1013
1013
1013
1013
1013
1013
1013
1013
1013
1013
1013
1013
1013
1013
1013
1013
998
998
998
998
998
998
998
998
998
998
998
984
984
984
984
984
984
983
983
983
983
983
983
983
983
983
983
983
983
983
983
948
948
948
948
948
948
948
948
831
831
831
831
782
782
740
740
740
698
698
698
698
698
698
698
698
698
698
698
698
698
698
675
675
675
675
675
675
675
675
675
675
675
633
633
633
633
633
633
633
633
633
633
577
577
577
577
563
563
563
563
563
563
563
563
563
563
563
563
563
563
563
563
433
433
433
433
433
413
413
413
411
362
362
362
362
362
362
362
362
362
352
352
352
352
352
352
352
352
352
310
310
310
310
310
310
310
310
310
310
310
310
310
310
310
310
310
310
310
310
294
294
294
294
294
294
294
258
258
