2846
10000
4987
4987
4987
4987
4987
4987
4987
4987
4987
4987
4987
4987
4987
4987
4987
4987
4987
4987
4987
4984
4984
4984
4984
4984
4984
4984
4984
4984
4984
4974
4974
4974
4974
4974
4974
4974
4974
4974
4974
4974
4974
4974
4974
4974
4974
4943
4943
4943
4943
4943
4943
4883
4883
4883
4883
4883
4883
4883
4883
4883
4883
4883
4883
4883
4883
4883
4883
4883
4883
4883
4877
4877
4877
4877
4877
4877
4848
4848
4848
4848
4848
4848
4848
4848
4848
4848
4848
4848
4848
4848
4848
4848
4848
4848
4848
4848
4842
4842
4842
4842
4842
4842
4842
4842
4842
4813
4813
4813
4813
4813
4796
4796
4796
4796
4796
4796
4776
4776
4776
4776
4776
4776
4776
4776
4776
4776
4776
4776
4763
4763
4763
4763
4763
4763
4763
4763
4763
4763
4763
4763
4763
4763
4763
4763
4763
4761
4761
4761
4761
4761
4761
4761
4761
4761
4761
4761
4761
4761
4761
4761
4761
4761
4715
4715
4715
4715
4715
4715
4715
4715
4715
4715
4715
4715
4715
4715
4715
4708
4708
4708
4708
4708
4708
4708
4708
4708
4708
4708
4708
4708
4708
4708
4708
4708
4708
4708
4695
4670
4670
4670
4670
4670
4670
4670
4670
4633
4633
4633
4633
4633
4633
4633
4633
4633
4633
4633
4633
4633
4633
4633
4633
4633
4633
4633
4633
4591
4591
4591
4591
4591
4591
4591
4591
4591
4591
4591
4591
4591
4591
4591
4591
4591
4591
4591
4578
4578
4578
4578
4560
4560
4560
4551
4551
4551
4551
4551
4551
4551
4551
4551
4551
4551
4551
4551
4507
4507
4507
4507
4507
4507
4507
4507
4507
4507
4507
4507
4507
4507
4507
4507
4507
4507
4507
4500
4500
4500
4500
4500
4500
4489
4489
4489
4489
4489
4489
4489
4489
4489
4489
4489
4489
4489
4489
4489
4489
4489
4489
4489
4489
4473
4473
4473
4473
4473
4473
4473
4473
4473
4473
4473
4473
4473
4473
4473
4471
4471
4471
4471
4471
4471
4471
4471
4471
4471
4471
4471
4471
4471
4471
4471
4419
4419
4419
4419
4419
4419
4419
4419
4419
4419
4419
4419
4419
4419
4419
4392
4392
4392
4392
4392
4392
4392
4392
4359
4359
4359
4359
4359
4359
4359
4359
4359
4359
4359
4359
4359
4359
4359
4359
4359
4335
4335
4335
4335
4335
4335
4335
4335
4335
4335
4335
4335
4335
4335
4335
4335
4335
4335
4327
4327
4327
4327
4327
4327
4327
4327
4327
4327
4327
4327
4327
4327
4327
4327
4327
4327
4327
4262
4262
4262
4262
4262
4262
4262
4228
4228
4228
4228
4228
4228
4228
4228
4228
4228
4228
4228
4228
4228
4221
4221
4221
4221
4221
4221
4221
4192
4192
4192
4192
4192
4192
4192
4192
4192
4192
4192
4192
4192
4192
4192
4140
4140
4140
4140
4140
4140
4140
4140
4140
4140
4140
4127
4127
4127
4127
4127
4127
4127
4127
4127
4127
4127
4127
4127
4120
4120
4120
4120
4120
4120
4120
4120
4120
4120
4120
4120
4120
4070
4070
4070
4070
4070
4070
4070
4054
4054
4054
4054
4054
4054
4054
4054
4054
4054
4054
4054
4054
4047
4047
4047
4047
4047
4047
4047
4047
4047
4047
4047
4047
4047
4047
4030
4030
4030
4030
4030
4030
4030
4030
4030
4030
4030
4030
4030
3995
3995
3995
3995
3995
3995
3995
3995
3995
3995
3995
3995
3995
3995
3995
3995
3995
3994
3994
3994
3994
3994
3994
3994
3994
3994
3994
3994
3994
3994
3994
3994
3971
3971
3971
3971
3971
3971
3971
3971
3971
3971
3971
3971
3971
3971
3971
3970
3970
3970
3970
3970
3970
3944
3944
3944
3944
3944
3944
3944
3944
3944
3944
3944
3944
3944
3944
3944
3944
3922
3922
3922
3922
3922
3922
3922
3922
3922
3922
3922
3922
3922
3922
3922
3922
3896
3896
3896
3896
3896
3896
3896
3896
3896
3888
3888
3888
3888
3888
3888
3888
3888
3888
3888
3888
3888
3888
3888
3888
3888
3888
3836
3836
3836
3836
3836
3836
3836
3836
3799
3799
3799
3799
3799
3799
3799
3799
3799
3799
3799
3799
3799
3799
3763
3763
3763
3763
3763
3763
3763
3763
3763
3763
3763
3763
3763
3763
3763
3763
3763
3763
3744
3744
3744
3744
3744
3744
3744
3743
3743
3743
3743
3743
3743
3743
3743
3743
3743
3743
3743
3743
3743
3743
3743
3743
3743
3724
3724
3724
3724
3724
3724
3724
3724
3724
3706
3706
3706
3706
3706
3706
3706
3706
3706
3706
3684
3684
3684
3684
3684
3684
3684
3684
3684
3684
3684
3684
3684
3684
3663
3663
3663
3663
3663
3663
3663
3650
3650
3650
3650
3650
3650
3650
3650
3650
3627
3627
3627
3626
3626
3626
3626
3626
3626
3626
3626
3626
3626
3626
3626
3626
3626
3626
3626
3626
3626
3626
3626
3626
3626
3626
3626
3626
3626
3626
3626
3626
3626
3626
3626
3587
3587
3587
3587
3587
3558
3558
3558
3558
3558
3558
3558
3558
3558
3558
3558
3558
3558
3558
3558
3538
3538
3538
3538
3538
3538
3538
3538
3538
3538
3519
3519
3519
3519
3519
3519
3519
3519
3519
3519
3519
3519
3519
3519
3519
3519
3519
3519
3519
3516
3516
3516
3516
3516
3516
3516
3516
3516
3516
3516
3516
3516
3516
3516
3496
3496
3496
3496
3496
3496
3496
3496
3496
3496
3496
3496
3496
3496
3496
3496
3496
3496
3496
3490
3490
3490
3479
3479
3479
3479
3479
3479
3479
3479
3479
3479
3479
3479
3479
3479
3479
3479
3479
3479
3479
3479
3465
3449
3449
3449
3446
3437
3437
3437
3437
3437
3437
3437
3437
3437
3437
3437
3437
3437
3437
3437
3437
3437
3409
3409
3409
3409
3409
3409
3409
3409
3409
3409
3409
3409
3409
3409
3409
3409
3409
3409
3409
3373
3373
3373
3373
3373
3373
3373
3373
3373
3373
3373
3364
3364
3364
3364
3364
3364
3364
3364
3364
3364
3364
3364
3364
3364
3364
3364
3364
3331
3331
3331
3331
3331
3331
3331
3331
3331
3331
3331
3331
3331
3326
3326
3326
3326
3326
3326
3326
3326
3326
3326
3326
3326
3326
3326
3326
3326
3326
3313
3313
3313
3313
3313
3313
3313
3313
3313
3313
3313
3313
3313
3299
3299
3299
3266
3266
3266
3266
3266
3266
3266
3266
3266
3266
3266
3266
3266
3266
3266
3266
3266
3262
3262
3262
3262
3262
3262
3262
3262
3262
3262
3262
3262
3262
3262
3262
3262
3262
3262
3262
3257
3257
3257
3257
3257
3257
3257
3257
3257
3257
3257
3257
3257
3257
3257
3240
3240
3240
3240
3240
3240
3240
3240
3240
3240
3240
3240
3240
3237
3237
3237
3237
3237
3237
3237
3232
3232
3232
3232
3232
3232
3232
3232
3232
3232
3232
3232
3232
3232
3232
3229
3215
3215
3215
3215
3215
3215
3215
3215
3215
3214
3214
3214
3214
3214
3214
3214
3214
3214
3214
3214
3214
3214
3214
3214
3214
3214
3198
3198
3198
3198
3198
3198
3198
3198
3198
3198
3198
3198
3198
3198
3188
3188
3188
3188
3188
3188
3188
3188
3188
3188
3188
3188
3188
3188
3141
3141
3141
3141
3141
3141
3141
3141
3141
3141
3141
3141
3141
3141
3141
3141
3141
3141
3141
3095
3095
3095
3095
3095
3095
3095
3095
3095
3095
3095
3095
3095
3095
3095
3095
3095
3095
3095
3095
3077
3077
3077
3077
3077
3077
3073
3073
3073
3073
3073
3073
3073
3073
3073
3073
3073
3073
3073
3073
3073
3073
3069
3069
3069
3069
3069
3069
3069
3069
3069
3069
3069
3069
3069
3069
3069
3069
3069
3069
3069
3062
3062
3062
3062
3062
3062
3062
3062
3062
3062
3062
3059
3042
3042
3042
3042
3042
3042
3042
3042
3042
3042
3042
3042
3042
3042
3042
3042
3042
3042
3042
3035
3035
3035
3035
3035
3035
3008
3008
3008
3008
3008
3008
3008
3008
3008
3008
3008
3008
3008
3008
3008
3008
3008
3008
3008
2987
2987
2987
2987
2987
2987
2987
2987
2987
2987
2987
2987
2987
2987
2987
2987
2987
2987
2986
2986
2986
2986
2986
2986
2986
2986
2986
2986
2986
2986
2981
2981
2981
2981
2981
2979
2979
2979
2979
2979
2979
2979
2979
2979
2979
2979
2964
2964
2964
2964
2964
2949
2949
2949
2949
2949
2949
2949
2949
2949
2949
2949
2949
2949
2949
2949
2949
2949
2945
2945
2945
2945
2945
2945
2945
2945
2945
2945
2945
2945
2945
2945
2945
2945
2945
2945
2945
2943
2943
2943
2943
2943
2943
2943
2943
2941
2941
2941
2941
2941
2941
2941
2941
2941
2941
2941
2941
2941
2941
2934
2934
2934
2934
2934
2934
2934
2934
2934
2934
2934
2934
2934
2934
2934
2934
2934
2934
2934
2934
2916
2916
2916
2916
2916
2894
2894
2894
2894
2894
2894
2894
2894
2894
2894
2894
2894
2894
2894
2894
2894
2894
2894
2882
2882
2882
2882
2882
2882
2882
2882
2882
2882
2872
2872
2872
2872
2872
2872
2872
2869
2869
2869
2869
2842
2842
2842
2842
2842
2842
2842
2842
2842
2842
2842
2842
2842
2842
2842
2842
2842
2819
2819
2819
2819
2791
2791
2778
2778
2778
2778
2778
2778
2778
2778
2778
2778
2778
2778
2778
2778
2778
2778
2761
2761
2761
2761
2761
2761
2761
2761
2761
2761
2724
2724
2724
2724
2724
2724
2724
2724
2724
2718
2718
2718
2718
2718
2718
2718
2718
2718
2718
2718
2718
2718
2718
2718
2718
2718
2718
2718
2718
2689
2689
2689
2689
2689
2689
2689
2689
2689
2689
2689
2687
2687
2687
2667
2667
2667
2667
2667
2667
2667
2667
2667
2667
2667
2667
2667
2667
2667
2667
2667
2667
2667
2646
2646
2646
2646
2646
2646
2646
2646
2646
2646
2613
2613
2613
2613
2613
2596
2596
2596
2596
2596
2596
2596
2596
2596
2596
2596
2596
2596
2596
2596
2596
2596
2596
2596
2576
2576
2576
2576
2576
2570
2570
2570
2570
2494
2494
2494
2494
2494
2494
2494
2494
2494
2494
2494
2494
2494
2494
2494
2494
2494
2494
2494
2494
2493
2493
2493
2493
2493
2493
2493
2493
2493
2493
2493
2493
2493
2493
2493
2474
2474
2474
2474
2474
2474
2474
2474
2474
2474
2474
2474
2465
2465
2465
2427
2333
2333
2313
2313
2313
2313
2313
2313
2313
2313
2313
2256
2239
2239
2239
2239
2239
2239
2239
2239
2239
2239
2239
2239
2229
2229
2229
2229
2229
2229
2229
2229
2229
2229
2229
2229
2225
2225
2225
2225
2225
2225
2225
2225
2225
2225
2225
2225
2225
2225
2225
2225
2225
2225
2225
2218
2218
2218
2218
2218
2218
2218
2218
2218
2218
2195
2195
2195
2195
2195
2195
2195
2195
2195
2195
2195
2195
2195
2195
2195
2195
2195
2190
2190
2190
2190
2190
2190
2190
2190
2190
2190
2190
2190
2190
2190
2190
2190
2190
2155
2155
2155
2155
2155
2155
2155
2155
2155
2155
2155
2155
2155
2155
2155
2155
2155
2155
2155
2155
2148
2148
2130
2130
2130
2130
2130
2130
2130
2130
2130
2130
2130
2128
2128
2128
2128
2120
2120
2120
2120
2120
2120
2120
2120
2120
2120
2120
2120
2120
2120
2120
2120
2120
2120
2120
2086
2086
2086
2086
2086
2086
2086
2086
2086
2086
2061
2013
1991
1991
1991
1991
1991
1991
1991
1991
1991
1991
1981
1981
1981
1981
1981
1971
1971
1971
1971
1971
1971
1971
1971
1971
1971
1971
1971
1971
1957
1935
1935
1935
1935
1935
1935
1935
1935
1919
1919
1919
1918
1918
1918
1918
1918
1918
1918
1918
1918
1918
1918
1918
1918
1891
1891
1884
1884
1884
1884
1884
1884
1884
1884
1884
1884
1884
1884
1884
1884
1884
1884
1884
1884
1874
1874
1874
1874
1874
1874
1874
1874
1874
1874
1874
1874
1825
1825
1825
1825
1825
1825
1825
1825
1825
1825
1825
1825
1825
1814
1814
1814
1814
1814
1814
1814
1814
1786
1786
1786
1786
1786
1786
1786
1786
1786
1786
1786
1786
1786
1773
1773
1773
1773
1773
1773
1773
1773
1773
1773
1773
1773
1773
1773
1773
1773
1773
1773
1773
1773
1742
1742
1742
1742
1742
1742
1742
1742
1742
1742
1742
1742
1742
1737
1737
1737
1737
1737
1737
1737
1737
1737
1737
1737
1732
1732
1732
1732
1732
1722
1722
1722
1722
1722
1722
1722
1722
1722
1722
1722
1722
1722
1722
1722
1709
1709
1709
1709
1709
1709
1706
1706
1706
1706
1706
1706
1706
1706
1706
1706
1706
1706
1706
1703
1703
1703
1703
1703
1703
1703
1703
1703
1703
1703
1703
1699
1694
1694
1694
1694
1694
1694
1694
1694
1694
1694
1694
1694
1694
1694
1694
1691
1691
1691
1691
1691
1691
1691
1691
1691
1691
1691
1691
1691
1691
1691
1691
1691
1691
1691
1691
1656
1656
1656
1656
1656
1656
1656
1656
1656
1656
1656
1656
1656
1656
1656
1656
1656
1656
1653
1653
1653
1653
1653
1653
1653
1653
1653
1653
1653
1653
1653
1653
1653
1653
1653
1642
1642
1642
1642
1642
1626
1626
1626
1626
1626
1626
1626
1626
1626
1618
1618
1618
1618
1618
1618
1618
1618
1618
1618
1618
1618
1618
1618
1618
1618
1618
1618
1618
1616
1616
1570
1570
1545
1545
1545
1545
1545
1545
1545
1545
1545
1545
1545
1545
1545
1545
1545
1545
1545
1545
1545
1545
1528
1528
1528
1528
1528
1528
1528
1528
1528
1528
1528
1528
1528
1528
1528
1528
1528
1528
1528
1528
1424
1424
1424
1424
1424
1424
1424
1424
1424
1424
1424
1424
1424
1424
1424
1392
1392
1392
1392
1327
1327
1327
1327
1327
1327
1327
1327
1327
1327
1327
1312
1312
1312
1312
1312
1312
1312
1312
1312
1312
1307
1307
1307
1307
1307
1307
1307
1307
1307
1307
1307
1307
1307
1307
1307
1307
1307
1307
1268
1268
1268
1268
1268
1268
1268
1268
1268
1268
1268
1268
1268
1268
1268
1268
1268
1268
1268
1268
1263
1263
1263
1258
1258
1258
1258
1258
1258
1258
1258
1258
1246
1246
1246
1246
1246
1246
1246
1246
1246
1246
1246
1246
1192
1183
1183
1183
1183
1183
1183
1183
1183
1149
1138
1138
1138
1096
1096
1096
1096
1096
1096
1096
1043
1043
1043
1043
1043
1043
1043
1043
1043
1043
1043
1043
1043
1043
1043
1043
981
981
981
981
981
975
975
975
975
975
975
975
975
975
975
903
903
903
903
903
903
903
903
903
903
903
903
903
903
903
903
903
880
880
880
880
880
880
880
880
880
880
880
880
867
867
867
867
852
852
852
852
852
852
852
852
852
852
852
852
852
852
852
834
834
834
834
832
832
832
832
832
832
832
832
832
832
832
832
832
832
832
832
832
832
832
804
804
804
804
804
804
804
804
804
804
804
764
764
764
764
764
764
764
764
764
764
764
764
764
764
764
764
733
733
733
733
733
733
733
733
733
733
733
733
697
697
697
697
697
697
697
697
697
697
697
697
697
697
697
692
692
692
692
692
692
692
692
692
692
692
692
692
692
692
692
692
692
692
692
655
655
655
655
655
655
655
655
655
655
655
655
655
655
655
655
655
655
655
655
651
651
650
650
650
650
650
650
650
650
650
650
650
650
650
650
650
650
650
650
650
650
623
623
623
608
608
608
608
608
608
608
608
608
608
608
608
608
608
608
608
608
602
602
602
602
602
602
581
581
581
581
581
581
581
517
517
517
517
517
517
517
509
509
480
480
480
476
476
476
476
476
476
476
476
476
464
464
464
464
464
464
464
464
464
464
464
464
436
436
436
436
436
436
436
436
411
411
411
411
411
411
411
411
411
411
411
411
411
411
411
411
411
411
411
381
381
381
381
381
381
381
381
381
381
381
381
381
381
381
381
381
381
363
363
363
353
353
353
353
353
353
353
353
353
353
353
353
353
353
353
353
353
353
353
353
337
337
337
334
334
334
334
334
334
311
311
311
311
311
311
311
272
272
272
272
272
272
272
272
272
272
272
272
272
272
272
272
272
272
240
240
240
240
240
240
240
240
240
240
240
240
240
193
193
193
193
193
193
193
193
193
193
193
193
193
193
193
193
193
193
193
171
171
171
171
171
171
171
171
171
171
171
171
171
171
171
171
163
163
163
163
163
99
99
99
99
99
99
99
99
99
99
99
55
55
55
55
55
55
55
55
55
55
55
55
50
50
50
50
50
50
50
50
50
50
50
50
50
50
46
46
46
46
44
44
44
44
44
44
44
44
44
44
44
44
44
44
44
35
35
35
35
35
35
22
22
22
22
22
22
22
22
22
22
22
22
22
22
