2547
10000
9942
9942
9942
9895
9895
9895
9895
9895
9895
9895
9895
9878
9878
9878
9878
9878
9878
9878
9878
9878
9878
9878
9878
9870
9870
9870
9870
9870
9870
9870
9870
9870
9870
9845
9845
9845
9845
9845
9845
9845
9845
9845
9845
9845
9845
9845
9814
9814
9814
9814
9758
9758
9758
9758
9758
9723
9723
9723
9723
9723
9723
9723
9723
9723
9723
9723
9710
9710
9710
9710
9710
9710
9710
9710
9710
9710
9710
9710
9710
9698
9698
9698
9698
9698
9698
9698
9698
9698
9698
9698
9698
9698
9698
9698
9698
9670
9670
9670
9670
9670
9638
9633
9629
9629
9629
9629
9629
9629
9629
9629
9629
9629
9629
9629
9629
9629
9629
9629
9629
9629
9629
9610
9610
9610
9610
9610
9610
9610
9610
9610
9610
9610
9610
9610
9610
9610
9599
9599
9599
9599
9599
9599
9599
9599
9599
9599
9599
9599
9599
9599
9599
9599
9599
9599
9599
9599
9488
9488
9488
9488
9488
9488
9488
9488
9488
9488
9488
9488
9488
9488
9488
9488
9488
9488
9488
9488
9468
9468
9453
9453
9453
9453
9453
9453
9453
9453
9453
9453
9453
9453
9453
9421
9421
9421
9421
9421
9421
9421
9421
9421
9421
9421
9421
9420
9420
9420
9420
9420
9420
9420
9420
9420
9420
9420
9420
9420
9420
9420
9420
9384
9384
9384
9384
9384
9384
9384
9384
9384
9384
9384
9384
9384
9384
9384
9365
9365
9365
9365
9365
9365
9365
9365
9365
9365
9365
9365
9365
9358
9358
9358
9358
9358
9358
9358
9358
9358
9358
9358
9358
9358
9358
9358
9358
9358
9358
9339
9339
9339
9339
9339
9339
9339
9339
9339
9339
9339
9339
9339
9339
9326
9326
9326
9326
9326
9326
9326
9326
9326
9326
9326
9326
9326
9326
9326
9326
9326
9326
9326
9326
9224
9224
9224
9224
9224
9224
9224
9224
9224
9224
9224
9224
9224
9224
9224
9224
9162
9162
9162
9162
9162
9162
9162
9162
9162
9162
9162
9162
9156
9156
9156
9156
9156
9156
9156
9156
9156
9156
9156
9156
9156
9156
9156
9156
9156
9129
9129
9086
9086
9086
9086
9086
9086
9086
9067
9067
9067
9067
9067
9067
9067
9067
9067
9067
9067
9024
9024
9024
9024
9024
9024
9024
9024
8954
8954
8954
8954
8954
8945
8945
8883
8883
8883
8883
8883
8883
8871
8871
8871
8871
8871
8871
8871
8871
8871
8871
8871
8871
8786
8786
8786
8786
8786
8786
8786
8786
8786
8786
8786
8786
8786
8786
8786
8771
8771
8771
8771
8771
8771
8771
8771
8771
8771
8771
8771
8771
8771
8771
8771
8771
8771
8732
8732
8732
8732
8732
8732
8660
8660
8660
8660
8660
8660
8660
8660
8660
8660
8660
8660
8660
8660
8660
8660
8660
8660
8660
8636
8636
8636
8636
8636
8636
8636
8636
8636
8636
8550
8550
8550
8550
8550
8550
8550
8550
8550
8550
8550
8550
8550
8550
8550
8550
8550
8550
8550
8522
8478
8478
8478
8478
8478
8478
8458
8458
8458
8458
8458
8458
8458
8458
8458
8458
8458
8458
8458
8458
8458
8458
8458
8458
8458
8458
8455
8455
8455
8455
8455
8455
8437
8437
8437
8437
8437
8437
8437
8437
8403
8403
8403
8403
8403
8403
8403
8403
8403
8403
8403
8403
8403
8403
8403
8403
8332
8293
8293
8293
8293
8293
8293
8293
8293
8293
8293
8293
8293
8293
8293
8293
8293
8293
8293
8293
8275
8275
8275
8275
8275
8275
8275
8275
8275
8275
8275
8275
8275
8275
8275
8275
8275
8275
8275
8142
8142
8142
8142
8142
8142
8142
8142
8142
8142
8142
8142
8142
8142
8073
8073
8073
8073
8073
8073
8073
8012
8012
8012
8012
8012
8012
8012
8012
8012
8012
8001
8001
8001
8001
8001
8001
8001
8001
8001
8001
7973
7908
7908
7908
7908
7908
7908
7871
7871
7871
7871
7871
7871
7871
7871
7789
7789
7789
7789
7789
7789
7767
7767
7767
7767
7767
7767
7767
7767
7767
7767
7767
7764
7764
7764
7764
7764
7764
7764
7764
7764
7764
7764
7757
7757
7757
7757
7757
7681
7681
7681
7681
7681
7681
7681
7681
7681
7681
7585
7585
7585
7585
7585
7585
7585
7585
7585
7585
7585
7518
7518
7518
7518
7518
7518
7518
7518
7518
7518
7473
7473
7473
7473
7473
7473
7473
7473
7473
7473
7473
7473
7473
7473
7473
7473
7473
7473
7473
7473
7451
7451
7451
7451
7451
7451
7439
7439
7439
7439
7439
7439
7439
7439
7439
7439
7439
7439
7439
7246
7246
7246
7246
7246
7246
7246
7246
7246
7246
7246
7246
7246
7246
7211
7211
7211
7211
7211
7211
7211
7211
7211
7211
7113
7113
7113
7113
7113
7113
7113
7113
7113
7113
7113
7113
7113
7113
7113
7036
7036
7036
7028
7028
7028
7028
7028
7028
7028
7028
6986
6986
6986
6986
6986
6986
6986
6986
6986
6986
6986
6986
6908
6908
6908
6908
6908
6908
6908
6908
6908
6900
6900
6900
6900
6900
6900
6900
6900
6900
6900
6900
6900
6900
6900
6900
6900
6900
6857
6857
6857
6857
6805
6805
6805
6805
6805
6805
6805
6805
6805
6805
6805
6805
6805
6805
6805
6805
6805
6782
6782
6782
6782
6782
6765
6765
6765
6765
6765
6765
6765
6765
6765
6765
6765
6765
6694
6694
6694
6694
6694
6694
6694
6694
6694
6694
6694
6694
6694
6694
6694
6694
6694
6694
6694
6677
6677
6677
6677
6677
6677
6677
6677
6677
6677
6677
6670
6670
6670
6670
6670
6670
6648
6648
6648
6648
6648
6648
6648
6648
6633
6633
6633
6633
6633
6633
6633
6633
6633
6633
6633
6494
6460
6460
6460
6460
6460
6460
6460
6460
6460
6460
6460
6460
6460
6460
6460
6460
6422
6422
6422
6422
6422
6422
6422
6422
6422
6422
6422
6422
6422
6422
6422
6422
6422
6405
6405
6405
6405
6405
6405
6399
6399
6388
6388
6388
6388
6388
6388
6388
6388
6388
6388
6388
6388
6388
6379
6379
6379
6379
6379
6379
6379
6379
6379
6379
6379
6379
6379
6379
6338
6338
6338
6338
6338
6338
6338
6338
6338
6338
6338
6338
6246
6246
6246
6246
6246
6246
6246
6246
6246
6207
6207
6207
6207
6207
6207
6207
6207
6207
6207
6207
6202
6202
6202
6202
6202
6182
6182
6182
6122
6122
6122
6122
6122
6122
6122
6114
6114
6114
6114
6114
6114
6114
6114
6114
6114
6114
6022
6022
6022
6021
6021
6021
6021
6021
6021
6021
6021
6017
6017
6017
6017
5918
5918
5918
5918
5918
5918
5918
5918
5918
5918
5918
5918
5918
5918
5852
5852
5852
5852
5852
5852
5852
5852
5852
5852
5852
5852
5852
5829
5703
5703
5599
5599
5599
5599
5599
5599
5599
5599
5599
5599
5592
5592
5592
5592
5592
5592
5592
5592
5592
5592
5592
5592
5592
5592
5592
5592
5592
5549
5549
5549
5549
5549
5549
5549
5549
5549
5549
5549
5549
5534
5534
5534
5534
5534
5534
5534
5534
5532
5532
5532
5532
5532
5532
5532
5532
5532
5532
5532
5532
5532
5532
5473
5473
5473
5473
5473
5473
5473
5473
5473
5473
5473
5473
5473
5473
5473
5473
5473
5473
5471
5471
5471
5471
5471
5471
5471
5471
5471
5471
5471
5471
5471
5471
5471
5471
5471
5442
5442
5442
5442
5442
5442
5442
5442
5442
5442
5442
5442
5442
5442
5442
5330
5330
5330
5330
5330
5330
5330
5330
5330
5330
5330
5330
5330
5330
5330
5314
5314
5314
5314
5314
5314
5314
5314
5314
5307
5307
5307
5307
5307
5307
5307
5307
5307
5307
5307
5307
5307
5307
5258
5258
5258
5258
5258
5258
5258
5258
5258
5258
5258
5258
5235
5235
5235
5235
5235
5235
5235
5235
5235
5235
5235
5235
5235
5180
5180
5180
5180
5122
5122
5122
5122
5122
5122
5122
5122
5122
5122
5122
5122
5122
5122
5122
5122
5122
5122
5042
5042
5042
5042
5039
5039
5039
5039
5039
5039
5030
5030
5030
5030
5030
5030
5030
5030
5030
5030
5030
5030
5030
5030
5030
5030
5030
5030
5029
5029
5029
5008
5008
5008
5008
5008
5008
5008
5008
5008
5008
5008
5008
5008
4915
4897
4897
4897
4897
4897
4897
4897
4897
4897
4897
4897
4897
4897
4897
4897
4897
4897
4897
4778
4778
4778
4778
4778
4778
4778
4778
4778
4778
4778
4778
4778
4778
4778
4778
4778
4778
4778
4773
4773
4773
4773
4773
4773
4773
4773
4773
4773
4773
4773
4773
4773
4732
4732
4732
4732
4732
4732
4732
4732
4732
4732
4732
4732
4732
4732
4702
4702
4702
4702
4702
4702
4702
4702
4702
4702
4702
4678
4678
4678
4678
4678
4678
4678
4678
4678
4678
4678
4678
4678
4678
4678
4678
4678
4678
4667
4667
4637
4637
4637
4637
4604
4604
4604
4604
4604
4604
4604
4604
4604
4604
4604
4604
4604
4558
4553
4553
4553
4553
4553
4553
4420
4420
4420
4420
4420
4332
4332
4332
4332
4332
4332
4313
4313
4313
4313
4313
4313
4313
4313
4313
4313
4285
4285
4285
4285
4285
4285
4285
4285
4285
4285
4285
4285
4285
4285
4285
4285
4285
4283
4283
4283
4283
4283
4283
4283
4283
4283
4283
4283
4283
4283
4157
4157
4157
4157
4157
4157
4157
4157
4157
4157
4157
4157
4157
4157
4157
4157
4157
4157
4157
4157
4157
4157
4157
4149
4149
4149
4149
4149
4149
4149
4149
4149
4149
4149
4149
4149
4139
4139
4139
4139
4139
4139
4139
4135
4135
4135
4135
4135
4135
4135
4135
4135
4135
4135
4135
4135
4135
4135
4135
4135
4135
4135
4026
4026
4026
4026
4026
4026
4026
4026
3998
3998
3998
3998
3998
3998
3998
3998
3998
3998
3998
3998
3998
3990
3990
3990
3990
3968
3968
3968
3968
3968
3968
3968
3968
3968
3968
3968
3968
3968
3968
3968
3968
3964
3964
3964
3964
3964
3964
3949
3872
3872
3872
3872
3872
3872
3872
3872
3872
3862
3862
3862
3862
3862
3862
3862
3862
3862
3862
3862
3862
3862
3862
3862
3862
3862
3833
3833
3833
3833
3833
3833
3833
3815
3815
3815
3815
3815
3815
3815
3815
3815
3815
3815
3815
3815
3815
3815
3815
3815
3815
3813
3813
3813
3813
3813
3796
3796
3783
3783
3783
3739
3739
3739
3739
3739
3739
3739
3739
3739
3714
3714
3714
3685
3685
3685
3685
3685
3685
3685
3685
3683
3683
3620
3620
3620
3620
3620
3620
3620
3620
3620
3620
3620
3620
3620
3620
3620
3600
3600
3600
3476
3476
3476
3476
3476
3476
3476
3476
3476
3476
3476
3476
3476
3476
3476
3476
3476
3476
3467
3467
3467
3467
3467
3467
3467
3467
3467
3467
3440
3440
3440
3440
3440
3440
3440
3440
3440
3440
3440
3440
3430
3430
3430
3430
3430
3430
3430
3430
3430
3430
3430
3430
3430
3430
3430
3411
3411
3411
3411
3411
3411
3411
3411
3411
3411
3411
3411
3411
3411
3411
3411
3411
3411
3411
3411
3375
3375
3375
3375
3375
3375
3375
3375
3375
3375
3375
3375
3375
3375
3375
3375
3375
3375
3375
3253
3253
3253
3253
3253
3253
3253
3253
3253
3253
3253
3253
3253
3253
3253
3253
3248
3248
3248
3248
3248
3248
3248
3248
3248
3248
3248
3248
3248
3248
3248
3248
3248
3248
3248
3151
3151
3151
3151
3151
3151
3151
3151
3151
3151
3151
3151
3006
3006
3006
3006
3006
3006
3006
2995
2995
2995
2982
2982
2982
2982
2982
2982
2982
2982
2982
2982
2982
2982
2982
2982
2982
2982
2982
2981
2981
2981
2981
2981
2981
2981
2981
2981
2981
2981
2981
2981
2981
2981
2981
2909
2909
2909
2909
2909
2909
2909
2909
2909
2909
2909
2909
2909
2909
2909
2909
2909
2909
2909
2896
2896
2896
2896
2896
2896
2892
2892
2892
2892
2892
2892
2892
2892
2892
2892
2892
2879
2879
2858
2858
2858
2858
2858
2858
2858
2858
2627
2627
2627
2627
2627
2627
2531
2531
2531
2531
2531
2531
2531
2531
2531
2531
2531
2531
2531
2531
2531
2531
2531
2531
2531
2498
2498
2498
2498
2498
2498
2498
2498
2498
2498
2498
2498
2498
2498
2498
2498
2473
2473
2473
2473
2473
2436
2424
2424
2424
2424
2424
2424
2424
2335
2335
2335
2335
2335
2335
2335
2335
2335
2335
2335
2335
2335
2335
2335
2335
2247
2247
2247
2247
2247
2247
2247
2247
2247
2247
2247
2146
2146
2146
2146
2146
2146
2146
2146
2146
2146
2146
2092
2092
2092
2092
2092
2092
2092
2092
2092
2092
2092
2092
2092
2092
2092
2092
2087
2087
2087
2087
2087
2087
2087
2087
2087
2087
2087
2087
2053
2053
2053
2053
2053
2053
2053
2053
2053
2053
2053
2034
2034
2034
2034
2034
2034
2034
2034
2034
2034
2034
2034
2034
1991
1991
1991
1991
1991
1991
1991
1991
1989
1989
1989
1979
1979
1979
1979
1979
1979
1979
1979
1979
1979
1979
1927
1927
1927
1927
1927
1927
1927
1927
1927
1927
1927
1904
1904
1904
1852
1852
1852
1852
1852
1852
1852
1852
1852
1852
1852
1852
1852
1852
1852
1852
1852
1852
1852
1852
1848
1848
1848
1848
1848
1848
1848
1848
1848
1746
1746
1746
1746
1746
1746
1746
1746
1746
1746
1746
1746
1746
1616
1616
1616
1616
1616
1616
1616
1607
1607
1607
1607
1607
1607
1607
1607
1607
1607
1607
1607
1607
1607
1607
1593
1593
1593
1593
1593
1593
1593
1551
1551
1551
1551
1551
1551
1551
1551
1551
1551
1542
1542
1542
1542
1542
1542
1542
1542
1542
1542
1542
1542
1542
1542
1542
1542
1542
1542
1542
1542
1481
1481
1481
1481
1481
1481
1481
1481
1481
1481
1461
1461
1461
1434
1434
1434
1434
1434
1434
1434
1434
1434
1434
1434
1434
1434
1347
1347
1268
1268
1268
1268
1268
1268
1268
1268
1268
1268
1268
1268
1268
1268
1268
1226
1226
1226
1223
1223
1223
1223
1223
1223
1223
1223
1223
1223
1223
1223
1223
1223
1223
1223
1223
1223
1223
1156
1156
1156
1156
1156
1128
1128
1128
1128
1128
1128
1128
1128
1128
1128
1128
1128
1128
1128
1128
1128
1053
1053
1053
1053
1053
1053
1053
1053
1053
1053
1044
1044
1044
1044
1044
1044
991
991
991
991
991
991
991
991
991
991
991
991
991
991
981
981
981
981
981
969
969
969
969
969
969
953
953
953
953
953
953
953
953
953
953
953
834
834
809
809
809
722
691
691
691
691
691
691
668
668
668
668
668
668
668
668
668
668
668
668
668
668
581
581
581
581
581
581
580
580
580
580
580
580
580
580
580
580
580
580
580
580
580
580
580
580
580
565
565
559
559
559
559
559
559
559
559
559
559
559
559
559
559
559
559
493
493
493
493
493
419
419
419
419
419
419
419
419
419
419
419
419
419
396
394
394
394
394
394
394
394
394
394
394
394
394
394
394
394
394
394
394
355
355
355
355
355
355
355
355
355
355
355
355
337
337
337
337
337
337
337
331
331
331
331
331
297
297
297
297
297
297
157
157
157
157
157
157
157
157
153
153
153
153
153
153
153
153
153
153
115
115
115
115
105
105
105
105
105
105
105
105
105
105
105
105
31
31
31
31
31
31
31
31
31
31
31
31
31
