2365
10000
7490
7490
7490
7490
7490
7490
7490
7490
7490
7424
7424
7424
7424
7424
7424
7424
7424
7424
7424
7424
7424
7424
7424
7424
7424
7424
7409
7409
7409
7409
7409
7405
7405
7405
7405
7405
7405
7405
7405
7405
7405
7405
7405
7405
7405
7405
7405
7405
7366
7366
7366
7345
7345
7345
7345
7345
7345
7345
7345
7345
7253
7253
7253
7253
7253
7253
7218
7218
7218
7218
7180
7180
7180
7180
7180
7156
7156
7156
7156
7156
7156
7114
7114
7114
7114
7093
7093
7093
7093
7093
7093
7093
7093
7093
7093
7093
7093
7093
7093
7093
7093
7093
7093
7093
7091
7091
7091
7091
7091
7091
7091
7091
7091
7091
7091
7091
7091
7091
7091
7091
7091
7076
7076
7076
7076
7076
7076
7076
7076
7076
7076
7076
7076
7076
7076
7076
7076
7076
7076
7076
7076
7047
7047
7047
7047
7047
7047
7010
7010
7010
7010
7010
7010
7010
7001
7001
7001
7001
7001
6951
6951
6951
6951
6951
6951
6951
6951
6951
6951
6951
6951
6951
6941
6941
6941
6932
6932
6932
6932
6932
6932
6932
6932
6932
6930
6930
6930
6930
6930
6930
6930
6930
6930
6900
6900
6900
6900
6900
6900
6900
6900
6900
6900
6900
6900
6900
6869
6869
6869
6869
6869
6869
6869
6869
6869
6869
6869
6869
6869
6869
6869
6869
6869
6869
6849
6849
6849
6837
6837
6837
6792
6792
6792
6792
6792
6792
6792
6792
6759
6759
6759
6759
6756
6756
6756
6744
6744
6744
6744
6744
6744
6744
6744
6744
6744
6744
6744
6744
6727
6727
6727
6727
6727
6727
6727
6727
6727
6727
6727
6727
6727
6727
6727
6727
6727
6727
6727
6727
6723
6723
6723
6723
6723
6715
6715
6715
6715
6715
6715
6715
6715
6715
6715
6715
6715
6715
6715
6715
6715
6715
6667
6667
6667
6667
6667
6667
6667
6662
6662
6662
6662
6662
6662
6662
6662
6662
6662
6662
6662
6662
6662
6662
6662
6662
6662
6649
6631
6631
6631
6631
6631
6631
6631
6631
6631
6631
6631
6631
6631
6631
6631
6631
6631
6631
6631
6552
6552
6552
6552
6552
6552
6552
6552
6552
6552
6552
6552
6552
6552
6542
6542
6542
6542
6542
6542
6542
6542
6542
6542
6514
6514
6514
6514
6514
6514
6514
6514
6514
6514
6514
6451
6451
6451
6451
6451
6451
6451
6451
6451
6445
6445
6445
6445
6445
6445
6445
6445
6445
6445
6445
6405
6405
6405
6405
6405
6405
6405
6405
6405
6405
6298
6298
6298
6298
6298
6290
6278
6278
6275
6275
6275
6275
6275
6275
6275
6275
6275
6275
6275
6275
6275
6275
6275
6258
6258
6258
6258
6258
6258
6258
6197
6197
6197
6197
6197
6182
6182
6182
6182
6182
6182
6181
6181
6181
6181
6181
6181
6181
6181
6181
6181
6181
6181
6181
6181
6181
6181
6181
6181
6181
6181
6165
6165
6165
6165
6165
6165
6165
6165
6165
6081
6081
6081
6080
6080
6065
6065
6065
6065
5971
5971
5971
5971
5971
5971
5971
5971
5971
5964
5964
5964
5964
5964
5964
5964
5964
5964
5964
5964
5964
5964
5964
5964
5964
5964
5964
5964
5964
5964
5964
5964
5964
5964
5934
5934
5934
5934
5934
5934
5934
5934
5934
5934
5894
5894
5894
5894
5894
5894
5894
5894
5894
5894
5894
5894
5894
5894
5825
5825
5825
5825
5825
5825
5825
5825
5825
5825
5825
5825
5825
5762
5762
5762
5723
5723
5723
5723
5723
5723
5723
5723
5723
5723
5723
5723
5723
5698
5698
5698
5674
5674
5674
5674
5674
5674
5674
5674
5674
5674
5674
5674
5670
5670
5670
5670
5670
5621
5621
5621
5621
5579
5579
5579
5497
5497
5497
5497
5497
5497
5497
5497
5497
5497
5497
5497
5497
5458
5456
5456
5456
5456
5435
5435
5435
5435
5435
5435
5435
5435
5435
5435
5435
5435
5435
5435
5373
5373
5373
5373
5373
5351
5332
5332
5332
5332
5332
5332
5332
5332
5300
5300
5300
5300
5300
5300
5300
5300
5300
5300
5300
5300
5300
5279
5279
5279
5279
5279
5279
5279
5279
5279
5279
5279
5279
5279
5279
5279
5279
5178
5178
5178
5178
5178
5178
5178
5178
5175
5175
5175
5175
5175
5175
5175
5175
5175
5167
5167
5167
5167
5167
5167
5167
5167
5167
5167
5167
5167
5167
5152
5152
5152
5152
5152
5152
5152
5152
5152
5098
5084
5046
5046
5046
5046
5046
5046
5046
5046
5046
5043
5043
5043
5043
5043
5043
5043
5043
5009
5009
5009
5009
5009
5009
5009
5009
5009
5009
5009
5009
5009
5009
5009
5009
4934
4934
4934
4934
4921
4921
4921
4921
4921
4921
4921
4921
4921
4921
4895
4895
4895
4895
4895
4895
4895
4895
4895
4895
4895
4895
4895
4895
4895
4895
4895
4895
4895
4895
4869
4869
4869
4869
4869
4869
4833
4833
4833
4833
4833
4833
4833
4833
4833
4833
4833
4833
4833
4826
4826
4826
4826
4826
4826
4826
4826
4826
4826
4826
4826
4826
4826
4811
4811
4811
4811
4811
4811
4811
4758
4758
4758
4758
4758
4758
4758
4758
4758
4758
4758
4745
4745
4745
4745
4745
4745
4745
4745
4745
4745
4745
4745
4745
4745
4745
4704
4704
4704
4704
4704
4704
4704
4704
4704
4704
4704
4704
4704
4704
4704
4704
4704
4704
4641
4641
4641
4641
4641
4641
4641
4641
4641
4641
4641
4641
4641
4641
4641
4641
4641
4641
4620
4620
4620
4620
4620
4573
4573
4573
4573
4573
4573
4573
4573
4573
4573
4573
4573
4573
4573
4573
4573
4573
4573
4537
4537
4537
4537
4537
4537
4537
4537
4537
4537
4537
4537
4525
4525
4525
4525
4525
4518
4518
4518
4518
4518
4508
4508
4508
4508
4508
4508
4508
4508
4508
4508
4508
4508
4508
4507
4507
4507
4507
4507
4507
4437
4437
4437
4437
4437
4437
4437
4437
4437
4437
4437
4437
4437
4408
4408
4408
4408
4408
4408
4408
4408
4408
4408
4408
4408
4408
4408
4408
4366
4366
4366
4366
4366
4366
4366
4366
4366
4366
4366
4366
4366
4366
4366
4366
4366
4366
4337
4337
4337
4337
4337
4337
4337
4337
4337
4337
4337
4310
4310
4310
4310
4310
4310
4310
4310
4280
4280
4277
4277
4277
4208
4208
4208
4208
4208
4208
4208
4208
4095
4095
4095
4095
4095
4095
4095
3952
3952
3952
3908
3908
3908
3908
3908
3908
3908
3908
3908
3908
3908
3908
3908
3908
3901
3901
3901
3901
3901
3901
3901
3901
3901
3901
3901
3901
3889
3889
3889
3889
3889
3889
3889
3889
3889
3889
3889
3889
3889
3887
3887
3887
3887
3887
3887
3887
3887
3887
3887
3887
3876
3876
3876
3814
3814
3814
3814
3814
3814
3814
3800
3800
3800
3800
3800
3800
3800
3800
3777
3777
3777
3777
3777
3777
3777
3777
3777
3777
3777
3777
3777
3777
3777
3699
3699
3699
3699
3699
3699
3699
3699
3699
3699
3699
3699
3699
3695
3695
3695
3695
3695
3695
3695
3695
3695
3695
3695
3695
3695
3695
3640
3640
3640
3640
3640
3640
3640
3640
3640
3640
3640
3640
3640
3640
3584
3584
3584
3584
3584
3584
3584
3584
3584
3584
3584
3584
3584
3584
3583
3583
3583
3583
3583
3583
3583
3583
3583
3583
3439
3439
3439
3439
3439
3439
3439
3439
3439
3439
3439
3439
3439
3439
3439
3426
3426
3426
3426
3426
3426
3426
3426
3426
3382
3382
3382
3382
3382
3334
3334
3334
3334
3334
3334
3334
3334
3334
3334
3334
3334
3334
3334
3334
3298
3298
3298
3298
3298
3298
3298
3298
3214
3214
3214
3214
3214
3214
3214
3214
3214
3214
3214
3214
3183
3183
3183
3183
3183
3183
3183
3183
3183
3183
3183
3183
3183
3183
3178
3178
3177
3177
3177
3177
3177
3177
3155
3155
3155
3155
3150
3150
3150
3150
3150
3150
3150
3150
3150
3150
3150
3150
3150
3150
3150
3150
3150
3108
3108
3108
3108
3108
3108
3108
3108
3108
3107
3107
3107
3107
3107
3107
3107
3107
3095
3095
3076
3076
3076
3076
3076
3076
3076
3076
3076
3076
3076
3076
3076
3076
3056
3056
3056
3056
3056
3056
3056
3056
3056
3056
3056
3056
3056
3056
3056
3056
3056
3056
3028
3028
3028
3028
3028
3028
3028
3028
3028
3028
3019
3019
3019
3019
3019
3019
3008
3008
3008
3007
3007
3007
3007
3007
3007
3007
3007
3007
3007
3007
3007
3007
3007
3007
3007
3007
3007
3007
3007
2995
2995
2995
2995
2995
2995
2995
2995
2995
2965
2965
2954
2954
2954
2954
2954
2954
2954
2954
2954
2954
2954
2954
2954
2954
2951
2951
2951
2951
2951
2874
2874
2874
2874
2874
2874
2874
2874
2874
2874
2874
2874
2874
2874
2874
2835
2835
2835
2835
2835
2835
2835
2835
2835
2835
2835
2835
2835
2835
2800
2800
2800
2800
2800
2800
2800
2800
2800
2800
2800
2800
2800
2800
2785
2785
2785
2785
2785
2785
2785
2785
2785
2785
2785
2785
2785
2785
2785
2785
2785
2765
2765
2765
2765
2765
2756
2756
2756
2752
2752
2752
2752
2752
2752
2752
2752
2752
2683
2683
2683
2683
2683
2683
2683
2683
2683
2683
2683
2683
2683
2645
2645
2645
2645
2645
2645
2645
2645
2645
2645
2628
2628
2596
2596
2596
2596
2596
2596
2596
2596
2596
2596
2596
2579
2579
2579
2579
2579
2579
2579
2579
2579
2579
2579
2579
2579
2471
2471
2471
2471
2471
2439
2439
2439
2439
2439
2439
2439
2439
2439
2439
2439
2439
2439
2439
2439
2439
2439
2439
2439
2408
2408
2408
2408
2408
2408
2408
2408
2408
2408
2408
2408
2408
2408
2408
2408
2399
2399
2399
2399
2399
2399
2399
2399
2359
2356
2356
2356
2356
2356
2356
2356
2356
2356
2356
2327
2327
2327
2327
2327
2327
2327
2327
2327
2327
2327
2327
2327
2307
2307
2307
2307
2307
2307
2307
2307
2307
2307
2307
2282
2282
2282
2282
2282
2282
2193
2193
2193
2193
2193
2193
2193
2193
2193
2193
2193
2193
2193
2193
2147
2147
2147
2147
2147
2147
2147
2147
2147
2147
2147
2126
2110
2110
2110
2110
2110
2094
2094
2094
2094
2094
2094
2094
2094
2094
1983
1983
1983
1983
1983
1983
1983
1983
1983
1983
1983
1983
1983
1951
1951
1951
1951
1951
1951
1951
1951
1951
1951
1951
1951
1951
1951
1948
1948
1948
1948
1948
1948
1948
1948
1948
1935
1935
1935
1935
1935
1935
1935
1935
1935
1935
1935
1935
1935
1935
1935
1935
1935
1935
1908
1908
1896
1896
1896
1896
1896
1896
1896
1894
1894
1894
1894
1894
1894
1894
1894
1894
1894
1894
1894
1894
1894
1894
1894
1894
1894
1884
1884
1884
1884
1884
1847
1847
1847
1847
1847
1847
1847
1847
1847
1847
1847
1847
1847
1847
1847
1847
1841
1841
1841
1841
1841
1841
1841
1841
1841
1841
1810
1810
1810
1810
1810
1810
1810
1810
1810
1810
1810
1810
1810
1810
1810
1810
1810
1810
1753
1689
1689
1689
1689
1689
1689
1689
1689
1674
1674
1674
1672
1658
1658
1658
1658
1658
1658
1658
1658
1658
1658
1658
1658
1658
1658
1658
1658
1635
1635
1635
1635
1635
1635
1635
1635
1616
1603
1603
1603
1603
1603
1603
1603
1603
1603
1603
1603
1603
1523
1465
1465
1465
1465
1465
1465
1465
1465
1465
1465
1465
1465
1465
1465
1464
1464
1464
1464
1464
1464
1464
1464
1464
1464
1464
1464
1464
1441
1441
1441
1441
1403
1403
1403
1403
1403
1403
1403
1403
1319
1319
1319
1319
1319
1319
1249
1249
1249
1249
1249
1249
1249
1249
1249
1249
1249
1249
1233
1233
1233
1233
1233
1233
1233
1233
1233
1233
1130
1130
1130
1130
1130
1130
1130
1130
1130
1130
1130
1113
1113
1113
1109
1109
1109
1109
1109
1056
1056
1056
1056
1052
1052
1052
1052
1052
1052
1052
1052
1052
1052
1052
1052
1006
1006
1006
1006
1006
1006
1006
1006
1006
1006
1006
1006
992
992
992
992
992
992
992
992
992
992
992
992
992
992
973
973
973
973
973
973
973
973
973
973
973
973
973
973
973
973
973
973
973
965
951
951
951
951
951
951
951
951
951
951
951
951
935
935
935
935
935
935
935
935
935
935
925
925
925
925
925
925
925
925
925
925
877
877
877
877
877
877
877
877
877
877
877
877
877
877
877
877
828
828
828
828
828
828
828
828
828
828
828
828
828
828
813
813
813
813
813
813
813
813
813
813
813
813
808
808
808
808
808
808
808
808
808
808
808
746
746
746
746
746
746
746
746
746
746
746
746
746
746
746
746
746
736
736
736
736
736
736
736
736
736
736
736
736
736
736
736
736
736
709
709
709
709
709
709
709
709
698
698
698
698
619
619
531
531
531
514
514
514
514
514
514
514
514
514
514
514
514
514
514
478
478
478
478
478
478
476
476
476
476
476
476
476
476
476
476
476
476
476
476
476
476
476
476
476
462
462
462
462
462
462
462
462
462
462
462
462
462
435
435
435
435
435
435
435
435
435
435
435
434
434
434
434
434
434
434
434
434
434
434
434
434
434
434
434
434
434
416
416
416
416
416
416
416
410
410
406
406
406
406
406
406
406
406
406
406
406
406
406
406
406
406
406
406
370
370
370
370
370
370
370
370
370
370
370
370
370
370
354
354
354
354
354
354
354
354
354
354
354
354
354
354
354
354
333
333
320
320
320
320
261
261
261
261
261
261
261
261
261
237
237
237
216
216
216
216
215
215
215
215
215
215
215
215
215
215
215
215
215
215
215
215
215
215
215
215
212
212
212
212
212
212
212
212
212
212
212
212
212
212
212
212
212
212
153
153
149
149
149
149
149
149
149
149
149
140
140
140
140
140
140
140
140
140
140
140
140
140
140
132
132
132
132
132
132
132
