11830
10000
4989
4989
4989
4989
4989
4989
4989
4989
4989
4989
4989
4989
4989
4989
4989
4989
4989
4989
4989
4989
4989
4989
4989
4989
4989
4989
4989
4989
4971
4971
4971
4971
4971
4971
4971
4971
4971
4971
4971
4971
4971
4971
4971
4971
4971
4950
4950
4950
4950
4950
4950
4950
4950
4950
4950
4914
4914
4914
4914
4914
4914
4914
4914
4914
4914
4914
4914
4914
4914
4914
4914
4914
4914
4914
4914
4914
4914
4914
4914
4914
4914
4914
4914
4914
4914
4914
4914
4914
4914
4914
4914
4914
4914
4914
4914
4912
4912
4912
4912
4912
4906
4906
4906
4906
4906
4906
4906
4906
4906
4906
4906
4906
4906
4906
4906
4906
4894
4894
4894
4894
4894
4894
4894
4894
4894
4894
4894
4894
4894
4894
4894
4894
4894
4894
4894
4894
4894
4894
4894
4894
4894
4894
4894
4894
4894
4894
4894
4894
4894
4894
4894
4894
4894
4894
4894
4894
4894
4894
4894
4894
4894
4894
4894
4894
4894
4894
4894
4894
4894
4894
4894
4894
4894
4894
4894
4894
4894
4894
4894
4894
4894
4894
4894
4894
4894
4894
4894
4894
4894
4894
4894
4875
4875
4875
4875
4875
4875
4875
4875
4875
4875
4875
4875
4875
4875
4875
4875
4875
4875
4875
4875
4875
4875
4875
4875
4875
4875
4875
4875
4875
4875
4875
4875
4875
4875
4875
4875
4875
4875
4875
4875
4875
4875
4875
4875
4875
4875
4875
4875
4875
4875
4875
4875
4875
4875
4875
4875
4875
4875
4875
4875
4875
4875
4875
4875
4875
4875
4875
4875
4875
4875
4875
4875
4875
4875
4875
4875
4875
4875
4875
4875
4875
4875
4875
4875
4875
4875
4875
4875
4875
4875
4875
4875
4875
4875
4875
4875
4875
4875
4875
4875
4874
4874
4874
4874
4874
4874
4874
4874
4874
4874
4874
4874
4874
4874
4874
4874
4874
4874
4874
4874
4874
4874
4874
4874
4874
4874
4874
4874
4874
4874
4874
4874
4874
4874
4874
4874
4874
4874
4874
4874
4874
4874
4874
4874
4874
4874
4874
4874
4874
4874
4874
4874
4874
4874
4874
4874
4874
4874
4874
4874
4874
4874
4874
4874
4874
4874
4874
4874
4874
4874
4874
4874
4874
4874
4874
4874
4874
4874
4874
4832
4832
4832
4832
4832
4832
4832
4832
4832
4832
4832
4832
4832
4832
4832
4832
4832
4832
4832
4832
4832
4832
4832
4832
4832
4832
4832
4832
4832
4832
4832
4832
4832
4832
4832
4832
4832
4832
4832
4832
4832
4832
4832
4832
4832
4832
4832
4832
4832
4832
4801
4801
4801
4801
4801
4801
4801
4801
4801
4801
4801
4801
4801
4801
4801
4801
4801
4801
4801
4801
4801
4801
4801
4801
4801
4801
4801
4801
4801
4801
4801
4801
4801
4801
4801
4801
4801
4801
4801
4799
4799
4799
4799
4799
4799
4799
4799
4799
4799
4799
4799
4799
4799
4799
4799
4799
4799
4799
4799
4799
4799
4799
4799
4799
4799
4799
4799
4799
4799
4799
4799
4799
4799
4799
4799
4799
4799
4799
4799
4799
4799
4799
4799
4799
4799
4799
4799
4799
4799
4799
4799
4799
4799
4799
4799
4799
4799
4799
4799
4799
4799
4799
4799
4799
4799
4799
4797
4797
4797
4797
4797
4797
4797
4797
4797
4797
4797
4797
4797
4797
4797
4797
4797
4797
4797
4797
4797
4797
4797
4797
4797
4797
4797
4797
4797
4797
4797
4797
4797
4797
4797
4797
4797
4797
4797
4797
4797
4797
4797
4797
4797
4797
4797
4797
4797
4797
4797
4797
4797
4797
4797
4797
4797
4797
4797
4797
4797
4797
4797
4797
4797
4797
4797
4793
4793
4793
4793
4793
4793
4793
4793
4793
4793
4793
4793
4793
4793
4793
4793
4793
4793
4793
4793
4793
4793
4793
4793
4793
4793
4793
4793
4793
4793
4793
4793
4793
4793
4793
4793
4793
4793
4793
4793
4793
4793
4793
4793
4793
4793
4793
4793
4793
4793
4793
4793
4793
4793
4793
4793
4793
4793
4793
4793
4793
4793
4793
4793
4793
4793
4793
4793
4793
4793
4793
4793
4793
4793
4793
4793
4793
4793
4793
4793
4793
4793
4793
4793
4793
4793
4793
4793
4793
4793
4793
4793
4793
4793
4793
4793
4793
4793
4762
4762
4762
4762
4762
4762
4762
4762
4762
4762
4762
4762
4762
4762
4762
4762
4762
4762
4762
4762
4762
4762
4762
4762
4762
4731
4731
4731
4731
4731
4731
4731
4731
4731
4731
4731
4731
4731
4731
4731
4731
4731
4731
4697
4697
4697
4697
4697
4697
4687
4687
4687
4687
4687
4687
4687
4687
4687
4687
4687
4687
4687
4687
4687
4687
4687
4687
4687
4687
4687
4687
4687
4687
4687
4687
4687
4687
4687
4687
4687
4687
4687
4687
4687
4687
4687
4687
4687
4687
4687
4687
4687
4687
4687
4687
4687
4687
4687
4687
4687
4687
4687
4687
4687
4687
4687
4687
4687
4687
4687
4687
4687
4687
4687
4687
4687
4687
4687
4687
4687
4687
4687
4687
4687
4687
4687
4687
4687
4687
4687
4682
4682
4682
4682
4682
4682
4682
4682
4682
4682
4682
4682
4682
4682
4682
4682
4682
4682
4682
4682
4682
4682
4682
4682
4682
4682
4682
4682
4682
4682
4682
4682
4682
4682
4682
4682
4682
4682
4682
4682
4682
4682
4682
4682
4682
4682
4682
4682
4682
4682
4682
4682
4682
4682
4682
4682
4682
4682
4682
4682
4682
4682
4682
4682
4682
4682
4682
4682
4682
4682
4682
4682
4682
4682
4682
4682
4682
4682
4682
4682
4682
4682
4682
4682
4682
4682
4682
4682
4682
4682
4682
4682
4682
4682
4681
4681
4681
4678
4678
4678
4678
4678
4678
4678
4678
4678
4678
4678
4678
4678
4678
4678
4678
4678
4678
4678
4678
4678
4678
4678
4678
4678
4678
4678
4678
4678
4678
4678
4678
4678
4678
4678
4678
4678
4678
4678
4678
4678
4678
4678
4678
4678
4678
4678
4678
4678
4678
4678
4678
4678
4678
4678
4678
4678
4675
4675
4675
4675
4675
4675
4675
4675
4675
4675
4675
4675
4675
4675
4675
4675
4675
4675
4675
4675
4675
4675
4675
4675
4675
4675
4675
4675
4675
4675
4675
4675
4675
4675
4675
4675
4675
4675
4675
4675
4675
4675
4675
4675
4675
4675
4675
4675
4675
4675
4675
4675
4675
4675
4675
4675
4675
4675
4675
4675
4675
4675
4675
4675
4675
4675
4675
4675
4675
4675
4675
4675
4675
4675
4675
4675
4675
4675
4675
4675
4640
4640
4640
4640
4640
4640
4640
4640
4640
4640
4640
4640
4640
4640
4640
4640
4640
4640
4640
4640
4640
4640
4640
4640
4640
4640
4640
4640
4640
4640
4640
4640
4640
4640
4640
4640
4640
4640
4640
4640
4640
4640
4640
4625
4625
4625
4599
4599
4599
4599
4599
4599
4599
4599
4599
4599
4599
4599
4599
4599
4599
4599
4599
4599
4599
4599
4599
4599
4599
4599
4599
4599
4599
4599
4599
4599
4599
4599
4599
4599
4599
4599
4599
4599
4599
4599
4599
4599
4599
4599
4599
4599
4599
4599
4599
4599
4599
4599
4599
4599
4599
4599
4599
4599
4599
4599
4599
4599
4599
4599
4599
4599
4599
4590
4590
4590
4590
4590
4590
4590
4590
4590
4590
4590
4590
4590
4590
4590
4590
4590
4590
4590
4590
4590
4590
4590
4590
4590
4590
4590
4590
4590
4590
4590
4590
4590
4590
4590
4590
4590
4590
4590
4590
4590
4590
4590
4590
4590
4590
4590
4590
4590
4590
4590
4590
4590
4590
4590
4590
4590
4590
4590
4590
4590
4590
4590
4590
4590
4590
4590
4590
4590
4590
4590
4590
4590
4590
4590
4590
4590
4590
4590
4549
4549
4549
4549
4549
4549
4549
4549
4549
4549
4549
4549
4549
4549
4549
4549
4549
4549
4549
4549
4549
4549
4549
4549
4549
4549
4549
4549
4549
4549
4549
4549
4549
4549
4549
4549
4549
4549
4549
4549
4549
4549
4549
4549
4549
4549
4549
4549
4549
4549
4549
4549
4549
4549
4549
4549
4549
4549
4549
4549
4549
4513
4513
4513
4513
4513
4513
4513
4513
4513
4513
4513
4513
4513
4496
4496
4496
4496
4496
4496
4496
4496
4496
4496
4496
4496
4496
4496
4496
4496
4496
4496
4496
4496
4496
4496
4496
4496
4496
4496
4496
4496
4496
4496
4496
4496
4496
4496
4496
4496
4496
4496
4496
4496
4496
4496
4496
4496
4496
4496
4496
4496
4496
4496
4496
4496
4496
4496
4496
4496
4496
4496
4496
4496
4496
4496
4496
4496
4496
4496
4496
4496
4496
4496
4496
4496
4496
4496
4496
4496
4496
4496
4496
4496
4496
4496
4496
4496
4496
4496
4496
4496
4496
4485
4485
4485
4485
4485
4485
4485
4485
4485
4485
4485
4485
4485
4485
4485
4485
4485
4485
4485
4485
4485
4485
4485
4485
4485
4485
4485
4485
4485
4485
4485
4485
4485
4485
4485
4485
4485
4485
4485
4485
4485
4485
4485
4485
4485
4485
4485
4485
4485
4485
4485
4485
4485
4485
4485
4485
4485
4485
4485
4485
4485
4485
4485
4455
4455
4455
4455
4455
4455
4455
4455
4455
4455
4455
4455
4455
4455
4455
4455
4455
4455
4455
4455
4455
4455
4455
4455
4455
4455
4455
4455
4455
4455
4455
4455
4455
4455
4455
4455
4455
4455
4455
4455
4455
4455
4455
4455
4455
4455
4455
4455
4455
4455
4455
4455
4455
4455
4455
4455
4455
4455
4455
4455
4455
4455
4455
4450
4450
4450
4450
4450
4450
4450
4450
4450
4450
4450
4450
4450
4450
4450
4450
4450
4450
4450
4450
4450
4450
4450
4450
4450
4450
4450
4450
4450
4450
4450
4450
4450
4450
4450
4450
4450
4450
4450
4450
4450
4450
4450
4409
4409
4409
4409
4409
4409
4409
4379
4379
4379
4379
4379
4379
4379
4379
4379
4379
4379
4379
4379
4379
4379
4379
4379
4369
4369
4369
4369
4369
4369
4369
4369
4369
4369
4369
4369
4369
4369
4369
4369
4369
4369
4369
4369
4369
4369
4369
4369
4369
4369
4369
4369
4369
4369
4369
4369
4369
4369
4369
4369
4369
4369
4369
4369
4369
4369
4369
4369
4369
4369
4369
4369
4369
4369
4369
4369
4369
4369
4369
4369
4369
4369
4369
4369
4369
4369
4369
4369
4369
4369
4369
4369
4369
4369
4369
4369
4369
4369
4369
4369
4369
4369
4369
4369
4369
4369
4369
4369
4369
4369
4369
4369
4369
4369
4369
4369
4369
4369
4369
4369
4369
4369
4369
4369
4356
4356
4356
4356
4356
4356
4356
4349
4349
4349
4349
4349
4349
4349
4349
4349
4349
4349
4349
4349
4349
4349
4349
4349
4349
4349
4349
4349
4349
4349
4349
4349
4349
4349
4349
4349
4349
4349
4349
4349
4349
4349
4349
4349
4349
4349
4349
4349
4349
4349
4349
4349
4349
4349
4349
4349
4349
4349
4349
4349
4349
4349
4349
4349
4349
4349
4349
4349
4349
4349
4349
4349
4349
4349
4349
4349
4349
4349
4349
4349
4349
4349
4349
4349
4349
4349
4349
4349
4349
4349
4349
4349
4349
4349
4349
4349
4349
4349
4349
4349
4349
4347
4347
4347
4347
4347
4347
4347
4347
4347
4347
4347
4347
4347
4347
4347
4347
4347
4347
4347
4347
4347
4347
4347
4347
4347
4347
4347
4347
4347
4347
4347
4347
4347
4347
4347
4347
4347
4347
4347
4347
4347
4347
4347
4347
4347
4347
4347
4347
4347
4347
4347
4347
4347
4347
4347
4347
4347
4347
4347
4347
4347
4347
4347
4347
4347
4347
4347
4347
4342
4342
4342
4342
4342
4342
4342
4342
4342
4342
4342
4342
4342
4342
4342
4342
4342
4342
4342
4342
4342
4342
4342
4342
4342
4342
4342
4342
4342
4342
4342
4342
4342
4342
4342
4342
4342
4342
4342
4342
4297
4297
4297
4297
4297
4297
4297
4297
4297
4297
4297
4297
4297
4297
4297
4297
4297
4297
4297
4297
4297
4297
4297
4297
4297
4297
4297
4297
4297
4297
4297
4297
4297
4297
4297
4297
4297
4297
4297
4297
4297
4297
4297
4297
4297
4297
4297
4297
4297
4297
4297
4297
4297
4297
4297
4297
4297
4297
4297
4297
4297
4297
4297
4297
4297
4297
4297
4297
4297
4292
4292
4292
4292
4292
4292
4292
4292
4292
4292
4292
4292
4292
4292
4292
4292
4292
4292
4292
4292
4292
4292
4292
4292
4292
4292
4292
4292
4292
4292
4292
4292
4292
4292
4292
4292
4292
4292
4292
4281
4281
4281
4281
4281
4281
4281
4281
4281
4281
4281
4281
4281
4281
4281
4281
4281
4281
4281
4281
4281
4281
4281
4264
4264
4264
4264
4264
4264
4264
4264
4264
4264
4264
4264
4264
4230
4230
4230
4230
4230
4230
4230
4230
4230
4230
4230
4230
4230
4230
4230
4230
4230
4230
4230
4230
4230
4230
4230
4230
4230
4230
4230
4230
4230
4230
4230
4230
4230
4230
4230
4230
4230
4230
4230
4230
4230
4230
4230
4230
4230
4230
4230
4230
4230
4230
4230
4230
4230
4230
4230
4230
4230
4230
4230
4230
4230
4230
4230
4230
4230
4230
4230
4230
4230
4230
4230
4230
4230
4230
4230
4230
4230
4230
4230
4230
4230
4230
4223
4223
4223
4223
4223
4201
4201
4201
4201
4201
4201
4201
4201
4201
4201
4201
4201
4201
4201
4201
4201
4201
4201
4201
4201
4201
4201
4201
4201
4201
4201
4201
4201
4201
4201
4201
4201
4201
4201
4201
4201
4201
4201
4201
4201
4201
4201
4201
4201
4201
4201
4201
4201
4201
4159
4159
4159
4159
4159
4159
4159
4159
4159
4159
4159
4159
4159
4159
4159
4159
4159
4159
4159
4159
4159
4159
4159
4159
4159
4159
4159
4159
4159
4159
4159
4142
4142
4142
4142
4142
4124
4124
4124
4124
4124
4124
4124
4124
4124
4124
4124
4124
4124
4124
4124
4124
4124
4124
4124
4124
4124
4124
4124
4124
4124
4124
4124
4124
4124
4116
4116
4116
4116
4116
4116
4116
4116
4116
4116
4116
4116
4116
4116
4116
4116
4116
4116
4116
4116
4116
4116
4116
4116
4116
4116
4116
4116
4116
4116
4116
4116
4116
4116
4116
4116
4116
4116
4116
4116
4116
4116
4116
4116
4116
4116
4116
4116
4116
4116
4116
4116
4116
4116
4116
4116
4116
4116
4116
4116
4116
4116
4116
4116
4116
4116
4116
4116
4116
4116
4116
4116
4116
4116
4116
4116
4116
4116
4116
4116
4116
4116
4116
4116
4116
4116
4116
4116
4116
4116
4116
4116
4099
4099
4099
4099
4099
4099
4099
4099
4099
4099
4099
4099
4099
4099
4099
4099
4099
4099
4099
4099
4099
4099
4099
4099
4099
4099
4099
4099
4099
4099
4099
4099
4099
4099
4099
4099
4099
4099
4099
4099
4099
4099
4099
4099
4099
4099
4099
4099
4099
4099
4099
4099
4099
4099
4099
4099
4099
4099
4099
4099
4099
4099
4099
4099
4099
4099
4044
4044
4044
4044
4044
4044
4044
4044
4044
4044
4044
4044
4044
4044
4044
4044
4014
4014
4014
4014
4014
4014
4014
4014
4014
4014
4014
4014
4014
4014
4014
4014
4014
4014
4014
4014
4014
4014
4014
4014
4014
4014
4014
4014
4014
4014
4014
4014
4014
4014
4014
4014
4014
4014
4014
4014
4014
4014
4014
4014
4014
4014
4014
4014
4014
4014
4014
4014
4014
4014
4014
4014
4014
4014
4014
4014
4014
4014
4014
4014
4014
3985
3985
3985
3985
3985
3985
3985
3985
3985
3985
3985
3985
3985
3985
3985
3985
3985
3985
3985
3985
3985
3985
3985
3985
3985
3985
3985
3985
3985
3985
3985
3985
3985
3985
3985
3985
3985
3985
3985
3985
3985
3985
3985
3985
3985
3985
3985
3985
3985
3985
3985
3985
3985
3985
3985
3985
3985
3985
3985
3985
3985
3985
3985
3985
3985
3985
3985
3985
3977
3977
3977
3977
3977
3977
3977
3977
3977
3977
3977
3977
3977
3977
3977
3977
3977
3977
3977
3977
3977
3977
3977
3977
3977
3977
3977
3977
3977
3977
3977
3977
3977
3977
3977
3977
3977
3977
3977
3977
3977
3977
3977
3977
3977
3977
3977
3977
3977
3977
3977
3977
3977
3977
3977
3977
3977
3977
3977
3977
3977
3977
3977
3977
3977
3977
3977
3977
3977
3977
3977
3977
3977
3977
3977
3977
3977
3977
3977
3977
3977
3977
3977
3977
3977
3977
3977
3977
3977
3974
3974
3974
3974
3974
3974
3974
3974
3974
3974
3974
3974
3974
3974
3974
3974
3974
3974
3974
3974
3974
3974
3974
3974
3974
3974
3974
3974
3974
3974
3974
3974
3974
3974
3974
3974
3974
3974
3974
3974
3974
3974
3974
3974
3974
3974
3974
3974
3974
3974
3974
3974
3974
3974
3974
3974
3974
3974
3974
3974
3974
3974
3974
3974
3974
3974
3974
3974
3974
3974
3974
3974
3974
3974
3974
3974
3974
3950
3950
3950
3950
3950
3950
3950
3950
3950
3950
3950
3950
3950
3950
3950
3950
3950
3950
3950
3950
3950
3950
3950
3950
3950
3935
3935
3935
3935
3935
3935
3935
3935
3935
3935
3935
3935
3935
3935
3935
3935
3935
3935
3935
3935
3935
3935
3935
3935
3935
3935
3935
3935
3935
3935
3935
3935
3935
3935
3935
3935
3935
3935
3935
3935
3935
3935
3935
3935
3935
3935
3935
3935
3935
3935
3935
3935
3935
3935
3935
3935
3935
3935
3935
3935
3935
3935
3935
3935
3935
3935
3935
3935
3935
3935
3935
3935
3935
3935
3935
3935
3935
3935
3935
3935
3935
3935
3935
3935
3935
3935
3935
3935
3935
3935
3935
3935
3935
3935
3935
3935
3935
3935
3935
3935
3935
3935
3935
3935
3935
3935
3935
3935
3935
3935
3935
3935
3935
3935
3935
3935
3935
3935
3935
3935
3935
3935
3935
3935
3935
3935
3935
3935
3935
3935
3935
3935
3935
3935
3935
3935
3935
3935
3935
3935
3921
3921
3921
3921
3921
3921
3921
3921
3921
3921
3921
3921
3921
3921
3921
3921
3921
3921
3921
3921
3921
3921
3921
3859
3859
3859
3859
3859
3859
3859
3859
3859
3859
3859
3859
3859
3859
3859
3859
3859
3859
3859
3859
3859
3859
3859
3859
3859
3859
3859
3859
3859
3859
3859
3859
3859
3859
3859
3859
3859
3859
3859
3844
3844
3844
3844
3844
3844
3844
3844
3844
3821
3821
3821
3821
3821
3821
3821
3821
3821
3821
3821
3821
3821
3821
3821
3821
3821
3821
3821
3821
3821
3821
3821
3821
3821
3821
3821
3821
3821
3821
3821
3821
3821
3821
3821
3821
3821
3821
3821
3821
3821
3821
3821
3821
3821
3821
3821
3821
3821
3821
3821
3821
3821
3821
3821
3821
3821
3821
3821
3768
3768
3768
3768
3768
3768
3768
3768
3768
3768
3768
3768
3768
3768
3768
3768
3768
3768
3768
3768
3768
3768
3768
3768
3768
3768
3768
3768
3768
3768
3768
3768
3768
3768
3768
3768
3768
3768
3768
3768
3768
3768
3768
3768
3768
3768
3768
3768
3768
3768
3768
3768
3768
3768
3768
3768
3768
3768
3768
3768
3768
3768
3768
3768
3768
3768
3768
3768
3768
3768
3768
3768
3768
3768
3768
3768
3768
3768
3768
3768
3768
3768
3768
3755
3755
3755
3755
3755
3755
3755
3755
3755
3755
3755
3755
3755
3755
3755
3755
3755
3755
3755
3755
3755
3755
3755
3755
3755
3755
3755
3755
3755
3755
3755
3755
3755
3755
3755
3755
3755
3755
3755
3755
3755
3755
3755
3755
3755
3755
3755
3755
3755
3755
3755
3755
3755
3755
3755
3755
3755
3755
3755
3755
3731
3731
3731
3731
3731
3731
3731
3731
3731
3731
3731
3731
3731
3731
3731
3731
3731
3731
3731
3731
3731
3731
3731
3731
3731
3731
3731
3731
3731
3731
3731
3731
3731
3731
3731
3731
3731
3731
3731
3731
3731
3731
3731
3731
3731
3731
3731
3731
3731
3731
3731
3731
3731
3731
3731
3731
3731
3731
3731
3731
3731
3731
3731
3731
3731
3731
3731
3731
3731
3731
3731
3731
3731
3731
3731
3731
3731
3731
3731
3731
3731
3731
3731
3731
3715
3715
3715
3715
3715
3715
3715
3715
3715
3715
3715
3715
3715
3715
3715
3715
3715
3715
3715
3715
3715
3715
3715
3715
3684
3684
3684
3684
3684
3684
3684
3684
3684
3684
3684
3684
3684
3684
3684
3684
3684
3684
3684
3684
3684
3684
3684
3684
3684
3684
3684
3684
3684
3684
3684
3684
3684
3684
3684
3684
3684
3684
3684
3684
3684
3684
3684
3684
3684
3684
3684
3684
3684
3684
3684
3684
3684
3684
3684
3684
3684
3684
3684
3684
3684
3684
3684
3684
3684
3684
3684
3684
3684
3684
3684
3684
3684
3684
3659
3659
3659
3659
3659
3659
3659
3659
3659
3659
3659
3659
3659
3659
3659
3659
3659
3659
3659
3656
3656
3656
3656
3656
3656
3656
3656
3656
3656
3656
3656
3656
3656
3656
3656
3656
3656
3656
3656
3656
3656
3656
3656
3656
3656
3656
3656
3656
3656
3656
3656
3656
3656
3656
3656
3656
3656
3656
3656
3656
3656
3656
3656
3656
3656
3656
3656
3656
3656
3656
3656
3656
3656
3656
3656
3656
3656
3656
3656
3656
3656
3656
3656
3553
3553
3523
3523
3523
3523
3523
3523
3523
3523
3523
3523
3523
3523
3523
3523
3523
3523
3523
3523
3523
3523
3523
3523
3523
3523
3523
3523
3523
3523
3523
3523
3523
3523
3523
3523
3523
3523
3523
3523
3523
3523
3523
3523
3523
3523
3523
3523
3523
3523
3523
3523
3523
3523
3523
3523
3523
3523
3523
3523
3523
3523
3523
3523
3523
3523
3523
3523
3523
3523
3523
3523
3523
3523
3523
3523
3523
3523
3523
3523
3523
3523
3523
3523
3523
3523
3523
3523
3523
3523
3523
3523
3523
3523
3523
3523
3523
3523
3523
3512
3512
3512
3512
3512
3493
3493
3493
3493
3493
3493
3493
3493
3493
3493
3493
3493
3493
3493
3493
3493
3493
3493
3493
3493
3493
3493
3493
3493
3493
3493
3493
3493
3493
3493
3493
3493
3493
3493
3493
3493
3493
3493
3493
3493
3493
3493
3493
3493
3493
3493
3485
3485
3485
3485
3485
3485
3485
3485
3485
3485
3485
3485
3485
3485
3485
3485
3485
3485
3485
3481
3481
3481
3481
3481
3481
3481
3481
3481
3481
3481
3481
3481
3481
3481
3481
3481
3481
3481
3481
3481
3481
3481
3481
3481
3481
3481
3481
3481
3481
3481
3481
3481
3481
3481
3481
3481
3481
3481
3481
3481
3481
3481
3481
3481
3481
3481
3481
3481
3481
3481
3481
3481
3481
3481
3481
3481
3481
3481
3481
3481
3481
3481
3481
3481
3481
3481
3481
3481
3481
3481
3479
3479
3479
3479
3479
3479
3479
3479
3479
3479
3479
3479
3479
3479
3479
3479
3479
3479
3479
3479
3479
3479
3479
3479
3479
3479
3479
3479
3479
3479
3479
3479
3479
3479
3479
3479
3479
3479
3479
3479
3479
3479
3479
3479
3479
3479
3479
3479
3479
3479
3479
3479
3479
3479
3479
3479
3479
3479
3479
3479
3479
3479
3479
3479
3479
3479
3479
3479
3479
3479
3479
3479
3479
3479
3423
3423
3423
3423
3423
3423
3423
3423
3423
3423
3423
3423
3423
3423
3423
3423
3423
3363
3363
3363
3363
3363
3363
3363
3363
3363
3363
3363
3363
3363
3363
3363
3363
3363
3363
3363
3363
3363
3363
3363
3363
3363
3363
3363
3363
3363
3363
3363
3363
3363
3363
3363
3363
3363
3363
3363
3363
3363
3363
3363
3363
3363
3363
3363
3363
3363
3363
3363
3363
3363
3363
3363
3363
3363
3363
3363
3363
3327
3327
3327
3327
3327
3327
3327
3327
3327
3327
3327
3327
3327
3327
3327
3327
3327
3327
3327
3327
3327
3327
3327
3327
3327
3327
3327
3327
3327
3327
3327
3327
3274
3274
3274
3274
3274
3274
3274
3274
3274
3274
3274
3274
3274
3274
3274
3274
3274
3264
3264
3264
3264
3263
3263
3263
3263
3263
3263
3263
3263
3263
3263
3263
3263
3263
3263
3263
3263
3263
3263
3263
3263
3263
3263
3263
3263
3263
3263
3263
3263
3263
3263
3263
3263
3263
3263
3250
3250
3250
3250
3250
3250
3250
3250
3250
3250
3250
3250
3250
3250
3250
3250
3250
3250
3250
3250
3250
3250
3250
3250
3250
3250
3250
3250
3250
3250
3250
3250
3250
3250
3250
3250
3250
3250
3250
3250
3250
3250
3250
3250
3250
3250
3250
3250
3250
3250
3250
3250
3250
3250
3250
3250
3250
3250
3250
3250
3250
3250
3250
3250
3250
3250
3250
3250
3250
3250
3250
3250
3250
3250
3250
3250
3250
3250
3250
3250
3250
3250
3250
3250
3250
3250
3250
3250
3250
3250
3250
3250
3250
3246
3246
3246
3246
3246
3246
3246
3246
3246
3246
3246
3246
3246
3246
3246
3246
3246
3246
3246
3246
3246
3246
3246
3246
3246
3246
3246
3246
3246
3246
3246
3246
3246
3246
3246
3246
3246
3246
3246
3246
3246
3246
3246
3246
3246
3246
3246
3246
3246
3246
3246
3246
3246
3246
3246
3246
3246
3246
3246
3246
3246
3246
3246
3246
3246
3246
3246
3246
3246
3246
3246
3246
3238
3238
3238
3238
3238
3238
3238
3238
3238
3238
3238
3238
3238
3238
3238
3238
3238
3238
3238
3238
3238
3238
3238
3238
3238
3238
3238
3238
3238
3238
3238
3238
3238
3238
3238
3238
3238
3238
3238
3238
3238
3238
3238
3238
3238
3238
3238
3238
3238
3238
3238
3238
3238
3238
3238
3238
3238
3238
3238
3238
3238
3238
3238
3238
3238
3238
3238
3238
3238
3238
3238
3238
3238
3238
3238
3238
3238
3238
3238
3238
3238
3238
3238
3238
3238
3238
3238
3238
3238
3238
3238
3238
3238
3238
3238
3178
3178
3178
3178
3178
3178
3178
3178
3178
3178
3178
3178
3178
3178
3178
3178
3178
3178
3178
3178
3148
3148
3148
3148
3148
3148
3148
3148
3148
3148
3148
3148
3148
3148
3148
3148
3148
3148
3148
3148
3148
3148
3148
3148
3148
3148
3148
3148
3148
3148
3148
3148
3148
3148
3148
3148
3148
3148
3148
3148
3148
3148
3148
3148
3148
3148
3148
3148
3148
3148
3148
3148
3148
3148
3148
3148
3148
3148
3148
3148
3148
3148
3148
3148
3148
3148
3148
3148
3148
3148
3148
3148
3148
3148
3148
3148
3148
3148
3148
3148
3148
3148
3148
3148
3148
3148
3148
3148
3148
3148
3148
3148
3148
3148
3148
3148
3148
3148
3148
3148
3148
3148
3148
3148
3132
3132
3132
3132
3123
3123
3123
3123
3123
3123
3123
3111
3111
3111
3111
3111
3111
3111
3098
3098
3098
3098
3098
3098
3098
3098
3098
3098
3098
3098
3098
3098
3098
3098
3098
3098
3098
3098
3098
3098
3098
3098
3098
3098
3098
3098
3098
3098
3098
3098
3098
3098
3098
3098
3098
3098
3056
3056
3056
3056
3056
3056
3056
3056
3056
3056
3056
3037
3037
3037
3037
3037
3037
3037
3037
3037
3037
3037
3037
3032
3032
3032
3032
3032
3032
3032
3032
3032
3032
3032
3032
3032
3032
3032
3032
3032
3032
3032
3032
3032
3032
3032
3032
3032
3032
3032
3032
3032
3032
3032
3032
3032
3032
3032
3032
3032
3032
3032
3032
3032
3032
3032
3032
3032
3006
3006
3006
3006
3006
3006
3006
3006
3006
3006
3006
3006
3006
3006
3006
3006
3006
3006
3006
3006
3006
3006
3006
3006
3006
3006
3006
3006
3006
3006
3006
2990
2990
2990
2990
2990
2990
2990
2990
2990
2990
2990
2990
2990
2990
2990
2990
2990
2990
2990
2990
2990
2990
2990
2990
2990
2990
2990
2990
2990
2990
2990
2990
2990
2990
2990
2990
2990
2990
2990
2974
2974
2974
2974
2974
2974
2974
2974
2974
2974
2974
2974
2974
2974
2974
2974
2974
2974
2974
2974
2974
2974
2974
2974
2974
2974
2974
2974
2974
2974
2974
2974
2974
2974
2974
2974
2974
2974
2974
2974
2974
2974
2974
2974
2974
2974
2974
2974
2974
2974
2974
2974
2974
2974
2974
2974
2974
2974
2974
2974
2974
2974
2974
2974
2974
2974
2974
2974
2974
2974
2974
2974
2974
2974
2974
2973
2973
2973
2973
2973
2973
2973
2973
2973
2973
2973
2973
2973
2973
2973
2973
2973
2973
2973
2973
2973
2973
2973
2973
2973
2973
2973
2973
2973
2973
2973
2973
2973
2973
2973
2973
2973
2973
2973
2973
2973
2973
2973
2973
2973
2973
2973
2973
2973
2973
2973
2973
2973
2973
2973
2973
2973
2900
2900
2900
2900
2900
2900
2900
2900
2900
2900
2900
2900
2900
2900
2900
2900
2900
2900
2900
2900
2900
2900
2900
2900
2900
2900
2900
2900
2900
2900
2900
2900
2900
2900
2900
2900
2900
2900
2900
2900
2900
2900
2900
2900
2900
2900
2813
2813
2813
2813
2813
2813
2813
2813
2813
2813
2813
2813
2813
2813
2813
2813
2813
2813
2813
2813
2813
2813
2813
2813
2813
2813
2813
2813
2813
2813
2813
2813
2813
2813
2813
2813
2789
2789
2789
2789
2789
2789
2789
2789
2789
2789
2789
2789
2789
2789
2789
2789
2789
2789
2789
2789
2789
2789
2789
2789
2789
2789
2789
2789
2789
2789
2789
2789
2789
2789
2789
2789
2789
2789
2789
2789
2789
2789
2789
2789
2789
2789
2789
2789
2789
2789
2789
2789
2789
2789
2789
2789
2789
2789
2789
2789
2789
2789
2789
2789
2789
2789
2789
2789
2789
2789
2789
2789
2765
2765
2765
2765
2765
2765
2765
2765
2765
2765
2765
2765
2765
2765
2765
2765
2765
2765
2765
2765
2765
2765
2765
2765
2765
2765
2765
2765
2765
2765
2765
2765
2765
2765
2765
2765
2765
2765
2765
2765
2765
2765
2765
2765
2765
2765
2765
2765
2765
2765
2765
2765
2765
2765
2765
2765
2765
2765
2765
2765
2765
2765
2765
2765
2765
2765
2765
2765
2765
2765
2729
2729
2729
2729
2729
2729
2729
2729
2729
2729
2729
2729
2729
2729
2729
2729
2729
2729
2729
2729
2729
2729
2729
2729
2729
2729
2729
2729
2729
2729
2729
2729
2729
2729
2729
2729
2729
2729
2729
2729
2729
2729
2729
2729
2697
2697
2697
2697
2697
2697
2697
2697
2697
2697
2697
2697
2697
2697
2697
2697
2697
2697
2697
2697
2697
2697
2697
2697
2697
2697
2697
2697
2697
2607
2607
2607
2607
2607
2607
2607
2607
2607
2607
2607
2607
2607
2607
2607
2607
2607
2607
2607
2607
2607
2607
2607
2607
2607
2607
2607
2607
2607
2607
2607
2607
2607
2607
2607
2607
2607
2607
2607
2607
2607
2607
2607
2607
2607
2607
2607
2607
2607
2607
2607
2607
2607
2607
2607
2607
2607
2607
2607
2607
2607
2607
2607
2607
2607
2607
2607
2607
2607
2607
2607
2607
2607
2592
2592
2592
2592
2592
2592
2592
2592
2592
2592
2592
2592
2592
2592
2592
2592
2592
2592
2592
2592
2592
2592
2592
2592
2592
2592
2592
2592
2592
2592
2592
2592
2592
2592
2592
2592
2592
2592
2592
2592
2592
2592
2592
2592
2592
2592
2592
2592
2592
2592
2592
2592
2592
2592
2592
2592
2592
2592
2592
2589
2589
2589
2589
2589
2589
2589
2589
2589
2589
2589
2589
2589
2589
2589
2589
2589
2589
2589
2589
2589
2589
2589
2589
2589
2589
2589
2589
2589
2589
2589
2589
2589
2589
2589
2589
2589
2589
2589
2589
2589
2589
2589
2589
2589
2589
2589
2589
2589
2589
2589
2589
2589
2589
2589
2589
2582
2582
2582
2582
2582
2582
2582
2582
2582
2582
2582
2582
2582
2582
2582
2582
2582
2582
2582
2582
2582
2582
2582
2582
2582
2582
2582
2582
2582
2582
2582
2582
2582
2582
2582
2582
2582
2582
2582
2582
2582
2582
2582
2582
2582
2582
2582
2582
2582
2582
2582
2582
2582
2582
2582
2582
2582
2582
2582
2582
2582
2582
2582
2582
2582
2582
2582
2582
2582
2582
2582
2582
2582
2582
2582
2582
2582
2582
2582
2582
2582
2582
2582
2582
2582
2582
2582
2582
2582
2582
2582
2582
2582
2582
2582
2582
2582
2582
2582
2582
2580
2580
2580
2580
2580
2580
2580
2580
2580
2580
2580
2580
2580
2580
2580
2580
2580
2580
2580
2580
2580
2580
2580
2580
2580
2580
2580
2580
2580
2580
2580
2580
2580
2580
2580
2580
2580
2580
2580
2580
2580
2580
2580
2580
2580
2580
2580
2580
2580
2580
2580
2580
2580
2580
2580
2580
2580
2580
2580
2580
2580
2580
2580
2580
2580
2580
2580
2580
2580
2580
2580
2580
2580
2580
2580
2580
2580
2580
2580
2580
2580
2580
2580
2580
2580
2580
2580
2580
2580
2580
2580
2580
2580
2580
2580
2559
2559
2559
2559
2559
2559
2559
2559
2559
2559
2559
2559
2559
2559
2559
2559
2559
2559
2559
2559
2559
2559
2559
2559
2559
2559
2559
2559
2559
2559
2559
2559
2559
2559
2559
2541
2541
2541
2541
2541
2541
2541
2541
2541
2541
2541
2541
2541
2541
2541
2541
2541
2541
2541
2541
2541
2541
2541
2541
2541
2541
2541
2541
2541
2541
2541
2541
2541
2541
2541
2541
2541
2541
2541
2541
2541
2541
2541
2541
2541
2541
2541
2541
2541
2541
2541
2541
2541
2541
2541
2541
2541
2541
2541
2541
2541
2541
2541
2541
2541
2541
2541
2541
2541
2541
2541
2541
2541
2541
2541
2541
2541
2541
2541
2541
2541
2541
2541
2517
2517
2517
2517
2517
2517
2517
2517
2517
2517
2517
2517
2517
2517
2517
2517
2517
2517
2517
2517
2517
2517
2517
2517
2517
2517
2517
2517
2517
2517
2517
2517
2517
2517
2517
2517
2517
2517
2517
2517
2517
2517
2517
2517
2517
2517
2517
2517
2516
2516
2516
2516
2516
2516
2516
2516
2516
2516
2516
2516
2516
2516
2516
2516
2516
2516
2516
2516
2516
2516
2516
2516
2516
2516
2516
2516
2516
2516
2516
2516
2516
2516
2516
2516
2516
2516
2516
2516
2516
2516
2516
2516
2516
2516
2516
2516
2516
2516
2516
2516
2516
2516
2516
2468
2468
2468
2468
2468
2468
2468
2468
2468
2468
2468
2468
2468
2468
2468
2468
2468
2468
2468
2468
2468
2468
2468
2468
2468
2468
2468
2468
2468
2468
2468
2468
2468
2468
2468
2468
2468
2468
2468
2468
2468
2468
2468
2468
2468
2468
2468
2468
2468
2468
2468
2468
2468
2468
2468
2468
2468
2468
2468
2468
2468
2468
2468
2468
2468
2468
2468
2468
2468
2468
2468
2468
2465
2465
2465
2465
2465
2465
2465
2465
2465
2465
2465
2465
2465
2465
2465
2465
2465
2465
2465
2465
2465
2465
2465
2465
2465
2465
2465
2465
2465
2465
2465
2465
2465
2465
2465
2465
2465
2465
2465
2465
2465
2465
2465
2465
2465
2465
2457
2457
2457
2457
2457
2457
2457
2457
2457
2457
2457
2457
2457
2457
2457
2457
2457
2457
2457
2457
2457
2457
2457
2457
2457
2457
2457
2457
2457
2457
2457
2457
2457
2457
2457
2457
2457
2457
2457
2457
2457
2457
2457
2457
2457
2457
2457
2457
2457
2457
2457
2457
2457
2457
2457
2457
2457
2457
2457
2457
2457
2457
2457
2418
2418
2418
2418
2418
2363
2363
2363
2363
2363
2363
2363
2363
2363
2363
2363
2363
2363
2363
2363
2363
2363
2363
2363
2363
2363
2363
2363
2363
2363
2363
2363
2363
2363
2363
2363
2363
2363
2363
2363
2363
2363
2363
2363
2363
2363
2363
2363
2363
2363
2363
2363
2363
2363
2363
2363
2363
2363
2363
2363
2363
2363
2363
2363
2363
2363
2363
2363
2363
2363
2363
2363
2363
2363
2363
2363
2363
2363
2363
2363
2363
2363
2363
2363
2363
2363
2363
2363
2363
2363
2363
2335
2335
2335
2335
2335
2335
2335
2335
2335
2335
2335
2335
2335
2335
2335
2335
2335
2335
2335
2335
2335
2335
2335
2335
2335
2335
2335
2335
2335
2335
2335
2335
2335
2335
2335
2335
2335
2335
2335
2335
2335
2335
2335
2335
2335
2335
2335
2335
2335
2335
2335
2335
2335
2335
2335
2335
2335
2332
2332
2332
2332
2332
2332
2332
2332
2332
2332
2332
2332
2332
2332
2332
2332
2332
2332
2332
2332
2332
2332
2332
2332
2332
2332
2332
2332
2332
2332
2332
2332
2332
2332
2332
2332
2332
2332
2332
2332
2325
2325
2325
2325
2325
2325
2325
2325
2325
2325
2325
2325
2325
2325
2325
2325
2325
2325
2325
2325
2325
2325
2325
2325
2325
2325
2325
2325
2325
2325
2325
2325
2325
2325
2325
2325
2325
2325
2325
2325
2325
2325
2325
2325
2325
2325
2325
2325
2325
2325
2325
2325
2325
2325
2325
2325
2325
2325
2325
2325
2325
2325
2325
2325
2325
2325
2325
2325
2325
2325
2325
2325
2325
2325
2325
2325
2325
2325
2325
2325
2325
2325
2325
2325
2325
2325
2325
2325
2325
2316
2316
2316
2316
2316
2316
2316
2316
2316
2316
2316
2316
2316
2316
2316
2316
2316
2316
2316
2316
2316
2316
2316
2316
2316
2316
2316
2316
2316
2316
2316
2316
2316
2316
2316
2316
2316
2316
2316
2316
2316
2316
2316
2316
2316
2316
2316
2316
2316
2316
2316
2316
2316
2316
2316
2316
2316
2316
2316
2316
2314
2314
2314
2314
2314
2314
2314
2314
2314
2314
2314
2314
2314
2314
2314
2314
2314
2314
2314
2314
2314
2314
2314
2314
2314
2314
2314
2314
2307
2307
2307
2307
2307
2307
2307
2307
2307
2307
2307
2307
2307
2307
2307
2307
2307
2307
2307
2307
2307
2307
2307
2307
2307
2307
2307
2307
2307
2307
2307
2307
2307
2307
2307
2307
2307
2307
2307
2307
2307
2307
2307
2307
2307
2307
2307
2307
2307
2307
2307
2307
2307
2307
2307
2307
2307
2307
2307
2307
2307
2307
2307
2307
2307
2307
2307
2307
2307
2307
2307
2307
2307
2307
2307
2307
2307
2307
2307
2300
2300
2300
2300
2300
2300
2300
2300
2300
2300
2300
2300
2300
2300
2300
2300
2300
2300
2300
2300
2300
2300
2300
2300
2300
2300
2300
2300
2300
2300
2300
2300
2300
2300
2300
2300
2300
2300
2300
2300
2300
2300
2300
2300
2300
2300
2300
2300
2300
2300
2300
2300
2300
2300
2300
2300
2300
2300
2300
2300
2300
2300
2300
2300
2259
2259
2259
2259
2259
2259
2259
2259
2259
2259
2259
2259
2259
2259
2259
2259
2259
2259
2259
2259
2259
2259
2259
2259
2259
2259
2259
2259
2259
2256
2256
2256
2256
2256
2256
2256
2256
2256
2256
2256
2256
2256
2256
2256
2256
2256
2256
2256
2256
2256
2256
2256
2256
2256
2256
2256
2256
2256
2256
2256
2256
2256
2256
2256
2256
2256
2256
2256
2256
2256
2256
2256
2256
2256
2256
2256
2256
2256
2256
2243
2243
2243
2243
2243
2243
2243
2243
2243
2243
2243
2243
2243
2243
2243
2243
2243
2243
2243
2243
2243
2243
2243
2243
2243
2243
2243
2243
2243
2243
2243
2243
2243
2243
2243
2243
2243
2243
2243
2243
2243
2243
2243
2243
2243
2243
2243
2243
2243
2243
2243
2243
2243
2243
2243
2243
2243
2243
2243
2243
2243
2243
2243
2243
2243
2243
2243
2243
2243
2243
2243
2243
2243
2243
2243
2243
2243
2243
2243
2243
2243
2243
2243
2243
2243
2243
2243
2243
2243
2243
2243
2243
2205
2205
2205
2205
2205
2205
2205
2205
2205
2205
2205
2205
2205
2205
2205
2205
2205
2205
2205
2205
2205
2205
2205
2205
2205
2205
2205
2205
2205
2205
2205
2205
2205
2205
2205
2205
2205
2205
2205
2201
2201
2201
2201
2201
2201
2201
2201
2201
2201
2201
2201
2201
2201
2201
2201
2201
2201
2201
2201
2201
2201
2201
2201
2201
2201
2201
2201
2201
2201
2201
2201
2201
2201
2201
2201
2201
2201
2201
2201
2201
2201
2201
2201
2201
2201
2201
2201
2201
2201
2201
2201
2201
2201
2201
2201
2201
2201
2201
2201
2201
2201
2201
2201
2201
2201
2201
2201
2201
2201
2201
2201
2201
2201
2201
2201
2201
2201
2201
2167
2167
2167
2167
2167
2167
2167
2167
2167
2167
2167
2167
2167
2167
2167
2167
2167
2167
2167
2167
2167
2167
2167
2167
2167
2167
2167
2167
2167
2167
2167
2167
2167
2167
2167
2167
2167
2167
2167
2167
2167
2167
2167
2167
2167
2167
2167
2167
2167
2167
2167
2167
2167
2167
2167
2167
2167
2167
2167
2167
2167
2167
2167
2167
2167
2167
2167
2167
2167
2167
2167
2167
2167
2167
2167
2133
2133
2133
2133
2133
2133
2133
2133
2133
2133
2133
2133
2133
2133
2133
2133
2133
2133
2133
2133
2133
2133
2133
2133
2133
2133
2098
2098
2098
2098
2098
2098
2098
2098
2098
2098
2098
2098
2098
2098
2098
2098
2098
2098
2098
2098
2098
2098
2098
2098
2098
2098
2098
2098
2098
2098
2098
2098
2098
2098
2098
2098
2098
2098
2098
2098
2098
2098
2098
2098
2098
2098
2098
2098
2098
2098
2098
2098
2098
2098
2098
2098
2098
2098
2098
2098
2098
2098
2098
2098
2098
2098
2098
2098
2098
2098
2098
2098
2098
2098
2098
2098
2098
2098
2098
2098
2089
2089
2089
2089
2089
2089
2089
2089
2089
2089
2089
2089
2089
2089
2089
2089
2089
2089
2089
2089
2089
2078
2078
2078
2078
2078
2078
2078
2078
2078
2078
2078
2078
2078
2078
2078
2078
2078
2078
2078
2078
2078
2078
2078
2078
2078
2078
2078
2078
2078
2078
2078
2078
2078
2078
2078
2078
2078
2078
2078
2078
2078
2078
2078
2078
2078
2078
2078
2078
2078
2078
2078
2045
2045
2045
2045
2045
2045
2045
2045
2045
2045
2045
2045
2045
2045
2045
2045
2045
2045
2045
2045
2045
2045
2045
2045
2045
2028
2028
2028
2028
2028
2028
2028
2028
2028
2028
2028
2028
2028
2028
2028
2028
2028
2028
2028
2028
2028
2028
2028
2028
2028
2028
2028
2028
2028
2028
2028
2028
2028
2028
2028
2028
2028
2028
2028
2028
2028
2028
2028
2028
2028
2028
2028
2028
2028
2028
2028
2028
2028
2028
2028
2028
2028
2028
2028
2028
2028
2028
2028
2028
2028
2028
2028
2028
2028
2028
2028
2028
2028
2028
2028
2028
2028
2028
2028
2028
2028
2028
2028
2028
2028
2028
2028
2028
2028
2028
2026
2026
2026
2026
2026
2026
2026
2026
2026
2026
2026
2012
2012
2012
2012
2012
2012
2012
2012
2012
2012
2012
2012
2012
2012
2012
2012
2012
2012
2012
2012
2012
2012
2012
2012
2012
2012
2012
2012
2012
2012
2012
2012
2012
2012
2012
2012
2012
2012
2012
2012
2012
2012
2012
2012
2012
2012
2012
2012
2012
2012
2012
2012
2012
2012
2012
2012
2012
2012
2012
2012
2012
2012
2012
2012
2012
2012
1997
1997
1997
1997
1997
1997
1997
1997
1997
1997
1997
1997
1997
1997
1997
1997
1997
1997
1997
1997
1997
1997
1997
1997
1997
1997
1997
1997
1997
1997
1997
1997
1997
1997
1997
1995
1995
1995
1995
1995
1995
1995
1995
1995
1995
1995
1995
1995
1995
1995
1973
1973
1973
1973
1973
1973
1973
1973
1973
1973
1973
1973
1973
1973
1973
1973
1973
1973
1973
1973
1973
1973
1973
1973
1973
1973
1973
1973
1973
1973
1973
1973
1973
1973
1973
1973
1973
1973
1973
1973
1973
1973
1973
1973
1973
1973
1973
1973
1973
1973
1973
1973
1973
1973
1973
1973
1973
1973
1973
1973
1973
1969
1969
1969
1969
1969
1969
1969
1969
1969
1969
1969
1969
1969
1969
1969
1969
1969
1969
1969
1969
1969
1969
1969
1969
1969
1969
1969
1969
1969
1969
1969
1969
1964
1964
1964
1964
1964
1964
1964
1964
1964
1964
1964
1964
1964
1964
1964
1964
1964
1964
1964
1964
1964
1964
1964
1964
1964
1964
1964
1964
1964
1964
1964
1964
1964
1964
1964
1964
1964
1964
1964
1964
1964
1964
1964
1964
1964
1945
1945
1945
1945
1945
1945
1945
1945
1945
1945
1945
1945
1945
1945
1945
1945
1945
1945
1945
1945
1945
1945
1945
1945
1945
1945
1945
1945
1945
1945
1945
1945
1945
1945
1945
1945
1945
1945
1945
1945
1945
1945
1945
1945
1945
1945
1945
1945
1945
1945
1945
1945
1916
1916
1916
1916
1916
1916
1916
1916
1916
1916
1916
1916
1916
1916
1916
1916
1916
1916
1916
1916
1916
1916
1916
1916
1916
1916
1916
1916
1916
1916
1916
1916
1916
1916
1916
1916
1916
1888
1888
1881
1881
1881
1881
1881
1881
1881
1881
1881
1881
1881
1881
1881
1881
1881
1881
1881
1881
1881
1881
1881
1881
1881
1881
1881
1881
1881
1881
1881
1881
1881
1881
1881
1881
1881
1881
1881
1881
1881
1881
1881
1881
1881
1881
1881
1881
1881
1881
1881
1881
1881
1881
1881
1881
1881
1881
1858
1858
1858
1858
1858
1858
1858
1858
1858
1858
1858
1858
1858
1858
1858
1858
1848
1848
1848
1848
1826
1826
1826
1826
1826
1826
1826
1826
1826
1826
1826
1826
1826
1826
1826
1826
1826
1826
1826
1826
1826
1826
1826
1826
1826
1826
1826
1826
1826
1826
1826
1826
1826
1826
1826
1826
1826
1826
1826
1826
1826
1826
1826
1826
1826
1826
1826
1826
1826
1826
1826
1826
1826
1826
1826
1826
1826
1826
1826
1826
1826
1826
1826
1826
1826
1826
1826
1826
1826
1826
1826
1826
1826
1826
1826
1826
1826
1826
1826
1826
1826
1826
1826
1826
1826
1826
1826
1826
1826
1826
1826
1826
1826
1826
1826
1815
1815
1815
1815
1815
1815
1815
1815
1815
1815
1815
1815
1815
1815
1815
1815
1815
1815
1815
1815
1815
1815
1815
1815
1815
1815
1815
1815
1815
1815
1815
1815
1815
1815
1815
1815
1815
1815
1815
1815
1815
1815
1815
1815
1815
1815
1815
1815
1815
1815
1815
1815
1815
1815
1815
1815
1815
1815
1815
1815
1815
1803
1803
1803
1803
1803
1803
1803
1803
1803
1803
1803
1803
1803
1803
1803
1803
1803
1803
1803
1803
1803
1803
1803
1803
1803
1803
1803
1803
1803
1803
1793
1793
1793
1793
1793
1793
1793
1793
1793
1793
1793
1793
1793
1793
1793
1793
1793
1793
1793
1793
1793
1793
1793
1793
1793
1793
1793
1793
1793
1793
1793
1793
1793
1793
1793
1793
1793
1793
1793
1793
1793
1793
1793
1793
1793
1793
1793
1793
1793
1793
1793
1793
1793
1793
1793
1793
1793
1793
1793
1787
1787
1787
1787
1787
1787
1787
1787
1787
1787
1787
1787
1787
1787
1787
1787
1787
1787
1787
1787
1787
1787
1787
1787
1787
1787
1787
1787
1780
1780
1780
1780
1780
1780
1780
1780
1780
1780
1780
1780
1780
1780
1780
1780
1780
1780
1780
1780
1780
1780
1780
1780
1780
1780
1780
1780
1780
1780
1780
1780
1780
1780
1780
1780
1780
1780
1780
1780
1780
1780
1780
1780
1780
1780
1780
1780
1780
1780
1780
1780
1780
1780
1780
1780
1780
1780
1780
1780
1780
1780
1780
1780
1780
1780
1780
1780
1780
1780
1780
1780
1780
1780
1780
1780
1780
1780
1780
1780
1780
1780
1780
1780
1780
1780
1780
1780
1780
1762
1762
1762
1762
1762
1762
1762
1762
1762
1762
1762
1754
1754
1754
1754
1754
1754
1754
1754
1754
1754
1754
1754
1754
1754
1754
1754
1754
1754
1754
1754
1754
1754
1754
1754
1754
1754
1754
1754
1754
1754
1754
1754
1754
1754
1754
1754
1754
1754
1754
1754
1754
1754
1754
1754
1754
1754
1754
1754
1754
1754
1754
1754
1754
1754
1754
1754
1754
1754
1754
1754
1754
1754
1754
1754
1754
1754
1754
1754
1754
1754
1754
1754
1754
1754
1754
1754
1754
1754
1754
1754
1754
1754
1754
1754
1754
1754
1754
1754
1754
1754
1754
1754
1754
1710
1710
1710
1710
1710
1710
1710
1710
1710
1710
1710
1710
1710
1710
1710
1710
1710
1710
1710
1710
1710
1710
1710
1710
1710
1710
1710
1710
1710
1710
1710
1710
1683
1683
1683
1683
1683
1683
1683
1683
1683
1683
1683
1683
1683
1683
1683
1683
1683
1683
1683
1683
1683
1683
1683
1683
1683
1683
1683
1683
1683
1683
1683
1683
1683
1683
1683
1683
1683
1683
1683
1683
1683
1683
1683
1683
1683
1683
1683
1683
1683
1683
1683
1683
1683
1683
1610
1610
1610
1610
1610
1610
1610
1610
1610
1610
1610
1610
1610
1610
1610
1610
1610
1610
1607
1607
1607
1607
1607
1607
1607
1607
1607
1607
1607
1607
1607
1607
1607
1607
1607
1607
1607
1607
1607
1607
1607
1607
1607
1607
1607
1607
1607
1607
1607
1607
1607
1607
1607
1607
1607
1607
1607
1607
1607
1607
1607
1607
1607
1607
1607
1607
1607
1607
1607
1607
1607
1607
1607
1607
1607
1607
1607
1585
1585
1585
1585
1585
1585
1585
1585
1585
1585
1585
1585
1585
1585
1585
1585
1585
1585
1585
1585
1585
1585
1585
1585
1585
1585
1585
1585
1585
1585
1585
1585
1585
1585
1585
1585
1585
1585
1585
1585
1585
1585
1585
1585
1585
1585
1585
1585
1585
1585
1585
1585
1585
1585
1585
1585
1585
1585
1585
1585
1585
1585
1585
1585
1585
1585
1585
1585
1585
1585
1585
1585
1585
1585
1585
1585
1585
1585
1585
1585
1585
1585
1585
1585
1585
1585
1585
1585
1542
1542
1542
1542
1542
1542
1542
1542
1542
1542
1542
1542
1542
1542
1542
1542
1542
1531
1531
1531
1531
1531
1531
1531
1531
1531
1531
1531
1531
1531
1531
1531
1531
1531
1531
1531
1531
1531
1531
1531
1531
1531
1531
1531
1531
1531
1531
1531
1531
1531
1531
1531
1531
1531
1531
1531
1531
1531
1531
1531
1531
1531
1531
1531
1531
1531
1531
1531
1531
1531
1531
1531
1531
1531
1531
1531
1531
1531
1531
1531
1531
1531
1531
1531
1531
1531
1531
1531
1531
1531
1531
1531
1531
1531
1531
1531
1531
1526
1526
1526
1526
1526
1526
1526
1526
1526
1526
1526
1526
1526
1526
1526
1526
1526
1526
1526
1526
1526
1526
1526
1526
1526
1526
1526
1526
1526
1526
1526
1526
1526
1526
1526
1526
1526
1526
1526
1526
1526
1526
1526
1526
1526
1526
1526
1526
1526
1526
1526
1526
1526
1526
1526
1526
1526
1526
1526
1526
1526
1526
1526
1526
1526
1526
1526
1526
1495
1495
1495
1495
1495
1495
1495
1495
1495
1495
1495
1495
1495
1495
1495
1495
1495
1495
1495
1495
1495
1495
1495
1495
1495
1495
1495
1495
1495
1495
1495
1495
1495
1495
1495
1495
1495
1495
1495
1495
1495
1495
1495
1495
1495
1495
1495
1495
1495
1495
1480
1480
1480
1480
1480
1480
1480
1480
1480
1480
1480
1480
1480
1480
1480
1480
1480
1480
1480
1480
1480
1480
1480
1480
1480
1480
1461
1461
1461
1461
1461
1461
1461
1461
1461
1461
1461
1461
1461
1461
1461
1461
1461
1461
1461
1461
1461
1461
1459
1459
1459
1459
1459
1459
1459
1459
1459
1459
1459
1459
1459
1459
1459
1459
1459
1459
1459
1459
1459
1459
1459
1459
1459
1459
1459
1459
1459
1459
1459
1459
1459
1459
1459
1459
1459
1459
1459
1459
1459
1459
1459
1459
1459
1459
1459
1459
1459
1459
1459
1459
1459
1459
1459
1459
1459
1459
1459
1459
1459
1459
1459
1459
1459
1459
1459
1459
1459
1459
1459
1459
1459
1459
1459
1459
1459
1459
1459
1459
1459
1459
1459
1459
1459
1459
1459
1459
1459
1459
1459
1459
1459
1459
1459
1459
1459
1459
1459
1459
1451
1451
1451
1451
1451
1451
1451
1451
1451
1451
1451
1451
1451
1430
1430
1430
1430
1430
1430
1430
1430
1430
1430
1430
1430
1430
1430
1430
1430
1430
1430
1430
1430
1430
1430
1430
1430
1430
1430
1430
1430
1430
1430
1430
1430
1430
1430
1430
1430
1430
1430
1430
1430
1430
1430
1430
1430
1430
1430
1430
1430
1430
1430
1430
1430
1430
1430
1430
1430
1430
1430
1430
1430
1430
1430
1430
1430
1430
1430
1430
1430
1430
1430
1430
1430
1430
1430
1430
1430
1430
1430
1430
1430
1430
1430
1430
1430
1430
1430
1430
1430
1430
1430
1430
1430
1430
1430
1430
1430
1430
1430
1430
1430
1430
1430
1430
1430
1430
1430
1430
1430
1430
1430
1430
1430
1430
1430
1430
1430
1430
1430
1430
1430
1430
1430
1430
1430
1430
1430
1430
1430
1430
1430
1430
1430
1430
1430
1430
1430
1430
1430
1430
1430
1430
1430
1430
1430
1430
1430
1430
1430
1430
1428
1428
1428
1428
1428
1428
1428
1428
1428
1428
1428
1428
1428
1428
1428
1428
1428
1428
1428
1428
1428
1428
1428
1428
1428
1428
1428
1428
1428
1428
1428
1428
1428
1428
1428
1428
1428
1428
1428
1428
1428
1428
1428
1428
1428
1428
1428
1428
1428
1428
1428
1428
1428
1428
1428
1428
1428
1428
1402
1402
1402
1402
1378
1378
1378
1378
1378
1378
1378
1378
1378
1378
1378
1378
1378
1378
1378
1378
1378
1378
1378
1378
1378
1378
1338
1338
1338
1338
1338
1338
1338
1338
1338
1338
1338
1338
1338
1338
1338
1338
1338
1338
1338
1338
1338
1338
1338
1338
1338
1338
1338
1338
1338
1338
1338
1338
1338
1331
1331
1331
1331
1331
1331
1331
1331
1331
1331
1331
1331
1331
1331
1326
1326
1326
1326
1326
1326
1326
1326
1326
1326
1326
1326
1326
1326
1326
1326
1326
1326
1326
1326
1326
1326
1326
1326
1326
1326
1326
1326
1326
1326
1326
1326
1326
1326
1326
1326
1326
1326
1326
1326
1326
1326
1326
1326
1326
1326
1326
1326
1326
1326
1326
1326
1326
1326
1326
1326
1326
1326
1326
1326
1326
1326
1326
1326
1326
1326
1326
1326
1326
1326
1326
1326
1326
1326
1326
1326
1326
1326
1326
1326
1326
1326
1326
1326
1326
1326
1326
1326
1326
1326
1326
1326
1326
1326
1326
1309
1309
1309
1309
1309
1309
1309
1309
1309
1304
1304
1304
1294
1294
1294
1294
1294
1294
1294
1294
1294
1294
1294
1294
1294
1294
1294
1294
1294
1294
1294
1294
1294
1294
1294
1294
1294
1294
1294
1294
1294
1294
1294
1294
1294
1294
1294
1294
1294
1294
1294
1294
1294
1294
1294
1294
1294
1294
1294
1278
1278
1278
1278
1278
1278
1278
1278
1278
1278
1278
1278
1278
1278
1278
1278
1278
1278
1278
1278
1278
1278
1278
1278
1278
1278
1278
1278
1278
1278
1278
1278
1278
1278
1278
1278
1278
1278
1278
1278
1278
1278
1278
1278
1278
1278
1278
1278
1278
1278
1245
1245
1245
1245
1245
1245
1245
1245
1245
1245
1245
1245
1245
1245
1245
1245
1245
1245
1245
1245
1245
1245
1245
1245
1245
1245
1245
1245
1245
1245
1245
1245
1245
1245
1245
1245
1245
1245
1245
1245
1245
1245
1245
1245
1227
1227
1227
1227
1227
1227
1227
1227
1227
1227
1227
1227
1227
1227
1227
1227
1227
1227
1227
1227
1227
1227
1227
1227
1227
1227
1227
1227
1227
1227
1227
1227
1227
1227
1227
1227
1227
1227
1227
1227
1227
1189
1189
1189
1189
1189
1189
1189
1189
1189
1189
1189
1189
1189
1189
1189
1189
1189
1189
1189
1189
1189
1189
1189
1189
1189
1189
1189
1189
1189
1189
1189
1189
1189
1189
1189
1189
1189
1189
1189
1189
1189
1189
1189
1189
1189
1189
1189
1189
1189
1168
1168
1168
1168
1168
1168
1168
1168
1139
1139
1139
1139
1139
1139
1139
1139
1139
1139
1139
1139
1139
1139
1139
1139
1139
1139
1139
1139
1139
1139
1139
1139
1139
1139
1139
1139
1139
1139
1139
1139
1139
1139
1139
1139
1139
1139
1139
1139
1139
1139
1139
1139
1139
1139
1139
1139
1139
1139
1139
1139
1139
1139
1139
1139
1139
1139
1139
1139
1139
1139
1139
1139
1139
1139
1139
1139
1139
1139
1139
1139
1139
1139
1139
1139
1139
1139
1139
1123
1123
1123
1123
1123
1123
1123
1123
1123
1123
1123
1123
1123
1123
1123
1123
1123
1123
1123
1123
1123
1123
1123
1123
1123
1123
1123
1123
1123
1123
1123
1123
1123
1123
1123
1123
1123
1123
1123
1123
1123
1123
1123
1123
1123
1123
1123
1123
1123
1123
1123
1123
1123
1123
1123
1104
1104
1104
1104
1104
1104
1104
1104
1104
1104
1104
1104
1104
1104
1104
1104
1104
1104
1104
1104
1104
1104
1104
1104
1104
1104
1104
1104
1104
1104
1104
1104
1104
1104
1104
1104
1104
1104
1104
1104
1104
1104
1104
1104
1104
1104
1104
1104
1104
1104
1104
1104
1104
1104
1104
1104
1104
1104
1104
1104
1104
1104
1104
1104
1104
1104
1104
1104
1104
1104
1104
1104
1104
1104
1104
1104
1104
1104
1104
1103
1103
1103
1103
1103
1103
1103
1103
1103
1103
1103
1103
1103
1103
1103
1103
1103
1103
1103
1084
1084
1084
1084
1084
1084
1084
1084
1084
1084
1084
1084
1084
1084
1084
1084
1084
1084
1084
1084
1084
1084
1084
1084
1084
1084
1084
1084
1084
1084
1084
1084
1084
1084
1084
1084
1084
1084
1084
1084
1084
1084
1084
1084
1084
1084
1084
1084
1078
1078
1078
1078
1078
1078
1078
1078
1078
1078
1078
1078
1078
1078
1078
1078
1078
1078
1078
1078
1078
1078
1078
1078
1078
1078
1078
1078
1078
1078
1078
1078
1078
1078
1078
1078
1078
1078
1078
1078
1078
1078
1078
1078
1078
1078
1078
1078
1078
1078
1078
1078
1078
1078
1078
1078
1078
1078
1078
1078
1078
1078
1078
1078
1078
1078
1078
1078
1078
1078
1078
1078
1078
1078
1078
1078
1078
1078
1078
1078
1078
1078
1078
1078
1078
1078
1078
1078
1078
1078
1078
1075
1075
1075
1075
1075
1075
1075
1075
1075
1075
1075
1075
1075
1075
1075
1075
1075
1075
1075
1075
1075
1075
1075
1075
1075
1075
1075
1075
1075
1075
1075
1075
1075
1075
1075
1075
1075
1075
1075
1075
1075
1075
1075
1075
1075
1075
1075
1075
1075
1075
1075
1075
1075
1075
1075
1075
1075
1075
1075
1075
1075
1075
1075
1075
1075
1075
1075
1075
1075
1075
1075
1075
1029
1029
1029
1029
1029
1029
1029
1029
1029
1029
1029
1029
1029
966
966
966
966
966
966
966
966
966
966
966
966
966
966
966
966
966
966
966
966
966
966
966
966
966
966
966
966
966
966
966
966
966
966
966
966
966
966
966
966
966
966
966
966
966
966
944
944
944
944
944
944
944
944
944
944
944
944
944
944
944
944
944
944
933
933
933
933
933
933
933
933
933
933
933
933
933
933
933
933
933
933
933
933
933
933
933
933
933
933
933
933
933
933
933
933
933
933
933
933
933
933
933
905
905
905
905
905
905
905
905
905
905
905
905
905
905
905
905
905
905
905
905
905
905
905
905
905
905
905
905
905
905
905
905
905
905
905
905
905
905
905
905
905
905
905
905
905
905
905
905
905
905
905
905
905
905
905
905
905
905
905
905
905
905
905
905
905
905
905
905
905
905
872
872
872
872
872
872
872
872
872
872
872
872
870
870
870
870
870
870
870
870
870
870
870
870
870
870
870
870
870
870
870
870
870
870
870
870
870
870
870
870
870
870
870
870
870
870
870
870
870
870
870
870
870
870
870
870
870
870
870
870
870
870
870
870
870
870
870
870
870
870
870
870
870
870
870
870
870
870
870
870
870
870
870
870
870
870
870
870
870
870
870
866
866
866
866
866
866
866
866
837
837
837
837
837
837
837
837
837
837
837
837
837
837
837
837
837
837
837
837
837
837
837
837
837
837
837
837
837
837
837
837
837
837
837
837
837
837
837
837
837
837
837
837
837
837
837
837
837
837
837
837
837
837
837
837
837
837
837
837
837
837
837
837
837
837
837
837
837
837
837
837
837
820
820
820
820
820
820
820
820
820
820
820
820
820
820
820
820
820
820
820
820
820
820
820
820
820
820
820
820
820
820
820
820
820
820
820
820
820
820
820
820
820
820
820
820
820
820
820
820
820
820
820
820
820
820
820
820
820
820
820
820
820
820
820
820
820
820
820
820
820
820
820
820
820
820
820
820
820
820
820
820
820
820
820
820
820
820
809
809
809
809
809
809
809
809
809
809
809
809
809
809
809
809
809
809
809
809
809
809
809
809
809
809
809
809
809
809
809
809
809
809
809
809
809
809
809
809
809
809
809
809
809
809
809
809
795
795
795
795
795
795
795
795
795
795
795
795
795
795
795
795
795
795
795
795
795
795
795
783
783
783
783
783
783
783
783
783
783
783
783
783
783
783
783
783
783
783
783
783
783
783
783
783
783
783
783
783
783
783
783
783
783
783
783
783
764
764
764
764
764
764
764
764
764
764
764
764
764
764
764
764
764
764
764
764
764
764
764
764
764
764
764
764
762
762
762
762
762
762
762
762
762
762
762
762
762
718
718
718
718
718
718
718
718
718
718
718
718
718
718
718
718
718
718
718
718
718
718
718
718
718
718
718
718
718
718
718
718
718
718
718
718
718
718
718
718
718
718
718
709
709
709
709
709
709
709
709
709
709
709
709
709
709
709
709
709
709
709
709
709
709
709
709
709
709
709
709
709
709
709
709
709
709
709
709
709
680
680
680
680
680
680
680
680
680
680
680
680
680
680
680
680
680
680
680
680
680
680
680
680
680
680
680
680
680
680
680
680
680
680
680
680
680
680
680
680
680
680
680
680
680
680
680
680
680
680
680
680
680
680
680
680
680
680
680
680
680
680
680
680
680
680
680
680
680
680
680
680
680
680
680
680
680
680
680
680
680
680
680
680
680
680
680
680
680
680
680
680
680
680
680
680
680
665
665
665
665
665
665
665
665
665
665
665
665
665
665
665
665
665
665
665
665
665
665
665
665
665
665
632
632
632
632
632
632
632
632
632
632
632
632
632
632
632
632
632
632
632
632
632
632
632
632
632
632
632
632
632
632
632
632
632
632
632
632
632
632
583
583
583
583
583
583
583
583
583
583
583
583
583
583
583
583
583
583
583
583
583
583
583
583
583
583
583
583
583
583
583
567
567
567
567
567
567
567
567
567
567
567
567
530
530
530
530
530
530
530
530
530
530
530
530
530
530
530
530
530
530
530
530
530
530
530
530
530
530
530
530
530
530
530
530
530
530
530
530
530
530
530
530
530
530
530
530
530
530
530
530
530
530
530
530
530
530
530
529
529
529
529
529
529
529
529
529
529
529
529
529
529
529
529
529
529
529
529
529
529
529
529
529
529
529
529
522
522
522
522
522
522
522
522
522
522
522
522
522
522
522
522
522
522
522
522
522
522
522
522
522
522
522
522
522
522
522
522
522
522
522
522
522
522
522
522
522
522
522
522
522
522
522
522
522
520
520
520
520
520
520
520
520
520
520
520
520
520
520
520
520
520
520
520
520
520
520
520
520
520
520
520
520
520
520
520
520
520
520
520
520
520
520
520
520
520
520
520
520
520
520
520
520
520
520
520
520
520
520
520
520
520
520
520
520
520
520
520
520
520
520
520
520
520
520
520
520
520
520
520
520
520
520
520
520
520
520
520
520
520
520
520
520
520
479
479
479
479
479
479
479
479
479
479
479
479
479
479
479
479
479
479
479
479
479
479
479
479
479
479
479
479
479
479
479
479
479
479
479
479
479
479
479
479
479
479
479
479
479
479
479
479
479
479
479
479
479
479
479
479
479
479
479
479
479
479
479
479
479
479
479
479
479
479
479
479
479
479
479
479
479
479
474
474
474
474
474
474
474
474
474
474
474
474
474
474
474
474
474
474
474
474
474
474
474
474
474
474
474
474
474
474
474
474
474
474
474
474
474
474
474
474
474
474
474
474
474
474
474
474
474
474
474
474
474
474
474
474
474
474
474
474
474
474
474
474
474
474
474
474
474
474
474
474
474
474
474
474
474
474
473
473
473
473
468
468
468
468
468
468
468
468
468
468
468
468
468
468
468
468
468
468
468
468
468
468
468
468
468
468
468
468
468
468
468
468
459
459
459
459
459
459
459
459
459
459
459
459
459
459
459
459
459
459
459
459
459
459
459
459
459
459
459
459
459
459
459
459
459
459
459
459
459
459
459
459
459
459
459
459
459
459
459
459
439
439
439
439
439
439
439
439
439
439
439
439
439
439
439
439
439
439
439
439
439
439
439
439
439
439
439
439
439
439
439
439
439
439
430
430
430
430
430
430
430
430
430
430
430
430
430
430
430
430
430
430
430
430
430
430
430
430
430
430
414
414
414
414
414
414
414
414
414
414
414
414
414
414
414
414
414
414
414
414
414
414
414
414
414
414
414
414
414
414
414
414
414
414
414
414
405
405
405
405
405
405
405
405
405
405
405
405
405
405
405
405
405
405
405
405
405
405
405
405
405
405
405
405
405
405
405
386
386
386
386
386
386
386
386
386
386
386
386
386
386
386
386
386
386
386
386
386
386
386
386
386
386
386
386
386
380
380
380
380
380
380
380
380
380
380
380
380
380
380
380
380
380
380
380
380
380
380
380
380
380
380
380
380
380
380
380
380
380
380
380
380
380
380
380
352
352
352
352
352
352
352
352
352
352
352
352
352
352
352
352
352
352
352
352
352
352
352
352
352
352
352
352
352
352
352
352
352
352
352
352
352
352
352
352
352
352
352
352
352
352
352
352
352
352
352
352
352
352
352
352
352
352
352
352
352
352
352
352
352
352
352
352
352
352
352
352
352
352
352
352
352
352
352
352
352
352
352
352
352
352
352
352
352
352
352
352
352
352
352
352
352
320
320
320
320
320
320
320
320
320
320
320
320
320
320
320
320
320
320
320
320
320
320
320
320
320
320
320
320
320
320
320
320
320
320
320
320
320
320
320
320
320
320
320
320
320
320
320
320
320
320
320
320
320
320
320
320
320
320
320
320
320
320
320
320
320
320
320
320
320
320
320
320
320
320
320
320
320
320
320
320
298
298
298
298
298
298
298
298
298
298
298
298
298
298
298
298
298
298
298
298
298
298
298
298
298
298
298
298
298
298
298
298
298
298
298
298
298
298
298
298
298
298
298
298
298
298
298
298
298
298
298
298
298
298
298
298
298
298
298
298
298
298
298
298
298
298
298
298
298
298
298
298
298
298
298
298
298
298
298
298
278
278
278
278
278
242
242
242
242
242
242
242
242
242
242
242
242
231
231
231
231
231
231
231
231
231
231
231
231
231
231
231
231
231
231
231
231
231
231
231
231
231
231
231
231
231
231
231
231
231
231
231
231
231
231
231
231
231
231
231
231
231
231
188
188
188
188
188
188
188
188
188
188
188
185
185
185
185
185
185
185
185
185
185
185
185
185
185
185
185
185
185
185
185
185
185
185
185
185
185
185
185
185
185
185
185
185
185
185
185
185
185
185
185
185
185
185
185
185
185
185
185
185
185
185
185
185
185
185
185
185
185
185
185
185
185
185
185
185
185
177
177
177
177
177
177
177
177
177
177
177
177
177
177
177
177
177
177
177
177
177
177
177
177
177
177
177
177
177
177
177
177
177
177
177
177
177
177
177
177
177
177
177
177
177
177
177
177
177
177
177
177
177
177
177
177
177
177
177
177
177
177
177
177
177
177
177
177
177
177
177
177
177
177
177
177
159
159
159
159
159
159
159
159
159
159
159
159
159
159
159
159
159
159
159
159
159
159
159
159
159
159
159
159
159
159
159
159
159
159
159
159
159
159
159
159
159
159
159
159
159
159
159
159
159
159
159
159
159
159
159
159
159
159
159
159
159
159
159
159
159
159
159
159
155
155
155
155
155
155
155
155
155
155
155
155
155
155
155
155
155
155
155
155
155
155
155
155
155
155
155
155
155
155
155
155
155
155
155
155
155
155
155
155
155
155
155
155
155
155
155
155
155
155
155
155
155
155
155
155
155
155
155
155
155
155
155
155
155
155
155
155
155
155
155
155
143
143
143
143
143
143
143
143
143
143
143
143
143
143
129
129
129
129
129
129
129
129
129
129
129
129
129
129
129
129
129
129
129
129
129
129
72
72
72
72
72
72
72
72
72
72
72
72
72
72
72
72
72
72
72
72
72
72
72
72
72
72
72
72
72
72
72
72
72
72
72
72
72
72
72
72
72
72
72
72
72
72
72
72
72
72
72
72
72
72
72
72
72
52
52
52
52
52
52
52
52
52
52
52
52
52
52
52
52
52
52
52
52
52
52
52
52
52
52
52
52
52
52
52
52
52
52
52
52
52
52
52
52
52
52
52
52
52
52
52
52
52
52
52
52
52
52
52
52
52
52
52
52
52
52
52
52
52
52
52
26
26
26
26
26
26
26
26
26
26
26
26
26
26
26
26
26
26
26
26
26
26
26
26
26
26
26
26
26
26
26
26
26
26
26
26
26
26
26
26
26
26
26
26
26
26
26
26
26
26
26
26
26
26
26
26
26
26
26
26
26
26
