2550
10000
2500
2500
2500
2500
2500
2500
2500
2500
2500
2495
2495
2495
2495
2495
2495
2495
2495
2492
2487
2487
2487
2487
2487
2487
2487
2487
2487
2487
2487
2487
2461
2461
2461
2461
2461
2457
2457
2457
2457
2457
2457
2457
2457
2457
2457
2457
2457
2457
2457
2457
2457
2457
2457
2457
2457
2457
2457
2441
2441
2441
2441
2441
2441
2441
2441
2441
2441
2441
2437
2437
2437
2437
2437
2437
2437
2410
2410
2410
2410
2410
2410
2410
2410
2410
2410
2410
2410
2410
2410
2410
2410
2410
2410
2410
2410
2410
2410
2410
2410
2410
2410
2410
2410
2410
2410
2388
2388
2388
2388
2388
2388
2388
2388
2388
2388
2388
2380
2380
2380
2380
2380
2380
2380
2380
2380
2380
2380
2380
2380
2380
2380
2380
2380
2380
2356
2356
2336
2336
2336
2336
2336
2336
2336
2336
2336
2336
2336
2328
2328
2328
2328
2328
2328
2328
2328
2328
2328
2328
2328
2328
2328
2328
2328
2328
2328
2328
2328
2312
2312
2312
2312
2312
2312
2312
2312
2312
2312
2312
2312
2312
2312
2312
2312
2312
2312
2312
2302
2302
2302
2302
2302
2302
2302
2302
2302
2302
2302
2302
2302
2302
2302
2302
2302
2302
2302
2302
2295
2295
2295
2295
2289
2289
2289
2289
2286
2286
2286
2280
2280
2280
2270
2270
2270
2270
2270
2270
2270
2259
2259
2259
2259
2259
2259
2259
2259
2259
2259
2259
2259
2259
2259
2259
2259
2259
2259
2259
2237
2237
2237
2237
2237
2237
2232
2232
2232
2232
2232
2232
2232
2232
2232
2232
2232
2232
2232
2232
2229
2229
2222
2222
2222
2222
2222
2222
2222
2222
2222
2222
2221
2221
2221
2221
2221
2221
2221
2205
2205
2205
2205
2205
2205
2205
2205
2205
2205
2205
2205
2205
2205
2205
2205
2205
2204
2204
2204
2204
2204
2204
2204
2204
2204
2204
2204
2204
2204
2204
2183
2183
2183
2183
2183
2183
2183
2183
2183
2183
2183
2183
2183
2183
2183
2183
2183
2183
2183
2183
2175
2175
2175
2175
2175
2175
2175
2175
2175
2175
2168
2168
2168
2168
2168
2168
2168
2168
2168
2168
2168
2162
2162
2162
2162
2162
2162
2161
2161
2161
2161
2161
2161
2161
2161
2161
2161
2161
2161
2161
2161
2161
2161
2153
2153
2153
2153
2153
2153
2153
2153
2153
2153
2144
2144
2144
2144
2135
2135
2135
2135
2135
2135
2135
2135
2135
2133
2133
2133
2131
2131
2131
2131
2131
2131
2131
2131
2131
2131
2131
2131
2131
2131
2131
2131
2131
2131
2131
2131
2127
2127
2127
2127
2127
2127
2127
2127
2127
2127
2127
2127
2127
2127
2127
2127
2117
2117
2117
2117
2117
2117
2117
2117
2117
2117
2117
2117
2117
2117
2117
2117
2117
2117
2117
2117
2110
2110
2110
2110
2110
2110
2110
2110
2110
2110
2110
2110
2110
2110
2110
2088
2088
2088
2088
2088
2088
2074
2074
2074
2074
2074
2074
2074
2074
2074
2074
2074
2074
2074
2074
2074
2074
2074
2074
2074
2074
2073
2073
2073
2073
2073
2058
2058
2058
2058
2058
2058
2058
2058
2058
2058
2058
2058
2058
2058
2057
2057
2057
2057
2057
2057
2057
2057
2057
2057
2057
2057
2057
2050
2050
2050
2050
2050
2050
2050
2050
2050
2050
2050
2050
2050
2050
2050
2050
2050
2049
2049
2049
2049
2049
2049
2049
2049
2049
2049
2049
2049
2049
2049
2049
2049
2042
2042
2042
2042
2040
2040
2040
2040
2040
2040
2025
2025
2025
2025
2025
2025
2025
2025
2025
2025
2025
2025
2025
2025
1982
1982
1982
1982
1982
1982
1982
1982
1982
1982
1982
1982
1982
1982
1982
1982
1982
1982
1982
1982
1982
1982
1979
1948
1948
1948
1948
1948
1948
1948
1948
1948
1948
1948
1948
1948
1948
1948
1948
1948
1948
1948
1939
1939
1939
1939
1939
1935
1935
1935
1935
1935
1935
1935
1935
1935
1935
1935
1935
1935
1935
1935
1913
1913
1913
1913
1913
1913
1913
1913
1913
1913
1913
1913
1913
1913
1913
1913
1913
1913
1913
1913
1908
1908
1908
1908
1908
1908
1908
1908
1908
1908
1908
1908
1908
1908
1908
1908
1908
1908
1908
1908
1902
1902
1902
1902
1902
1902
1902
1893
1893
1893
1893
1893
1893
1893
1893
1893
1893
1893
1893
1893
1893
1893
1893
1893
1893
1893
1871
1864
1864
1864
1864
1864
1864
1864
1864
1864
1864
1864
1864
1864
1848
1848
1848
1844
1844
1844
1844
1844
1844
1844
1844
1844
1844
1844
1844
1844
1844
1817
1814
1814
1814
1814
1814
1814
1814
1814
1814
1814
1814
1814
1814
1814
1789
1789
1789
1789
1789
1789
1789
1789
1789
1789
1789
1789
1789
1787
1787
1786
1786
1786
1783
1744
1744
1742
1742
1742
1742
1742
1736
1736
1736
1736
1736
1736
1736
1736
1736
1736
1736
1736
1736
1736
1736
1733
1733
1730
1730
1730
1730
1730
1721
1721
1721
1721
1712
1712
1712
1712
1712
1712
1712
1712
1712
1712
1712
1712
1712
1712
1712
1712
1712
1681
1681
1681
1681
1681
1681
1681
1681
1681
1681
1681
1681
1681
1681
1681
1681
1681
1681
1652
1652
1652
1652
1652
1652
1652
1652
1652
1652
1652
1652
1652
1641
1641
1641
1641
1632
1632
1632
1632
1632
1632
1632
1632
1632
1632
1632
1632
1632
1619
1619
1619
1619
1619
1612
1612
1612
1612
1612
1612
1612
1612
1612
1612
1602
1602
1602
1602
1602
1602
1602
1600
1600
1600
1600
1600
1600
1600
1600
1600
1600
1600
1600
1600
1600
1600
1600
1600
1600
1590
1590
1590
1590
1590
1590
1590
1590
1590
1579
1579
1579
1579
1579
1579
1579
1579
1579
1579
1579
1579
1579
1579
1579
1579
1547
1547
1547
1547
1547
1547
1547
1547
1547
1547
1547
1547
1535
1535
1535
1535
1535
1535
1535
1535
1535
1533
1532
1532
1529
1529
1529
1529
1529
1529
1529
1529
1529
1511
1511
1511
1511
1511
1511
1511
1511
1511
1502
1502
1502
1502
1502
1502
1502
1502
1502
1502
1502
1502
1502
1502
1502
1502
1502
1502
1502
1498
1498
1498
1498
1498
1498
1498
1498
1498
1498
1498
1498
1498
1498
1498
1498
1498
1498
1498
1498
1482
1482
1482
1482
1482
1481
1481
1481
1481
1481
1481
1481
1481
1481
1481
1481
1481
1481
1481
1481
1481
1481
1481
1481
1479
1479
1479
1479
1479
1479
1479
1479
1479
1479
1479
1479
1479
1476
1462
1462
1462
1462
1462
1462
1462
1462
1462
1462
1462
1462
1462
1462
1462
1462
1459
1459
1459
1459
1459
1459
1459
1459
1459
1459
1459
1459
1459
1459
1459
1459
1459
1459
1457
1457
1457
1457
1457
1457
1457
1457
1457
1457
1457
1457
1457
1457
1448
1448
1448
1448
1443
1443
1443
1443
1443
1443
1426
1426
1426
1426
1426
1426
1426
1426
1426
1424
1424
1424
1424
1424
1424
1424
1424
1401
1401
1401
1401
1401
1401
1401
1401
1401
1401
1401
1401
1401
1401
1401
1401
1401
1401
1391
1391
1391
1391
1391
1391
1391
1385
1385
1385
1385
1385
1385
1385
1385
1385
1385
1385
1385
1385
1385
1385
1385
1385
1385
1385
1385
1377
1377
1377
1377
1377
1377
1377
1377
1377
1377
1377
1377
1377
1366
1366
1366
1366
1366
1366
1366
1366
1366
1366
1366
1366
1366
1366
1366
1363
1363
1363
1363
1363
1363
1361
1350
1350
1350
1350
1350
1350
1350
1340
1340
1340
1340
1339
1339
1337
1337
1337
1337
1337
1337
1337
1337
1337
1337
1337
1337
1320
1320
1320
1315
1315
1315
1315
1315
1315
1315
1315
1315
1315
1297
1297
1297
1271
1268
1268
1266
1266
1266
1266
1266
1266
1266
1266
1266
1266
1266
1266
1266
1266
1266
1266
1266
1266
1266
1266
1260
1260
1260
1260
1260
1260
1257
1257
1257
1257
1257
1257
1257
1257
1257
1257
1257
1257
1257
1257
1257
1257
1225
1224
1224
1224
1224
1224
1224
1224
1224
1187
1187
1187
1187
1187
1187
1187
1187
1187
1187
1187
1187
1187
1187
1172
1172
1172
1172
1166
1166
1166
1166
1141
1141
1141
1141
1141
1141
1141
1141
1141
1141
1141
1141
1141
1135
1135
1135
1135
1135
1135
1135
1135
1135
1135
1135
1135
1135
1135
1125
1125
1125
1125
1125
1125
1125
1125
1125
1125
1125
1125
1125
1125
1125
1125
1125
1125
1125
1125
1125
1125
1125
1125
1125
1125
1125
1125
1125
1124
1124
1124
1124
1124
1121
1121
1083
1083
1083
1083
1083
1083
1083
1083
1083
1082
1054
1054
1054
1054
1054
1054
1054
1054
1054
1029
1029
1029
1029
1029
1029
1029
1019
1019
1019
1019
1019
1019
1019
1019
1019
1019
1019
1019
1019
1019
1019
1019
1019
1019
1019
1019
1008
1008
1008
1008
1008
1008
1002
1002
1002
1002
1002
996
996
996
996
996
996
996
996
996
996
996
996
996
996
996
996
996
996
996
991
991
991
991
991
990
990
990
990
990
987
987
987
987
954
954
954
954
954
954
954
954
954
954
954
954
954
954
954
954
954
954
954
953
953
953
953
953
953
953
953
953
953
953
953
953
953
953
953
953
953
949
949
949
949
949
949
949
949
946
946
946
944
944
944
944
944
944
944
944
944
944
944
944
944
932
932
932
932
932
932
932
932
932
932
932
932
932
932
932
925
925
925
925
925
925
922
922
922
922
922
922
922
922
922
922
922
922
922
922
920
920
920
920
920
920
920
920
920
920
920
920
920
920
920
920
920
920
920
917
917
917
917
913
913
913
913
913
913
913
913
913
913
913
913
913
913
913
913
913
913
913
913
913
913
913
913
913
913
913
913
913
902
902
902
902
902
898
898
894
894
894
894
894
881
881
881
881
881
866
866
866
866
866
866
866
849
849
849
849
849
849
849
849
849
849
849
849
849
836
836
836
836
836
836
836
836
836
836
836
836
836
836
836
836
836
836
836
833
833
815
815
815
815
815
815
815
815
815
815
815
815
815
802
802
802
802
802
802
802
797
797
797
797
797
797
797
797
797
797
797
797
797
797
784
784
765
765
765
765
765
765
765
765
765
765
765
765
765
757
757
757
757
757
757
757
755
755
755
755
755
755
755
755
755
755
755
755
755
755
755
755
754
754
754
754
754
754
754
754
754
754
754
754
754
754
754
754
754
754
754
754
745
745
745
734
734
734
734
734
734
734
734
734
734
734
734
734
734
734
734
734
734
721
721
721
721
721
721
721
721
721
721
721
721
721
721
721
721
721
721
721
711
711
711
711
711
711
711
711
711
711
710
710
710
710
710
710
707
707
707
707
707
707
707
707
707
707
707
707
707
707
707
707
694
694
694
694
694
694
694
694
694
694
694
694
694
694
694
689
676
676
676
676
676
676
676
676
676
676
676
676
676
676
658
658
658
658
658
658
658
658
657
657
657
657
657
657
657
657
657
657
657
657
657
657
657
657
657
657
657
657
637
637
637
637
637
637
637
637
637
637
637
637
637
637
635
635
635
635
635
635
635
635
635
635
635
635
635
635
635
635
631
631
631
631
613
613
613
613
606
606
606
606
606
606
606
606
606
606
606
606
606
606
606
606
595
595
595
595
595
587
587
587
587
587
587
587
587
587
571
571
571
571
571
571
571
571
571
571
571
571
571
558
558
558
558
558
558
558
558
558
558
558
558
558
558
558
558
558
558
558
504
504
504
504
504
504
504
504
504
504
504
504
504
504
504
504
504
504
504
504
498
498
498
498
498
498
498
498
498
498
498
498
498
498
498
498
498
498
498
494
494
494
494
494
494
494
494
494
494
494
494
494
491
491
491
491
491
491
491
491
491
491
491
491
491
491
491
491
491
491
491
484
484
484
484
484
484
484
484
484
484
484
484
484
484
484
484
484
484
464
460
460
455
455
455
455
455
455
455
455
455
455
455
455
455
455
444
444
444
444
444
444
444
444
444
444
444
422
422
422
422
422
422
422
422
422
422
418
418
418
418
418
418
418
418
418
410
410
410
410
384
384
384
384
384
384
384
384
384
384
384
384
384
384
384
384
383
383
383
383
383
383
383
383
383
383
383
383
383
383
383
383
383
376
376
376
376
376
376
376
376
376
376
376
376
376
376
376
376
376
376
376
376
370
370
367
367
367
367
367
367
367
367
367
367
367
367
367
367
367
367
360
350
350
350
340
340
340
340
340
340
340
340
340
340
340
340
340
340
335
335
335
335
335
335
335
335
328
328
328
328
328
328
328
328
328
328
328
328
324
324
324
324
324
324
324
324
324
290
290
290
290
290
290
290
290
290
290
290
290
290
290
290
290
290
281
281
281
281
281
281
281
281
281
281
281
281
281
281
281
281
281
281
281
281
251
251
251
251
251
251
251
251
251
251
251
251
251
251
251
251
251
251
249
249
249
249
249
249
249
249
249
249
249
249
249
249
233
233
233
233
233
233
233
233
233
207
207
206
206
206
206
206
206
206
206
206
206
206
206
206
206
206
206
206
181
181
181
181
181
181
181
181
181
181
176
176
176
176
176
176
176
176
176
176
176
169
169
169
169
169
169
169
169
169
169
169
169
169
158
158
158
137
137
137
137
137
137
137
137
137
137
137
137
137
137
137
137
137
137
137
135
135
135
135
135
135
135
135
135
135
135
135
135
135
134
134
134
134
134
134
134
134
134
134
134
79
73
73
73
73
73
73
73
73
73
73
73
73
73
73
73
73
73
73
63
63
63
63
63
63
63
63
63
63
63
63
63
63
63
63
63
63
63
60
60
60
60
60
60
60
60
60
60
60
60
60
60
60
60
60
60
60
60
60
60
60
60
60
60
43
43
43
43
43
43
43
43
43
43
43
43
43
43
43
43
43
43
43
33
33
33
33
33
33
33
33
33
5
5
5
