2696
10000
2488
2488
2488
2488
2488
2488
2488
2488
2488
2488
2488
2488
2488
2488
2488
2488
2488
2488
2488
2488
2483
2483
2473
2473
2473
2473
2473
2473
2473
2473
2473
2473
2473
2473
2473
2473
2472
2472
2472
2472
2472
2472
2472
2472
2472
2444
2444
2444
2444
2444
2444
2444
2444
2444
2444
2444
2444
2443
2443
2443
2443
2443
2443
2443
2443
2443
2443
2443
2443
2443
2443
2443
2443
2442
2442
2442
2442
2442
2442
2442
2442
2442
2442
2442
2442
2442
2442
2442
2442
2442
2442
2442
2442
2442
2429
2429
2429
2429
2429
2429
2429
2429
2429
2429
2429
2429
2420
2420
2420
2420
2411
2411
2411
2404
2404
2404
2404
2404
2404
2404
2404
2404
2404
2404
2404
2404
2404
2404
2404
2389
2389
2389
2389
2389
2389
2389
2389
2389
2389
2389
2386
2386
2386
2386
2386
2386
2386
2386
2386
2386
2386
2386
2329
2329
2329
2329
2329
2329
2329
2329
2329
2329
2329
2329
2329
2329
2329
2329
2329
2329
2319
2319
2319
2319
2319
2319
2319
2319
2319
2319
2319
2319
2306
2306
2306
2306
2306
2306
2306
2306
2306
2306
2306
2306
2306
2306
2306
2306
2301
2301
2301
2301
2301
2301
2301
2301
2301
2301
2301
2301
2301
2301
2301
2301
2301
2287
2287
2287
2287
2287
2287
2280
2280
2280
2280
2280
2280
2280
2280
2280
2280
2254
2254
2254
2254
2254
2254
2254
2254
2254
2254
2254
2254
2246
2246
2246
2246
2246
2230
2230
2230
2230
2230
2230
2230
2230
2230
2230
2230
2230
2230
2230
2230
2230
2230
2230
2230
2230
2230
2230
2230
2230
2230
2230
2203
2203
2203
2203
2203
2203
2203
2203
2203
2203
2203
2203
2203
2203
2185
2185
2185
2185
2185
2185
2185
2185
2185
2185
2176
2176
2176
2176
2176
2176
2176
2176
2176
2171
2167
2167
2167
2167
2167
2167
2167
2167
2167
2167
2167
2167
2167
2167
2167
2167
2167
2167
2167
2147
2147
2147
2147
2147
2147
2147
2147
2147
2147
2147
2147
2147
2147
2147
2147
2147
2147
2147
2147
2147
2147
2147
2147
2147
2147
2147
2147
2147
2147
2147
2147
2132
2132
2132
2132
2132
2132
2132
2132
2132
2132
2132
2132
2132
2132
2132
2132
2132
2128
2128
2128
2128
2128
2128
2128
2128
2128
2128
2128
2128
2121
2121
2113
2113
2113
2113
2113
2113
2113
2113
2113
2113
2113
2113
2113
2094
2094
2094
2094
2094
2094
2094
2094
2094
2094
2094
2074
2074
2074
2074
2074
2074
2074
2074
2053
2053
2053
2053
2053
2053
2053
2053
2053
2041
2041
2041
2041
2041
2041
2041
2041
2041
2041
2041
2041
2041
2041
2041
2041
2041
2032
2032
2032
2032
2032
2032
2032
2032
2032
2032
2025
2025
2025
2025
2025
2025
2025
1995
1995
1995
1995
1995
1995
1995
1995
1995
1995
1995
1995
1995
1995
1963
1946
1946
1946
1946
1946
1946
1946
1946
1946
1946
1941
1941
1941
1941
1941
1941
1941
1941
1941
1941
1941
1928
1928
1928
1928
1928
1928
1928
1928
1928
1928
1928
1928
1926
1926
1926
1926
1926
1926
1926
1926
1926
1926
1926
1926
1926
1926
1920
1920
1920
1920
1920
1920
1920
1920
1920
1920
1920
1920
1920
1920
1920
1920
1912
1912
1912
1912
1912
1912
1912
1912
1912
1912
1912
1912
1912
1912
1912
1912
1912
1912
1912
1908
1908
1908
1908
1908
1908
1908
1908
1908
1908
1908
1908
1908
1908
1908
1908
1908
1908
1908
1908
1907
1907
1907
1907
1907
1907
1907
1907
1907
1907
1907
1907
1907
1907
1907
1907
1907
1907
1907
1907
1907
1907
1907
1907
1907
1907
1907
1907
1907
1907
1907
1907
1907
1907
1892
1892
1892
1892
1892
1892
1892
1892
1892
1892
1892
1892
1892
1892
1892
1892
1892
1892
1877
1877
1877
1877
1877
1877
1877
1877
1872
1872
1872
1872
1872
1872
1872
1872
1872
1872
1872
1872
1872
1872
1863
1863
1863
1862
1855
1855
1855
1855
1855
1855
1855
1855
1855
1855
1855
1855
1855
1855
1834
1834
1834
1834
1834
1834
1834
1834
1834
1834
1834
1833
1833
1833
1833
1833
1833
1833
1827
1827
1827
1827
1827
1794
1794
1794
1794
1794
1794
1794
1794
1794
1794
1794
1794
1794
1794
1794
1794
1794
1794
1780
1780
1780
1780
1780
1780
1780
1780
1780
1780
1780
1780
1780
1780
1780
1780
1780
1780
1780
1767
1767
1767
1767
1767
1767
1767
1767
1767
1767
1767
1767
1767
1767
1767
1767
1767
1767
1754
1754
1754
1754
1754
1754
1754
1754
1754
1754
1754
1737
1737
1737
1737
1737
1737
1737
1737
1682
1682
1682
1682
1682
1677
1677
1677
1677
1677
1677
1677
1677
1677
1677
1677
1677
1677
1677
1677
1657
1657
1657
1657
1657
1657
1657
1657
1657
1638
1638
1638
1637
1637
1637
1637
1637
1637
1637
1637
1637
1637
1637
1637
1637
1637
1637
1637
1637
1634
1634
1634
1634
1634
1634
1634
1634
1634
1634
1634
1634
1634
1634
1634
1634
1631
1631
1631
1631
1631
1631
1631
1631
1631
1631
1631
1631
1631
1631
1631
1631
1631
1631
1631
1631
1610
1610
1610
1610
1610
1610
1607
1607
1607
1607
1607
1607
1607
1607
1607
1607
1607
1607
1602
1602
1602
1602
1602
1602
1602
1602
1602
1602
1602
1602
1602
1594
1594
1594
1594
1594
1594
1594
1594
1594
1594
1594
1594
1594
1594
1594
1594
1594
1589
1589
1589
1589
1589
1589
1589
1589
1589
1589
1589
1589
1584
1579
1579
1579
1579
1579
1579
1579
1579
1579
1579
1579
1579
1579
1579
1579
1579
1579
1577
1577
1577
1577
1577
1577
1577
1577
1577
1577
1577
1577
1570
1570
1570
1570
1570
1570
1570
1570
1570
1570
1570
1570
1570
1570
1570
1570
1570
1559
1559
1559
1559
1559
1559
1559
1553
1553
1553
1553
1553
1553
1553
1553
1553
1553
1553
1553
1553
1553
1553
1553
1553
1547
1547
1547
1547
1547
1547
1547
1547
1547
1547
1547
1547
1547
1547
1547
1488
1488
1488
1488
1488
1488
1488
1488
1481
1481
1481
1481
1481
1481
1481
1481
1481
1481
1481
1481
1481
1481
1481
1481
1481
1481
1481
1481
1472
1472
1472
1472
1472
1472
1472
1472
1472
1472
1472
1450
1450
1450
1450
1450
1450
1450
1450
1450
1450
1450
1450
1450
1450
1450
1450
1450
1450
1438
1438
1438
1438
1438
1438
1420
1420
1420
1420
1420
1420
1420
1420
1420
1420
1420
1420
1420
1420
1420
1420
1420
1420
1420
1420
1413
1413
1413
1406
1406
1406
1406
1406
1406
1406
1406
1406
1406
1406
1406
1406
1406
1393
1393
1393
1393
1393
1393
1390
1390
1390
1390
1390
1390
1390
1390
1381
1381
1381
1381
1381
1381
1381
1381
1381
1381
1381
1379
1379
1379
1379
1379
1379
1379
1370
1370
1370
1370
1370
1370
1370
1370
1370
1370
1370
1370
1370
1362
1362
1362
1362
1362
1362
1362
1362
1362
1362
1362
1362
1362
1351
1351
1351
1351
1351
1351
1351
1351
1351
1351
1348
1348
1348
1348
1339
1339
1339
1339
1339
1339
1339
1339
1339
1339
1339
1339
1339
1339
1339
1339
1339
1339
1339
1339
1339
1339
1339
1339
1339
1339
1339
1339
1335
1335
1335
1335
1335
1335
1335
1335
1335
1335
1335
1335
1335
1335
1335
1335
1335
1329
1329
1329
1329
1329
1329
1329
1329
1329
1329
1329
1329
1294
1294
1294
1294
1294
1294
1294
1289
1289
1289
1289
1289
1289
1264
1264
1264
1264
1264
1264
1264
1264
1260
1260
1223
1223
1223
1221
1221
1221
1218
1218
1218
1218
1218
1218
1218
1218
1218
1218
1218
1218
1218
1218
1216
1216
1216
1216
1216
1216
1216
1216
1216
1216
1216
1216
1216
1216
1214
1214
1214
1214
1214
1214
1214
1214
1214
1214
1214
1214
1207
1207
1207
1207
1207
1200
1200
1200
1200
1200
1200
1200
1200
1200
1200
1200
1200
1200
1200
1200
1200
1200
1153
1153
1153
1147
1147
1147
1147
1147
1147
1147
1147
1147
1147
1141
1141
1141
1141
1141
1141
1141
1141
1141
1141
1141
1141
1141
1141
1141
1141
1141
1141
1141
1141
1138
1138
1138
1138
1138
1138
1138
1138
1138
1138
1138
1138
1138
1138
1138
1138
1138
1138
1135
1135
1135
1135
1135
1135
1135
1135
1135
1135
1135
1133
1133
1133
1133
1133
1133
1133
1133
1133
1133
1133
1133
1133
1133
1129
1129
1129
1129
1129
1127
1127
1127
1127
1127
1124
1124
1124
1121
1121
1121
1121
1121
1117
1117
1117
1117
1117
1117
1117
1117
1117
1117
1117
1117
1117
1117
1117
1117
1117
1116
1116
1116
1116
1116
1116
1116
1116
1116
1116
1116
1116
1116
1116
1116
1112
1112
1112
1112
1112
1112
1112
1112
1112
1112
1112
1112
1112
1112
1105
1105
1105
1105
1105
1105
1105
1105
1105
1080
1080
1080
1080
1080
1080
1080
1080
1080
1080
1080
1080
1080
1080
1080
1080
1080
1080
1080
1080
1073
1073
1073
1073
1073
1073
1073
1073
1073
1073
1073
1066
1066
1066
1066
1066
1066
1025
1025
1025
1025
1025
1025
1025
1025
1025
1025
1025
1025
1022
1022
989
989
954
954
954
954
954
954
954
954
954
954
954
954
954
954
954
954
954
954
954
954
949
949
949
949
949
949
949
949
949
949
941
941
941
941
941
941
941
941
941
941
941
937
933
933
933
933
933
933
933
933
933
933
933
933
933
933
933
933
933
932
932
932
932
932
932
930
930
930
930
930
929
929
929
929
929
929
929
929
929
929
929
929
929
927
927
927
927
927
927
927
927
927
927
927
927
927
927
927
927
923
923
923
923
923
923
923
923
923
923
923
923
923
923
923
923
923
923
923
923
923
923
923
922
922
922
922
922
922
922
922
922
922
922
922
922
922
922
922
922
922
922
922
922
922
922
922
922
922
922
922
922
922
917
917
917
917
917
917
917
917
917
917
917
917
917
917
917
917
917
917
917
917
906
906
906
906
906
906
906
906
906
906
906
906
906
906
906
906
906
906
906
906
904
904
904
904
904
904
904
899
899
899
899
899
871
871
871
871
871
871
871
871
871
871
871
871
871
862
862
862
862
862
862
862
862
862
862
862
862
862
859
859
859
859
859
859
859
859
859
859
859
859
859
859
859
859
859
859
851
851
851
851
851
851
851
851
851
838
838
838
838
838
838
838
838
838
838
837
837
837
837
837
837
837
837
837
837
837
837
828
828
828
828
828
828
828
828
809
809
809
809
809
809
809
809
809
809
809
809
809
809
809
809
809
809
809
809
809
807
807
807
807
807
807
807
807
807
807
807
806
806
806
806
806
806
806
795
793
793
793
793
793
793
779
779
779
779
779
776
764
764
764
764
764
764
764
764
764
764
760
760
760
760
760
760
760
760
760
760
760
760
760
760
760
760
760
760
760
760
751
751
751
751
751
751
751
751
751
751
751
748
748
748
748
748
748
748
748
748
748
748
748
748
748
733
733
733
733
733
733
733
733
733
723
723
723
723
723
723
723
723
723
723
723
716
716
716
716
716
716
716
716
715
715
715
715
715
671
671
671
671
671
669
669
669
669
669
669
669
669
669
669
669
669
653
653
653
653
653
653
653
653
653
653
653
653
653
653
653
653
653
653
653
636
636
636
636
636
636
636
636
636
636
636
636
636
636
636
636
633
633
633
633
633
633
633
633
633
633
633
633
633
633
633
633
633
632
632
632
632
632
632
632
632
632
624
594
594
594
594
594
594
594
594
594
594
594
594
594
594
594
594
594
594
594
594
591
591
591
591
591
591
591
591
591
591
591
591
591
591
591
591
591
591
591
586
586
586
586
586
586
560
560
560
560
560
560
560
560
560
560
560
560
560
560
560
560
560
560
555
555
555
555
555
555
548
548
548
548
548
548
548
548
548
548
548
548
548
539
539
539
539
539
539
539
539
539
539
539
539
539
539
539
539
533
533
533
533
533
533
533
533
533
533
532
532
532
532
532
532
532
532
532
532
532
532
532
532
532
532
532
532
532
532
520
520
520
520
520
520
520
520
520
520
520
520
520
520
520
520
520
520
510
510
510
510
510
510
510
510
504
504
504
502
502
502
489
489
489
489
489
484
482
482
482
482
482
482
482
482
482
482
482
480
480
480
480
480
477
477
477
477
477
477
477
477
477
477
477
477
477
477
477
477
477
477
477
472
472
472
472
472
472
472
472
472
472
472
472
472
472
472
472
472
472
470
470
470
470
470
470
470
470
470
470
470
470
470
470
470
470
470
470
470
470
445
445
445
445
445
445
445
445
445
445
445
440
440
440
440
428
428
428
428
428
428
428
428
428
428
428
428
428
387
387
387
387
387
387
387
387
387
387
387
387
362
362
362
362
362
362
362
362
362
362
362
362
362
362
362
362
355
355
355
355
355
324
324
321
321
321
321
319
319
310
310
310
310
310
310
310
310
310
308
308
303
303
303
303
303
303
303
303
295
295
295
295
295
295
295
295
295
295
295
295
295
295
295
295
295
295
295
286
286
286
286
286
286
286
286
286
286
286
286
271
271
271
271
271
271
271
271
271
271
271
271
271
271
271
271
271
271
271
271
246
246
246
246
246
246
246
246
246
246
246
246
246
234
234
234
234
234
234
234
234
234
234
234
234
234
234
234
234
232
232
232
232
232
232
232
232
232
232
232
232
232
232
232
232
232
232
232
225
225
225
225
225
225
225
225
225
225
225
225
225
225
225
225
209
209
209
209
209
209
209
209
209
209
209
209
209
209
209
209
209
209
204
204
204
204
204
204
204
204
201
201
201
201
201
201
201
201
199
199
199
199
199
199
174
174
174
174
174
174
174
174
174
174
174
174
174
174
169
169
153
153
153
153
153
153
153
153
153
153
153
153
153
153
152
152
152
152
152
152
152
152
151
151
151
151
151
151
151
151
151
151
138
138
138
138
138
138
138
138
138
138
138
138
138
138
138
138
138
138
138
138
138
138
138
138
138
138
138
138
138
138
138
138
138
138
138
138
119
119
119
119
111
111
111
111
111
111
111
111
111
111
111
111
111
111
111
111
111
111
111
111
111
97
97
97
97
97
97
97
97
97
97
97
97
97
97
85
85
85
85
85
85
85
85
85
85
83
83
83
83
83
83
83
64
64
64
64
64
64
64
64
64
64
58
58
58
58
58
58
49
49
49
49
49
49
18
18
18
18
18
18
18
18
18
18
18
18
18
18
18
18
18
17
15
15
15
15
