2542
10000
4966
4966
4966
4966
4966
4966
4966
4966
4966
4966
4966
4945
4945
4945
4945
4945
4945
4945
4945
4945
4945
4945
4945
4945
4945
4945
4945
4945
4945
4945
4945
4938
4938
4938
4938
4938
4938
4938
4938
4938
4938
4938
4938
4938
4938
4938
4938
4938
4938
4938
4938
4905
4905
4905
4905
4905
4905
4905
4905
4905
4833
4822
4822
4822
4822
4822
4822
4822
4822
4822
4822
4822
4812
4812
4812
4812
4812
4812
4812
4812
4812
4812
4812
4812
4812
4812
4812
4809
4809
4809
4809
4809
4809
4809
4809
4809
4809
4809
4809
4809
4809
4809
4809
4796
4796
4796
4749
4749
4749
4749
4749
4749
4622
4622
4622
4622
4622
4621
4621
4621
4621
4621
4621
4621
4621
4621
4621
4621
4621
4621
4621
4621
4621
4621
4621
4621
4621
4539
4539
4539
4539
4539
4539
4539
4474
4474
4474
4474
4474
4474
4474
4474
4474
4474
4474
4469
4455
4455
4455
4455
4455
4455
4455
4455
4455
4455
4455
4455
4455
4455
4455
4455
4455
4455
4443
4443
4443
4443
4443
4443
4443
4443
4443
4443
4443
4443
4443
4443
4443
4443
4443
4406
4406
4406
4406
4406
4406
4406
4406
4406
4406
4406
4406
4406
4406
4406
4406
4406
4406
4406
4406
4398
4398
4398
4398
4398
4398
4398
4398
4398
4398
4398
4398
4374
4374
4374
4374
4374
4370
4370
4370
4370
4370
4370
4370
4370
4370
4370
4343
4343
4343
4338
4338
4338
4338
4338
4338
4338
4338
4338
4338
4338
4338
4338
4337
4337
4337
4337
4337
4337
4337
4337
4337
4337
4298
4298
4298
4298
4298
4298
4298
4298
4298
4298
4298
4298
4298
4297
4297
4297
4271
4271
4271
4271
4271
4271
4271
4271
4271
4271
4271
4271
4271
4271
4271
4271
4271
4271
4271
4268
4247
4247
4247
4247
4247
4247
4247
4247
4247
4247
4235
4235
4235
4235
4235
4235
4235
4235
4232
4232
4232
4232
4232
4232
4232
4232
4232
4232
4232
4232
4232
4232
4232
4232
4232
4232
4232
4232
4210
4204
4202
4202
4202
4202
4202
4202
4202
4202
4202
4202
4202
4202
4202
4202
4202
4202
4202
4202
4202
4195
4195
4195
4195
4195
4195
4187
4187
4187
4187
4187
4187
4187
4187
4167
4167
4167
4167
4167
4167
4167
4167
4166
4158
4158
4158
4158
4158
4158
4157
4157
4157
4157
4157
4157
4157
4157
4157
4157
4157
4157
4157
4157
4157
4157
4157
4157
4153
4153
4153
4153
4153
4153
4135
4135
4120
4120
4120
4113
4113
4113
4113
4113
4113
4113
4113
4113
4113
4113
4113
4113
4112
4112
4112
4112
4112
4112
4112
4112
4106
4106
4106
4106
4106
4106
4106
4106
4106
4003
4003
4003
4003
3964
3964
3964
3964
3964
3964
3964
3964
3964
3964
3964
3964
3964
3964
3964
3964
3964
3897
3897
3897
3897
3897
3897
3897
3897
3897
3897
3897
3897
3897
3897
3864
3864
3864
3864
3864
3864
3864
3864
3844
3844
3844
3844
3815
3815
3815
3815
3815
3815
3815
3815
3815
3815
3815
3815
3806
3806
3806
3802
3802
3802
3802
3802
3802
3802
3802
3802
3802
3802
3802
3802
3802
3802
3802
3802
3773
3773
3773
3773
3773
3773
3773
3773
3773
3773
3773
3773
3773
3767
3767
3767
3767
3767
3767
3767
3767
3767
3767
3767
3767
3767
3767
3767
3767
3767
3767
3767
3767
3767
3767
3767
3767
3767
3767
3767
3767
3767
3767
3767
3767
3767
3767
3767
3735
3735
3735
3735
3728
3728
3728
3728
3728
3728
3728
3728
3728
3728
3728
3728
3728
3728
3728
3728
3728
3723
3723
3723
3723
3723
3673
3673
3673
3673
3673
3673
3673
3667
3667
3667
3667
3667
3667
3667
3667
3667
3667
3667
3667
3667
3667
3667
3662
3662
3662
3624
3624
3624
3624
3624
3624
3624
3624
3624
3624
3624
3624
3624
3624
3624
3624
3624
3624
3624
3606
3606
3606
3606
3606
3606
3604
3604
3604
3604
3604
3604
3604
3604
3604
3604
3604
3585
3585
3585
3585
3585
3562
3541
3541
3541
3541
3539
3539
3539
3523
3523
3523
3523
3523
3523
3523
3523
3523
3523
3523
3523
3506
3506
3506
3506
3506
3506
3505
3505
3505
3468
3468
3468
3468
3468
3468
3468
3450
3450
3450
3450
3450
3450
3450
3450
3432
3432
3432
3432
3432
3432
3432
3432
3432
3432
3432
3432
3432
3432
3432
3432
3432
3432
3432
3379
3379
3357
3357
3357
3357
3357
3357
3357
3357
3357
3357
3357
3357
3357
3357
3357
3357
3357
3350
3350
3350
3350
3350
3350
3350
3350
3350
3350
3350
3350
3350
3350
3350
3350
3350
3350
3350
3330
3330
3330
3330
3330
3330
3330
3330
3330
3330
3330
3330
3330
3330
3330
3330
3330
3330
3317
3317
3317
3317
3317
3317
3317
3317
3317
3317
3317
3317
3317
3289
3289
3289
3289
3282
3282
3282
3282
3282
3282
3282
3270
3270
3251
3251
3251
3251
3251
3251
3251
3251
3251
3211
3211
3211
3211
3211
3211
3211
3211
3211
3205
3205
3205
3205
3205
3205
3205
3205
3205
3205
3205
3205
3205
3205
3205
3193
3193
3193
3193
3193
3193
3193
3193
3165
3165
3165
3165
3165
3165
3165
3165
3165
3165
3165
3165
3165
3165
3165
3165
3165
3165
3165
3165
3165
3165
3165
3165
3165
3165
3165
3165
3161
3161
3105
3105
3105
3105
3105
3105
3105
3105
3105
3105
3105
3105
3105
3102
3102
3102
3102
3102
3102
3102
3102
3102
3102
3102
3102
3102
3102
3102
3102
3102
3102
3102
3093
3041
3041
2974
2974
2974
2974
2974
2974
2974
2974
2974
2974
2974
2974
2974
2974
2974
2974
2974
2974
2971
2971
2971
2971
2971
2971
2971
2971
2971
2933
2933
2933
2933
2933
2933
2933
2933
2933
2933
2932
2932
2932
2932
2932
2932
2932
2932
2932
2932
2932
2932
2917
2895
2895
2895
2895
2888
2888
2888
2888
2888
2888
2888
2888
2888
2888
2888
2888
2888
2888
2888
2883
2883
2883
2883
2883
2883
2883
2883
2883
2883
2883
2883
2883
2836
2836
2836
2820
2820
2817
2817
2817
2817
2817
2808
2808
2808
2808
2808
2808
2808
2808
2808
2808
2808
2808
2808
2808
2808
2808
2763
2763
2763
2763
2763
2763
2763
2763
2763
2763
2763
2763
2763
2763
2763
2763
2757
2714
2714
2714
2714
2714
2714
2714
2714
2714
2714
2714
2714
2658
2658
2658
2658
2658
2658
2658
2658
2658
2658
2658
2658
2658
2658
2658
2658
2658
2658
2658
2658
2655
2655
2655
2655
2655
2655
2655
2655
2655
2655
2655
2655
2655
2632
2632
2616
2616
2616
2616
2616
2616
2616
2616
2616
2616
2616
2616
2616
2616
2616
2616
2616
2616
2616
2616
2586
2586
2586
2586
2586
2586
2586
2586
2586
2586
2586
2586
2586
2586
2586
2586
2586
2586
2586
2586
2586
2568
2568
2568
2568
2568
2568
2568
2568
2568
2568
2552
2552
2552
2552
2552
2552
2551
2551
2551
2551
2551
2551
2551
2551
2551
2551
2551
2551
2551
2551
2551
2551
2551
2551
2493
2493
2493
2493
2493
2493
2475
2475
2475
2475
2475
2475
2475
2475
2475
2475
2475
2475
2475
2475
2475
2442
2442
2442
2442
2442
2442
2442
2442
2442
2442
2442
2442
2426
2426
2426
2426
2426
2426
2426
2426
2426
2426
2426
2426
2426
2426
2426
2426
2415
2415
2415
2415
2415
2413
2413
2413
2413
2413
2413
2413
2413
2413
2413
2413
2413
2413
2413
2336
2336
2336
2336
2336
2336
2336
2336
2336
2336
2336
2336
2336
2336
2336
2336
2335
2335
2335
2335
2335
2335
2335
2335
2297
2297
2297
2297
2297
2297
2297
2297
2297
2297
2297
2297
2297
2297
2297
2297
2296
2296
2296
2296
2296
2296
2296
2296
2296
2296
2296
2296
2296
2296
2296
2270
2270
2270
2270
2270
2270
2270
2270
2270
2270
2270
2270
2270
2269
2255
2255
2255
2255
2255
2255
2255
2255
2255
2255
2255
2255
2255
2255
2255
2255
2255
2255
2255
2255
2249
2249
2249
2249
2249
2249
2249
2249
2249
2249
2249
2249
2249
2249
2249
2249
2249
2249
2248
2245
2245
2245
2245
2245
2245
2245
2245
2245
2245
2245
2245
2245
2245
2245
2245
2245
2245
2243
2243
2243
2243
2243
2243
2243
2243
2243
2243
2243
2243
2243
2243
2243
2243
2243
2219
2219
2219
2219
2219
2219
2207
2207
2207
2207
2207
2207
2207
2207
2207
2207
2207
2207
2207
2207
2207
2207
2121
2121
2121
2121
2121
2121
2121
2121
2121
2104
2104
2104
2104
2104
2104
2104
2104
2104
2104
2104
2104
2104
2104
2076
2076
2050
2050
2050
2050
2050
2050
2050
2050
2050
2050
2050
2044
2008
2008
2008
2008
2008
2008
2008
2008
2008
2008
2008
2008
2008
2008
2008
2008
2005
2005
2005
2005
1994
1994
1994
1994
1994
1994
1994
1994
1994
1994
1994
1994
1994
1986
1967
1967
1967
1967
1967
1967
1967
1967
1967
1967
1967
1967
1967
1967
1967
1967
1961
1961
1961
1941
1941
1941
1941
1941
1941
1941
1941
1941
1941
1941
1941
1862
1862
1862
1862
1862
1862
1862
1862
1862
1862
1862
1862
1862
1862
1862
1862
1862
1860
1860
1860
1860
1860
1860
1860
1860
1860
1860
1860
1860
1860
1860
1860
1860
1860
1860
1860
1833
1833
1833
1833
1833
1833
1833
1833
1833
1833
1833
1833
1833
1833
1833
1833
1825
1825
1825
1825
1825
1825
1825
1825
1825
1825
1825
1825
1825
1825
1825
1780
1780
1780
1780
1780
1780
1780
1780
1780
1780
1780
1780
1780
1780
1780
1780
1778
1778
1778
1778
1778
1778
1778
1778
1778
1778
1778
1778
1778
1778
1778
1778
1778
1730
1730
1730
1669
1669
1669
1669
1669
1669
1669
1669
1669
1669
1669
1665
1665
1665
1665
1665
1665
1665
1665
1665
1665
1665
1665
1662
1662
1662
1662
1662
1662
1662
1662
1662
1662
1662
1662
1662
1662
1612
1612
1612
1612
1612
1612
1612
1612
1612
1612
1599
1599
1599
1599
1599
1599
1599
1599
1599
1599
1599
1599
1599
1599
1599
1599
1599
1599
1599
1599
1580
1580
1580
1580
1580
1580
1580
1580
1580
1557
1557
1557
1520
1520
1520
1520
1492
1492
1492
1492
1492
1481
1481
1481
1481
1481
1481
1481
1481
1481
1481
1462
1462
1462
1462
1462
1462
1437
1437
1437
1437
1437
1437
1437
1437
1437
1437
1437
1437
1437
1437
1403
1403
1403
1403
1403
1403
1403
1403
1403
1403
1403
1403
1403
1403
1403
1403
1403
1403
1403
1403
1385
1385
1385
1385
1385
1385
1383
1383
1383
1383
1383
1383
1383
1383
1383
1383
1364
1364
1364
1346
1346
1346
1346
1346
1346
1346
1346
1346
1346
1346
1346
1346
1346
1346
1346
1346
1332
1332
1332
1332
1332
1332
1332
1332
1332
1332
1332
1332
1332
1332
1332
1332
1332
1332
1311
1311
1311
1311
1311
1311
1311
1311
1311
1311
1311
1311
1311
1311
1311
1285
1285
1285
1285
1285
1285
1285
1285
1285
1285
1285
1284
1284
1284
1259
1259
1259
1259
1259
1259
1259
1259
1259
1259
1259
1259
1259
1259
1259
1259
1202
1202
1202
1142
1142
1142
1142
1142
1142
1139
1139
1139
1139
1139
1139
1139
1139
1091
1091
1091
1091
1091
1091
1091
1091
1091
1091
1091
1091
1067
1067
1067
1067
1067
1067
1067
1025
1025
1025
1025
1021
1021
1021
1021
1021
1021
1021
1016
1016
1016
1016
1016
1016
1016
1016
1016
1016
1016
1016
1016
1016
1016
1016
1016
1016
999
999
999
999
999
994
994
994
980
934
934
934
934
934
934
927
927
927
927
927
927
927
927
927
927
927
927
927
927
927
927
927
927
924
924
924
924
924
914
914
914
914
914
914
914
914
891
891
891
891
891
891
891
891
891
891
891
852
852
852
852
852
852
841
841
841
841
841
841
841
841
841
815
815
815
815
815
815
815
815
815
815
799
799
799
799
799
799
799
799
799
799
799
799
784
784
784
784
773
773
773
773
773
773
773
773
773
773
773
760
760
760
760
760
678
678
678
678
678
678
678
678
678
678
678
678
678
678
678
678
678
639
639
639
639
639
639
639
639
639
639
639
639
639
639
639
639
638
638
638
638
638
635
635
635
635
635
635
635
635
635
635
635
635
635
635
632
632
632
632
632
632
632
632
632
632
632
632
632
632
632
624
624
624
624
624
624
624
624
624
624
624
624
620
620
620
620
620
620
620
620
620
620
620
620
620
620
620
620
620
608
608
608
608
608
608
608
608
608
608
608
608
608
608
608
608
608
608
592
592
592
592
592
592
592
592
592
592
592
592
592
592
592
592
592
592
592
592
572
572
572
572
572
572
572
570
570
570
570
570
570
570
570
570
570
570
570
570
570
570
555
555
555
555
555
517
517
517
517
517
517
517
517
517
517
517
517
512
512
512
512
512
512
512
512
512
512
512
512
512
512
512
512
512
512
506
506
506
506
506
506
506
506
506
506
490
490
490
490
490
490
490
476
476
476
476
468
468
468
468
468
468
468
468
468
468
468
468
468
468
468
468
468
461
461
461
461
461
461
461
461
461
461
461
461
461
461
440
440
440
440
440
440
440
440
440
440
440
440
424
424
424
424
424
424
424
424
424
424
424
424
424
424
422
422
422
422
422
422
422
422
422
422
422
422
422
422
422
422
422
422
408
408
408
408
408
408
408
408
408
408
408
408
408
408
402
402
402
402
402
402
402
402
402
402
402
402
356
356
356
356
356
356
356
356
356
356
356
356
326
326
326
326
326
326
326
326
326
326
326
326
326
326
326
326
326
326
326
324
316
316
316
316
316
316
316
316
316
316
316
316
290
290
290
290
278
278
278
278
278
278
278
278
278
232
232
232
232
232
230
230
230
226
226
226
226
226
226
226
226
226
226
226
226
226
226
226
226
226
226
210
210
210
210
210
210
210
210
210
210
200
200
200
200
200
200
200
200
200
200
200
200
200
200
200
200
148
148
148
148
148
148
148
148
148
148
148
148
148
148
148
148
148
148
138
138
138
138
138
124
124
87
87
87
87
87
87
87
87
87
87
87
87
87
87
87
87
87
87
87
87
82
82
82
82
82
82
71
71
71
71
71
71
71
71
71
71
71
71
71
71
71
71
71
71
47
47
47
47
47
47
47
47
47
47
47
47
47
47
47
47
47
47
47
16
16
16
16
16
16
16
16
3
3
3
3
3
3
