11925
10000
2496
2496
2496
2496
2496
2496
2496
2496
2496
2496
2496
2496
2496
2496
2496
2496
2496
2496
2496
2496
2496
2496
2496
2496
2496
2496
2496
2496
2496
2496
2496
2496
2496
2496
2496
2496
2496
2496
2496
2496
2496
2496
2496
2496
2496
2496
2496
2496
2496
2496
2496
2496
2496
2496
2496
2496
2496
2496
2496
2496
2496
2496
2496
2496
2496
2496
2496
2496
2496
2496
2496
2496
2496
2496
2496
2496
2496
2496
2496
2496
2496
2496
2489
2489
2489
2489
2489
2489
2489
2489
2489
2489
2489
2489
2489
2489
2489
2489
2489
2489
2489
2489
2489
2489
2489
2489
2489
2489
2489
2489
2489
2489
2489
2489
2489
2489
2489
2489
2489
2489
2489
2489
2489
2489
2489
2489
2489
2489
2489
2489
2489
2489
2489
2489
2489
2489
2489
2489
2489
2489
2489
2489
2489
2489
2489
2489
2489
2489
2489
2454
2454
2454
2454
2454
2454
2454
2454
2454
2454
2454
2454
2454
2454
2454
2454
2454
2454
2454
2454
2454
2454
2454
2454
2454
2454
2454
2454
2454
2454
2454
2454
2454
2454
2454
2454
2454
2454
2454
2454
2454
2454
2454
2454
2454
2454
2454
2454
2454
2454
2454
2454
2454
2454
2454
2454
2454
2454
2454
2454
2454
2454
2454
2454
2454
2454
2454
2454
2454
2454
2454
2454
2454
2454
2454
2454
2454
2454
2454
2454
2454
2454
2454
2454
2454
2454
2454
2454
2454
2454
2454
2454
2454
2454
2454
2454
2454
2454
2436
2436
2436
2436
2436
2436
2436
2436
2436
2436
2436
2436
2436
2436
2436
2436
2436
2436
2436
2436
2436
2436
2436
2436
2436
2436
2436
2427
2427
2427
2427
2427
2427
2427
2427
2427
2427
2427
2427
2427
2427
2427
2427
2427
2427
2419
2419
2419
2405
2405
2405
2405
2405
2405
2405
2405
2396
2396
2396
2396
2396
2396
2396
2396
2396
2396
2396
2396
2396
2396
2396
2396
2396
2396
2396
2396
2396
2396
2396
2396
2396
2396
2396
2396
2396
2396
2396
2396
2396
2396
2396
2396
2396
2396
2396
2396
2396
2396
2396
2396
2396
2396
2396
2396
2396
2396
2396
2396
2396
2396
2396
2396
2396
2396
2396
2396
2396
2396
2396
2396
2396
2396
2396
2396
2396
2396
2396
2396
2396
2396
2396
2396
2396
2396
2396
2396
2396
2396
2396
2396
2396
2388
2388
2388
2388
2388
2388
2388
2388
2388
2388
2388
2388
2388
2388
2388
2388
2388
2388
2388
2388
2388
2388
2388
2388
2388
2388
2388
2388
2388
2388
2388
2388
2388
2388
2388
2388
2388
2388
2388
2388
2388
2388
2388
2388
2388
2386
2386
2386
2386
2386
2386
2386
2386
2386
2386
2386
2386
2386
2386
2386
2386
2386
2386
2386
2386
2386
2386
2386
2386
2386
2386
2386
2386
2386
2386
2386
2386
2386
2386
2386
2386
2386
2386
2386
2386
2386
2386
2386
2386
2386
2386
2386
2386
2386
2386
2386
2386
2386
2386
2386
2368
2368
2368
2368
2368
2365
2365
2365
2365
2365
2365
2365
2365
2365
2365
2365
2365
2365
2365
2365
2365
2365
2365
2365
2365
2365
2365
2365
2365
2365
2365
2365
2365
2365
2365
2365
2365
2365
2362
2362
2362
2362
2362
2362
2362
2362
2362
2362
2362
2362
2362
2362
2362
2362
2362
2362
2362
2362
2362
2362
2356
2356
2356
2356
2356
2356
2356
2356
2356
2356
2356
2356
2356
2356
2356
2356
2356
2356
2356
2356
2356
2356
2356
2356
2356
2356
2356
2353
2353
2353
2353
2353
2353
2353
2353
2353
2353
2353
2353
2353
2353
2353
2353
2353
2353
2353
2353
2353
2353
2353
2353
2353
2353
2353
2343
2343
2343
2343
2343
2343
2343
2343
2343
2343
2343
2343
2343
2343
2343
2343
2343
2343
2341
2341
2341
2341
2341
2341
2341
2341
2337
2337
2337
2337
2337
2337
2337
2337
2337
2337
2337
2337
2337
2337
2337
2337
2337
2337
2337
2337
2329
2329
2329
2329
2329
2329
2329
2329
2329
2329
2329
2329
2329
2329
2329
2329
2329
2329
2329
2329
2329
2329
2329
2329
2329
2329
2329
2329
2329
2329
2329
2329
2329
2329
2329
2329
2329
2329
2329
2329
2329
2329
2329
2329
2329
2329
2329
2329
2329
2329
2329
2322
2322
2322
2322
2322
2322
2322
2322
2322
2322
2322
2322
2322
2322
2322
2322
2322
2322
2322
2322
2322
2322
2322
2322
2322
2322
2322
2322
2322
2322
2322
2322
2322
2322
2322
2322
2322
2322
2322
2322
2322
2322
2322
2322
2322
2322
2322
2322
2322
2322
2322
2322
2322
2322
2322
2322
2322
2322
2322
2322
2322
2322
2322
2322
2322
2322
2322
2322
2322
2322
2322
2316
2316
2316
2316
2316
2316
2316
2316
2316
2316
2316
2316
2316
2316
2316
2316
2316
2316
2316
2316
2316
2316
2316
2316
2316
2316
2316
2316
2316
2316
2316
2316
2316
2316
2316
2316
2316
2316
2316
2316
2316
2316
2316
2316
2316
2316
2316
2316
2316
2316
2316
2316
2316
2316
2316
2316
2316
2316
2316
2316
2316
2316
2316
2316
2316
2316
2316
2316
2316
2316
2316
2316
2316
2316
2316
2316
2316
2316
2316
2316
2316
2316
2316
2316
2316
2316
2316
2316
2316
2315
2315
2315
2315
2315
2315
2315
2315
2315
2315
2315
2315
2315
2315
2315
2315
2315
2315
2315
2315
2315
2315
2315
2315
2315
2315
2315
2315
2315
2315
2315
2315
2315
2292
2292
2292
2292
2292
2292
2292
2292
2292
2292
2292
2291
2291
2291
2291
2291
2291
2291
2291
2291
2291
2291
2291
2291
2291
2291
2291
2291
2291
2291
2291
2291
2291
2291
2291
2291
2291
2291
2291
2291
2291
2291
2291
2291
2291
2281
2281
2281
2281
2281
2281
2281
2281
2281
2281
2281
2281
2281
2281
2281
2281
2281
2281
2281
2281
2281
2281
2281
2281
2281
2281
2281
2281
2281
2281
2281
2281
2281
2281
2281
2281
2281
2281
2281
2281
2281
2281
2281
2281
2281
2281
2281
2281
2281
2281
2281
2281
2281
2259
2259
2259
2259
2259
2259
2259
2259
2259
2259
2259
2259
2259
2259
2259
2259
2259
2259
2259
2259
2259
2259
2259
2259
2259
2259
2259
2259
2259
2259
2259
2259
2259
2259
2259
2259
2259
2259
2259
2259
2259
2259
2259
2259
2259
2259
2259
2259
2259
2259
2259
2259
2259
2259
2259
2259
2259
2259
2259
2259
2259
2259
2259
2259
2259
2259
2259
2259
2259
2259
2259
2257
2257
2257
2257
2257
2257
2257
2257
2257
2257
2257
2257
2257
2257
2257
2257
2257
2257
2257
2257
2257
2257
2254
2254
2254
2254
2254
2249
2249
2249
2249
2249
2249
2249
2249
2249
2249
2249
2249
2249
2249
2249
2249
2249
2249
2249
2249
2249
2249
2249
2249
2249
2249
2249
2249
2249
2249
2249
2249
2249
2249
2249
2249
2249
2249
2249
2249
2249
2249
2249
2249
2249
2249
2249
2249
2249
2249
2249
2249
2249
2249
2249
2249
2249
2249
2235
2235
2235
2235
2235
2235
2233
2233
2233
2233
2233
2233
2233
2233
2233
2233
2233
2233
2233
2233
2233
2233
2233
2233
2233
2233
2233
2233
2233
2233
2233
2233
2233
2233
2233
2233
2233
2233
2233
2233
2233
2233
2233
2233
2233
2233
2233
2233
2233
2233
2233
2233
2233
2233
2233
2233
2233
2233
2233
2233
2233
2233
2233
2233
2233
2233
2233
2233
2233
2233
2233
2233
2233
2233
2233
2233
2233
2233
2233
2233
2233
2233
2233
2233
2233
2233
2233
2233
2233
2233
2233
2233
2233
2233
2233
2233
2233
2233
2233
2233
2233
2233
2233
2233
2233
2233
2233
2233
2233
2233
2233
2233
2233
2233
2233
2233
2233
2233
2233
2233
2233
2213
2213
2213
2213
2213
2213
2213
2213
2213
2213
2213
2213
2213
2213
2213
2213
2213
2213
2213
2213
2213
2213
2213
2213
2213
2213
2213
2213
2213
2213
2213
2213
2213
2213
2213
2213
2213
2213
2213
2213
2213
2213
2213
2213
2213
2213
2213
2213
2213
2213
2213
2213
2213
2213
2213
2213
2213
2213
2213
2213
2213
2213
2213
2213
2211
2211
2211
2211
2211
2211
2211
2211
2211
2211
2211
2211
2211
2211
2211
2211
2211
2211
2211
2211
2211
2211
2211
2211
2211
2211
2211
2211
2211
2211
2211
2211
2211
2211
2211
2211
2211
2211
2211
2211
2211
2211
2211
2211
2211
2211
2211
2211
2211
2211
2211
2211
2211
2211
2211
2211
2211
2211
2211
2211
2211
2211
2211
2211
2211
2211
2201
2201
2201
2189
2178
2178
2178
2178
2178
2178
2178
2178
2178
2178
2178
2178
2178
2178
2178
2178
2178
2178
2178
2178
2178
2178
2178
2178
2178
2178
2178
2178
2178
2178
2178
2178
2178
2178
2178
2178
2178
2178
2178
2178
2178
2178
2178
2178
2178
2178
2178
2178
2178
2178
2178
2178
2178
2178
2178
2178
2178
2178
2178
2178
2178
2178
2178
2178
2178
2178
2178
2178
2178
2178
2178
2178
2178
2178
2178
2178
2178
2178
2178
2178
2178
2178
2178
2178
2178
2178
2178
2178
2178
2178
2178
2178
2178
2178
2178
2178
2178
2178
2164
2164
2164
2164
2164
2164
2164
2164
2164
2164
2164
2164
2164
2164
2164
2164
2164
2164
2164
2164
2164
2164
2164
2164
2164
2164
2164
2164
2164
2164
2164
2164
2164
2164
2164
2164
2164
2164
2164
2164
2164
2164
2164
2156
2156
2156
2156
2156
2156
2156
2156
2156
2156
2156
2156
2156
2156
2156
2156
2156
2156
2156
2156
2156
2156
2156
2156
2156
2156
2156
2156
2156
2156
2156
2156
2156
2156
2156
2156
2156
2156
2156
2156
2156
2149
2149
2149
2149
2149
2149
2149
2149
2149
2149
2149
2149
2149
2149
2149
2149
2149
2149
2149
2149
2149
2149
2149
2149
2149
2149
2149
2149
2149
2149
2149
2149
2149
2149
2149
2149
2140
2140
2140
2140
2140
2129
2129
2129
2129
2129
2129
2129
2129
2129
2129
2129
2129
2117
2117
2117
2117
2117
2117
2117
2117
2117
2117
2117
2117
2117
2117
2117
2117
2117
2117
2117
2117
2117
2117
2117
2117
2117
2117
2117
2117
2117
2117
2117
2117
2117
2117
2117
2117
2117
2117
2117
2117
2117
2117
2117
2117
2117
2117
2117
2117
2117
2117
2117
2117
2117
2117
2117
2117
2117
2117
2117
2117
2117
2117
2117
2117
2117
2117
2117
2117
2117
2117
2117
2117
2117
2117
2117
2117
2117
2117
2117
2117
2117
2117
2117
2117
2117
2117
2117
2117
2117
2117
2117
2117
2117
2117
2099
2099
2099
2099
2099
2099
2099
2099
2099
2099
2099
2099
2099
2099
2099
2099
2099
2099
2099
2099
2099
2099
2099
2099
2099
2099
2099
2099
2099
2099
2099
2099
2099
2099
2099
2099
2099
2099
2099
2099
2099
2099
2099
2099
2099
2099
2099
2099
2099
2099
2099
2099
2099
2099
2099
2099
2099
2099
2099
2099
2099
2099
2099
2099
2099
2099
2099
2099
2099
2099
2099
2099
2099
2082
2082
2082
2082
2082
2082
2082
2082
2082
2082
2082
2082
2082
2082
2082
2082
2082
2082
2082
2082
2082
2082
2082
2059
2059
2059
2059
2059
2059
2059
2059
2059
2059
2059
2059
2059
2059
2059
2059
2059
2059
2059
2059
2059
2059
2059
2059
2059
2059
2059
2059
2059
2059
2059
2059
2059
2059
2059
2059
2059
2059
2059
2059
2059
2059
2059
2059
2059
2059
2059
2059
2059
2059
2059
2059
2059
2059
2059
2059
2059
2059
2059
2059
2059
2059
2059
2059
2059
2059
2059
2059
2059
2059
2059
2059
2059
2059
2059
2059
2059
2059
2059
2059
2059
2059
2059
2059
2059
2059
2059
2059
2059
2059
2059
2059
2059
2059
2059
2059
2059
2059
2059
2059
2059
2059
2059
2059
2059
2059
2059
2059
2059
2059
2059
2059
2059
2059
2059
2059
2059
2059
2059
2059
2059
2059
2059
2059
2059
2059
2059
2059
2059
2059
2059
2059
2059
2059
2059
2059
2059
2059
2059
2059
2059
2059
2059
2059
2059
2059
2059
2059
2059
2059
2059
2059
2059
2059
2059
2059
2059
2059
2059
2059
2059
2059
2059
2059
2059
2059
2059
2059
2059
2059
2059
2059
2059
2059
2059
2059
2059
2035
2035
2035
2035
2035
2035
2035
2035
2035
2035
2035
2035
2035
2035
2035
2035
2035
2035
2035
2035
2035
2035
2035
2035
2035
2035
2035
2035
2035
2035
2035
2033
2033
2033
2033
2033
2033
2033
2033
2033
2033
2033
2033
2033
2033
2033
2033
2033
2033
2033
2033
2033
2033
2033
2033
2033
2033
2033
2033
2033
2033
2033
2033
2033
2033
2033
2033
2033
2033
2033
2033
2033
2033
2033
2030
2030
2030
2030
2030
2030
2030
2030
2030
2030
2030
2030
2030
2030
2030
2030
2030
2030
2030
2030
2030
2030
2030
2030
2030
2030
2030
2030
2030
2030
2030
2030
2030
2030
2030
2030
2023
2023
2023
2023
2023
2023
2023
2023
2023
2023
2023
2023
2023
2023
2023
2023
2023
2023
2023
2023
2023
2023
2023
2023
2023
2023
2023
2023
2023
2023
2023
2023
2023
2023
2023
2023
2023
2023
2023
2023
2023
2021
2021
2021
2021
2021
2021
2021
2021
2021
2021
2021
2021
2021
2021
2021
2021
2021
2021
2021
2021
2021
2021
2021
2021
2021
2021
2021
2021
2021
2021
2021
2021
2021
2021
2021
2021
2021
2021
2021
2021
2021
2021
2021
2021
2021
2021
2021
2021
2021
2021
2021
2021
2021
2021
2021
2021
2021
2021
2021
2021
2016
2016
2016
2016
2016
2016
2016
2016
2016
2016
2016
2016
2016
2016
2016
2016
2016
2016
2016
2016
2016
2016
2016
2016
2016
2016
2016
2016
2016
2016
2016
2016
2016
2016
2016
2016
2016
2016
2016
2016
2016
2016
2016
2016
2016
2016
2016
2016
2016
2016
2016
2015
2015
2015
2015
2015
2015
2015
2015
2015
2015
2015
2015
2015
2015
2015
2015
2015
2015
2015
2015
2015
2015
2015
2015
2015
2015
2015
2009
2009
2009
2009
2009
2009
2009
2009
2009
2009
2009
2009
2009
2009
2009
2009
2009
2009
2009
2009
2009
2009
2009
2009
2009
2009
2009
2009
2009
2009
2009
2009
2009
2009
2009
2009
2009
2009
2009
2009
2009
2009
2009
2009
2009
2009
2009
2009
2009
2009
2009
2009
2009
2009
2009
2009
2009
2009
2009
2009
2009
2009
2009
2009
2009
2009
2009
2009
2009
2009
2009
2009
2009
2001
1994
1994
1994
1994
1994
1994
1994
1994
1994
1994
1994
1994
1994
1994
1994
1994
1994
1994
1994
1994
1994
1994
1994
1994
1994
1994
1994
1994
1994
1994
1994
1994
1994
1994
1994
1994
1994
1994
1994
1994
1994
1994
1994
1994
1994
1994
1993
1993
1993
1993
1993
1993
1993
1989
1958
1958
1958
1958
1958
1958
1958
1958
1958
1958
1958
1958
1958
1958
1958
1958
1958
1957
1957
1957
1957
1957
1957
1957
1957
1957
1957
1957
1957
1957
1957
1957
1957
1957
1957
1957
1957
1957
1957
1957
1957
1957
1957
1957
1957
1957
1957
1957
1957
1957
1957
1957
1957
1957
1957
1957
1957
1957
1957
1957
1957
1957
1957
1957
1957
1957
1957
1957
1957
1957
1957
1957
1957
1957
1954
1954
1954
1954
1954
1954
1954
1954
1954
1954
1954
1954
1954
1954
1954
1954
1954
1954
1954
1954
1954
1954
1954
1954
1954
1954
1954
1954
1954
1954
1954
1954
1954
1954
1954
1954
1954
1954
1954
1954
1954
1954
1954
1954
1954
1954
1954
1954
1954
1954
1954
1954
1954
1954
1954
1954
1954
1954
1954
1954
1954
1954
1954
1954
1954
1954
1954
1954
1954
1954
1954
1954
1954
1954
1954
1954
1954
1954
1954
1954
1954
1954
1954
1936
1936
1936
1936
1936
1936
1936
1936
1936
1936
1936
1936
1936
1936
1936
1936
1936
1936
1936
1936
1936
1936
1936
1936
1936
1936
1936
1936
1936
1936
1936
1936
1936
1936
1936
1936
1936
1936
1936
1936
1931
1931
1931
1931
1931
1931
1931
1931
1931
1931
1931
1931
1931
1931
1931
1931
1931
1931
1931
1931
1931
1931
1931
1931
1910
1910
1910
1910
1910
1910
1910
1910
1910
1910
1910
1910
1910
1910
1910
1910
1910
1910
1910
1910
1910
1910
1910
1910
1910
1910
1910
1910
1910
1910
1910
1910
1910
1910
1910
1910
1910
1910
1910
1910
1910
1910
1910
1910
1910
1910
1910
1910
1910
1910
1910
1910
1910
1910
1910
1910
1910
1910
1910
1910
1910
1910
1910
1910
1910
1910
1910
1910
1910
1910
1910
1910
1910
1910
1910
1910
1910
1910
1910
1910
1910
1910
1910
1910
1910
1910
1910
1910
1908
1908
1908
1908
1908
1908
1908
1908
1908
1908
1908
1908
1908
1908
1908
1908
1908
1908
1908
1908
1908
1908
1908
1908
1908
1908
1908
1908
1908
1908
1908
1908
1908
1908
1908
1908
1908
1908
1908
1908
1908
1908
1908
1908
1908
1908
1908
1908
1908
1908
1908
1908
1897
1897
1897
1897
1897
1897
1897
1897
1897
1897
1897
1897
1897
1897
1897
1897
1897
1897
1897
1897
1897
1897
1897
1897
1897
1897
1897
1897
1897
1897
1897
1897
1897
1897
1897
1897
1897
1897
1897
1897
1897
1897
1897
1897
1897
1897
1897
1897
1897
1897
1897
1897
1897
1897
1897
1897
1897
1897
1897
1897
1897
1897
1897
1897
1897
1897
1897
1897
1897
1897
1897
1897
1885
1885
1885
1885
1885
1885
1885
1885
1885
1885
1885
1885
1885
1885
1885
1885
1885
1885
1885
1885
1885
1885
1885
1885
1885
1885
1885
1885
1885
1885
1885
1885
1885
1885
1885
1885
1885
1885
1885
1885
1885
1885
1885
1885
1885
1885
1885
1885
1885
1885
1885
1885
1885
1885
1885
1884
1884
1884
1884
1884
1884
1884
1884
1884
1884
1884
1884
1884
1884
1884
1884
1884
1884
1884
1884
1884
1884
1884
1884
1884
1884
1884
1884
1884
1884
1884
1884
1884
1884
1884
1884
1884
1884
1884
1884
1884
1884
1884
1884
1884
1884
1884
1884
1877
1877
1877
1877
1877
1877
1877
1877
1877
1877
1877
1877
1877
1877
1877
1877
1877
1877
1877
1877
1877
1877
1877
1877
1877
1877
1877
1877
1877
1877
1877
1877
1861
1861
1861
1861
1861
1861
1861
1861
1861
1861
1861
1861
1861
1861
1861
1861
1861
1861
1861
1861
1861
1861
1861
1861
1861
1861
1861
1861
1861
1861
1861
1861
1861
1861
1861
1861
1861
1861
1861
1861
1861
1861
1861
1861
1861
1861
1861
1861
1861
1861
1861
1861
1861
1861
1861
1861
1861
1861
1861
1861
1861
1861
1861
1861
1861
1861
1861
1861
1861
1861
1861
1861
1861
1861
1861
1861
1861
1861
1861
1861
1861
1861
1861
1861
1861
1861
1861
1861
1861
1861
1861
1861
1861
1850
1850
1850
1850
1850
1850
1850
1850
1850
1850
1850
1850
1850
1850
1850
1850
1850
1850
1850
1850
1850
1850
1850
1850
1850
1850
1850
1850
1850
1850
1850
1850
1850
1850
1850
1850
1850
1850
1850
1850
1850
1850
1850
1850
1850
1850
1850
1850
1850
1850
1850
1849
1849
1849
1849
1849
1849
1849
1837
1837
1837
1837
1837
1837
1837
1837
1837
1837
1837
1837
1837
1837
1837
1837
1837
1837
1837
1837
1837
1837
1837
1837
1837
1837
1837
1837
1837
1837
1837
1837
1837
1837
1837
1837
1837
1837
1837
1837
1837
1837
1837
1837
1837
1837
1837
1837
1837
1824
1824
1824
1824
1824
1824
1824
1824
1824
1824
1824
1824
1824
1824
1824
1824
1824
1824
1824
1824
1824
1824
1824
1824
1824
1824
1824
1824
1824
1824
1824
1824
1824
1824
1824
1824
1824
1824
1824
1824
1824
1824
1824
1824
1824
1824
1824
1824
1824
1824
1824
1824
1824
1824
1824
1824
1824
1824
1824
1824
1824
1824
1824
1824
1824
1824
1824
1824
1824
1824
1824
1824
1824
1824
1824
1824
1824
1824
1824
1824
1824
1824
1824
1824
1824
1824
1824
1824
1824
1817
1817
1817
1817
1817
1817
1817
1817
1817
1817
1817
1817
1817
1817
1817
1817
1817
1817
1817
1817
1817
1817
1817
1817
1817
1817
1817
1817
1817
1817
1817
1817
1817
1817
1792
1792
1792
1792
1792
1792
1792
1786
1786
1786
1786
1786
1786
1786
1786
1786
1786
1786
1786
1786
1786
1786
1786
1786
1786
1786
1786
1786
1786
1786
1786
1786
1786
1786
1786
1786
1786
1786
1786
1786
1786
1786
1786
1786
1786
1786
1786
1786
1786
1786
1786
1786
1786
1786
1786
1786
1786
1785
1785
1785
1785
1785
1785
1785
1785
1785
1785
1785
1785
1785
1785
1785
1785
1785
1785
1785
1785
1785
1785
1785
1785
1785
1785
1785
1785
1785
1785
1741
1741
1741
1741
1741
1741
1720
1720
1720
1720
1720
1720
1720
1720
1720
1720
1720
1720
1720
1720
1720
1720
1720
1720
1720
1720
1720
1720
1720
1720
1720
1720
1720
1720
1720
1720
1720
1720
1720
1720
1720
1720
1720
1720
1720
1720
1720
1720
1720
1720
1720
1720
1720
1720
1720
1720
1720
1720
1720
1720
1720
1712
1712
1712
1712
1712
1712
1712
1712
1712
1712
1712
1712
1712
1712
1712
1712
1712
1712
1712
1712
1712
1712
1712
1712
1712
1712
1712
1712
1712
1712
1712
1712
1712
1712
1712
1712
1712
1712
1712
1688
1688
1688
1688
1688
1688
1688
1688
1688
1688
1688
1688
1688
1688
1688
1688
1688
1681
1681
1681
1681
1681
1681
1681
1681
1681
1681
1681
1681
1681
1681
1681
1681
1681
1681
1681
1681
1681
1681
1681
1681
1681
1681
1681
1681
1681
1681
1681
1681
1681
1681
1681
1681
1681
1681
1681
1681
1681
1681
1681
1681
1681
1678
1678
1678
1678
1678
1678
1678
1678
1678
1678
1678
1678
1678
1678
1678
1678
1678
1678
1678
1678
1678
1678
1678
1678
1678
1678
1678
1678
1678
1678
1678
1678
1678
1678
1678
1678
1678
1678
1678
1678
1678
1678
1678
1678
1678
1678
1678
1678
1678
1678
1678
1678
1678
1678
1678
1678
1678
1678
1678
1678
1678
1678
1678
1678
1678
1678
1678
1629
1629
1629
1629
1629
1629
1629
1629
1629
1629
1629
1629
1629
1629
1629
1629
1629
1629
1629
1629
1629
1629
1629
1629
1629
1629
1629
1629
1629
1629
1629
1629
1629
1629
1629
1629
1629
1629
1629
1629
1629
1629
1629
1629
1629
1629
1629
1629
1629
1629
1629
1629
1629
1629
1624
1624
1624
1624
1624
1624
1624
1624
1624
1624
1624
1624
1624
1624
1624
1624
1624
1624
1624
1624
1624
1624
1624
1624
1624
1624
1620
1620
1620
1620
1620
1620
1620
1620
1620
1620
1620
1620
1620
1620
1620
1620
1620
1620
1620
1620
1620
1620
1620
1620
1617
1617
1617
1617
1617
1617
1617
1617
1617
1617
1617
1617
1617
1617
1617
1617
1617
1617
1617
1617
1617
1617
1617
1617
1617
1617
1617
1617
1617
1617
1617
1617
1617
1617
1617
1617
1617
1617
1617
1617
1617
1617
1617
1617
1617
1617
1617
1617
1617
1617
1617
1617
1617
1617
1617
1617
1617
1617
1617
1617
1617
1617
1617
1617
1617
1617
1617
1617
1617
1617
1617
1617
1610
1610
1610
1610
1610
1610
1610
1610
1610
1610
1610
1610
1610
1610
1610
1610
1610
1610
1610
1610
1610
1610
1610
1610
1610
1610
1610
1610
1610
1610
1610
1610
1610
1610
1610
1610
1610
1610
1610
1610
1610
1610
1610
1610
1610
1610
1610
1610
1610
1610
1610
1610
1610
1610
1610
1610
1610
1610
1610
1610
1594
1594
1594
1594
1594
1594
1594
1594
1594
1594
1594
1594
1594
1594
1594
1594
1594
1594
1594
1594
1594
1557
1557
1557
1557
1557
1557
1557
1557
1557
1557
1557
1557
1557
1557
1557
1557
1557
1557
1557
1557
1557
1557
1557
1557
1557
1557
1557
1557
1557
1557
1557
1557
1557
1557
1557
1557
1557
1557
1557
1557
1557
1557
1557
1557
1557
1557
1557
1557
1557
1557
1557
1557
1557
1557
1557
1557
1557
1557
1557
1557
1557
1557
1557
1557
1557
1557
1557
1557
1557
1557
1557
1557
1557
1557
1557
1557
1557
1557
1557
1557
1543
1543
1543
1543
1543
1543
1543
1543
1543
1543
1543
1543
1543
1543
1543
1543
1543
1543
1543
1543
1543
1543
1543
1543
1543
1543
1543
1543
1543
1543
1532
1532
1532
1532
1532
1532
1532
1532
1532
1532
1532
1532
1532
1532
1532
1532
1532
1532
1532
1532
1532
1532
1532
1532
1532
1532
1532
1532
1532
1532
1532
1532
1532
1532
1532
1532
1532
1532
1532
1532
1532
1532
1532
1532
1532
1514
1514
1514
1514
1514
1514
1514
1514
1514
1514
1514
1514
1514
1514
1514
1514
1514
1514
1514
1514
1514
1514
1514
1514
1514
1514
1514
1514
1514
1514
1514
1514
1514
1514
1514
1514
1514
1514
1514
1514
1514
1514
1514
1514
1514
1514
1514
1514
1514
1514
1514
1514
1514
1514
1514
1514
1514
1514
1514
1514
1496
1496
1496
1496
1496
1496
1493
1493
1493
1493
1493
1493
1493
1493
1493
1493
1493
1493
1493
1493
1493
1493
1493
1493
1493
1493
1493
1493
1493
1493
1493
1493
1493
1493
1493
1493
1493
1493
1485
1485
1485
1485
1485
1485
1485
1485
1485
1485
1485
1485
1485
1485
1485
1485
1485
1485
1485
1485
1485
1485
1485
1485
1485
1485
1480
1480
1480
1480
1480
1480
1480
1480
1480
1480
1480
1480
1480
1480
1480
1480
1480
1480
1480
1480
1480
1480
1480
1479
1479
1479
1479
1479
1479
1479
1479
1479
1479
1479
1479
1479
1479
1479
1479
1479
1479
1479
1479
1479
1479
1479
1479
1476
1476
1476
1476
1476
1476
1476
1476
1476
1476
1476
1476
1476
1476
1476
1476
1476
1476
1476
1476
1476
1476
1476
1476
1476
1476
1476
1476
1476
1476
1476
1476
1476
1476
1476
1476
1476
1476
1476
1476
1476
1476
1476
1476
1476
1476
1476
1476
1476
1476
1476
1476
1476
1476
1476
1476
1476
1476
1476
1466
1466
1466
1466
1466
1466
1466
1466
1466
1466
1466
1466
1466
1466
1466
1466
1466
1466
1466
1466
1466
1466
1466
1466
1466
1466
1449
1449
1449
1449
1449
1449
1449
1449
1449
1449
1449
1449
1449
1449
1449
1449
1433
1433
1433
1433
1433
1433
1433
1433
1433
1433
1433
1433
1433
1433
1433
1433
1427
1427
1427
1427
1427
1427
1427
1427
1427
1427
1427
1427
1427
1427
1427
1427
1427
1427
1427
1427
1427
1427
1427
1427
1427
1427
1427
1427
1427
1427
1427
1427
1427
1427
1427
1427
1427
1427
1427
1427
1427
1427
1427
1427
1427
1427
1427
1427
1427
1427
1427
1427
1427
1427
1427
1427
1427
1427
1404
1404
1404
1404
1404
1404
1404
1404
1404
1404
1404
1404
1404
1404
1404
1404
1404
1404
1404
1404
1404
1404
1404
1404
1404
1404
1404
1404
1404
1404
1404
1404
1404
1404
1404
1404
1404
1404
1404
1404
1404
1404
1404
1404
1404
1404
1404
1404
1404
1404
1404
1404
1404
1404
1404
1404
1404
1404
1404
1404
1404
1404
1404
1404
1404
1404
1404
1404
1404
1404
1404
1404
1404
1404
1404
1404
1404
1404
1404
1404
1404
1404
1404
1404
1404
1404
1404
1404
1404
1404
1404
1404
1404
1404
1404
1404
1404
1386
1386
1386
1386
1386
1386
1386
1386
1386
1386
1386
1386
1386
1386
1386
1386
1386
1386
1386
1386
1386
1386
1386
1386
1386
1386
1386
1386
1386
1386
1386
1386
1386
1386
1386
1386
1386
1386
1386
1386
1386
1386
1386
1386
1386
1386
1386
1386
1386
1368
1368
1368
1368
1368
1368
1368
1368
1368
1368
1368
1368
1368
1368
1368
1368
1368
1368
1368
1368
1368
1368
1368
1368
1368
1368
1368
1368
1368
1368
1368
1368
1368
1368
1368
1368
1368
1368
1368
1368
1368
1368
1368
1368
1368
1368
1368
1368
1368
1368
1368
1368
1368
1368
1368
1368
1368
1368
1368
1368
1368
1368
1368
1368
1368
1368
1368
1368
1368
1368
1368
1368
1368
1368
1368
1368
1368
1368
1368
1368
1368
1368
1368
1368
1368
1368
1368
1368
1368
1368
1368
1368
1368
1368
1368
1368
1368
1368
1368
1334
1334
1334
1334
1334
1334
1334
1334
1334
1334
1334
1334
1334
1334
1334
1334
1334
1334
1334
1334
1334
1334
1334
1334
1334
1334
1334
1334
1314
1314
1314
1314
1314
1314
1314
1314
1314
1314
1314
1314
1314
1314
1314
1314
1314
1314
1314
1314
1314
1314
1314
1314
1314
1314
1314
1314
1314
1314
1314
1314
1314
1314
1314
1314
1314
1314
1314
1314
1314
1314
1314
1314
1314
1314
1314
1314
1314
1314
1314
1314
1314
1314
1314
1314
1314
1314
1311
1311
1311
1311
1311
1311
1311
1311
1310
1310
1310
1310
1310
1310
1310
1310
1310
1310
1310
1310
1310
1310
1310
1310
1310
1310
1310
1310
1310
1310
1310
1310
1310
1310
1310
1310
1310
1310
1310
1310
1310
1310
1310
1310
1310
1310
1310
1310
1310
1310
1310
1310
1310
1310
1310
1310
1310
1310
1310
1310
1310
1310
1310
1310
1310
1310
1310
1310
1310
1310
1310
1310
1310
1310
1310
1310
1310
1310
1310
1310
1310
1310
1310
1310
1310
1310
1310
1310
1310
1305
1305
1305
1305
1305
1305
1305
1305
1305
1305
1305
1305
1305
1305
1305
1305
1305
1305
1305
1305
1305
1305
1305
1305
1305
1305
1305
1305
1305
1305
1305
1305
1305
1305
1305
1305
1305
1305
1305
1305
1305
1305
1305
1305
1305
1305
1305
1305
1305
1305
1305
1305
1305
1305
1305
1305
1305
1305
1305
1305
1305
1305
1305
1305
1305
1305
1305
1305
1305
1305
1299
1297
1297
1297
1297
1297
1297
1297
1297
1294
1294
1294
1294
1294
1294
1294
1294
1294
1294
1294
1294
1294
1294
1294
1294
1294
1294
1294
1294
1294
1294
1294
1294
1294
1294
1294
1294
1294
1294
1294
1294
1294
1294
1294
1294
1294
1294
1294
1294
1294
1294
1294
1294
1294
1294
1294
1294
1294
1294
1294
1294
1294
1294
1294
1294
1294
1294
1294
1294
1294
1294
1294
1294
1294
1294
1294
1294
1294
1294
1294
1294
1294
1294
1294
1294
1294
1294
1294
1294
1294
1294
1294
1294
1294
1294
1294
1294
1294
1294
1294
1286
1286
1286
1286
1286
1286
1286
1286
1286
1286
1286
1286
1286
1286
1286
1286
1286
1286
1286
1286
1286
1286
1286
1286
1286
1286
1286
1286
1286
1286
1286
1286
1286
1286
1286
1286
1286
1286
1286
1286
1286
1286
1286
1286
1286
1286
1286
1286
1286
1286
1286
1286
1286
1286
1286
1286
1286
1286
1286
1286
1286
1286
1286
1286
1286
1286
1286
1286
1286
1286
1286
1286
1286
1286
1286
1286
1286
1286
1286
1286
1286
1286
1286
1286
1286
1286
1286
1286
1286
1286
1279
1279
1279
1279
1279
1279
1279
1279
1279
1279
1279
1279
1279
1279
1279
1279
1279
1279
1279
1279
1279
1279
1279
1279
1279
1279
1279
1279
1279
1279
1279
1279
1279
1279
1279
1279
1279
1279
1279
1279
1279
1279
1279
1279
1279
1279
1279
1279
1279
1279
1279
1279
1279
1279
1279
1279
1279
1279
1279
1279
1279
1279
1279
1279
1279
1279
1279
1279
1279
1279
1279
1278
1278
1278
1278
1278
1278
1278
1278
1278
1278
1278
1278
1278
1278
1278
1278
1278
1278
1278
1278
1278
1278
1278
1278
1278
1278
1278
1278
1278
1278
1278
1278
1278
1278
1278
1278
1278
1278
1278
1278
1278
1278
1276
1276
1276
1276
1276
1276
1276
1276
1276
1276
1276
1276
1276
1276
1276
1276
1276
1276
1276
1276
1276
1276
1276
1276
1276
1276
1276
1276
1276
1276
1276
1276
1276
1276
1276
1276
1276
1276
1276
1276
1276
1276
1276
1276
1276
1276
1276
1276
1276
1276
1276
1276
1276
1276
1276
1276
1276
1276
1276
1276
1276
1276
1276
1276
1276
1276
1276
1276
1276
1276
1276
1276
1276
1276
1276
1276
1276
1276
1276
1276
1276
1276
1273
1273
1273
1273
1273
1273
1273
1273
1273
1273
1273
1273
1273
1273
1273
1273
1273
1273
1273
1273
1273
1273
1273
1273
1273
1273
1273
1273
1273
1273
1273
1273
1273
1273
1273
1273
1273
1273
1271
1271
1271
1271
1271
1271
1271
1271
1271
1271
1271
1271
1271
1271
1271
1271
1271
1271
1271
1271
1271
1271
1271
1271
1271
1271
1271
1271
1271
1271
1271
1271
1271
1271
1271
1271
1271
1271
1271
1271
1271
1271
1271
1271
1271
1271
1271
1271
1271
1271
1271
1271
1271
1271
1271
1271
1271
1271
1271
1271
1271
1271
1271
1271
1271
1271
1271
1271
1271
1271
1271
1271
1271
1271
1271
1271
1271
1271
1271
1271
1271
1271
1271
1271
1271
1271
1271
1271
1271
1271
1271
1271
1271
1271
1271
1271
1271
1271
1271
1269
1269
1269
1269
1269
1269
1269
1269
1269
1269
1269
1269
1269
1269
1269
1269
1269
1269
1269
1269
1269
1269
1269
1269
1269
1269
1269
1269
1269
1269
1269
1269
1269
1269
1269
1269
1269
1269
1269
1269
1269
1269
1269
1269
1267
1267
1267
1267
1267
1267
1267
1267
1267
1267
1267
1267
1267
1267
1267
1267
1266
1266
1266
1266
1266
1266
1266
1266
1266
1266
1266
1266
1266
1266
1266
1266
1266
1266
1266
1266
1266
1266
1266
1266
1266
1266
1266
1266
1266
1266
1266
1266
1266
1266
1266
1266
1266
1259
1259
1259
1259
1259
1259
1259
1259
1259
1259
1259
1259
1259
1259
1259
1259
1259
1259
1259
1259
1259
1259
1259
1259
1259
1259
1259
1259
1259
1259
1259
1259
1259
1259
1259
1259
1259
1259
1259
1259
1259
1259
1259
1259
1259
1259
1259
1259
1259
1259
1259
1259
1259
1259
1259
1259
1259
1259
1259
1259
1259
1259
1259
1259
1259
1259
1247
1247
1247
1247
1247
1247
1247
1247
1247
1247
1247
1247
1247
1247
1247
1247
1247
1247
1247
1247
1247
1247
1247
1247
1247
1247
1247
1247
1247
1247
1247
1247
1247
1247
1247
1247
1247
1247
1247
1247
1247
1247
1247
1247
1247
1247
1247
1247
1247
1244
1244
1244
1244
1244
1244
1244
1244
1244
1244
1244
1244
1244
1244
1244
1244
1244
1244
1244
1244
1244
1244
1244
1244
1244
1244
1244
1244
1244
1244
1244
1244
1244
1244
1244
1244
1244
1244
1244
1244
1244
1244
1244
1244
1244
1244
1244
1242
1242
1242
1242
1242
1242
1242
1242
1242
1242
1242
1242
1242
1242
1242
1242
1242
1242
1232
1232
1232
1232
1232
1232
1230
1230
1230
1230
1230
1230
1230
1230
1230
1230
1230
1230
1230
1230
1230
1230
1230
1230
1230
1230
1230
1230
1230
1230
1230
1230
1230
1230
1230
1230
1230
1230
1230
1230
1230
1230
1230
1230
1230
1230
1230
1230
1220
1220
1220
1220
1220
1220
1220
1220
1220
1220
1220
1220
1220
1220
1210
1210
1210
1210
1210
1210
1210
1210
1210
1210
1210
1210
1210
1210
1210
1210
1210
1210
1210
1210
1210
1210
1210
1210
1210
1210
1210
1210
1210
1210
1210
1210
1210
1210
1210
1210
1210
1210
1210
1210
1210
1210
1210
1210
1210
1210
1210
1210
1210
1210
1210
1210
1210
1210
1210
1210
1210
1210
1210
1210
1210
1210
1210
1210
1210
1210
1210
1210
1210
1210
1210
1210
1206
1206
1206
1206
1206
1206
1206
1206
1206
1206
1206
1206
1206
1206
1206
1206
1206
1206
1206
1206
1206
1206
1206
1206
1206
1206
1206
1206
1206
1206
1206
1206
1206
1206
1206
1206
1206
1206
1206
1206
1206
1206
1206
1206
1206
1206
1206
1206
1206
1206
1206
1206
1206
1206
1206
1206
1206
1206
1206
1206
1206
1206
1206
1206
1206
1206
1206
1206
1206
1206
1206
1206
1206
1206
1206
1206
1206
1206
1206
1206
1206
1206
1200
1200
1200
1200
1200
1200
1200
1200
1200
1200
1200
1200
1200
1200
1200
1200
1200
1200
1200
1200
1200
1200
1200
1200
1200
1200
1200
1200
1200
1200
1200
1200
1200
1200
1200
1200
1200
1200
1200
1200
1200
1200
1200
1200
1200
1200
1200
1200
1200
1200
1200
1200
1200
1200
1200
1200
1200
1200
1200
1200
1200
1200
1200
1200
1200
1200
1200
1200
1200
1200
1200
1200
1200
1200
1200
1200
1200
1200
1200
1200
1200
1200
1200
1200
1200
1200
1200
1200
1200
1200
1200
1200
1200
1200
1200
1200
1200
1182
1182
1182
1182
1182
1182
1182
1182
1182
1182
1182
1182
1182
1182
1182
1182
1182
1182
1182
1182
1182
1182
1182
1182
1182
1182
1182
1182
1182
1182
1179
1179
1179
1179
1179
1179
1179
1179
1179
1179
1179
1179
1179
1179
1179
1179
1179
1179
1179
1179
1179
1179
1179
1179
1179
1179
1179
1179
1179
1179
1179
1179
1179
1179
1179
1179
1179
1179
1179
1179
1179
1179
1179
1179
1179
1179
1179
1179
1179
1179
1179
1179
1179
1179
1179
1179
1179
1179
1179
1179
1179
1179
1179
1179
1179
1179
1179
1179
1175
1175
1175
1175
1175
1175
1175
1175
1175
1175
1175
1175
1175
1175
1175
1175
1175
1170
1170
1170
1170
1170
1170
1170
1170
1170
1170
1170
1170
1170
1170
1170
1170
1170
1170
1170
1170
1170
1170
1170
1170
1170
1170
1170
1170
1170
1170
1170
1170
1170
1170
1170
1170
1170
1170
1170
1170
1170
1170
1170
1170
1170
1170
1170
1170
1170
1170
1170
1170
1170
1170
1170
1170
1170
1170
1170
1170
1170
1170
1170
1170
1170
1170
1170
1170
1170
1170
1170
1170
1170
1170
1170
1170
1170
1170
1170
1170
1170
1170
1170
1170
1170
1170
1170
1170
1170
1170
1170
1170
1170
1170
1168
1168
1168
1168
1168
1168
1168
1168
1168
1168
1168
1168
1168
1168
1168
1168
1168
1168
1168
1168
1168
1168
1168
1168
1168
1168
1168
1168
1168
1168
1168
1168
1168
1168
1168
1168
1168
1168
1168
1168
1168
1168
1168
1168
1168
1168
1168
1162
1162
1162
1162
1162
1162
1162
1162
1162
1162
1162
1162
1162
1162
1162
1162
1162
1162
1162
1162
1162
1162
1162
1161
1161
1161
1161
1161
1161
1161
1161
1161
1161
1161
1161
1161
1161
1161
1161
1161
1161
1161
1161
1161
1161
1161
1161
1161
1161
1161
1161
1161
1161
1161
1161
1161
1161
1161
1161
1161
1161
1161
1161
1161
1161
1161
1161
1161
1161
1161
1161
1161
1161
1161
1161
1161
1161
1161
1161
1161
1161
1161
1161
1161
1161
1161
1161
1161
1161
1161
1161
1155
1155
1155
1155
1155
1155
1155
1155
1155
1155
1155
1155
1155
1155
1155
1155
1155
1155
1155
1155
1155
1155
1155
1155
1155
1155
1155
1155
1155
1155
1155
1155
1155
1155
1155
1155
1155
1155
1155
1155
1155
1155
1155
1155
1155
1155
1155
1155
1155
1155
1155
1155
1155
1155
1155
1155
1155
1155
1155
1155
1155
1155
1155
1155
1155
1155
1155
1155
1155
1155
1155
1155
1155
1155
1155
1155
1155
1135
1135
1135
1135
1135
1135
1135
1135
1135
1135
1135
1135
1135
1135
1135
1135
1135
1135
1135
1135
1135
1135
1135
1135
1135
1135
1135
1135
1135
1135
1120
1120
1120
1120
1120
1120
1120
1120
1120
1120
1120
1120
1120
1120
1120
1120
1120
1120
1120
1120
1120
1120
1120
1120
1120
1120
1120
1120
1120
1120
1120
1120
1120
1120
1120
1120
1120
1120
1120
1120
1120
1120
1120
1120
1120
1120
1120
1120
1120
1120
1120
1120
1120
1120
1120
1120
1120
1120
1120
1120
1120
1120
1120
1120
1120
1120
1120
1120
1120
1120
1120
1120
1120
1120
1120
1120
1108
1108
1108
1108
1108
1108
1108
1108
1108
1108
1108
1108
1108
1108
1108
1108
1108
1108
1108
1108
1108
1108
1095
1095
1095
1095
1095
1095
1095
1095
1095
1095
1095
1095
1095
1095
1095
1095
1095
1095
1095
1095
1095
1095
1095
1095
1095
1095
1095
1095
1095
1095
1095
1095
1095
1095
1095
1095
1095
1095
1095
1095
1095
1095
1095
1095
1095
1095
1095
1095
1095
1095
1095
1095
1095
1095
1095
1095
1095
1095
1095
1095
1095
1095
1095
1095
1095
1095
1095
1095
1095
1095
1095
1095
1095
1074
1074
1074
1074
1074
1074
1074
1074
1074
1074
1074
1074
1074
1074
1074
1074
1074
1074
1074
1074
1074
1074
1074
1074
1074
1074
1074
1074
1074
1074
1074
1074
1074
1074
1074
1074
1074
1074
1074
1074
1074
1074
1074
1074
1074
1074
1074
1074
1074
1074
1074
1074
1074
1074
1074
1074
1074
1074
1074
1074
1074
1074
1056
1056
1056
1056
1056
1056
1056
1056
1056
1056
1056
1056
1056
1056
1056
1056
1056
1056
1056
1056
1056
1056
1056
1056
1056
1056
1056
1056
1056
1056
1056
1056
1056
1046
1046
1046
1046
1046
1046
1046
1046
1046
1046
1046
1046
1046
1046
1046
1046
1046
1046
1046
1034
1034
1034
1034
1034
1034
1034
1034
1034
1034
1034
1034
1034
1034
1034
1034
1034
1034
1034
1034
1034
1034
1034
1034
1034
1034
1034
1034
1034
1034
1034
1034
1034
1034
1034
1034
1034
1034
1034
1034
1034
1034
1034
1034
1034
1034
1034
1034
1034
1034
1034
1034
1034
1034
1034
1034
1034
1034
1034
1028
1028
1028
1028
1028
1028
1028
1028
1028
1028
1028
1028
1028
1028
1028
1028
1028
1028
1028
1028
1028
1028
1028
1028
1028
1028
1028
1028
1028
1028
1028
1028
1028
1028
1028
1028
1028
1028
1028
1028
1028
1028
1028
1028
1028
1028
1028
1028
1028
1028
1028
1028
1028
1028
1028
1028
1028
1028
1028
1028
1028
1028
1028
1028
1028
1028
1028
1028
1028
1028
1028
1028
1028
1028
1028
1028
1028
1028
1028
1028
1028
1028
1028
1028
1028
1028
1028
1028
1028
1028
1028
1028
1028
1023
1023
1023
1023
1023
1023
1023
1023
1023
1023
1023
1023
1023
1023
1023
1023
1023
1023
1023
1023
1023
1023
1023
1023
1023
1023
1023
1023
1023
1023
1023
1023
1023
1023
1023
1023
1023
1023
1023
1023
1022
1022
1022
1022
1022
1022
1022
1022
1022
1022
1022
1022
1022
998
998
998
998
998
998
998
998
998
998
998
998
998
998
998
998
998
998
998
998
998
998
998
998
998
998
998
998
998
998
998
998
998
998
998
998
998
998
998
998
998
998
998
998
998
998
998
998
998
998
998
998
998
998
998
998
998
998
998
998
998
998
998
998
998
998
998
998
998
998
998
998
998
998
998
998
998
998
998
998
998
998
998
998
998
998
998
998
998
998
998
998
998
998
998
989
989
989
989
989
989
989
989
989
989
989
989
989
989
989
989
989
989
989
989
989
989
989
989
989
989
989
989
989
989
989
989
989
989
989
989
989
980
980
980
980
980
980
980
980
980
980
980
980
980
980
980
980
980
980
980
980
980
980
980
980
980
980
980
980
980
980
980
980
980
980
980
980
980
980
980
980
980
980
980
980
980
980
980
980
980
980
980
980
980
980
980
980
980
980
980
980
980
980
980
980
979
979
979
979
979
979
979
979
979
979
979
979
979
979
979
979
979
979
979
979
979
979
979
979
979
979
979
951
951
951
951
951
951
951
951
951
951
951
951
951
951
951
951
951
951
951
951
951
951
951
951
951
951
951
951
951
951
951
951
951
951
951
951
951
951
951
951
951
951
951
951
951
951
951
951
951
951
951
942
942
942
942
942
942
942
942
942
942
942
942
942
942
942
942
942
942
942
942
942
942
942
942
942
942
942
942
942
942
942
942
942
942
942
942
942
942
942
942
942
942
942
942
942
942
942
942
942
942
942
942
942
942
942
942
942
942
942
942
942
942
942
942
942
942
942
942
942
942
942
942
942
926
926
926
926
926
926
926
926
926
926
926
926
926
926
926
926
926
926
926
926
926
926
926
926
926
926
926
926
926
926
926
926
926
926
926
926
926
926
926
926
926
926
926
926
926
926
926
926
926
926
926
926
926
926
926
926
926
926
926
926
926
926
926
926
926
926
926
926
926
926
926
926
926
926
926
926
926
926
926
926
926
926
926
926
926
926
926
921
921
921
921
921
921
921
921
921
921
921
921
921
921
921
921
921
921
921
921
921
921
921
921
921
921
921
921
921
921
921
921
921
921
921
921
921
921
921
921
921
921
921
921
921
921
921
921
921
921
921
921
921
921
921
921
921
921
921
921
921
921
921
921
921
921
921
921
921
918
918
918
918
918
918
918
918
918
918
918
918
918
918
918
918
918
918
918
918
918
918
918
918
918
918
918
918
918
918
918
918
918
918
918
918
918
918
918
918
918
918
918
918
918
918
918
918
918
918
918
918
918
918
918
918
918
918
918
918
918
918
918
918
918
918
918
918
918
918
918
918
918
918
896
896
896
896
896
896
896
896
896
896
896
896
896
896
896
896
896
896
895
895
895
895
895
895
895
895
895
895
895
895
895
895
895
895
895
895
895
895
895
895
895
895
895
895
895
895
895
895
895
895
895
895
895
895
895
895
895
895
895
895
895
895
895
895
895
895
895
895
895
895
895
895
895
889
889
889
889
889
889
889
889
889
889
889
889
889
889
889
889
889
889
889
889
889
889
889
889
889
889
889
889
889
889
889
889
889
889
889
889
889
877
877
877
877
877
877
877
877
877
877
877
877
877
877
877
877
877
877
877
877
877
877
877
877
877
877
877
877
877
877
877
877
877
877
877
877
877
877
877
877
877
877
877
877
877
877
877
877
877
877
877
877
877
877
877
877
877
877
877
877
877
877
877
877
877
877
877
877
877
877
877
877
877
877
877
877
877
877
877
877
877
877
877
869
869
869
869
869
869
869
869
869
869
869
869
869
869
869
869
869
869
869
869
869
869
869
869
869
869
869
869
869
869
869
869
869
869
869
869
869
869
869
869
869
869
869
869
869
869
869
869
869
869
869
869
869
869
869
869
869
869
869
869
869
869
869
869
869
869
869
869
869
869
869
869
869
869
869
869
869
869
869
869
869
869
869
869
869
869
869
869
869
869
869
869
869
869
869
869
869
869
869
869
869
869
869
869
869
869
869
869
869
869
869
861
861
861
861
861
861
861
861
861
861
861
861
861
861
861
861
861
861
861
861
861
861
861
861
861
861
861
861
861
861
861
861
861
861
861
861
861
861
861
861
861
861
861
861
861
861
861
861
861
861
861
821
821
821
821
821
821
821
821
821
821
821
821
821
821
821
821
821
821
821
821
821
821
821
821
821
821
821
821
821
821
821
821
821
821
821
821
821
821
821
821
821
821
821
821
821
821
821
821
821
821
821
821
821
821
821
821
821
821
821
821
776
776
776
776
776
776
776
776
776
776
776
776
776
776
776
776
776
776
776
776
776
776
757
757
757
757
757
757
757
757
757
757
757
757
757
757
757
757
757
757
757
757
757
757
757
757
757
757
757
757
757
757
757
757
757
757
757
757
757
757
757
757
757
757
757
757
757
757
757
757
757
757
757
757
757
757
757
757
757
757
757
757
757
757
757
757
757
757
757
757
757
757
757
757
757
757
757
757
757
757
757
757
757
757
757
757
757
757
757
757
753
753
753
753
753
753
753
753
753
753
753
753
753
753
753
753
753
753
753
753
753
753
753
753
753
753
753
753
753
753
753
753
753
753
753
753
753
753
753
753
753
753
753
753
753
753
753
753
753
753
753
753
753
753
753
753
753
753
753
753
753
753
753
753
751
751
751
751
751
751
751
751
751
751
751
751
751
751
751
751
751
751
751
751
751
751
751
751
751
751
751
751
751
751
751
751
751
751
751
751
751
751
748
748
748
748
748
748
748
748
748
748
748
748
748
748
748
733
733
733
733
733
733
733
733
733
733
733
733
733
733
733
733
730
730
730
730
730
730
730
730
730
730
730
730
730
730
730
730
730
730
730
730
730
730
730
730
730
730
730
730
730
730
730
730
730
730
730
730
730
730
730
730
730
730
730
730
730
730
730
730
730
730
730
730
730
730
730
730
730
730
730
730
730
730
730
730
730
730
730
730
730
730
730
730
730
730
730
730
730
730
730
730
730
730
730
730
730
730
730
730
730
730
730
730
730
730
729
729
729
729
729
729
729
729
729
729
729
729
729
729
729
729
729
729
729
729
729
729
729
729
729
729
729
729
729
729
729
729
729
729
729
729
729
729
729
729
729
729
729
729
729
729
729
729
729
729
729
729
729
729
729
729
729
729
729
729
729
729
729
729
729
729
729
729
729
729
729
729
729
729
729
729
729
729
729
729
729
729
729
729
729
729
729
729
729
729
726
726
726
726
726
726
726
726
726
726
726
726
726
726
726
726
726
726
726
726
726
726
726
726
726
726
726
726
726
726
692
692
692
692
692
692
692
692
692
692
692
692
692
692
692
692
692
692
692
692
692
692
692
692
692
692
692
692
692
692
692
692
692
692
692
692
692
692
692
692
692
692
692
692
692
692
692
692
692
692
692
692
692
692
692
692
692
692
692
692
692
692
692
692
692
692
692
692
692
692
692
692
692
692
692
692
692
692
692
692
692
692
692
692
692
692
692
692
692
692
692
692
692
689
689
689
689
689
689
689
689
689
689
689
689
689
689
689
689
689
689
689
689
689
689
689
689
689
689
689
689
689
689
689
689
689
689
689
689
689
689
689
689
689
689
689
689
689
689
689
689
689
689
689
689
689
689
689
689
689
689
689
689
689
689
689
689
689
689
689
689
689
689
689
689
689
689
689
689
689
689
689
689
689
689
689
689
689
689
689
689
689
689
689
689
689
689
689
689
689
689
686
686
686
686
686
686
686
686
686
686
686
686
686
686
686
686
686
686
686
686
686
686
686
686
686
686
686
686
686
686
686
667
667
667
667
667
667
667
667
667
667
667
667
667
667
667
667
667
667
667
667
667
667
667
667
667
667
667
667
667
667
667
667
667
667
667
667
667
667
667
667
667
667
667
667
667
667
667
667
667
667
667
667
667
667
667
667
667
667
667
667
667
667
667
667
667
667
667
649
649
649
649
649
649
649
649
649
649
649
649
649
649
649
649
649
649
649
649
649
649
649
649
649
649
649
649
649
649
649
649
649
649
649
649
649
649
649
649
649
649
649
649
649
649
649
649
649
649
649
649
649
649
649
649
649
649
649
649
649
649
649
649
649
649
649
649
649
649
649
649
649
649
649
648
648
648
648
648
648
648
648
648
648
648
648
648
648
648
648
648
648
648
648
648
648
648
648
648
648
648
648
648
648
648
648
648
648
648
648
648
648
648
648
648
648
648
648
648
648
648
648
648
648
648
648
648
648
648
648
648
648
648
648
648
642
642
642
642
642
642
642
642
642
642
642
642
642
642
642
642
642
642
642
642
642
642
642
642
642
642
642
642
642
642
642
642
642
642
642
642
642
642
642
642
642
642
642
642
642
642
642
642
642
642
642
642
642
642
642
642
642
642
642
642
642
642
642
642
642
642
642
642
642
642
642
642
642
642
642
642
642
642
642
642
642
642
642
642
642
642
642
642
625
625
625
625
625
625
625
625
625
625
625
625
625
625
625
625
625
625
625
625
625
625
625
625
625
625
625
625
625
625
625
625
625
625
625
625
625
625
625
625
625
625
625
625
625
625
625
625
625
625
625
625
625
625
625
625
625
625
625
622
622
622
622
622
622
622
622
622
622
622
622
622
622
622
622
622
622
622
622
622
622
622
622
622
622
622
622
622
622
622
622
622
622
622
622
622
622
622
622
622
622
622
622
622
622
622
622
622
622
622
622
622
622
622
622
622
622
622
622
622
622
622
622
622
622
622
622
622
622
603
603
603
603
603
603
603
603
603
603
603
603
603
603
603
603
603
603
603
603
603
603
603
603
603
603
603
603
603
603
603
603
603
603
603
603
603
603
603
603
603
603
603
603
603
603
603
603
603
603
603
603
603
603
603
603
603
603
603
603
591
591
591
591
591
591
591
591
591
591
591
591
591
591
591
591
591
591
591
591
591
591
591
591
591
591
591
591
591
591
591
591
591
591
591
591
591
591
591
591
591
591
591
591
591
591
591
591
591
591
591
591
591
591
591
559
559
559
559
559
559
559
559
559
559
559
559
559
559
559
559
559
559
559
559
559
559
559
559
559
559
559
559
559
559
559
559
559
559
559
559
559
559
559
559
559
559
559
559
559
559
559
559
559
559
559
559
559
559
559
559
559
559
559
559
559
559
559
559
559
559
559
559
559
559
559
559
559
559
559
559
559
559
559
556
556
556
556
556
556
556
556
556
556
556
556
556
556
556
556
556
556
556
556
556
556
556
556
556
556
556
556
556
556
556
556
556
556
556
556
556
556
556
556
556
556
556
556
556
556
556
556
556
556
556
556
556
556
556
556
556
556
556
556
556
556
556
556
556
556
556
556
556
556
556
556
556
556
556
556
556
556
556
556
556
556
556
556
556
556
556
556
556
556
556
556
556
556
556
556
555
555
555
555
555
555
555
555
555
555
555
555
555
555
555
555
555
555
555
555
555
555
555
555
555
555
555
555
555
555
555
555
555
555
555
555
555
555
555
555
555
555
555
555
555
555
555
555
555
555
555
555
555
555
555
555
555
555
555
555
555
555
555
544
544
544
544
544
544
544
544
544
544
544
544
544
544
544
544
544
544
544
544
544
544
544
544
544
544
544
544
544
544
544
544
544
544
544
544
544
544
544
544
544
544
544
544
544
544
544
544
544
544
544
544
544
544
544
544
544
544
544
544
530
530
530
530
530
530
530
530
530
530
530
530
530
530
530
530
530
530
530
530
530
530
530
530
530
530
530
530
530
530
530
530
530
530
530
530
530
530
530
530
530
530
530
530
530
522
522
522
522
522
522
522
522
522
522
522
522
522
522
522
522
522
522
522
522
522
522
522
522
522
522
522
508
508
507
507
507
507
507
507
507
507
507
507
507
507
507
507
507
507
507
507
507
507
507
507
507
507
507
507
507
507
507
507
507
507
507
507
507
507
507
507
507
507
507
507
507
507
507
507
507
507
507
507
507
507
507
507
507
507
507
507
507
507
507
507
507
507
507
507
507
507
507
507
507
507
507
507
507
507
507
502
502
502
502
502
502
502
502
502
502
502
502
502
502
502
502
502
502
502
502
502
502
502
502
502
502
502
502
502
502
502
502
502
502
496
496
496
496
496
496
496
496
496
496
496
496
496
496
496
496
496
496
496
496
496
496
496
496
496
496
496
496
496
496
496
496
496
496
496
496
490
490
472
472
472
472
472
472
472
472
472
472
472
472
472
472
472
472
472
472
472
472
472
472
472
472
472
472
472
472
472
472
472
472
472
472
472
472
472
472
472
472
472
472
472
472
472
472
472
472
472
472
472
472
472
472
472
472
472
472
472
472
472
472
472
472
472
472
472
472
472
472
472
472
472
472
472
472
472
472
472
472
472
472
472
472
472
472
472
472
472
472
472
472
472
453
453
453
453
453
453
453
453
453
453
453
453
453
453
453
453
453
453
453
453
453
453
452
452
452
452
452
452
452
452
452
452
452
452
452
452
452
452
452
452
452
452
452
452
452
452
452
452
452
452
452
452
452
452
452
452
452
452
452
452
452
452
452
452
452
452
452
452
452
452
452
452
452
452
452
452
452
452
452
452
452
452
452
452
452
452
452
452
452
452
450
450
450
450
450
450
450
450
450
450
450
450
450
450
450
450
450
450
450
450
450
450
450
450
450
450
450
450
450
450
450
450
450
448
448
448
448
448
448
448
448
448
448
448
448
448
448
448
448
448
448
448
448
448
448
448
448
448
448
448
448
448
448
448
448
448
448
448
448
448
448
448
448
442
442
442
442
442
442
442
442
442
442
442
442
442
442
442
442
442
442
442
442
442
442
442
442
442
442
442
442
442
442
442
442
442
442
442
442
442
442
442
442
442
442
442
442
442
442
442
442
442
442
442
442
442
442
442
442
442
437
437
437
437
437
437
437
437
437
437
437
437
437
437
437
437
437
437
437
437
437
437
437
437
437
437
437
437
437
437
437
437
437
437
437
437
437
437
437
437
437
437
437
437
437
437
437
437
437
437
437
437
437
437
437
437
437
437
437
437
437
437
437
437
433
433
433
433
433
433
433
433
433
433
433
433
433
433
433
433
433
433
433
433
433
433
433
433
433
433
433
433
433
433
428
428
428
428
428
428
428
428
428
428
428
428
428
428
428
428
428
428
428
428
428
428
428
428
428
428
428
418
418
418
418
418
418
418
418
418
418
418
418
418
418
418
418
418
418
418
418
418
418
418
418
418
418
418
418
418
418
418
418
418
418
418
418
416
416
416
416
416
416
416
416
416
416
416
416
416
416
416
416
416
416
416
416
416
416
416
416
416
416
416
416
416
416
416
416
416
416
416
416
416
416
416
416
416
416
416
416
416
416
416
416
416
416
416
416
416
416
416
416
416
416
416
416
416
416
416
407
407
407
407
407
407
407
407
407
407
407
407
407
407
407
407
407
407
407
407
407
407
407
407
407
407
407
407
407
407
407
407
407
407
407
407
407
407
407
407
407
407
407
407
407
407
407
407
407
407
407
407
407
407
407
407
407
407
407
407
407
407
407
407
407
407
407
407
407
407
407
407
407
407
407
407
407
407
407
407
407
407
407
397
397
397
397
397
397
397
397
397
397
397
397
397
397
397
397
397
397
397
397
397
397
397
397
397
397
397
397
397
397
397
397
397
397
397
397
397
397
397
397
397
397
397
397
373
373
373
373
373
373
373
373
373
373
373
373
373
373
373
373
373
373
373
373
373
373
373
373
373
373
373
373
373
373
373
373
373
373
373
373
373
373
373
373
373
373
373
373
373
373
373
373
373
373
373
373
373
373
373
373
373
373
373
373
373
373
373
373
373
373
373
373
373
373
373
373
373
373
373
373
373
373
373
373
373
373
373
373
373
373
373
373
373
373
373
373
373
367
367
367
367
367
367
367
367
367
367
367
367
353
353
353
353
353
353
353
353
353
353
353
353
353
353
353
353
353
353
353
353
353
353
353
353
353
353
353
353
353
353
353
353
353
353
353
353
353
353
353
353
353
353
353
353
353
353
353
353
353
353
353
353
353
351
351
351
351
351
351
351
351
351
351
351
351
351
351
351
351
351
351
351
351
351
351
351
351
351
351
351
351
351
351
351
351
351
351
351
351
351
351
351
351
351
351
351
351
351
351
351
351
351
351
351
351
351
351
351
351
351
351
351
351
351
351
351
351
351
351
351
351
351
351
351
351
351
351
351
351
351
351
351
351
351
351
351
351
351
351
351
351
351
351
351
351
351
351
351
348
348
348
348
348
348
348
348
348
348
348
348
348
348
348
348
348
348
348
348
348
348
348
348
348
348
348
348
348
348
348
348
348
348
348
348
348
348
348
348
348
348
348
348
348
348
348
348
348
348
348
348
348
348
348
348
348
348
348
348
348
348
348
348
348
348
348
348
348
348
348
348
348
348
348
348
348
348
348
325
325
325
325
325
325
325
325
325
325
325
325
325
325
325
325
325
325
325
325
325
325
325
325
325
325
325
325
325
325
325
325
325
325
325
325
325
325
325
325
325
325
325
325
325
325
325
325
325
325
325
325
325
325
325
325
325
325
325
325
325
325
325
325
325
325
325
325
325
325
325
325
325
304
304
304
304
304
304
304
304
304
304
304
304
304
304
304
304
304
304
304
304
304
304
304
304
304
304
304
304
304
304
304
304
304
304
304
304
304
304
304
304
304
304
304
304
304
304
304
304
304
301
301
301
301
301
301
301
301
301
301
301
301
301
301
301
301
301
301
301
301
301
301
301
301
301
301
301
301
301
301
301
301
301
301
301
301
301
301
301
301
301
301
301
301
301
301
301
301
301
301
301
301
301
301
301
301
301
301
301
301
301
301
301
301
301
301
301
301
301
301
301
301
301
301
301
301
301
301
301
301
301
301
301
301
301
301
301
295
295
295
295
295
295
295
295
295
295
295
295
295
295
295
295
295
295
295
295
295
295
295
295
295
295
295
295
295
295
295
295
295
295
295
295
295
295
295
295
295
295
295
295
295
295
295
295
295
295
295
295
295
295
295
295
295
295
295
295
295
295
295
295
295
295
295
295
295
295
295
295
295
295
295
295
295
295
295
295
267
267
267
267
267
267
267
267
267
267
267
267
267
267
267
267
267
267
267
267
267
267
267
267
267
267
267
267
267
267
267
267
267
267
267
267
267
267
267
267
267
267
267
267
267
267
267
267
267
267
267
267
254
254
254
254
254
254
254
254
254
254
254
254
254
254
254
254
254
254
254
254
254
254
254
254
254
254
254
254
254
254
254
254
254
254
254
254
254
254
254
254
254
254
254
254
254
254
254
254
254
254
254
254
254
254
254
254
254
254
254
254
254
254
254
254
254
254
254
254
254
254
254
254
254
254
254
254
254
254
254
254
254
254
254
254
254
254
254
254
254
254
254
254
254
254
254
254
254
236
236
236
236
236
236
236
236
236
236
236
236
236
236
236
236
236
236
236
236
236
236
236
236
236
236
236
236
236
236
236
236
236
236
236
236
236
236
236
236
236
236
236
236
236
236
236
236
236
236
236
236
236
236
236
236
236
236
236
236
236
236
236
236
236
236
236
236
236
236
236
236
236
236
236
236
236
236
236
236
236
236
236
236
236
236
236
236
236
236
236
236
236
236
236
236
236
236
225
225
225
225
225
225
225
225
225
225
225
225
225
225
225
225
225
225
225
225
225
207
207
207
207
207
207
207
207
207
207
207
207
207
207
207
207
207
207
207
207
207
207
207
207
207
207
207
207
207
207
207
207
207
207
207
207
207
207
207
207
207
207
207
207
207
207
207
207
207
207
207
207
207
207
207
207
207
207
207
207
207
207
207
207
207
207
207
207
207
207
207
207
207
207
207
207
207
207
207
207
207
207
207
207
207
207
207
207
207
207
207
207
207
207
207
207
207
207
178
178
178
178
178
178
178
178
178
178
178
178
178
178
178
178
178
178
178
178
178
178
178
178
178
178
178
178
178
178
178
178
178
178
178
178
178
178
178
178
178
178
178
178
178
178
178
178
178
178
178
178
178
178
178
178
178
178
178
178
178
178
178
178
178
178
178
178
178
178
178
178
178
178
178
178
178
178
178
178
178
178
178
178
178
178
178
178
178
178
178
178
178
178
178
178
178
169
169
169
169
169
169
169
169
169
169
169
169
169
169
169
169
169
169
169
169
169
163
163
163
163
163
163
163
163
163
163
163
163
163
163
163
163
163
163
163
163
163
163
163
163
163
163
163
163
163
163
163
163
163
163
163
163
163
163
163
163
163
163
163
163
163
163
163
163
163
163
163
163
163
163
163
163
163
163
163
163
163
163
163
163
163
163
163
163
163
163
163
154
154
154
154
154
154
154
154
154
154
154
154
154
154
154
154
154
154
154
154
154
154
154
154
154
154
154
152
152
152
152
152
152
152
152
152
152
152
152
152
152
152
152
152
152
152
152
152
152
152
152
152
152
152
152
152
152
152
152
152
152
152
152
152
152
152
152
152
152
152
152
152
152
152
152
152
152
145
145
145
145
145
145
145
145
145
145
145
145
145
145
145
145
145
145
144
144
144
144
144
144
144
144
144
144
144
144
144
144
144
144
144
144
144
144
144
144
120
120
120
120
120
120
120
120
120
120
120
120
120
120
120
120
120
120
120
120
120
120
120
120
120
120
120
120
120
120
120
120
120
120
120
120
120
120
120
120
120
120
120
120
113
113
113
113
113
113
113
113
113
106
106
106
106
106
106
106
106
106
106
106
106
106
106
106
106
106
106
106
106
106
106
106
106
106
106
106
106
106
106
106
106
106
106
106
106
106
106
106
106
106
106
106
106
99
99
99
99
99
99
99
99
59
59
59
59
59
59
59
59
59
59
59
59
59
59
59
59
59
59
59
59
59
59
59
59
59
59
59
59
59
59
59
59
59
59
59
59
59
59
59
59
59
59
37
37
37
37
37
37
37
37
37
37
37
37
37
37
37
37
37
37
37
37
37
37
37
37
37
37
37
37
37
37
37
37
37
37
37
37
37
37
37
37
37
37
37
37
37
37
37
37
37
37
37
37
37
37
37
37
37
37
37
37
37
37
37
37
37
37
37
31
31
31
31
31
31
31
31
31
31
31
31
31
31
31
31
31
31
31
31
31
31
31
31
31
31
31
31
31
31
31
31
31
31
31
31
31
31
31
31
31
31
31
31
31
31
31
31
31
31
31
31
29
29
29
29
29
29
29
29
29
29
29
29
29
29
29
29
29
29
29
29
29
29
29
29
29
29
29
29
29
29
29
29
29
29
29
29
29
29
29
29
29
29
29
29
29
29
29
29
