2763
10000
4941
4941
4941
4941
4941
4941
4941
4941
4941
4941
4941
4941
4941
4941
4941
4941
4941
4941
4941
4941
4927
4927
4927
4927
4927
4927
4927
4927
4919
4919
4919
4919
4919
4919
4919
4919
4919
4919
4919
4919
4919
4919
4919
4905
4905
4905
4905
4905
4905
4905
4905
4905
4905
4904
4883
4883
4883
4883
4883
4883
4883
4874
4874
4874
4874
4874
4871
4871
4871
4871
4871
4871
4862
4862
4862
4862
4862
4862
4854
4854
4854
4839
4839
4839
4839
4839
4839
4839
4839
4839
4839
4839
4839
4834
4834
4834
4834
4834
4834
4834
4834
4834
4834
4834
4834
4834
4834
4834
4834
4834
4834
4834
4828
4828
4828
4828
4828
4828
4828
4828
4828
4813
4813
4813
4813
4813
4813
4813
4813
4813
4813
4813
4790
4790
4790
4747
4747
4747
4747
4747
4747
4747
4747
4747
4747
4747
4747
4747
4747
4747
4736
4729
4729
4729
4729
4729
4729
4729
4729
4729
4729
4720
4720
4720
4720
4715
4686
4686
4686
4686
4686
4686
4686
4679
4679
4679
4679
4679
4679
4679
4679
4674
4674
4674
4674
4674
4674
4674
4674
4674
4655
4655
4655
4655
4655
4655
4655
4655
4655
4655
4655
4655
4655
4655
4655
4655
4655
4655
4655
4650
4650
4650
4650
4650
4648
4648
4648
4648
4648
4648
4648
4648
4648
4648
4648
4648
4648
4648
4648
4648
4648
4648
4648
4648
4647
4647
4647
4647
4647
4647
4647
4647
4647
4647
4647
4647
4647
4647
4647
4647
4647
4647
4647
4623
4623
4623
4623
4623
4623
4623
4623
4623
4623
4623
4623
4623
4623
4623
4623
4623
4623
4623
4623
4576
4576
4576
4576
4576
4576
4562
4562
4562
4562
4562
4562
4562
4562
4562
4562
4562
4562
4508
4508
4508
4508
4508
4508
4508
4508
4508
4508
4508
4508
4508
4508
4503
4503
4503
4503
4503
4503
4503
4503
4503
4503
4503
4503
4503
4503
4503
4503
4503
4503
4503
4503
4503
4503
4503
4503
4503
4492
4492
4492
4492
4492
4492
4492
4492
4492
4492
4492
4492
4492
4492
4492
4492
4492
4492
4492
4492
4461
4461
4461
4461
4461
4448
4448
4448
4448
4448
4448
4448
4448
4448
4448
4448
4448
4448
4448
4448
4448
4448
4448
4448
4448
4432
4432
4432
4432
4432
4432
4432
4432
4432
4432
4432
4427
4427
4427
4427
4427
4427
4427
4427
4427
4427
4427
4427
4427
4427
4427
4365
4365
4365
4365
4365
4365
4365
4365
4365
4365
4365
4365
4342
4342
4299
4286
4286
4286
4286
4286
4286
4286
4286
4276
4276
4276
4276
4240
4240
4240
4240
4240
4240
4240
4216
4216
4216
4216
4216
4216
4196
4196
4196
4175
4175
4175
4175
4175
4175
4175
4175
4175
4175
4175
4175
4175
4175
4175
4175
4175
4175
4175
4159
4157
4157
4157
4157
4125
4125
4125
4125
4125
4125
4125
4125
4125
4125
4125
4106
4106
4106
4106
4106
4106
4106
4106
4106
4106
4106
4106
4103
4103
4103
4103
4103
4103
4103
4103
4103
4103
4103
4103
4103
4103
4103
4103
4090
4090
4090
4090
4090
4090
4090
4090
4090
4090
4090
4090
4090
4090
4090
4090
4090
4090
4090
4090
4088
4088
4088
4088
4088
4088
4088
4088
4088
4088
4068
4068
4068
4068
4068
4068
4068
4068
4068
4068
4068
4067
4050
4050
4050
4050
4027
4027
4027
4027
4027
4027
4027
4027
4027
4027
4027
4027
4027
4027
4027
4027
4027
4014
4014
4014
4014
4014
4014
4014
4014
4014
4014
4014
4014
4003
4003
4003
4003
4003
4003
4003
4003
4003
4003
4003
4003
4003
4003
4003
4003
4003
4003
3973
3973
3930
3930
3930
3930
3930
3930
3930
3930
3930
3930
3930
3930
3930
3930
3918
3918
3918
3918
3918
3918
3918
3918
3909
3909
3909
3909
3909
3909
3889
3889
3889
3889
3889
3889
3889
3889
3878
3878
3878
3878
3878
3878
3878
3878
3878
3878
3878
3878
3878
3840
3840
3840
3840
3840
3840
3792
3792
3792
3792
3792
3792
3792
3792
3792
3792
3792
3792
3792
3770
3762
3762
3762
3762
3762
3762
3762
3762
3762
3762
3762
3762
3762
3762
3762
3762
3762
3762
3762
3748
3748
3748
3748
3748
3748
3748
3748
3718
3718
3718
3718
3718
3718
3718
3718
3718
3718
3716
3716
3716
3716
3716
3716
3716
3716
3716
3716
3716
3716
3716
3716
3716
3716
3716
3716
3680
3680
3680
3680
3680
3680
3673
3673
3673
3673
3673
3673
3673
3673
3673
3673
3673
3673
3673
3673
3664
3664
3664
3664
3664
3664
3664
3664
3664
3664
3664
3664
3664
3664
3664
3664
3664
3664
3664
3664
3652
3652
3652
3652
3652
3652
3583
3583
3583
3583
3583
3583
3583
3583
3583
3583
3583
3583
3583
3583
3583
3583
3583
3583
3552
3552
3552
3552
3552
3552
3530
3530
3530
3530
3530
3530
3530
3530
3530
3530
3530
3530
3530
3530
3530
3530
3530
3530
3530
3516
3516
3516
3516
3516
3516
3516
3516
3516
3516
3516
3516
3516
3516
3505
3505
3436
3436
3436
3436
3436
3436
3436
3436
3436
3436
3436
3436
3436
3436
3436
3398
3398
3398
3398
3398
3398
3398
3398
3398
3398
3387
3387
3387
3387
3387
3387
3387
3387
3387
3387
3387
3387
3387
3387
3387
3387
3387
3387
3387
3387
3370
3330
3330
3330
3330
3330
3330
3330
3330
3330
3300
3300
3300
3300
3300
3300
3300
3300
3300
3300
3300
3300
3300
3300
3300
3300
3300
3300
3282
3282
3228
3228
3228
3228
3228
3228
3228
3228
3228
3228
3228
3228
3228
3228
3228
3228
3228
3228
3218
3218
3218
3218
3186
3186
3186
3186
3186
3186
3186
3186
3186
3186
3186
3186
3082
3082
3082
3082
3082
3082
3082
3082
3082
3082
3043
3043
3043
3043
3043
3043
3043
3043
3043
3043
3043
3043
3043
3043
3043
3043
3043
3043
3043
2987
2987
2987
2987
2987
2987
2987
2987
2987
2987
2987
2987
2987
2987
2942
2942
2942
2942
2942
2942
2942
2942
2942
2942
2942
2942
2942
2942
2942
2942
2942
2942
2942
2942
2937
2937
2937
2937
2937
2937
2937
2937
2937
2937
2937
2937
2937
2886
2886
2886
2883
2883
2883
2883
2883
2883
2883
2883
2883
2883
2883
2883
2883
2883
2883
2883
2883
2883
2883
2883
2883
2837
2837
2837
2837
2837
2837
2837
2837
2837
2837
2837
2837
2837
2837
2837
2837
2837
2837
2837
2822
2822
2822
2822
2822
2822
2822
2822
2822
2822
2822
2822
2822
2822
2822
2822
2819
2819
2819
2819
2819
2819
2819
2819
2819
2812
2812
2812
2812
2812
2812
2812
2812
2812
2812
2812
2812
2812
2812
2812
2812
2812
2812
2783
2783
2783
2783
2783
2783
2783
2783
2783
2783
2753
2753
2753
2753
2753
2753
2753
2753
2753
2753
2753
2753
2708
2708
2708
2708
2708
2708
2708
2708
2708
2708
2708
2708
2708
2708
2708
2708
2708
2708
2708
2708
2685
2685
2685
2685
2685
2685
2685
2685
2685
2685
2685
2685
2685
2685
2685
2685
2685
2685
2685
2685
2685
2685
2685
2666
2666
2666
2650
2650
2650
2650
2650
2650
2650
2650
2650
2650
2650
2650
2650
2650
2650
2650
2650
2650
2650
2633
2633
2633
2633
2633
2633
2633
2633
2633
2633
2574
2574
2574
2574
2574
2574
2574
2574
2574
2574
2574
2574
2574
2574
2574
2572
2572
2572
2572
2572
2572
2572
2572
2572
2572
2572
2572
2572
2572
2572
2572
2572
2572
2572
2572
2563
2563
2563
2563
2563
2563
2563
2563
2563
2563
2563
2563
2563
2557
2557
2557
2557
2557
2557
2557
2557
2557
2557
2557
2557
2557
2557
2557
2557
2557
2557
2557
2514
2514
2514
2514
2514
2514
2514
2514
2514
2514
2514
2514
2514
2514
2514
2514
2494
2494
2494
2494
2494
2494
2494
2494
2494
2494
2471
2471
2471
2471
2471
2471
2471
2471
2471
2471
2471
2434
2434
2434
2434
2434
2434
2434
2434
2434
2434
2422
2422
2422
2422
2422
2422
2422
2422
2422
2422
2422
2422
2422
2422
2422
2422
2422
2418
2418
2418
2418
2418
2418
2418
2418
2418
2418
2415
2415
2415
2415
2415
2415
2415
2380
2380
2380
2380
2380
2380
2380
2380
2380
2380
2380
2378
2378
2378
2378
2378
2378
2378
2378
2378
2378
2378
2378
2350
2350
2350
2350
2350
2232
2232
2232
2232
2232
2232
2232
2232
2232
2232
2232
2224
2224
2224
2224
2224
2224
2224
2224
2224
2224
2224
2224
2220
2220
2220
2220
2220
2220
2220
2220
2220
2220
2220
2220
2213
2190
2190
2190
2190
2190
2190
2161
2161
2161
2161
2161
2161
2161
2161
2161
2117
2117
2117
2117
2117
2117
2117
2117
2117
2117
2117
2108
2108
2108
2050
2050
2050
2050
2050
2050
2050
2050
2050
1996
1996
1996
1996
1996
1996
1975
1975
1975
1975
1975
1975
1975
1975
1975
1975
1975
1954
1954
1954
1954
1954
1954
1954
1954
1954
1954
1954
1954
1954
1954
1941
1941
1941
1941
1941
1941
1941
1941
1941
1941
1941
1941
1941
1941
1941
1941
1941
1941
1928
1928
1928
1928
1928
1928
1928
1928
1928
1928
1928
1928
1928
1928
1924
1924
1924
1924
1924
1924
1924
1924
1924
1924
1924
1924
1924
1924
1924
1924
1924
1924
1924
1896
1896
1896
1896
1896
1896
1896
1853
1853
1853
1853
1853
1853
1853
1853
1853
1853
1853
1853
1853
1853
1853
1853
1853
1853
1853
1853
1853
1853
1853
1853
1853
1853
1853
1853
1853
1853
1853
1853
1853
1853
1838
1825
1823
1823
1823
1823
1823
1823
1823
1823
1819
1819
1819
1819
1819
1819
1819
1819
1806
1806
1806
1806
1806
1806
1806
1806
1806
1806
1806
1806
1806
1806
1806
1806
1798
1798
1798
1798
1798
1798
1798
1798
1798
1798
1798
1798
1798
1798
1798
1790
1790
1790
1790
1790
1790
1790
1790
1790
1790
1790
1790
1790
1790
1790
1790
1790
1790
1790
1790
1790
1790
1790
1790
1790
1790
1767
1767
1767
1767
1767
1767
1767
1767
1767
1767
1764
1764
1764
1764
1764
1764
1764
1764
1764
1764
1764
1764
1764
1764
1764
1764
1764
1764
1764
1763
1763
1763
1763
1763
1763
1763
1763
1763
1763
1763
1763
1763
1763
1763
1763
1763
1763
1763
1763
1763
1763
1763
1763
1763
1763
1763
1763
1763
1763
1763
1734
1734
1734
1734
1734
1734
1734
1734
1734
1734
1734
1723
1723
1723
1723
1723
1723
1723
1723
1723
1723
1723
1723
1712
1712
1712
1712
1712
1712
1712
1712
1712
1712
1712
1712
1712
1712
1712
1712
1712
1712
1666
1666
1666
1666
1666
1666
1666
1666
1666
1666
1666
1666
1666
1666
1666
1666
1635
1635
1635
1635
1635
1635
1635
1635
1621
1621
1621
1621
1621
1621
1621
1621
1621
1621
1621
1621
1621
1621
1621
1621
1621
1621
1621
1621
1586
1586
1586
1586
1586
1586
1586
1586
1586
1586
1586
1586
1586
1586
1551
1551
1551
1551
1551
1546
1546
1546
1533
1533
1533
1533
1533
1533
1533
1533
1533
1533
1533
1533
1497
1497
1497
1497
1497
1497
1497
1497
1497
1497
1497
1497
1497
1485
1485
1485
1485
1485
1482
1482
1482
1482
1482
1482
1482
1482
1482
1482
1482
1482
1482
1482
1478
1478
1478
1478
1478
1478
1478
1478
1478
1478
1478
1478
1478
1478
1478
1478
1478
1478
1478
1478
1472
1472
1472
1472
1472
1472
1472
1472
1472
1472
1472
1472
1472
1469
1469
1469
1469
1469
1469
1469
1469
1469
1469
1469
1469
1469
1469
1469
1469
1469
1469
1469
1469
1399
1399
1399
1399
1399
1399
1399
1399
1399
1399
1399
1399
1399
1399
1399
1399
1399
1399
1399
1397
1356
1356
1356
1356
1356
1356
1356
1356
1356
1356
1356
1356
1356
1356
1356
1311
1311
1311
1311
1311
1311
1303
1303
1303
1303
1303
1303
1303
1303
1303
1296
1296
1296
1296
1296
1296
1275
1275
1275
1275
1275
1275
1275
1275
1275
1275
1275
1275
1275
1275
1275
1260
1260
1260
1260
1260
1260
1260
1260
1260
1260
1260
1260
1256
1256
1256
1256
1256
1256
1256
1256
1256
1256
1256
1256
1256
1256
1256
1242
1242
1242
1242
1242
1242
1242
1242
1242
1242
1242
1242
1242
1242
1242
1242
1242
1242
1242
1218
1218
1218
1218
1218
1218
1218
1218
1218
1218
1218
1218
1218
1218
1218
1218
1218
1218
1218
1187
1187
1187
1176
1176
1176
1176
1176
1176
1176
1176
1168
1168
1168
1168
1168
1168
1168
1168
1168
1168
1168
1168
1168
1168
1168
1157
1157
1157
1157
1157
1157
1157
1157
1157
1157
1157
1157
1157
1157
1157
1157
1157
1151
1151
1151
1151
1151
1151
1151
1120
1120
1120
1120
1120
1120
1120
1120
1120
1120
1120
1120
1120
1108
1108
1108
1108
1108
1108
1108
1108
1108
1108
1108
1108
1108
1108
1095
1095
1095
1095
1095
1095
1095
1095
1095
1095
1095
1095
1095
1095
1095
1095
1095
1087
1087
1087
1087
1087
1042
1042
1042
1026
1026
1026
1026
1026
1026
1026
1026
1026
1000
1000
1000
1000
1000
1000
1000
1000
1000
1000
1000
1000
1000
1000
1000
1000
1000
1000
986
986
986
986
986
986
986
986
986
986
986
986
986
986
986
986
986
939
939
939
939
939
939
939
939
939
939
939
939
939
939
939
939
939
939
939
939
939
939
939
939
921
921
921
921
921
921
921
921
921
914
914
914
914
914
914
914
914
914
914
905
905
905
905
905
905
905
905
905
905
905
905
905
905
905
905
905
905
879
879
879
879
879
879
879
879
879
879
879
879
879
879
876
876
876
876
876
876
876
876
876
876
876
876
876
876
868
868
797
797
797
797
797
797
793
793
793
793
793
793
793
793
793
793
782
782
782
782
782
782
782
782
782
782
782
782
782
782
782
782
782
782
767
767
767
767
767
767
767
767
767
767
767
767
767
767
764
764
764
764
764
764
746
746
746
736
736
736
736
736
736
736
736
736
736
736
736
736
736
736
736
736
736
736
736
732
732
732
732
732
732
732
732
732
732
732
732
732
732
732
732
732
719
719
719
719
719
719
719
719
719
719
719
719
719
719
719
719
713
713
713
713
713
713
713
713
713
713
713
667
667
667
667
667
667
667
667
667
667
667
667
667
667
667
667
667
636
636
636
636
636
636
636
636
636
636
623
623
623
623
623
623
623
623
623
623
623
623
623
623
623
622
622
622
622
622
622
622
622
622
622
622
622
622
622
622
622
622
622
622
622
619
619
619
619
619
619
619
619
619
619
619
619
619
619
619
619
619
619
611
611
611
611
611
611
611
611
611
611
611
611
611
611
611
611
562
511
500
500
500
500
500
500
500
500
456
456
456
456
456
456
456
456
456
452
452
434
434
434
434
434
434
434
428
428
428
428
428
428
428
428
418
418
418
418
418
418
418
418
418
418
418
418
418
418
418
418
418
418
418
403
403
403
403
403
403
403
402
402
402
402
402
402
402
402
402
401
401
401
401
401
401
401
401
401
401
401
401
401
401
401
401
401
401
401
398
398
398
398
398
398
398
398
398
398
398
398
398
398
395
395
395
395
395
395
395
395
395
371
371
371
371
371
371
371
371
371
371
371
371
371
371
371
371
371
371
344
344
344
344
344
344
344
344
344
344
343
343
343
343
343
343
343
343
343
342
342
342
331
331
331
331
331
331
331
331
331
331
331
331
331
331
331
331
331
331
331
331
324
324
324
324
324
311
311
311
311
311
311
311
311
311
311
311
311
311
299
299
299
299
299
299
295
247
247
247
247
247
247
247
210
210
210
210
193
193
193
193
193
193
193
193
193
180
140
140
140
140
140
140
140
140
140
140
140
140
140
140
140
140
140
140
81
81
81
81
81
81
81
81
81
81
81
81
81
81
9
9
9
9
9
9
9
9
9
9
9
