2548
10000
4890
4890
4890
4890
4890
4890
4890
4890
4890
4890
4890
4878
4878
4878
4878
4878
4878
4870
4870
4870
4870
4870
4870
4870
4870
4870
4870
4870
4870
4870
4870
4870
4870
4870
4858
4858
4858
4858
4858
4858
4858
4858
4858
4858
4858
4850
4850
4850
4850
4850
4850
4850
4850
4850
4850
4850
4850
4850
4850
4850
4850
4850
4850
4850
4850
4843
4843
4843
4843
4843
4843
4843
4843
4843
4843
4843
4843
4843
4843
4843
4843
4843
4823
4823
4823
4823
4823
4823
4821
4801
4801
4801
4801
4801
4801
4801
4801
4801
4801
4801
4801
4801
4801
4789
4789
4789
4789
4789
4789
4789
4782
4782
4782
4782
4782
4782
4782
4782
4782
4782
4782
4782
4782
4782
4782
4782
4773
4773
4773
4773
4773
4773
4758
4758
4731
4731
4731
4731
4731
4731
4731
4707
4707
4707
4707
4707
4707
4707
4686
4686
4686
4686
4686
4676
4676
4676
4676
4676
4676
4676
4676
4676
4676
4676
4676
4676
4676
4676
4676
4676
4676
4676
4639
4639
4639
4639
4639
4639
4639
4639
4639
4639
4632
4632
4632
4632
4632
4632
4632
4632
4632
4632
4632
4632
4632
4632
4632
4632
4632
4615
4615
4615
4615
4615
4615
4615
4615
4611
4611
4611
4611
4611
4611
4611
4611
4611
4611
4611
4603
4603
4603
4603
4603
4603
4603
4603
4603
4603
4603
4603
4603
4603
4603
4598
4598
4598
4598
4598
4598
4598
4598
4598
4598
4598
4598
4598
4597
4597
4597
4597
4597
4597
4597
4597
4597
4597
4597
4590
4590
4590
4590
4590
4590
4590
4590
4590
4590
4590
4590
4590
4590
4590
4550
4550
4550
4550
4550
4550
4550
4550
4550
4550
4550
4550
4550
4485
4485
4485
4485
4485
4485
4485
4485
4471
4471
4471
4471
4471
4471
4471
4471
4471
4471
4471
4471
4471
4471
4471
4471
4404
4404
4404
4404
4404
4404
4404
4404
4404
4404
4404
4404
4404
4404
4404
4404
4377
4377
4377
4377
4377
4377
4377
4377
4377
4343
4343
4343
4343
4343
4343
4343
4343
4343
4343
4343
4343
4343
4343
4299
4299
4299
4299
4299
4299
4299
4299
4299
4241
4241
4241
4241
4241
4241
4241
4241
4241
4239
4239
4239
4239
4239
4239
4239
4239
4239
4239
4239
4239
4239
4239
4239
4239
4234
4234
4234
4234
4234
4234
4234
4234
4234
4216
4216
4216
4216
4216
4216
4216
4216
4216
4216
4216
4216
4204
4204
4204
4204
4188
4188
4188
4188
4188
4188
4188
4188
4188
4188
4188
4188
4188
4188
4188
4188
4188
4188
4188
4174
4174
4174
4174
4174
4174
4174
4174
4174
4174
4174
4174
4174
4151
4151
4151
4151
4151
4151
4118
4118
4118
4118
4118
4118
4118
4118
4118
4118
4118
4118
4118
4118
4118
4118
4118
4116
4116
4116
4116
4116
4116
4116
4116
4116
4110
4110
4110
4110
4108
4108
4108
4108
4084
4084
4084
4084
4084
4084
4084
4084
4075
4075
4075
4075
4075
4075
4075
4075
4075
4075
4075
4075
4075
4075
3984
3984
3984
3984
3984
3984
3984
3984
3984
3984
3984
3984
3984
3984
3984
3984
3981
3981
3981
3938
3938
3938
3938
3900
3900
3900
3900
3888
3888
3888
3888
3888
3888
3888
3888
3888
3888
3888
3888
3888
3888
3888
3888
3888
3888
3888
3871
3871
3871
3871
3871
3871
3860
3860
3860
3860
3860
3860
3860
3860
3860
3860
3860
3860
3860
3860
3860
3860
3860
3860
3860
3860
3860
3860
3860
3860
3860
3846
3846
3846
3846
3846
3846
3846
3837
3837
3837
3831
3831
3831
3831
3831
3831
3831
3831
3831
3831
3831
3831
3831
3831
3831
3831
3831
3831
3802
3802
3802
3802
3802
3802
3802
3794
3794
3794
3794
3794
3794
3794
3794
3794
3794
3794
3794
3767
3767
3767
3767
3767
3767
3767
3767
3767
3767
3767
3767
3767
3767
3767
3767
3767
3767
3767
3767
3734
3734
3734
3734
3734
3734
3734
3734
3728
3728
3728
3728
3728
3728
3728
3728
3728
3728
3728
3728
3728
3728
3728
3728
3726
3726
3726
3726
3726
3724
3724
3724
3724
3724
3724
3724
3724
3724
3724
3724
3724
3724
3724
3724
3724
3724
3724
3724
3703
3703
3703
3703
3703
3703
3703
3703
3703
3703
3703
3703
3703
3703
3703
3703
3703
3703
3703
3703
3682
3682
3682
3682
3682
3682
3682
3682
3682
3682
3682
3682
3682
3682
3682
3682
3674
3674
3674
3674
3674
3674
3674
3674
3668
3668
3668
3668
3668
3668
3668
3668
3668
3668
3668
3655
3655
3655
3655
3655
3655
3655
3655
3655
3655
3655
3655
3655
3655
3655
3655
3655
3655
3633
3633
3633
3633
3633
3633
3633
3614
3614
3614
3614
3614
3614
3614
3614
3614
3614
3614
3614
3614
3614
3614
3591
3591
3591
3591
3591
3591
3591
3569
3569
3569
3569
3569
3569
3569
3569
3567
3567
3567
3567
3567
3567
3536
3536
3536
3536
3536
3536
3536
3536
3536
3536
3514
3514
3514
3514
3514
3514
3498
3498
3498
3498
3498
3498
3498
3498
3498
3498
3498
3498
3498
3498
3498
3498
3498
3487
3487
3487
3487
3487
3487
3487
3487
3487
3487
3487
3487
3487
3487
3487
3487
3487
3487
3484
3484
3484
3484
3442
3442
3442
3442
3442
3442
3442
3442
3442
3442
3442
3442
3442
3442
3442
3442
3442
3442
3442
3432
3432
3432
3432
3432
3432
3432
3432
3432
3413
3413
3413
3413
3413
3413
3413
3413
3404
3404
3404
3404
3404
3404
3404
3404
3404
3404
3404
3404
3396
3396
3396
3396
3396
3396
3396
3396
3396
3396
3396
3347
3347
3347
3347
3347
3347
3347
3347
3347
3347
3347
3347
3347
3328
3328
3328
3325
3325
3325
3325
3265
3265
3265
3265
3265
3265
3265
3265
3265
3260
3260
3260
3260
3260
3260
3260
3260
3260
3260
3260
3260
3260
3260
3260
3260
3260
3260
3260
3260
3260
3260
3260
3260
3260
3244
3244
3244
3244
3244
3244
3244
3244
3244
3244
3244
3244
3244
3244
3244
3244
3244
3244
3227
3227
3227
3227
3227
3227
3227
3227
3227
3227
3227
3224
3224
3224
3224
3224
3224
3224
3224
3224
3224
3224
3224
3224
3224
3224
3224
3224
3211
3211
3211
3211
3211
3211
3211
3211
3211
3211
3173
3173
3173
3173
3173
3173
3173
3173
3173
3173
3173
3173
3173
3173
3173
3173
3173
3173
3173
3173
3172
3172
3172
3172
3172
3172
3172
3172
3172
3172
3172
3172
3172
3172
3172
3172
3172
3172
3172
3172
3172
3172
3172
3172
3172
3172
3172
3172
3159
3159
3159
3159
3159
3131
3131
3131
3131
3131
3131
3131
3131
3131
3104
3104
3104
3104
3104
3104
3104
3104
3104
3104
3104
3104
3104
3104
3065
3065
3065
3065
3065
3065
3065
3065
3065
3065
3065
3065
3065
3054
3043
3043
3043
3043
3043
3043
3043
3043
3043
3043
3043
3043
3043
3038
3038
3038
3038
3038
3038
3038
3038
3038
3038
3038
3038
3022
3022
3022
3022
3022
3022
3011
3011
3011
3011
3011
3011
3011
3011
3011
2979
2979
2979
2979
2979
2979
2979
2979
2979
2979
2979
2979
2979
2979
2979
2979
2979
2979
2979
2979
2972
2972
2972
2972
2972
2972
2972
2972
2972
2972
2972
2972
2972
2972
2972
2971
2971
2971
2971
2971
2971
2971
2971
2971
2971
2971
2971
2971
2971
2971
2971
2938
2938
2926
2926
2926
2926
2926
2926
2926
2926
2926
2926
2926
2926
2926
2926
2926
2919
2919
2919
2919
2919
2919
2919
2919
2919
2919
2919
2919
2919
2895
2895
2895
2895
2895
2895
2895
2894
2894
2840
2840
2840
2840
2840
2840
2829
2829
2808
2808
2808
2808
2808
2808
2808
2808
2807
2807
2807
2807
2807
2807
2807
2807
2807
2779
2779
2779
2779
2779
2779
2779
2779
2779
2779
2779
2779
2779
2779
2779
2779
2779
2779
2741
2741
2741
2741
2741
2741
2741
2741
2741
2741
2704
2704
2704
2704
2704
2704
2704
2685
2685
2685
2671
2671
2671
2671
2671
2671
2671
2617
2617
2617
2617
2617
2617
2617
2617
2617
2617
2617
2617
2617
2617
2617
2617
2601
2601
2601
2601
2601
2601
2601
2601
2601
2601
2601
2601
2601
2601
2601
2601
2601
2601
2601
2600
2600
2600
2600
2600
2585
2585
2585
2585
2585
2585
2585
2585
2585
2568
2568
2568
2568
2568
2568
2558
2558
2558
2558
2558
2558
2558
2558
2558
2558
2558
2558
2558
2548
2548
2548
2548
2548
2548
2542
2542
2542
2542
2542
2542
2542
2542
2542
2542
2542
2542
2542
2512
2512
2512
2512
2512
2512
2512
2512
2512
2512
2479
2479
2479
2447
2447
2447
2447
2447
2447
2447
2447
2447
2447
2447
2447
2447
2430
2430
2430
2430
2430
2430
2430
2430
2430
2430
2430
2430
2430
2430
2430
2430
2427
2427
2427
2427
2427
2427
2427
2427
2427
2427
2427
2427
2427
2427
2427
2427
2427
2427
2409
2409
2409
2409
2409
2409
2409
2409
2409
2409
2409
2409
2409
2409
2409
2409
2401
2401
2401
2401
2401
2401
2401
2401
2401
2401
2401
2401
2401
2400
2400
2400
2400
2400
2400
2400
2400
2400
2400
2400
2400
2400
2368
2368
2368
2368
2324
2324
2324
2324
2324
2324
2324
2324
2324
2324
2324
2324
2324
2302
2302
2277
2277
2277
2277
2277
2277
2277
2277
2277
2257
2257
2257
2257
2257
2257
2257
2257
2257
2257
2257
2257
2257
2257
2257
2257
2257
2257
2257
2242
2242
2242
2242
2242
2242
2242
2242
2242
2242
2242
2242
2242
2242
2242
2242
2242
2242
2242
2238
2238
2238
2238
2238
2238
2238
2205
2205
2205
2205
2205
2205
2205
2154
2085
2085
2079
2079
2079
2079
2079
2079
2067
2067
2067
2067
2067
2067
2067
2067
2067
2067
2067
1957
1957
1901
1901
1901
1901
1901
1901
1901
1901
1901
1901
1901
1901
1901
1901
1901
1901
1888
1888
1888
1888
1888
1888
1888
1888
1888
1888
1888
1888
1861
1861
1861
1851
1851
1851
1851
1851
1834
1834
1834
1834
1834
1834
1834
1780
1780
1780
1780
1780
1780
1780
1780
1780
1774
1774
1774
1774
1773
1773
1773
1773
1773
1773
1773
1773
1773
1773
1773
1773
1773
1773
1773
1773
1771
1771
1771
1771
1771
1771
1738
1738
1738
1738
1723
1723
1723
1723
1723
1723
1723
1723
1723
1723
1723
1723
1723
1723
1709
1658
1658
1658
1658
1658
1658
1658
1644
1644
1644
1644
1644
1644
1644
1644
1644
1644
1644
1644
1644
1636
1636
1636
1636
1636
1636
1636
1636
1636
1636
1604
1604
1604
1604
1604
1604
1604
1604
1587
1587
1587
1587
1544
1544
1544
1544
1544
1544
1544
1544
1544
1544
1544
1544
1544
1544
1544
1544
1544
1539
1539
1539
1539
1539
1539
1539
1539
1539
1527
1527
1527
1527
1527
1527
1507
1507
1507
1507
1507
1507
1507
1507
1507
1507
1507
1507
1459
1459
1459
1459
1459
1459
1459
1459
1459
1459
1459
1459
1459
1459
1459
1372
1372
1372
1372
1372
1372
1372
1372
1372
1372
1350
1350
1350
1350
1348
1348
1348
1348
1348
1348
1348
1348
1348
1348
1310
1310
1310
1310
1310
1307
1307
1307
1307
1307
1307
1307
1307
1307
1307
1307
1307
1307
1307
1307
1307
1307
1298
1298
1298
1298
1298
1298
1298
1298
1298
1298
1298
1292
1292
1292
1292
1292
1292
1292
1292
1292
1292
1292
1292
1260
1260
1260
1260
1237
1237
1237
1237
1237
1198
1198
1198
1198
1198
1198
1198
1198
1198
1198
1198
1198
1182
1182
1182
1182
1182
1182
1182
1182
1182
1182
1182
1182
1128
1128
1128
1128
1128
1128
1128
1128
1128
1128
1128
1128
1128
1128
1128
1128
1128
1128
1128
1128
1128
1128
1128
1101
1101
1101
1101
1101
1101
1101
1101
1101
1101
1101
1075
1075
1075
1075
1075
1075
1075
1072
1072
1062
1039
1039
1039
1039
1039
1039
1039
1039
1024
1024
1024
1024
1024
1024
1024
1024
1024
1024
1024
1024
1024
1024
1024
1024
1024
1019
1019
1019
1019
1019
1019
1019
1007
1007
939
939
921
921
921
921
921
921
921
921
907
907
907
907
907
906
906
906
906
906
906
906
906
906
906
906
906
906
906
879
879
879
879
879
879
879
879
879
879
879
879
879
879
879
879
879
817
817
817
817
817
817
817
817
817
817
817
817
817
817
817
817
817
817
817
815
815
815
815
815
815
815
815
815
815
815
815
783
783
783
783
783
783
783
783
783
783
783
783
783
783
783
783
783
763
763
763
763
763
763
763
763
763
763
763
763
763
763
763
763
763
763
763
763
737
737
737
737
737
737
710
710
710
710
710
710
710
710
710
710
710
710
710
710
710
710
703
703
703
703
703
703
703
703
703
703
699
699
699
699
699
699
699
699
699
699
699
699
699
684
674
674
674
674
674
674
674
674
674
665
665
665
665
665
665
665
665
665
665
665
665
665
665
665
665
665
665
665
665
625
625
625
625
625
625
625
625
625
625
625
625
625
625
625
625
625
625
625
609
592
592
592
592
592
592
592
592
592
592
592
592
592
482
482
482
482
482
482
482
482
482
482
482
482
482
482
482
482
482
482
482
482
467
467
467
467
467
467
467
467
467
467
467
467
467
467
467
467
467
467
467
467
457
457
457
457
457
457
457
457
457
457
457
457
457
457
457
423
423
423
414
414
414
414
414
414
414
414
414
414
414
414
414
414
414
414
414
414
414
414
414
413
413
413
413
413
413
413
413
413
413
368
368
368
368
368
368
368
368
368
368
368
368
368
368
368
368
368
329
329
329
329
329
329
329
329
329
329
329
329
329
329
329
320
320
320
320
320
320
320
320
320
320
320
320
320
320
285
285
285
285
285
285
285
285
285
285
285
260
260
260
260
260
260
260
260
260
260
260
260
260
244
241
241
241
241
241
241
241
241
241
241
241
241
211
211
211
211
211
211
211
211
211
211
211
193
193
193
193
193
193
193
193
193
193
193
193
193
188
188
188
188
188
188
188
188
188
188
188
180
180
180
180
180
180
180
180
123
123
123
123
123
123
123
123
123
123
123
123
123
123
123
123
121
121
121
121
121
121
73
73
73
73
73
73
73
73
73
73
73
73
73
73
73
73
73
73
66
66
66
66
66
66
66
66
66
66
66
66
66
66
66
66
66
66
66
66
58
58
58
58
58
58
58
58
56
56
56
55
55
55
55
55
55
55
55
51
36
36
36
36
36
36
36
26
26
26
26
26
26
26
26
26
26
26
16
16
10
10
10
10
10
10
10
10
10
10
10
10
10
10
10
10
10
10
10
