2602
10000
2491
2491
2491
2491
2491
2491
2491
2491
2491
2491
2491
2491
2491
2491
2491
2491
2491
2491
2491
2491
2491
2491
2491
2491
2491
2491
2491
2491
2491
2491
2491
2491
2491
2491
2491
2491
2491
2491
2491
2491
2491
2491
2491
2491
2491
2491
2491
2491
2491
2491
2491
2491
2491
2491
2491
2491
2491
2491
2491
2491
2491
2491
2491
2491
2491
2491
2491
2491
2491
2447
2447
2447
2447
2447
2447
2447
2447
2447
2447
2447
2447
2447
2447
2447
2447
2432
2432
2432
2432
2432
2432
2432
2432
2432
2432
2432
2432
2432
2432
2432
2432
2432
2432
2432
2432
2432
2432
2432
2432
2432
2432
2432
2432
2432
2432
2432
2432
2432
2432
2432
2432
2432
2432
2432
2432
2432
2432
2432
2432
2432
2432
2432
2432
2432
2432
2432
2432
2432
2432
2432
2432
2432
2432
2432
2432
2432
2432
2432
2432
2432
2432
2412
2412
2412
2412
2412
2412
2412
2412
2412
2412
2412
2412
2412
2412
2412
2412
2412
2412
2412
2331
2331
2331
2331
2331
2331
2331
2331
2331
2331
2331
2331
2331
2331
2331
2331
2331
2331
2331
2331
2331
2331
2331
2331
2331
2331
2331
2331
2331
2331
2331
2331
2331
2331
2331
2331
2331
2331
2331
2331
2331
2331
2331
2331
2331
2331
2331
2331
2331
2331
2331
2331
2331
2331
2331
2331
2331
2331
2331
2331
2331
2331
2331
2331
2331
2331
2327
2327
2327
2327
2327
2327
2327
2327
2327
2327
2327
2327
2327
2327
2327
2327
2327
2327
2327
2327
2327
2327
2327
2327
2327
2327
2327
2327
2327
2327
2327
2327
2327
2327
2327
2327
2327
2327
2327
2327
2327
2327
2327
2327
2327
2327
2327
2327
2327
2327
2327
2327
2327
2327
2315
2315
2281
2281
2281
2281
2281
2281
2281
2281
2281
2281
2281
2281
2281
2281
2281
2281
2281
2281
2281
2281
2281
2281
2281
2281
2281
2281
2281
2281
2281
2281
2281
2281
2281
2281
2281
2281
2281
2281
2281
2281
2281
2281
2281
2281
2281
2281
2281
2281
2281
2281
2281
2281
2281
2281
2281
2281
2281
2281
2281
2281
2281
2281
2281
2281
2281
2281
2281
2281
2281
2281
2281
2281
2281
2281
2281
2281
2281
2281
2281
2281
2281
2281
2281
2281
2281
2281
2268
2268
2268
2268
2268
2268
2268
2268
2268
2268
2268
2268
2268
2268
2268
2268
2268
2268
2268
2268
2268
2268
2268
2268
2268
2268
2268
2268
2268
2268
2268
2268
2268
2268
2268
2268
2268
2268
2268
2268
2268
2268
2268
2268
2268
2268
2268
2268
2268
2268
2268
2268
2268
2268
2268
2268
2268
2268
2268
2268
2268
2268
2268
2268
2268
2268
2268
2268
2268
2268
2268
2268
2268
2268
2268
2268
2268
2268
2268
2268
2268
2268
2268
2268
2268
2268
2268
2268
2268
2268
2268
2268
2224
2224
2224
2224
2224
2224
2224
2224
2224
2224
2224
2224
2224
2224
2224
2224
2224
2224
2224
2224
2224
2224
2224
2224
2224
2224
2224
2224
2224
2224
2224
2224
2224
2224
2224
2224
2224
2224
2224
2224
2224
2224
2224
2224
2224
2224
2224
2224
2224
2224
2224
2224
2224
2224
2224
2224
2224
2224
2224
2224
2224
2224
2224
2224
2224
2224
2224
2224
2224
2224
2224
2224
2224
2224
2224
2224
2224
2224
2224
2224
2224
2224
2224
2224
2224
2224
2224
2224
2224
2224
2224
2224
2163
2163
2163
2163
2163
2163
2163
2163
2163
2163
2163
2163
2163
2163
2163
2163
2163
2163
2163
2163
2163
2163
2163
2163
2163
2163
2163
2163
2163
2163
2163
2163
2163
2163
2163
2163
2163
2163
2163
2163
2132
2132
2132
2132
2132
2132
2132
2132
2132
2132
2132
2132
2132
2132
2132
2132
2132
2132
2132
2132
2132
2132
2132
2132
2132
2132
2132
2132
2035
2035
2035
2035
2035
2035
2035
2035
2035
2035
2035
2035
2035
2035
2035
2035
2035
2035
2035
2035
2035
2035
2035
2035
2035
2035
2035
2035
2035
2035
2035
2007
2007
2007
1980
1980
1980
1980
1980
1980
1980
1980
1980
1980
1980
1980
1980
1980
1980
1980
1980
1980
1980
1980
1980
1980
1980
1980
1980
1980
1980
1980
1980
1980
1980
1980
1980
1980
1980
1980
1980
1980
1980
1980
1980
1980
1980
1980
1980
1980
1980
1980
1980
1980
1980
1980
1980
1980
1980
1980
1980
1980
1980
1980
1980
1980
1980
1980
1980
1980
1980
1980
1980
1980
1980
1980
1980
1980
1980
1980
1764
1764
1764
1764
1764
1764
1764
1764
1764
1764
1764
1764
1764
1764
1764
1764
1764
1764
1764
1764
1764
1728
1728
1728
1728
1728
1728
1728
1728
1728
1728
1728
1728
1728
1728
1728
1728
1728
1728
1728
1728
1728
1728
1728
1728
1728
1728
1655
1655
1655
1655
1655
1655
1655
1655
1655
1655
1655
1655
1655
1655
1655
1655
1655
1655
1655
1655
1655
1655
1655
1655
1655
1655
1655
1655
1655
1655
1655
1655
1655
1655
1655
1655
1655
1655
1655
1655
1655
1655
1655
1655
1655
1655
1655
1655
1655
1655
1655
1655
1655
1655
1655
1655
1655
1655
1655
1655
1655
1655
1655
1655
1655
1655
1655
1655
1655
1655
1655
1655
1655
1655
1655
1655
1655
1655
1655
1655
1655
1655
1655
1655
1655
1655
1655
1655
1655
1655
1655
1655
1508
1508
1508
1508
1508
1508
1508
1508
1508
1508
1508
1508
1508
1508
1508
1508
1508
1508
1508
1508
1508
1508
1508
1508
1508
1508
1508
1508
1508
1508
1508
1508
1508
1508
1508
1508
1508
1502
1502
1502
1502
1502
1502
1502
1502
1502
1502
1502
1502
1502
1502
1502
1502
1502
1502
1502
1502
1502
1502
1502
1502
1502
1502
1502
1502
1502
1502
1502
1502
1502
1502
1502
1502
1493
1493
1493
1493
1493
1493
1493
1493
1493
1493
1493
1493
1493
1493
1493
1493
1493
1493
1493
1493
1493
1493
1493
1493
1493
1493
1493
1493
1493
1493
1493
1493
1493
1493
1493
1493
1493
1493
1493
1493
1493
1493
1493
1493
1493
1493
1493
1493
1493
1493
1493
1483
1483
1483
1483
1483
1483
1483
1483
1483
1483
1483
1483
1483
1483
1483
1483
1483
1483
1445
1445
1445
1445
1445
1445
1445
1445
1445
1445
1445
1445
1445
1445
1445
1445
1445
1445
1445
1445
1445
1445
1445
1445
1445
1445
1445
1445
1445
1445
1445
1445
1445
1445
1445
1445
1445
1445
1445
1445
1445
1395
1395
1395
1395
1395
1395
1395
1395
1395
1395
1395
1395
1395
1395
1395
1395
1395
1395
1395
1395
1395
1395
1395
1395
1395
1395
1395
1395
1395
1395
1395
1395
1395
1395
1395
1395
1395
1395
1395
1395
1395
1395
1395
1395
1395
1395
1395
1395
1395
1395
1395
1395
1395
1395
1395
1395
1395
1395
1395
1395
1395
1395
1395
1395
1395
1395
1395
1395
1395
1395
1395
1395
1395
1395
1395
1395
1395
1395
1395
1395
1395
1395
1395
1395
1395
1395
1395
1395
1395
1395
1395
1395
1395
1395
1395
1395
1395
1395
1395
1395
1313
1313
1313
1313
1313
1313
1313
1313
1313
1313
1313
1313
1313
1313
1313
1313
1313
1313
1313
1313
1313
1313
1313
1313
1313
1313
1313
1313
1313
1313
1313
1313
1313
1313
1313
1313
1313
1313
1313
1313
1313
1313
1313
1313
1313
1313
1313
1313
1313
1313
1313
1313
1313
1313
1313
1313
1313
1313
1313
1313
1283
1283
1283
1283
1283
1283
1283
1283
1283
1283
1283
1283
1283
1283
1283
1283
1283
1283
1283
1283
1283
1283
1283
1283
1283
1283
1283
1283
1283
1283
1283
1283
1283
1283
1283
1283
1283
1283
1283
1283
1283
1283
1283
1283
1283
1283
1283
1283
1283
1283
1283
1283
1283
1283
1283
1283
1283
1283
1283
1283
1283
1283
1283
1283
1283
1283
1283
1283
1283
1283
1283
1283
1283
1283
1283
1283
1283
1283
1283
1283
1283
1283
1283
1283
1283
1230
1230
1230
1230
1230
1230
1230
1230
1230
1230
1230
1230
1230
1230
1230
1230
1230
1230
1230
1230
1230
1230
1230
1230
1230
1230
1230
1230
1230
1230
1230
1230
1230
1230
1230
1230
1230
1230
1230
1230
1230
1230
1230
1230
1230
1230
1230
1230
1230
1230
1230
1230
1230
1230
1230
1230
1230
1230
1230
1230
1230
1230
1230
1230
1230
1230
1230
1230
1230
1230
1230
1230
1230
1230
1230
1230
1230
1230
1230
1230
1230
1230
1230
1230
1230
1230
1230
1230
1230
1230
1230
1230
1230
1230
1230
1230
1230
1189
1189
1189
1189
1189
1189
1189
1189
1189
1189
1189
1189
1189
1189
1189
1189
1189
1189
1189
1189
1189
1189
1189
1189
1189
1189
1189
1189
1189
1189
1189
1166
1166
1166
1166
1166
1166
1166
1166
1166
1166
1166
1166
1166
1166
1166
1166
1166
1166
1166
1166
1166
1166
1166
1166
1166
1166
1166
1166
1166
1166
1166
1166
1166
1166
1166
1166
1166
1166
1166
1166
1166
1166
1166
1166
1166
1166
1166
1166
1166
1166
1166
1166
1166
1166
1166
1166
1166
1166
1166
1166
1166
1166
1166
1166
1166
1166
1166
1082
1082
1082
1082
1082
1082
1082
1082
1082
1082
1082
1082
1082
1082
1082
1082
1082
1082
1082
1082
1082
1082
1082
1082
1082
1082
1082
1082
1082
1082
1082
1082
1082
1082
1082
1082
1082
1082
1082
1082
1082
1082
1082
1082
1082
1082
1082
1082
1082
1082
1082
1082
1082
1082
1082
1082
1082
1082
1082
1082
1082
1082
1082
1064
1064
1064
1064
1064
1064
1064
1064
986
986
986
986
986
986
986
986
986
986
986
986
986
986
986
986
986
986
986
986
986
986
986
986
986
986
986
986
986
986
986
986
986
986
986
986
986
986
986
986
986
986
986
986
986
986
986
986
986
986
986
986
986
986
986
986
986
986
986
986
986
986
986
986
986
986
986
986
986
986
986
986
986
986
986
986
986
986
986
986
986
986
986
986
986
986
986
986
986
986
986
892
892
892
892
892
892
892
892
892
892
892
892
892
892
892
892
892
892
892
892
892
892
892
892
892
892
892
892
892
892
892
892
892
892
892
892
892
892
892
892
892
892
892
892
892
892
892
892
892
892
892
892
892
892
892
892
892
892
892
892
892
892
892
892
892
892
892
892
892
892
892
892
892
892
892
892
892
887
887
887
887
887
887
887
887
887
887
887
887
887
887
887
887
887
887
887
887
887
887
887
887
887
887
887
887
887
887
887
887
887
887
887
887
887
887
887
887
887
887
887
887
887
887
887
887
887
887
887
887
887
887
887
887
887
879
856
856
856
856
856
856
856
856
856
856
856
856
856
856
856
856
856
856
856
856
856
856
856
856
856
856
856
856
856
856
856
856
856
856
856
856
856
856
856
856
856
856
856
856
856
856
856
856
856
856
856
856
856
856
856
856
856
856
856
856
856
856
856
856
856
856
856
856
856
856
856
856
856
856
856
856
856
856
856
856
856
856
856
856
856
856
856
856
856
749
749
749
749
749
749
749
749
749
749
749
749
749
749
749
749
749
749
749
749
749
749
749
749
749
749
749
749
749
749
749
749
749
749
749
749
749
749
749
749
749
749
694
647
647
647
647
647
647
647
647
647
647
647
647
647
647
647
647
647
647
647
647
647
647
647
647
647
647
647
647
647
647
647
647
647
647
647
647
647
647
647
647
647
647
647
647
647
647
647
647
647
647
647
647
647
647
647
647
647
647
640
640
640
640
640
640
640
640
640
640
640
640
640
640
640
640
640
640
640
640
640
640
640
640
640
640
640
640
640
640
640
640
640
640
640
640
640
640
640
640
640
640
640
640
640
640
640
640
640
640
640
640
640
640
640
640
640
640
640
640
640
640
640
640
640
640
640
640
605
605
605
605
605
605
605
605
605
605
605
605
605
605
605
605
605
605
605
605
605
605
605
605
605
605
605
605
605
605
605
605
605
605
605
605
605
605
605
605
605
605
605
605
605
605
605
605
605
605
605
605
605
605
605
605
605
605
605
605
605
605
605
605
605
605
605
605
605
605
605
586
586
586
586
586
586
586
586
586
586
586
586
586
586
586
586
586
586
586
586
586
586
586
586
586
586
586
586
586
586
586
586
586
586
586
586
586
586
586
586
586
586
586
585
585
585
585
585
585
585
585
585
585
585
585
585
585
585
585
585
585
585
585
585
585
585
585
585
585
585
585
585
585
585
585
585
585
585
585
585
585
585
585
585
585
585
585
548
548
548
548
548
548
548
548
548
548
548
548
548
548
548
548
548
548
548
548
548
548
548
548
548
548
548
548
548
548
548
548
548
548
548
548
548
548
548
548
379
379
379
379
379
379
379
379
379
379
379
379
379
379
379
379
379
379
379
379
379
379
379
379
379
379
379
379
379
379
379
379
379
379
379
379
351
351
351
351
351
351
351
351
351
351
351
351
351
351
351
351
351
351
351
351
351
351
351
351
351
351
351
351
351
351
351
351
351
351
351
351
351
351
351
351
351
351
351
351
351
351
351
351
351
351
351
351
351
351
351
351
351
351
351
351
351
351
351
351
351
351
351
351
351
351
351
351
351
351
351
351
351
351
351
351
351
351
351
351
351
340
340
340
340
340
340
340
340
340
340
340
340
340
340
340
340
340
340
340
340
340
340
340
340
340
34
34
34
34
34
34
34
34
34
34
34
34
34
34
34
34
34
34
34
34
34
34
34
34
34
34
34
34
34
34
34
34
34
34
34
34
34
34
34
34
34
34
34
34
34
34
34
34
34
34
34
34
34
34
34
34
34
34
34
34
34
34
34
34
34
34
34
34
34
34
34
34
34
34
34
34
34
16
16
16
16
16
16
16
16
16
16
16
16
16
16
16
16
16
16
16
16
16
16
16
16
16
16
16
16
16
16
16
16
16
16
16
16
16
16
16
16
16
16
16
16
16
16
16
16
16
16
16
16
16
16
16
16
16
16
16
16
16
16
16
16
16
16
16
16
16
16
16
16
16
1
1
1
1
1
1
1
1
1
1
1
1
1
1
1
1
1
1
1
1
1
1
1
1
1
1
1
1
1
1
1
1
1
1
1
1
1
1
1
1
1
1
1
1
1
1
1
1
1
1
1
