490
10000
9726
9726
9726
9563
9563
9563
9563
9563
9563
9563
9324
9324
9324
9324
9324
9324
9324
9324
9324
9324
9324
9324
9324
9324
9324
9199
9199
9199
9199
9199
9199
9199
9199
9199
9199
9199
9199
9199
9199
9199
9199
9199
9199
9044
9044
9044
9044
8821
8821
8821
8821
8821
8821
8821
8821
8821
8821
8821
8821
8821
8821
8821
8821
8821
8821
8821
8683
8683
8683
8683
8683
8683
8683
8683
8646
8646
8646
8646
8646
8529
8529
8529
8529
8529
8529
8529
8529
8529
8524
8524
8524
8524
8524
8524
8524
8524
8524
8524
8524
8524
8524
8524
8524
8524
8242
8033
8033
8033
8033
8033
8033
8033
8033
8033
8033
8033
8033
8033
8033
7720
7720
7720
7720
7720
7720
7720
7720
7720
7667
7667
7667
7667
7667
7667
7667
7667
7667
7667
7667
7589
7589
7558
7558
7558
7550
7550
7547
7547
7547
7547
7547
7547
7547
7547
7547
7547
7547
7547
7547
7547
7363
7363
7363
7363
7363
7363
7363
7363
7363
7363
7363
7363
7363
7363
7363
7363
7363
7363
7272
7272
7272
7272
7272
7272
7272
7272
7272
7272
7272
7239
7239
7239
7239
7239
7239
7239
7239
7239
7239
7239
7053
7053
7053
7053
7053
7053
7053
7053
7053
7052
7052
7052
7052
7046
7046
7046
7046
7046
7046
7046
7046
7046
7046
7003
7003
7003
6706
6706
6706
6706
6706
6706
6706
6706
6706
6706
6706
6706
6706
6459
6459
6459
6459
6459
6459
6459
6340
6340
6340
6340
6340
6340
6340
6340
6340
6340
6340
6340
6340
6340
5840
5840
5840
5840
5840
5840
5840
5840
5840
5840
5840
5840
5840
5840
5840
5840
5840
5840
5640
5640
5640
5640
5640
5640
5640
5640
5640
5640
5031
5031
5031
5031
5031
5031
5031
5031
5031
5031
5031
5031
5031
4549
4549
4549
4549
4406
4406
4406
4406
4406
4406
4406
4406
4406
4406
4406
4406
4406
4406
4406
4406
4406
4406
4406
4254
4254
4254
4254
4254
4254
4254
4254
4254
4254
4254
3946
3946
3946
3946
3946
3946
3946
3946
3946
3946
3946
3946
3946
3946
3946
3946
3839
3784
3784
3784
3784
3784
3784
3314
3314
3314
3314
3314
3314
3314
3314
3314
3314
3314
3314
3238
3238
3238
3238
3238
3238
3238
3238
3238
3238
3238
3238
3238
3238
3238
3238
3238
3238
3238
3164
3164
3164
3164
3164
3164
3164
3117
3117
3117
3117
3117
3117
3117
3117
3117
3117
3117
3117
3117
3117
2090
2090
2090
1360
1360
1360
1360
1360
1360
1360
1360
1360
1360
1360
1360
1360
1360
1360
1360
1360
1360
1268
1268
1268
1268
1268
1268
940
940
940
940
760
760
760
760
760
760
760
760
537
537
537
537
537
537
537
537
537
537
537
505
505
277
277
277
277
277
277
277
277
277
277
277
250
250
250
250
250
250
250
250
250
250
250
250
250
250
250
250
250
