2308
10000
2432
2432
2432
2432
2432
2432
2432
2432
2432
2432
2432
2432
2426
2426
2426
2426
2426
2426
2426
2426
2426
2426
2426
2426
2426
2426
2426
2426
2426
2426
2426
2426
2426
2426
2426
2426
2426
2426
2426
2426
2426
2426
2426
2426
2426
2426
2426
2426
2426
2426
2426
2426
2426
2423
2423
2423
2423
2423
2423
2423
2423
2423
2423
2423
2423
2423
2423
2423
2423
2423
2423
2423
2423
2423
2423
2423
2423
2423
2423
2423
2423
2423
2423
2423
2423
2423
2423
2423
2423
2423
2423
2423
2423
2423
2423
2423
2423
2423
2323
2323
2323
2323
2323
2323
2323
2323
2323
2323
2323
2323
2323
2323
2323
2323
2315
2315
2315
2315
2315
2315
2315
2315
2315
2315
2315
2315
2315
2315
2315
2315
2315
2315
2315
2315
2315
2315
2315
2315
2315
2315
2315
2315
2315
2315
2315
2315
2315
2315
2315
2315
2315
2315
2315
2315
2315
2315
2315
2315
2315
2315
2315
2315
2315
2315
2315
2315
2315
2315
2315
2315
2315
2315
2315
2315
2315
2315
2315
2315
2315
2315
2315
2315
2315
2315
2315
2315
2296
2296
2296
2296
2296
2296
2296
2296
2296
2296
2296
2296
2296
2296
2296
2296
2296
2296
2296
2296
2296
2296
2296
2296
2296
2296
2296
2296
2296
2296
2296
2296
2296
2296
2296
2296
2296
2296
2296
2296
2296
2296
2296
2296
2296
2296
2296
2296
2296
2296
2296
2296
2296
2296
2296
2296
2296
2296
2296
2296
2296
2296
2296
2296
2296
2296
2296
2296
2296
2296
2296
2296
2296
2296
2296
2253
2253
2253
2253
2253
2253
2253
2253
2253
2253
2253
2253
2253
2253
2253
2253
2253
2253
2253
2253
2253
2253
2253
2246
2246
2246
2246
2246
2246
2246
2246
2246
2246
2246
2246
2246
2246
2246
2246
2246
2246
2246
2246
2246
2246
2246
2246
2246
2246
2246
2246
2246
2246
2246
2246
2246
2246
2246
2246
2246
2246
2246
2246
2246
2246
2246
2246
2246
2246
2246
2246
2246
2246
2246
2246
2246
2246
2246
2246
2246
2246
2246
2246
2246
2246
2246
2246
2246
2246
2246
2246
2246
2246
2246
2246
2246
2246
2246
2246
2246
2246
2246
2246
2246
2246
2246
2246
2246
2246
2246
2246
2225
2225
2225
2225
2225
2225
2225
2225
2225
2225
2225
2225
2225
2225
2225
2225
2225
2225
2225
2225
2225
2225
2225
2225
2225
2225
2225
2225
2225
2225
2225
2225
2225
2225
2225
2225
2225
2225
2225
2225
2225
2225
2225
2225
2225
2225
2225
2225
2225
2225
2225
2225
2225
2225
2225
2225
2225
2225
2225
2225
2225
2225
2225
2225
2225
2225
2225
2225
2225
2225
2225
2225
2225
2225
2225
2225
2225
2225
2225
2225
2225
2225
2225
2225
2225
2225
2225
2225
2225
2225
2225
2225
2225
2225
2225
2225
2225
2225
2225
2225
2182
2182
2182
2182
2182
2182
2182
2182
2182
2182
2182
2182
2182
2182
2182
2182
2182
2182
2182
2182
2182
2182
2182
2182
2182
2182
2182
2182
2182
2182
2182
2182
2182
2182
2182
2182
2182
2182
2182
2182
2182
2182
2182
2182
2182
2182
2182
2113
2113
2113
2113
2113
2113
2113
2113
2113
2113
2113
2113
2113
2100
2100
2100
2100
2100
2072
2072
2072
2072
2072
2072
2072
2072
2072
2072
2072
2072
2072
2072
2072
2072
2072
2072
2072
2072
2072
2072
2072
2057
2057
2057
2057
2057
2057
2057
2057
2057
2057
2057
2057
2057
2057
2057
2057
2057
2057
2057
2057
2057
2057
2057
2057
2057
2057
2057
2057
2057
2057
2057
2057
2033
2033
2033
2033
2033
2033
2033
2033
2033
2033
2033
2033
2033
2033
2033
2033
2033
2033
2033
2033
2027
2027
2027
2027
1937
1937
1937
1937
1937
1937
1937
1937
1937
1937
1937
1937
1937
1937
1937
1937
1931
1931
1931
1931
1931
1931
1931
1931
1931
1931
1931
1931
1931
1931
1931
1931
1931
1931
1931
1931
1931
1931
1931
1931
1931
1931
1931
1931
1931
1931
1931
1931
1931
1931
1931
1931
1931
1931
1931
1931
1931
1931
1931
1931
1765
1765
1765
1765
1765
1765
1765
1765
1765
1765
1765
1765
1765
1765
1765
1765
1765
1765
1765
1765
1765
1765
1765
1765
1765
1765
1765
1765
1765
1765
1765
1765
1765
1765
1765
1765
1765
1765
1765
1765
1765
1765
1765
1765
1765
1765
1765
1765
1765
1765
1765
1765
1765
1765
1765
1765
1765
1765
1765
1765
1765
1765
1765
1765
1765
1765
1765
1765
1765
1765
1765
1765
1765
1765
1765
1695
1695
1695
1695
1695
1695
1695
1695
1695
1695
1695
1695
1695
1695
1695
1695
1695
1695
1695
1695
1695
1695
1695
1695
1695
1695
1695
1695
1695
1695
1695
1695
1695
1695
1695
1695
1695
1695
1695
1695
1695
1695
1695
1695
1695
1695
1695
1695
1695
1695
1695
1695
1695
1695
1695
1695
1695
1695
1695
1695
1695
1695
1689
1689
1689
1689
1689
1689
1689
1689
1689
1689
1689
1689
1689
1689
1689
1689
1689
1689
1689
1689
1689
1689
1689
1689
1689
1689
1689
1689
1689
1689
1689
1673
1673
1673
1673
1673
1673
1673
1673
1673
1673
1673
1673
1673
1673
1673
1673
1673
1673
1673
1673
1673
1673
1673
1673
1673
1673
1673
1673
1673
1673
1673
1673
1673
1673
1673
1673
1673
1673
1673
1673
1673
1673
1673
1673
1673
1673
1673
1673
1673
1673
1673
1673
1673
1673
1673
1673
1673
1673
1673
1673
1673
1608
1608
1608
1608
1608
1608
1608
1608
1608
1608
1608
1608
1608
1608
1608
1608
1608
1608
1608
1608
1608
1608
1608
1608
1608
1608
1608
1608
1608
1608
1608
1608
1608
1608
1532
1532
1532
1532
1532
1532
1532
1532
1532
1532
1532
1532
1532
1532
1532
1532
1532
1532
1532
1532
1532
1532
1532
1532
1532
1532
1532
1532
1532
1532
1532
1532
1532
1532
1532
1532
1451
1451
1451
1451
1451
1451
1451
1451
1451
1451
1451
1451
1451
1451
1451
1451
1451
1451
1451
1451
1451
1451
1451
1451
1451
1451
1451
1451
1451
1451
1451
1451
1451
1451
1451
1451
1451
1451
1451
1451
1451
1451
1451
1451
1451
1451
1451
1451
1451
1451
1451
1451
1451
1451
1451
1451
1451
1451
1451
1451
1451
1451
1451
1378
1378
1378
1378
1378
1378
1378
1378
1378
1378
1378
1378
1378
1378
1378
1378
1378
1378
1378
1378
1378
1378
1378
1378
1378
1378
1378
1378
1378
1378
1378
1378
1378
1378
1378
1378
1378
1378
1378
1378
1378
1378
1378
1378
1378
1378
1378
1378
1378
1378
1378
1378
1378
1378
1378
1378
1378
1378
1378
1378
1378
1378
1378
1378
1378
1378
1378
1378
1378
1378
1378
1378
1378
1378
1378
1378
1378
1378
1378
1378
1378
1378
1378
1378
1378
1378
1378
1378
1338
1338
1338
1338
1338
1338
1338
1338
1338
1338
1338
1338
1338
1338
1338
1338
1338
1338
1338
1338
1338
1338
1338
1338
1338
1338
1338
1338
1338
1338
1338
1338
1338
1338
1338
1338
1338
1338
1338
1338
1338
1338
1338
1338
1338
1338
1338
1338
1338
1338
1338
1338
1338
1338
1338
1338
1338
1338
1338
1338
1338
1338
1338
1338
1338
1338
1338
1338
1338
1338
1338
1338
1338
1338
1338
1338
1338
1338
1338
1338
1338
1338
1338
1338
1338
1338
1338
1338
1338
1338
1338
1338
1338
1287
1287
1287
1287
1287
1287
1287
1287
1287
1287
1287
1287
1287
1287
1287
1287
1287
1287
1287
1287
1287
1287
1287
1287
1287
1287
1287
1287
1287
1287
1287
1287
1287
1287
1287
1287
1287
1287
1277
1277
1277
1277
1277
1277
1277
1277
1277
1277
1277
1277
1277
1277
1277
1277
1277
1277
1277
1277
1277
1277
1277
1277
1277
1277
1277
1277
1277
1277
1277
1277
1277
1277
1277
1277
1277
1277
1277
1277
1277
1277
1277
1277
1277
1277
1277
1277
1277
1277
1277
1277
1277
1277
1277
1277
1277
1277
1277
1277
1277
1277
1277
1207
1207
1207
1207
1207
1207
1207
1207
1207
1207
1198
1198
1198
1198
1198
1198
1198
1198
1198
1198
1198
1198
1198
1198
1198
1198
1198
1198
1198
1198
1198
1198
1198
1198
1198
1198
1198
1198
1198
1198
1198
1198
1198
1198
1198
1198
1198
1198
1198
1198
1198
1198
1198
1198
1198
1198
1198
1198
1198
1198
1198
1198
1198
1198
1198
1198
1198
1198
1198
1198
1198
1198
1198
1198
1198
1198
1198
1198
1198
1110
1110
1110
1110
1110
1110
1110
1110
1110
1110
1110
1110
1110
1110
1110
1110
1110
1110
1110
1110
1110
1110
1110
1110
1110
1110
1110
1110
1110
1110
1110
1110
1110
1110
1110
1110
1110
1110
1110
1097
1097
1097
1097
1097
1097
1097
1097
1097
1097
1097
1097
1097
1097
1097
1097
1097
1097
1097
1097
1097
1097
1097
1097
1097
1097
1097
1097
1097
1097
1097
1097
1097
1097
1097
1097
1097
1097
1097
1097
1097
1097
1097
1097
1097
1097
1097
1097
1097
1097
1097
1097
1097
1097
1097
1097
1097
1097
1097
1097
1097
1097
1097
1097
1097
1097
1097
1097
1097
1097
1097
1097
1097
1097
1097
857
857
857
857
857
857
857
857
857
857
857
857
857
857
857
857
857
857
857
857
857
857
857
857
857
857
857
857
857
857
857
857
857
857
857
857
857
857
857
857
857
857
857
857
857
857
857
857
857
857
857
857
857
857
857
857
857
857
857
857
857
857
857
857
857
857
857
857
857
857
857
857
857
857
857
857
857
857
857
857
857
857
857
857
857
857
857
857
857
857
857
857
857
857
857
857
837
837
837
837
837
837
837
837
837
837
837
837
837
837
837
837
837
837
837
837
837
837
837
837
837
837
837
837
837
837
837
837
837
837
837
837
837
837
837
837
837
837
837
837
837
837
837
837
837
837
837
837
837
837
837
837
837
837
837
837
837
837
837
837
837
837
837
837
837
837
837
837
837
837
837
837
837
837
825
825
825
825
825
825
825
825
825
825
825
825
825
825
825
825
825
825
825
825
825
825
825
825
825
825
825
825
825
825
825
825
825
825
825
825
825
825
825
825
825
825
825
825
825
825
825
825
782
782
782
782
782
782
782
782
782
782
782
782
782
782
782
782
782
782
782
782
782
782
782
782
782
782
782
782
782
782
782
782
782
782
782
782
782
782
782
782
782
782
782
782
782
782
782
782
782
782
782
782
782
782
782
782
782
782
782
782
782
782
782
782
782
782
782
782
782
782
782
760
760
760
760
760
760
760
760
760
760
760
760
760
760
760
760
760
760
760
760
760
760
760
760
760
760
760
760
735
735
735
735
735
735
735
735
735
735
735
735
735
735
735
735
735
735
735
735
735
735
735
735
735
735
735
735
735
735
735
735
735
735
735
735
735
735
735
735
735
735
735
735
735
735
735
735
735
735
735
735
735
735
735
735
735
735
735
735
735
735
735
735
735
735
735
735
735
735
735
735
735
735
735
735
735
735
735
735
735
670
670
588
588
588
588
588
588
588
588
588
588
588
588
588
588
588
588
588
474
474
474
474
474
474
474
474
474
474
474
474
474
474
474
474
474
474
474
474
474
474
474
474
474
474
474
474
474
474
474
474
474
474
474
474
474
474
474
474
474
474
474
474
474
466
466
466
466
466
466
466
466
466
466
466
466
466
466
466
466
466
466
466
466
466
466
466
466
466
466
466
466
466
466
466
466
466
466
466
466
466
466
466
466
466
466
449
449
449
449
449
449
449
449
449
449
449
449
449
449
449
449
449
437
437
437
437
437
437
437
437
437
437
437
437
437
437
437
437
437
437
437
437
437
437
437
437
437
437
437
437
437
437
437
437
437
437
437
437
437
437
437
437
437
437
437
437
437
437
437
437
437
437
437
437
437
437
437
437
437
437
426
426
426
426
426
426
426
426
385
385
385
385
385
385
385
385
385
385
385
385
385
385
385
371
371
371
371
371
371
371
371
371
371
371
371
371
371
371
371
371
371
371
371
371
371
371
371
371
371
371
371
371
371
371
371
371
371
371
371
371
371
371
371
371
371
371
371
371
371
371
371
371
371
371
371
371
371
371
371
371
371
371
371
371
371
371
371
371
371
371
371
371
371
371
371
371
371
371
371
371
371
371
371
161
161
161
161
161
161
161
161
161
161
161
161
161
161
161
161
161
161
161
161
161
161
161
161
161
161
161
161
161
161
161
161
161
161
161
161
161
161
161
161
161
161
161
161
161
161
161
161
161
161
161
161
161
161
161
161
161
161
161
161
161
161
161
161
161
161
161
161
161
161
161
161
161
161
161
161
161
5
5
5
5
5
5
5
5
5
5
5
5
5
5
5
5
5
5
5
5
5
5
5
5
5
5
5
5
5
5
5
5
