2320
10000
7498
7498
7498
7498
7498
7498
7498
7498
7498
7498
7498
7498
7498
7498
7498
7498
7498
7498
7498
7498
7498
7498
7498
7498
7498
7498
7498
7498
7498
7498
7498
7498
7498
7498
7498
7498
7498
7498
7498
7498
7498
7498
7498
7498
7498
7498
6809
6809
6809
6809
6809
6809
6809
6809
6809
6809
6809
6809
6809
6809
6809
6809
6809
6809
6809
6809
6809
6809
6809
6809
6809
6809
6809
6809
6809
6809
6809
6809
6809
6809
6797
6797
6797
6797
6797
6797
6797
6797
6797
6797
6797
6797
6797
6797
6797
6797
6797
6797
6797
6797
6797
6797
6797
6797
6797
6797
6797
6797
6797
6797
6797
6797
6797
6797
6797
6797
6755
6755
6755
6755
6755
6755
6755
6755
6755
6755
6755
6755
6755
6755
6755
6755
6755
6755
6755
6755
6755
6755
6755
6755
6755
6755
6755
6755
6755
6755
6755
6755
6755
6755
6755
6755
6755
6755
6755
6755
6755
6755
6755
6755
6755
6755
6755
6755
6755
6755
6755
6755
6755
6755
6755
6755
6755
6755
6755
6755
6755
6755
6755
6755
6755
6755
6755
6755
6755
6755
6755
6755
6755
6755
6755
6755
6755
6755
6755
6755
6755
6755
6755
6755
6755
6755
6755
6755
6695
6695
6695
6695
6695
6695
6695
6695
6695
6695
6695
6634
6634
6634
6634
6634
6634
6634
6569
6569
6569
6569
6569
6569
6569
6569
6569
6569
6569
6404
6404
6404
6404
6404
6404
6404
6404
6404
6404
6404
6404
6247
6247
6173
6173
6173
6173
6173
6173
6173
6173
6173
6173
5907
5907
5907
5907
5907
5907
5907
5907
5907
5907
5907
5907
5907
5907
5907
5907
5907
5907
5907
5907
5907
5907
5907
5907
5907
5907
5907
5907
5907
5907
5907
5907
5907
5907
5907
5907
5907
5907
5907
5907
5907
5907
5876
5876
5876
5876
5876
5876
5876
5876
5876
5876
5876
5876
5876
5876
5876
5876
5876
5876
5876
5876
5876
5876
5876
5876
5876
5876
5876
5876
5876
5876
5876
5876
5876
5876
5876
5876
5876
5876
5876
5876
5876
5876
5876
5876
5876
5876
5876
5876
5876
5876
5876
5876
5876
5876
5876
5876
5876
5876
5876
5876
5876
5876
5876
5876
5876
5876
5876
5876
5876
5876
5876
5876
5876
5876
5876
5876
5876
5876
5876
5876
5876
5876
5876
5876
5547
5547
5547
5547
5547
5547
5547
5547
5547
5547
5547
5547
5547
5547
5547
5547
5547
5547
5547
5547
5547
5547
5547
5547
5547
5547
5547
5547
5547
5547
5547
5547
5547
5547
5525
5525
5525
5525
5525
5525
5525
5525
5525
5525
5525
5525
5525
5525
5525
5525
5525
5525
5525
5525
5525
5525
5525
5525
5525
5525
5525
5525
5525
5525
5525
5525
5525
5525
5525
5525
5525
5525
5525
5525
5525
5525
5525
5525
5525
5525
5525
5525
5525
5525
5525
5525
5525
5525
5525
5525
5525
5525
5275
5275
5275
5275
5275
5275
5275
5275
5275
5275
5275
5275
5275
5275
5275
5275
5275
5275
5275
5275
5275
5275
5275
5275
5275
5275
5275
5275
5275
5275
5275
5275
5275
5275
5275
5275
5275
5275
5275
5275
5275
5275
5275
5275
5275
5275
5275
5275
5275
5275
5275
5275
5275
5275
5275
5275
5275
5275
5275
5275
5275
5275
5275
5275
5275
5275
5098
5098
5098
5098
5098
5098
5098
5098
5098
5098
5098
5098
5098
5098
5098
5098
5098
5098
5098
5098
5098
5098
5098
5098
5098
5098
5098
5098
5098
5098
5098
5098
5034
5034
5034
5034
5034
5034
5034
5034
5034
5034
5034
5034
5034
5034
5034
5034
5034
5034
5034
5034
5034
5034
5034
5034
5034
5034
5034
5034
5034
5034
5034
5034
5034
5034
5034
5034
5034
5034
5034
5034
5034
5034
5034
5034
5034
5034
5034
5034
5034
5034
5034
5034
5034
5034
5034
5034
5034
5034
5034
5034
5034
5034
5034
5034
5034
5034
5034
5034
5034
5034
5034
5034
5034
5034
5034
5034
5034
5034
5034
5034
5034
5034
5034
5034
5034
5034
5034
5034
4951
4951
4951
4951
4951
4951
4951
4951
4951
4951
4951
4951
4854
4854
4854
4854
4854
4854
4854
4854
4854
4854
4854
4854
4854
4854
4854
4854
4854
4854
4854
4854
4854
4854
4854
4854
4854
4854
4854
4854
4854
4854
4854
4854
4854
4854
4854
4854
4854
4854
4854
4854
4854
4854
4854
4854
4854
4854
4854
4854
4854
4854
4854
4854
4854
4854
4854
4854
4854
4854
4854
4854
4854
4854
4854
4854
4854
4854
4854
4854
4854
4854
4596
4596
4596
4596
4596
4596
4596
4596
4596
4596
4596
4596
4596
4596
4596
4596
4596
4596
4596
4596
4596
4596
4596
4596
4596
4596
4596
4596
4596
4596
4596
4596
4596
4536
4536
4536
4536
4536
4536
4536
4536
4536
4536
4536
4536
4536
4536
4536
4536
4536
4536
4536
4536
4536
4536
4536
4536
4536
4536
4536
4536
4536
4536
4536
4536
4536
4536
4536
4536
4536
4536
4536
4536
4536
4536
4536
4536
4536
4536
4536
4536
4536
4536
4536
4536
4536
4521
4521
4521
4521
4521
4521
4521
4521
4521
4521
4521
4521
4521
4521
4521
4339
4339
4339
4339
4339
4339
4339
4339
4339
4339
4339
4339
4339
4339
4339
4339
4339
4339
4339
4339
4339
4339
4339
3563
3563
3563
3563
3563
3563
3563
3563
3563
3563
3563
3563
3563
3563
3563
3563
3563
3563
3563
3563
3563
3563
3563
3563
3563
3563
3563
3563
3563
3563
3563
3563
3563
3563
3563
3563
3563
3563
3563
3563
3563
3563
3563
3563
3563
3563
3563
3563
3563
3563
3563
3563
3563
3563
3563
3563
3563
3563
3563
3563
3563
3563
3563
3563
3563
3563
3563
3563
3563
3563
3563
3563
3563
3563
3563
3563
3563
3563
3563
3563
3563
3563
3563
3563
3563
3563
3563
3563
3563
3563
3373
3373
3373
3373
3373
3373
3373
3373
3373
3373
3373
3373
3373
3373
3373
3373
3373
3373
3373
3373
3373
3373
3373
3373
3373
3373
3373
3373
3373
3373
3373
3373
3373
3373
3373
3373
3373
3373
3373
3373
3373
3373
3373
3373
3333
3333
3333
3333
3333
3333
3333
3333
3333
3333
3333
3333
3333
3333
3333
3333
3333
3333
3333
3333
3333
3333
3333
3333
3333
3333
3333
3333
3333
3333
3333
3333
3333
3333
3333
3333
3333
3333
3333
3333
3333
3333
3333
3333
3333
3333
3333
3333
3333
3333
3333
3333
3333
3333
3333
3333
3333
3333
3333
3333
3333
3333
3333
3333
3333
3333
3333
3333
3333
3333
3333
3333
3333
3333
3333
3333
3333
3333
3333
3333
3333
3333
3333
3333
3333
3333
3333
3333
3333
3333
3333
3333
3333
3333
3333
3333
3333
3333
3333
3152
3152
3152
3152
3152
3152
3152
3152
3152
3152
3152
3152
3152
3152
3152
3152
3152
3152
3152
3152
3152
3152
3152
3152
3152
3152
3152
3152
3152
3152
3105
3105
3105
3105
3105
3105
3105
3105
3105
3105
3105
3105
3105
3105
3105
3105
3105
3105
3105
3105
3105
3105
3105
3105
3105
3105
3105
3105
3105
3105
3105
3105
3105
3105
3105
3105
3105
3105
3105
3105
3105
3105
3105
3105
3105
3105
3105
3105
3105
3105
3105
3105
3105
3105
3105
3076
3076
3076
3076
3076
3076
3076
3076
3076
3076
3076
3076
3076
3076
3076
3076
3076
3076
3076
3076
3076
3076
3076
3076
3076
3076
3076
3076
3076
3076
3076
3076
3076
3076
3076
3076
3076
3076
3076
3076
3076
3076
3076
3076
3076
3076
3076
3076
3076
3076
3076
3076
3076
3076
3076
3076
3076
3076
3076
3076
3076
3076
3076
3076
3076
3076
3076
3076
3076
3076
3076
3076
3043
3043
3043
3043
3043
3043
3043
3043
3043
3043
3002
3002
3002
3002
3002
3002
3002
3002
3002
3002
3002
3002
3002
3002
3002
3002
3002
3002
3002
3002
3002
3002
3002
3002
3002
3002
3002
3002
3002
3002
3002
3002
3002
3002
3002
3002
3002
3002
3002
3002
3002
3002
3002
3002
3002
3002
3002
3002
3002
3002
3002
3002
3002
3002
3002
3002
3002
3002
3002
3002
3002
3002
3002
3002
3002
3002
3002
3002
3002
3002
3002
2741
2400
2400
2400
2400
2400
2400
2400
2400
2400
2400
2400
2400
2400
2400
2400
2400
2400
2400
2400
2400
2400
2400
2400
2400
2400
2400
2400
2400
2400
2400
2400
2400
2400
2400
2400
2400
2400
2400
2400
2400
2400
2400
2400
2400
2400
2389
2389
2389
2389
2389
2389
2389
2389
2389
2389
2389
2389
1818
1818
1792
1792
1792
1792
1792
1792
1792
1792
1792
1792
1792
1792
1792
1792
1792
1792
1792
1792
1792
1792
1792
1792
1792
1792
1792
1792
1792
1792
1792
1792
1792
1792
1792
1792
1792
1792
1792
1792
1792
1792
1792
1792
1792
1792
1792
1792
1792
1792
1792
1792
1792
1792
1776
1776
1776
1776
1776
1776
1776
1776
1776
1776
1776
1776
1776
1776
1776
1776
1776
1776
1776
1776
1776
1776
1776
1776
1776
1776
1776
1776
1776
1776
1776
1776
1776
1776
1776
1776
1776
1776
1776
1776
1776
1776
1776
1776
1776
1776
1776
1776
1776
1776
1776
1776
1776
1776
1776
1776
1776
1776
1776
1776
1776
1776
1776
1776
1776
1776
1776
1776
1776
1776
1776
1776
1776
1776
1776
1776
1776
1776
1776
1776
1776
1776
1776
1776
1776
1776
1733
1733
1733
1733
1733
1733
1733
1733
1733
1733
1733
1733
1733
1733
1733
1733
1733
1733
1733
1733
1733
1733
1733
1733
1733
1733
1733
1733
1733
1733
1733
1733
1733
1733
1733
1733
1733
1733
1733
1733
1733
1733
1733
1733
1733
1733
1733
1733
1733
1733
1733
1733
1733
1733
1733
1733
1733
1733
1733
1733
1733
1733
1733
1733
1733
1733
1733
1733
1733
1733
1733
1733
1733
1733
1733
1733
1733
1733
1733
1733
1733
1733
1733
1733
1733
1733
1733
1733
1733
1733
1733
1733
1733
1733
1733
1706
1706
1706
1706
1706
1706
1706
1706
1706
1706
1706
1706
1706
1706
1706
1706
1706
1706
1706
1706
1706
1706
1706
1706
1706
1706
1706
1706
1706
1706
1706
1706
1706
1706
1706
1706
1706
1706
1706
1706
1706
1706
1706
1706
1706
1706
1706
1706
1706
1706
1706
1706
1706
1706
1706
1706
1706
1706
1706
1706
1706
1706
1706
1706
1706
1706
1706
1706
1706
1706
1706
1706
1706
1706
1706
1706
1706
1706
1706
1706
1706
1706
1706
1706
1706
1706
1706
1706
1706
1706
1323
1323
1323
1323
1323
1323
1323
1323
1323
1323
1323
1323
1323
1323
1323
1323
1323
1323
1323
1323
1323
1323
1323
1323
1323
1323
1323
1323
1323
1323
1323
1323
1323
1323
1323
1323
1323
1323
1323
1323
1323
1323
1323
1323
1323
1323
1323
1323
1323
1323
1323
1323
1323
1323
1323
1323
1323
1323
1323
1323
1323
1323
1323
1323
1323
1323
1323
1323
1323
1323
1323
1323
1323
1323
1323
1323
1323
1323
1323
1323
1323
1323
1323
1169
1169
1169
1169
1169
1169
1169
1169
1169
1169
1169
1169
1169
1169
1169
1169
1169
1169
1169
1169
1169
1169
1169
1169
1169
1169
1169
1169
1169
1169
1169
1169
1169
1169
1169
1169
1169
1169
1169
1169
1169
1169
1169
1169
1169
1169
1169
1169
1169
1169
1169
1169
1169
1169
1169
1169
1169
1169
1169
1169
1169
1169
1169
1169
1169
1169
1169
1169
1169
1169
1169
1169
1169
1169
1169
1169
1169
1169
1169
1169
1169
1169
1169
1169
1169
1169
1169
1169
1169
1169
1169
1169
1169
1169
1169
1169
1169
1169
983
983
983
983
983
983
983
983
983
983
983
983
983
983
983
983
983
983
983
983
983
983
983
983
983
983
983
983
983
983
983
983
983
983
983
983
983
983
983
983
983
983
983
983
983
983
983
983
983
983
983
983
983
983
983
983
983
983
983
902
902
902
902
902
902
902
902
902
902
902
861
861
861
861
861
861
861
861
861
861
861
861
861
861
861
861
861
861
861
861
861
861
861
861
861
861
861
861
861
861
861
861
861
861
861
861
861
861
861
861
861
861
861
861
861
861
861
861
861
861
861
861
861
861
861
861
861
861
861
861
861
861
861
861
861
861
861
861
861
861
861
861
861
861
861
861
861
861
861
861
861
861
861
861
861
861
861
861
861
861
861
861
835
835
835
835
835
835
835
835
835
835
835
835
835
835
835
835
835
835
835
835
835
835
835
835
835
835
835
835
767
767
767
767
767
767
767
767
767
767
767
767
767
767
767
767
767
767
767
767
767
767
767
767
767
767
731
731
731
731
731
731
731
731
731
731
731
731
731
731
731
731
731
731
731
731
731
731
731
731
731
731
731
731
731
731
731
731
731
731
731
731
731
731
731
731
731
731
731
731
731
731
731
731
731
731
731
731
731
731
731
731
731
731
731
731
731
731
731
731
731
731
731
731
731
731
731
731
731
731
731
446
446
446
446
446
446
446
446
446
446
446
446
446
446
446
446
446
446
446
446
446
446
446
446
446
446
446
446
446
446
446
446
446
446
446
446
446
446
446
446
446
446
446
446
446
374
374
374
374
374
374
374
374
374
374
374
374
374
374
374
374
374
374
374
374
374
374
374
374
374
374
374
374
374
374
374
374
374
374
374
374
374
374
374
374
374
374
374
374
374
374
374
374
42
42
42
42
42
42
42
42
42
42
42
42
42
42
42
42
42
42
42
42
42
42
42
42
42
42
42
42
42
42
42
42
42
42
