518
10000
7482
7482
7482
7482
7482
7482
7482
7482
7482
7482
7432
7432
7432
7432
7432
7317
7317
7317
7268
7268
7268
7268
7268
7268
7268
7268
7268
7268
7062
7062
7062
7062
7062
6704
6704
6704
6704
6704
6704
6704
6704
6704
6704
6704
6704
6704
6704
6704
6704
6704
6704
6704
6704
6642
6642
6642
6642
6642
6642
6642
6642
6593
6593
6593
6593
6593
6593
6593
6593
6593
6593
6593
6593
6593
6593
6593
6593
6593
6593
6593
6593
6583
6571
6571
6571
6571
6571
6571
6571
6571
6571
6571
6571
6571
6571
6571
6571
6535
6535
6535
6535
6535
6535
6535
6535
6535
6535
6535
6535
6535
6535
6535
6389
6389
6313
6313
6313
6313
6313
6313
6313
6313
6313
6313
6313
6313
6313
6313
6313
6313
6313
6313
6313
6167
5898
5898
5898
5898
5898
5898
5898
5789
5789
5789
5789
5789
5789
5789
5672
5672
5672
5672
5672
5672
5672
5672
5672
5672
5672
5672
5672
5672
5672
5672
5672
5672
5583
5583
5583
5583
5583
5583
5583
5583
5583
5583
5583
5506
5506
5506
5506
5506
5506
5506
5506
5506
5506
5506
5506
5506
5506
5049
5049
5049
5049
5049
5049
5049
5049
5049
5049
4926
4535
4535
4535
4535
4535
4535
4535
4535
4535
4535
4535
4535
4535
4535
4357
4357
4357
4357
4357
4357
4357
4357
4357
4357
4357
4357
4357
4357
4357
4357
4357
4357
4234
4234
4234
4234
4234
4234
4234
4234
4234
4234
4234
4234
4234
4234
4234
4234
4234
4064
4064
4064
4064
4064
4064
4064
4064
4064
4064
4064
4064
4064
4064
4064
4064
4064
4064
3509
3509
3509
3509
3509
3509
3509
3509
3509
3509
3509
3509
3509
3509
3509
3439
3439
3439
3439
3439
3439
3439
3439
3439
3258
3161
3161
3161
3161
3161
3161
3161
3161
3161
3161
3161
3161
3161
3161
3161
3161
3161
3161
2971
2946
2946
2946
2946
2946
2946
2857
2857
2857
2857
2857
2857
2857
2857
2857
2857
2764
2764
2764
2764
2764
2764
2764
2764
2764
2685
2685
2685
2685
2685
2685
1863
1863
1863
1863
1863
1863
1863
1863
1863
1863
1863
1863
1863
1863
1582
1582
1582
1582
1582
1183
1183
1183
1183
1183
1183
1183
1183
1056
1056
954
954
954
954
954
954
954
954
954
954
954
954
954
954
954
954
954
954
954
901
901
901
901
867
867
867
867
622
622
622
622
622
622
622
622
622
603
603
603
603
603
603
603
506
506
506
506
506
506
506
506
506
506
506
506
506
506
506
506
506
506
506
506
487
487
487
487
487
487
487
487
487
487
487
487
487
487
305
305
305
305
305
305
305
305
305
305
305
305
305
279
279
279
279
279
279
279
279
279
279
279
279
279
279
279
176
176
176
176
176
176
176
176
176
176
136
136
136
136
136
136
136
136
136
136
136
136
136
136
136
136
136
96
96
96
96
96
96
96
96
96
96
96
96
96
