525
10000
2474
2474
2474
2474
2474
2474
2474
2474
2474
2474
2474
2473
2473
2473
2473
2473
2473
2473
2473
2473
2473
2426
2426
2426
2426
2426
2426
2426
2372
2372
2372
2372
2372
2372
2276
2276
2276
2276
2276
2274
2274
2274
2247
2247
2247
2247
2247
2247
2247
2247
2247
2247
2247
2247
2247
2206
2206
2206
2206
2206
2206
2206
2206
2206
2206
2206
2206
2206
2206
2206
2206
2206
2206
2206
2206
2031
2031
2031
2031
2031
1934
1934
1934
1934
1934
1866
1866
1866
1866
1866
1858
1858
1858
1858
1858
1858
1858
1858
1858
1858
1858
1858
1858
1858
1858
1858
1858
1858
1826
1826
1826
1826
1826
1789
1789
1789
1789
1789
1789
1749
1749
1749
1749
1749
1749
1749
1749
1749
1708
1708
1708
1708
1708
1708
1708
1708
1708
1708
1708
1708
1708
1708
1708
1708
1679
1679
1679
1679
1679
1679
1638
1638
1638
1638
1638
1638
1638
1575
1575
1575
1575
1459
1459
1459
1459
1459
1451
1451
1451
1451
1451
1451
1451
1451
1451
1451
1451
1451
1451
1451
1363
1363
1363
1363
1363
1363
1363
1363
1363
1363
1363
1363
1357
1357
1357
1357
1357
1357
1357
1357
1357
1336
1336
1336
1336
1336
1336
1336
1323
1323
1323
1323
1323
1323
1323
1323
1323
1323
1323
1323
1323
1323
1323
1323
1323
1323
1323
1323
1228
1228
1228
1228
1228
1228
1228
1228
1228
1228
1228
1228
1228
1228
1197
1197
1197
1197
1197
1197
1197
1197
1197
1197
1197
1197
1197
1197
1197
1197
1197
1153
1153
1153
1153
1153
1153
1153
1153
1153
1153
1153
1153
1153
1153
1153
1142
1142
1142
1136
1136
1136
1136
1136
1136
1136
1136
1136
1136
1103
1103
1103
1103
1103
1103
1103
1103
1103
1103
1103
1103
1103
1103
1103
1103
1103
1103
1103
1103
1091
1091
1091
1091
1091
1091
1091
1091
1091
1091
1091
1091
1091
1091
1091
1091
1091
1091
1091
1091
1051
1051
1051
1051
1051
1051
1051
1047
1006
1006
1006
1006
1006
1006
1006
1006
1006
1006
1006
1006
1006
1006
1006
1006
945
945
945
945
945
945
945
945
945
876
876
876
876
876
876
876
876
876
876
874
874
874
874
874
874
874
874
874
862
862
862
862
862
862
862
862
862
862
862
862
832
832
832
832
832
832
832
832
832
832
832
742
742
742
742
742
742
742
742
742
742
742
742
742
742
742
742
742
742
742
742
628
628
628
628
628
628
628
628
620
620
620
620
620
620
620
620
620
620
620
620
620
620
620
620
620
620
591
450
450
450
450
450
450
450
450
450
450
450
450
450
450
450
450
450
450
450
450
438
438
438
438
438
430
430
430
430
430
430
430
430
430
430
430
430
430
430
394
394
394
394
394
394
237
237
237
237
237
237
237
237
237
237
237
237
237
221
221
221
221
221
221
221
221
221
221
221
221
221
221
221
221
221
221
