535
10000
2486
2486
2486
2486
2486
2486
2486
2486
2486
2486
2486
2482
2482
2482
2482
2482
2482
2482
2482
2482
2482
2482
2482
2482
2482
2482
2482
2482
2482
2482
2402
2402
2402
2402
2402
2402
2402
2402
2402
2402
2402
2402
2402
2402
2402
2402
2402
2402
2374
2374
2374
2374
2374
2374
2374
2374
2374
2374
2374
2374
2374
2374
2374
2374
2374
2374
2179
2179
2179
2179
2179
2179
2179
2091
2091
2091
2091
2091
2091
2091
2091
2091
2091
2091
2091
2091
2047
2047
2047
2047
2047
2041
2041
2041
2041
2041
2041
2041
2041
2041
2041
2019
2019
2019
2019
2018
2018
2018
2018
2018
2018
2018
2018
2018
1909
1909
1909
1909
1909
1909
1909
1909
1909
1909
1909
1909
1909
1909
1909
1909
1909
1909
1909
1909
1909
1805
1805
1805
1805
1805
1805
1805
1805
1805
1805
1805
1805
1805
1805
1805
1805
1805
1805
1805
1805
1688
1688
1688
1688
1688
1688
1651
1651
1637
1637
1637
1637
1637
1637
1637
1637
1637
1637
1637
1637
1637
1637
1637
1628
1628
1628
1628
1628
1628
1628
1628
1628
1628
1628
1628
1628
1628
1628
1628
1580
1580
1580
1580
1580
1580
1580
1580
1580
1580
1580
1580
1580
1580
1580
1580
1580
1501
1501
1501
1501
1425
1425
1425
1425
1425
1425
1425
1425
1425
1425
1425
1425
1425
1425
1415
1415
1415
1415
1415
1415
1415
1415
1415
1415
1415
1415
1415
1415
1415
1415
1415
1378
1378
1378
1378
1378
1378
1214
1214
1211
1211
1211
1211
1211
1211
1211
1211
1211
1211
1211
1211
1211
1211
1211
1211
1207
1207
1207
1207
1207
1207
1207
1207
1207
1201
1201
1201
1201
1201
1201
1201
1201
1168
1168
1168
1168
1168
1168
1168
1168
1168
1168
1161
1161
1037
1037
1037
1037
1037
1037
1037
1037
1037
1037
1037
1037
1037
1037
1037
1037
1037
1037
941
941
941
941
941
941
941
941
941
941
941
941
941
941
941
924
924
924
909
909
909
909
909
909
909
909
909
909
909
909
909
909
909
878
878
878
878
878
878
878
878
878
878
878
790
790
790
790
790
790
790
790
790
788
788
788
788
788
788
788
788
788
781
781
781
781
781
781
781
781
781
781
781
781
781
741
741
741
741
741
741
741
741
741
741
741
741
741
741
732
732
732
732
732
732
732
732
732
732
732
732
732
732
732
732
732
732
732
732
724
724
724
700
700
700
700
700
700
700
700
700
700
700
700
700
700
700
700
660
660
660
660
660
660
660
660
660
660
660
660
660
660
660
660
660
630
630
630
510
510
510
510
510
510
510
510
510
510
510
494
494
494
473
473
473
473
473
473
355
355
355
318
318
318
318
318
318
318
318
318
318
318
318
311
311
311
311
311
311
311
311
311
311
311
311
311
311
311
311
311
311
122
70
70
70
70
70
70
70
70
70
70
70
70
70
70
70
70
