506
10000
2372
2372
2372
2372
2330
2280
2280
2280
2280
2280
2280
2280
2280
2280
2280
2280
2280
2280
2280
2280
2280
2280
2274
2274
2274
2274
2274
2274
2274
2190
2190
2190
2190
2190
2190
2180
2180
2180
2156
2153
2153
2153
2153
2153
2153
2153
2153
2153
2153
2153
2153
2153
2153
2153
2153
2153
2153
1946
1946
1946
1946
1946
1944
1944
1944
1944
1944
1944
1920
1920
1920
1920
1920
1920
1920
1920
1879
1879
1879
1879
1879
1844
1844
1844
1844
1844
1844
1844
1844
1844
1844
1791
1791
1791
1791
1791
1791
1791
1791
1731
1731
1731
1731
1731
1731
1731
1731
1731
1731
1731
1731
1731
1726
1726
1726
1726
1726
1726
1726
1726
1726
1726
1726
1502
1502
1502
1502
1502
1502
1502
1502
1502
1502
1502
1502
1502
1439
1439
1439
1439
1439
1439
1439
1439
1439
1439
1439
1439
1439
1439
1439
1439
1439
1439
1437
1437
1437
1437
1437
1437
1437
1437
1437
1437
1437
1437
1437
1437
1437
1424
1424
1424
1424
1424
1424
1424
1424
1424
1424
1424
1424
1424
1424
1424
1424
1424
1424
1402
1402
1402
1402
1402
1348
1348
1348
1348
1348
1348
1333
1333
1333
1333
1333
1333
1333
1333
1333
1333
1333
1333
1333
1333
1333
1291
1291
1291
1291
1291
1291
1291
1291
1291
1291
1291
1267
1267
1267
1267
1261
1261
1261
1261
1261
1261
1261
1261
1261
1261
1261
1261
1226
1226
1226
1226
1226
1226
1223
1223
1223
1223
1216
1216
1216
1216
1216
1216
1216
1216
1213
1213
1213
1213
1213
1213
1213
1213
1213
1213
1213
1213
1213
1213
1213
1213
1213
1208
1208
1208
1208
1208
1208
1208
1208
1208
1208
1056
1056
1056
1056
1056
1056
1056
1056
1056
1056
1056
1056
1056
1056
1056
1056
1053
1053
1053
1053
1053
1053
1009
1009
1009
1009
974
974
974
974
974
974
974
974
837
827
827
827
827
827
827
827
827
827
827
814
814
814
814
814
814
814
814
814
779
779
779
779
779
779
779
779
779
779
779
779
779
779
779
779
752
752
752
752
752
752
752
752
752
752
752
752
752
752
752
752
752
752
752
752
475
475
475
475
475
475
475
475
475
392
392
392
392
392
392
392
392
392
392
392
392
392
392
296
296
296
296
296
296
296
296
296
296
296
296
296
211
211
211
211
211
211
211
211
211
211
211
211
211
211
211
211
211
205
205
205
205
205
205
205
205
205
205
205
205
205
152
152
152
152
152
152
152
152
152
152
152
152
152
152
152
152
152
152
152
117
117
117
117
117
117
117
69
69
69
69
69
45
45
45
45
45
45
45
45
45
45
45
45
45
45
45
45
45
42
42
42
42
42
42
42
42
42
42
42
42
42
42
42
42
42
