2444
10000
9983
9983
9983
9983
9983
9983
9983
9983
9983
9983
9983
9983
9983
9983
9983
9983
9983
9983
9983
9983
9983
9983
9983
9983
9983
9983
9983
9983
9983
9983
9983
9983
9983
9983
9983
9983
9983
9802
9802
9802
9802
9802
9802
9802
9802
9802
9802
9802
9802
9802
9802
9802
9802
9802
9802
9802
9802
9802
9802
9802
9802
9802
9802
9802
9802
9802
9802
9802
9802
9802
9802
9664
9664
9664
9664
9664
9664
9664
9664
9664
9664
9664
9664
9664
9664
9664
9664
9664
9664
9664
9664
9664
9664
9664
9664
9664
9664
9664
9664
9664
9664
9664
9664
9664
9664
9664
9664
9664
9664
9664
9664
9664
9664
9664
9664
9664
9664
9664
9664
9664
9664
9664
9360
9360
9360
9360
9360
9360
9360
9360
9360
9360
9360
9360
9360
9360
9360
9360
9360
9360
9360
9360
9360
9360
9360
9360
9360
9360
9360
9360
9360
9360
9360
9360
9360
9360
9360
9360
9360
9360
9360
9360
9360
9360
9360
9360
9360
9360
9360
9360
9360
9360
9360
9360
9360
9360
9360
9360
9360
9360
9360
9360
9360
9360
9360
9360
9360
9360
9360
9360
9360
9360
9360
9360
9360
9360
9360
9360
9360
9360
9360
9360
9360
9360
9360
9360
9360
9360
9360
9246
9246
9246
9246
9246
9246
9246
9246
9246
9246
9246
9246
9246
9246
9246
9246
9246
9246
9246
9246
9246
9246
9246
9246
9246
9246
9246
9246
9246
9246
9246
9246
9246
9246
9246
9246
9246
9246
9246
9246
9246
9246
9246
9246
9246
9246
9246
9246
9246
9246
9246
9246
9246
9246
9246
9246
9246
9246
9246
9246
9246
9246
9246
9246
9246
9246
9246
9246
9246
9246
9246
9246
9246
9246
9246
9246
9246
9246
9246
9246
9246
9243
9243
9243
9243
9243
9243
9243
9243
9243
9243
9243
9243
9243
9243
9243
9243
9243
9243
9243
9243
9243
9243
9243
9243
9243
9243
9243
9243
9243
9243
9243
9243
9243
9243
9243
9243
9243
9243
9243
9243
9243
9024
9024
9024
9024
9024
9024
9024
9024
9024
9024
9024
9024
9024
9024
9024
9024
9024
9024
9024
9024
9024
9024
9024
9024
9024
9024
9024
9024
9024
9024
9024
9024
9024
9024
9024
9024
9024
9024
9024
9024
9024
9024
9024
9024
9024
9024
9024
9024
9024
9024
9024
9024
9024
9024
9024
9024
9024
9024
9024
9024
9024
9024
9024
9024
9024
9024
9024
9024
9024
9024
9024
9024
9024
9024
9024
9024
9024
9024
9024
9024
9024
9024
9024
8904
8904
8904
8904
8904
8904
8904
8904
8904
8904
8904
8904
8904
8904
8904
8904
8904
8904
8904
8904
8904
8904
8904
8904
8904
8904
8904
8904
8904
8904
8904
8904
8904
8904
8904
8904
8904
8904
8904
8904
8904
8904
8904
8904
8904
8904
8904
8904
8904
8904
8904
8904
8904
8904
8904
8904
8904
8904
8904
8712
8712
8712
8712
8712
8712
8712
8712
8712
8712
8712
8712
8712
8712
8712
8712
8712
8712
8712
8712
8712
8712
8712
8712
8712
8712
8712
8712
8712
8712
8712
8712
8712
8712
8712
8712
8712
8712
8712
8712
8712
8712
8712
8712
8712
8712
8712
8712
8712
8712
8712
8712
8712
8712
8712
8712
8712
8712
8712
8712
8712
8712
8712
8712
8712
8712
8712
8709
8709
8709
8709
8709
8709
8709
8709
8709
8709
8709
8709
8709
8709
8709
8709
8709
8709
8709
8709
8709
8709
8709
8709
8709
8709
8709
8709
8709
8709
8709
8709
8709
8709
8709
8709
8709
8709
8709
8709
8709
8709
8709
8709
8709
8709
8709
8709
8709
8709
8709
8709
8709
8709
8709
8709
8709
8709
8709
8709
8709
8709
8709
8709
8709
8709
8709
8709
8709
8709
8709
8709
8709
8709
8709
8709
8709
8709
8709
8709
8696
8696
8696
8696
8696
8696
8696
8696
8696
8696
8696
8446
8446
8446
8446
8446
8446
8446
8446
8446
8446
8446
8446
8446
8446
8446
8446
8446
8446
8446
8446
8446
8446
8446
8446
8446
8446
8446
8446
8446
8446
8446
8446
8446
8446
8446
8446
8446
8446
8446
8446
8446
8446
8446
8446
8446
8446
8446
8446
8446
8446
8446
8446
8446
8446
8446
8446
8446
8446
8446
8446
8446
8446
8446
8446
8446
8446
8446
8446
8446
8446
8446
8446
8446
8446
8446
8446
8446
8446
8446
8446
8446
8446
8446
8446
8446
8446
8446
8428
8428
8428
8428
8428
8428
8428
8136
8136
8136
8136
8136
8136
8136
8136
8136
8091
8091
8091
8091
8091
8091
8091
8091
8091
8091
8091
8091
8091
8091
8091
8091
8091
8091
8091
8091
8091
8091
8091
8091
8091
8091
8091
8091
8091
8091
8091
8091
8091
8091
8091
8091
8091
8091
8091
8091
8091
8091
8091
8091
8091
8091
8091
8091
8091
8091
8091
8091
8091
8091
8091
8091
8091
8091
8091
8091
8091
8091
8091
8091
8091
8091
8091
8091
8091
8091
8091
8091
8091
8091
8091
8091
8091
8091
8091
8015
8015
8015
8015
8015
8015
8015
8015
8015
8015
8015
8015
8015
8015
8015
8015
8015
8015
8015
8015
8015
8015
8015
8015
8015
8015
8015
8015
8015
8015
8015
8015
8015
8015
8015
8015
8015
8015
8015
8015
8015
8015
8015
8015
8015
8015
8015
8015
8015
8015
8015
8015
8015
8015
8015
8015
8015
8015
8015
8015
8015
8015
8015
8015
8004
8004
8004
8004
8004
7260
7260
7260
7260
7260
7260
7260
7260
7260
7260
7260
7260
7260
7260
7260
7260
7222
7222
7222
7222
7222
7222
7222
7222
7222
7222
7222
7222
7222
7222
7222
7222
7222
7222
7222
7222
7222
7222
7222
7222
7222
7222
7222
7222
7222
7222
7222
7222
7222
7222
7222
7222
7209
7209
7209
7209
7209
7209
7209
7209
7209
7209
7209
7209
7209
7209
7209
7209
7209
7209
7209
7209
7209
7209
7209
7209
7209
7209
7209
7209
7209
7209
7209
7209
7209
7209
7209
7209
7209
7209
7209
7209
7209
7209
7209
7209
7209
7209
7209
7209
7209
7209
7209
7209
7209
7209
7209
7209
7209
7209
7209
7209
7209
7209
7209
7209
7209
7209
7209
7209
7209
7209
7209
7209
7209
7209
7209
7209
7209
7209
7209
7209
7209
7209
7209
7209
7209
7209
7209
7209
7209
7209
7209
7209
7209
7140
7140
7140
7140
7140
7140
7140
7140
7140
7140
7140
7140
7140
7140
7140
7140
7140
7140
7140
7140
7140
7140
7140
7140
7140
7140
7140
7140
7140
7140
7140
6935
6935
6935
6935
6935
6935
6935
6935
6935
6935
6935
6935
6935
6935
6935
6935
6935
6935
6935
6935
6935
6935
6935
6935
6935
6935
6935
6935
6935
6935
6935
6935
6935
6935
6935
6935
6935
6935
6935
6935
6935
6935
6935
6935
6935
6935
6935
6935
6935
6935
6935
6935
6935
6935
6935
6935
6935
6935
6935
6935
6935
6935
6935
6935
6935
6935
6666
6666
6666
6666
6666
6666
6666
6666
6666
6666
6666
6666
6666
6666
6666
6666
6666
6666
6666
6666
6666
6666
6666
6666
6666
6666
6666
6666
6666
6666
6666
6666
6666
6666
6666
6666
6666
6666
6666
6666
6666
6666
6666
6666
6666
6666
6666
6666
6666
6666
6666
6666
6666
6666
6666
6516
6516
6516
6516
6516
6516
6516
6516
6516
6516
6516
6516
6516
6516
6516
6516
6516
6516
6516
6516
6516
6516
6516
6516
6516
6516
6516
6287
6287
6287
6287
6287
6287
6287
6287
6287
6287
6287
6287
6287
6287
6287
6287
6287
6287
6287
6287
6287
6287
6287
6287
6287
6287
6287
6287
6287
6287
6287
6287
6287
6287
6287
6287
6132
6132
6132
6132
6132
6132
6132
6132
6132
6132
6132
6132
6132
6132
6132
6132
6132
6132
6132
6132
6132
6132
6132
6132
6132
6132
6132
6132
6132
6132
6132
6132
6132
5955
5955
5955
5955
5955
5955
5955
5955
5955
5955
5955
5955
5955
5955
5955
5955
5955
5955
5955
5955
5955
5955
5955
5955
5955
5955
5955
5955
5955
5955
5955
5934
5934
5934
5934
5934
5934
5934
5934
5934
5934
5934
5934
5934
5934
5934
5934
5934
5934
5934
5934
5934
5934
5934
5934
5934
5934
5934
5934
5934
5934
5934
5934
5934
5934
5934
5934
5934
5934
5934
5934
5934
5934
5934
5934
5934
5934
5934
5934
5934
5934
5934
5934
5934
5934
5934
5934
5934
5934
5934
5934
5934
5934
5934
5934
5934
5934
5720
5720
5720
5720
5720
5664
5664
5664
5664
5664
5664
5664
5664
5664
5664
5664
5664
5664
5664
5664
5664
5664
5664
5664
5664
5664
5664
5664
5664
5664
5664
5664
5664
5664
5664
5664
5664
5664
5664
5664
5407
5407
5407
5407
5407
5407
5407
5407
5407
5407
5407
5407
5407
5407
5407
5407
5407
5407
5407
5407
5407
5407
5407
5407
5407
5407
5407
5407
5407
5407
5407
5407
5407
5407
5407
5407
5407
5407
5407
5407
5407
5407
5407
5407
5407
5407
5407
5407
5407
5407
5407
5407
5407
5407
5407
5407
5407
5407
5407
5407
5407
5407
5407
5407
5407
5407
5407
5407
5407
5407
5407
5407
5407
5407
5407
5407
5407
5407
5407
5407
5407
5407
5288
5288
5288
5288
5288
5288
5288
5288
5288
5288
5288
5288
5288
5288
5288
5288
5288
5288
5288
5288
5288
5288
5288
5288
5288
5288
5288
5288
5288
5288
5288
5288
5288
5288
5288
5288
5288
5288
5204
5204
5204
5204
5204
5204
5204
5204
5204
5204
5204
5204
5204
5204
5204
5204
5204
5204
5204
5204
5204
5204
5204
5204
5204
5204
5204
5204
5204
5204
5204
5204
5204
5204
5204
5204
5204
5204
5204
5204
5204
5204
5204
5204
5204
5204
5204
5204
5204
5204
5204
5204
5204
5204
5204
5204
5204
5204
5204
4476
4476
4476
4476
4476
4476
4476
4476
4476
4476
4476
4476
4476
4476
4476
4476
4476
4476
4476
4476
4476
4476
4476
4476
4476
4476
4476
4476
4476
4476
4476
4476
4476
4476
4476
4476
4476
4476
4476
4476
4476
4403
4403
4403
4403
4403
4403
4403
4403
4403
4403
4403
4403
4403
4403
4403
4403
4403
4403
4403
4403
4403
4403
4403
4403
4403
4403
4403
4403
4403
4403
4403
4403
4403
4403
4403
4403
4403
4403
4403
4403
4403
4403
4403
4403
4403
4403
4403
4403
4403
4403
4403
4403
4403
4403
4403
4403
4403
4403
4403
4403
4403
4403
4403
4403
4403
4403
4403
4403
4403
4403
4403
4403
4146
4146
4146
4146
4146
4146
4146
4146
4146
4146
4146
4146
4146
4146
4146
4146
4146
4146
4146
4146
4146
4146
4146
4146
4146
4146
4146
4146
4146
4146
4146
4146
4146
4146
4146
4146
4146
4146
4146
4146
4146
4146
4146
4146
4146
4146
4146
4146
4146
4146
4146
4146
4146
4146
4146
4146
4146
4146
4146
4146
4146
4146
4146
4146
4146
4146
4146
4146
4146
4146
4146
4146
4146
4146
4146
4146
4146
4146
4146
4146
4146
4146
4146
4146
4146
4146
4146
4146
4146
4146
4146
4146
4146
4146
4146
4146
4146
4146
4032
4032
4032
4032
4032
4032
4032
4032
4032
4032
4032
4032
4032
4032
4032
4032
4032
4032
4032
4032
4032
4032
4032
4032
4032
4032
4032
4032
4032
4032
4032
4032
4032
4032
4032
4032
4032
4032
4032
4032
4032
4032
4032
4032
4032
4032
4032
4032
4032
4032
4032
4032
4032
4032
4032
4032
4032
3785
3785
3785
3785
3785
3785
3785
3785
3785
3717
3717
3717
3717
3717
3717
3717
3717
3717
3717
3717
3717
3717
3717
3717
3717
3717
3717
3717
3717
3717
3717
3717
3717
3717
3717
3717
3717
3717
3717
3717
3717
3717
3717
3717
3717
3717
3717
3717
3717
3717
3717
3717
3717
3717
3717
3717
3717
3717
3717
3717
3717
3717
3717
3717
3717
3717
3717
3717
3717
3717
3717
3717
3717
3717
3717
3717
3717
3717
3717
3717
3717
3717
3717
3717
3717
3717
3717
3717
3717
3717
3717
3717
3717
3717
3276
3276
3276
3276
3276
3276
3276
3276
3276
3276
3276
3276
3276
3276
3276
3276
3276
3276
3276
3276
3276
3276
3276
3276
2791
2791
2791
2791
2791
2791
2791
2791
2791
2791
2791
2791
2791
2791
2791
2791
2791
2791
2791
2791
2791
2791
2791
2791
2791
2791
2791
2791
2791
2791
2791
2791
2791
2791
2791
2791
2791
2791
2791
2791
2791
2791
2791
2791
2791
2791
2791
2791
2791
2791
2791
2791
2791
2791
2791
2791
2791
2791
2791
2791
2718
2718
2718
2718
2718
2718
2718
2718
2718
2718
2718
2718
2718
2718
2718
2718
2718
2718
2718
2718
2718
2718
2718
2718
2718
2718
2718
2718
2718
2718
2718
2718
2718
2718
2718
2718
2718
2718
2718
2718
2718
2718
2718
2718
2718
2718
2718
2718
2718
2718
2718
2718
2718
2718
2718
2718
2718
2718
2718
2718
2718
2718
2718
2718
2718
2718
2718
2718
2606
2330
2330
2330
2330
2330
2330
2330
2330
2330
2330
2330
2330
2330
2330
2330
2330
2330
2330
2330
2330
2330
2330
2330
2330
2330
2330
2330
2330
2330
2330
2330
2330
2330
2330
2210
2210
2210
2210
2210
2210
2210
2210
2210
2210
2210
2210
2210
2210
2210
2210
2210
2210
2210
2210
2210
2210
2210
2210
2210
2210
1337
1337
1337
1337
1337
1337
1337
1337
1337
1337
1337
1337
1337
1337
1337
1337
1337
1337
1337
1337
1337
1337
1337
1337
1337
1337
1337
880
880
880
880
880
880
880
880
880
880
880
880
880
880
880
880
880
880
880
880
880
880
880
880
880
880
880
880
880
880
880
880
880
880
880
880
880
880
880
880
880
880
880
880
880
880
880
880
880
880
880
880
880
880
880
880
880
880
880
880
880
880
880
880
880
880
880
880
880
880
880
880
880
880
880
880
880
880
880
880
880
880
880
880
880
880
880
880
880
880
880
880
880
880
880
848
848
848
848
848
848
848
848
848
848
848
848
848
848
848
848
848
848
848
848
848
848
848
848
848
848
848
848
848
848
848
848
848
848
848
848
848
848
848
848
848
848
848
848
848
848
848
848
848
848
848
848
848
848
848
848
848
848
848
848
848
848
848
848
848
848
848
848
848
848
848
848
847
847
847
847
847
847
847
847
847
847
847
847
847
847
847
847
847
847
847
847
847
847
847
847
847
847
847
847
847
847
847
847
847
847
847
847
847
847
847
847
847
847
847
847
847
847
847
847
847
847
847
847
847
847
847
847
847
847
847
847
847
847
847
847
847
847
847
847
847
847
847
847
544
544
544
544
544
544
544
544
544
544
544
544
