507
10000
4905
4892
4892
4892
4892
4892
4892
4892
4892
4892
4892
4892
4892
4892
4892
4788
4788
4788
4788
4788
4788
4764
4764
4764
4764
4764
4764
4764
4764
4680
4628
4628
4628
4628
4628
4628
4628
4628
4628
4628
4628
4628
4628
4628
4446
4446
4446
4446
4446
4409
4409
4383
4383
4383
4383
4383
4383
4375
4375
4375
4375
4375
4375
4375
4375
4375
4375
4375
4375
4375
4375
4375
4375
4375
4375
4375
4283
4200
4200
4200
4200
4200
4181
4181
4181
4181
4181
4181
4181
4181
4181
4181
4181
4181
4181
4181
4181
4181
4181
4181
4181
4181
4148
4148
4148
4148
4063
4063
4063
4063
4063
4063
4063
4063
4063
4063
4063
4063
4063
4063
4063
4046
4046
4046
4046
4046
4046
4046
4044
4044
4044
4044
4044
4044
4044
4044
4044
4044
4044
4044
4044
4044
4044
4044
4044
4044
4024
4024
4024
4024
4024
4024
4024
4024
4024
4024
4024
4003
4003
4003
4003
4003
4003
4003
4003
4003
4003
4003
4003
4003
4003
4003
3964
3964
3964
3851
3851
3851
3851
3851
3795
3795
3795
3795
3795
3795
3795
3576
3576
3576
3576
3576
3576
3575
3575
3575
3575
3575
3575
3575
3575
3575
3575
3386
3386
3348
3348
3348
3348
3348
3348
3348
3284
3284
3284
3284
3284
3284
3284
3284
3284
3284
2779
2779
2779
2779
2779
2779
2779
2779
2779
2779
2779
2779
2779
2779
2779
2779
2750
2750
2750
2750
2750
2750
2750
2750
2566
2566
2566
2566
2566
2566
2566
2566
2502
2502
2502
2486
2486
2486
2486
2486
2486
2486
2486
2486
2486
2486
2486
2486
2486
2486
2486
2486
2486
2486
2486
2476
2476
2476
2476
2476
2476
2476
2476
2476
2476
2476
2476
2476
2476
2476
2476
1925
1925
1855
1855
1855
1855
1855
1855
1842
1842
1842
1842
1842
1842
1842
1842
1842
1842
1842
1842
1842
1842
1842
1842
1814
1814
1814
1814
1646
1646
1646
1646
1646
1646
1646
1646
1646
1646
1646
1646
1646
1609
1609
1609
1609
1609
1609
1609
1609
1609
1609
1609
1609
1609
1609
1609
1609
1533
1533
1533
1533
1533
1533
1533
1533
1533
1494
1494
1494
1494
1494
1494
1494
1494
1494
1494
1494
1494
1494
1494
1494
1494
1494
1494
1494
1494
1450
1450
1450
1450
1450
1450
1450
1450
1450
1450
1450
1450
1450
1450
1450
1450
1450
1450
1450
1335
1335
1335
1335
1335
1335
1335
1335
1335
1335
1335
1335
1335
1335
1335
1335
1335
1335
1335
1335
1074
1074
1074
1074
1074
1074
1074
1074
1074
1074
1074
1074
1074
945
945
945
945
945
945
945
911
911
911
498
498
498
498
498
498
498
498
498
498
498
498
498
498
498
498
498
498
463
463
463
463
463
463
463
463
463
463
463
463
463
463
463
463
463
463
448
448
448
448
448
448
448
448
448
448
448
448
448
448
448
448
448
448
448
437
437
437
437
437
437
437
437
437
437
437
