2564
10000
7109
7109
7109
7109
7109
7109
7109
7109
7109
7109
7109
7109
7109
7109
7109
7109
7109
7109
7109
7109
7109
7109
7109
7109
7109
7109
7109
7109
7109
7109
7109
7109
7109
7109
7109
7109
7109
7109
7109
7109
7109
7109
7109
7108
7108
7108
7108
7108
7108
7108
7108
7108
7108
7108
7108
7108
7108
7108
7108
7108
7108
7108
7108
7108
7108
7108
7108
7108
7108
7108
7108
7108
7108
7108
7108
7108
7108
7108
7108
7108
7108
7108
7108
7108
7108
7108
7108
7108
7108
7108
7108
7108
7010
7010
7010
7010
7010
7010
7010
7010
7010
7010
7010
7010
7010
7010
7010
7010
7010
7010
7010
7010
7010
7010
7010
7010
7010
7010
7010
7010
7010
7010
7010
7010
7010
7010
7010
7010
7010
7010
7010
7010
7010
7010
7010
7010
7010
7010
7010
7010
7010
7010
7010
7010
7010
7010
7010
7010
7010
6722
6722
6722
6722
6722
6722
6722
6722
6722
6722
6722
6722
6722
6722
6722
6722
6722
6722
6722
6722
6722
6722
6722
6722
6722
6722
6722
6722
6722
6722
6722
6722
6722
6722
6722
6722
6722
6722
6722
6722
6722
6722
6722
6722
6722
6722
6722
6722
6722
6722
6722
6722
6722
6722
6722
6722
6722
6722
6722
6722
6722
6722
6722
6722
6722
6722
6722
6722
6722
6722
6722
6722
6722
6722
6722
6722
6722
6722
6722
6722
6722
6722
6722
6722
6722
6722
6722
6722
6693
6693
6693
6693
6693
6693
6693
6693
6693
6693
6693
6693
6693
6693
6693
6693
6693
6693
6693
6693
6693
6693
6693
6693
6693
6693
6693
6693
6693
6693
6693
6693
6693
6693
6693
6693
6693
6693
6693
6693
6693
6693
6693
6516
6516
6516
6516
6516
6516
6516
6516
6516
6516
6516
6516
6083
6083
6083
6083
6083
6083
6083
6083
6083
6083
6083
6083
6083
6083
6083
6083
6083
6083
6083
6083
6083
6083
6083
6083
6083
6083
6083
6083
6083
6083
6083
6083
6083
6083
6083
6083
6083
6083
6083
6083
6083
6083
6083
6083
6083
6083
6083
6083
6083
6083
6083
6083
6083
6083
6083
6083
6083
6083
6083
6083
6083
6083
6083
6083
6083
6083
6020
6020
6020
6020
6020
6020
6020
6020
6020
6020
6020
6020
6020
6020
6020
6020
6020
6020
6020
6020
6020
6020
6020
6020
6020
6020
6020
6020
6020
6020
6020
6020
6020
6020
6020
6020
6020
6020
6020
6020
6020
6020
6020
6020
5970
5970
5970
5970
5970
5970
5970
5970
5970
5970
5970
5970
5970
5970
5970
5970
5970
5970
5970
5970
5970
5970
5970
5970
5970
5970
5970
5970
5970
5970
5970
5970
5970
5970
5970
5970
5970
5970
5970
5970
5970
5970
5970
5970
5970
5970
5970
5970
5970
5970
5970
5970
5970
5970
5970
5970
5970
5970
5970
5970
5970
5970
5970
5699
5699
5699
5699
5699
5699
5699
5699
5699
5699
5699
5699
5699
5699
5699
5699
5699
5699
5699
5699
5699
5699
5699
5699
5699
5699
5699
5699
5699
5699
5699
5699
5699
5699
5699
5699
5699
5699
5699
5699
5686
5686
5686
5686
5686
5686
5686
5686
5686
5686
5686
5686
5686
5686
5686
5686
5686
5686
5686
5686
5686
5686
5686
5686
5686
5686
5686
5686
5686
5686
5686
5686
5686
5686
5686
5686
5686
5686
5686
5686
5686
5686
5686
5686
5686
5686
5686
5686
5591
5591
5591
5591
5591
5591
5591
5591
5591
5591
5591
5591
5591
5591
5591
5591
5591
5591
5591
5591
5591
5591
5591
5591
5591
5591
5591
5591
5591
5591
5591
5591
5591
5591
5591
5591
5591
5591
5591
5591
5591
5591
5591
5591
5591
5591
5591
5591
5591
5591
5591
5591
5591
5591
5591
5591
5591
5591
5591
5591
5591
5591
5591
5591
5591
5591
5591
5591
5591
5591
5591
5591
5591
5591
5591
5591
5591
5591
5591
5591
5591
5591
5591
5591
5591
5591
5591
5591
5591
5591
5591
5591
5591
5265
5265
5265
5265
5265
5265
5265
5265
5265
5265
5265
5265
5265
5265
5265
5265
5265
5265
5265
5265
5265
5265
5265
5265
5265
5265
5265
5265
5265
5265
5265
5265
5265
5265
5265
5265
5265
5265
5265
5265
5265
5265
5265
5265
5265
5265
5265
5265
5265
5265
5265
5265
5265
5265
5265
5265
5265
5265
5265
5231
5132
5132
5132
5132
5132
5132
5132
5132
5132
5132
5132
5132
5132
5132
5132
5132
5132
5132
5132
5132
5132
5132
5132
5132
5132
5132
5132
5132
5132
5132
5132
5132
5132
5132
5132
5132
5132
5132
5132
5132
5132
5132
5132
5132
5132
5132
5132
5132
5132
5132
5132
5132
5132
5132
5132
5132
5132
5132
5132
5132
5132
5132
5132
5132
5132
5132
5132
5132
5132
5132
5132
5000
5000
5000
5000
5000
5000
5000
5000
5000
5000
5000
5000
5000
5000
5000
5000
5000
5000
5000
4506
4506
4506
4506
4506
4506
4506
4506
4506
4506
4506
4506
4506
4506
4506
4506
4506
4506
4506
4506
4506
4506
4506
4506
4506
4506
4506
4506
4506
4506
4506
4506
4506
4506
4506
4506
4506
4506
4506
4506
4506
4506
4506
4506
4506
4506
4506
4506
4506
4506
4506
4458
4458
4458
4458
4458
4458
4458
4458
4458
4458
4458
4458
4458
4458
4458
4458
4458
4458
4458
4458
4458
4458
4458
4458
4458
4458
4458
4458
4458
4458
4458
4458
4458
4458
4458
4458
4458
4458
4458
4458
4458
4458
4458
4458
4458
4458
4458
4458
4458
4458
4458
4458
4458
4458
4458
4458
4458
4458
4458
4458
4458
4458
4458
4455
4455
4455
4455
4455
4455
4455
4455
4455
4455
4455
4455
4455
4455
4455
4455
4455
4455
4455
4455
4455
4455
4455
4455
4455
4455
4455
4455
4455
4455
4455
4455
4455
4455
4455
4455
4455
4455
4455
4455
4455
4455
4455
4455
4455
4455
4455
4455
4455
4455
4455
4455
4455
4455
4455
4455
4455
4455
4455
4455
4455
4455
4455
4455
4455
4455
4455
4455
4455
4455
4455
4455
4455
4455
4416
4416
4416
4416
4416
4416
4416
4416
4416
3739
3739
3739
3739
3739
3739
3739
3739
3739
3739
3739
3739
3739
3739
3739
3739
3739
3739
3739
3739
3739
3739
3739
3739
3739
3739
3739
3739
3739
3739
3739
3739
3739
3739
3739
3739
3739
3739
3739
3739
3739
3739
3739
3739
3739
3739
3739
3739
3739
3739
3739
3739
3739
3739
3739
3739
3739
3739
3739
3739
3739
3739
3739
3739
3739
3705
3705
3705
3705
3705
3705
3705
3705
3705
3705
3705
3705
3705
3705
3705
3705
3705
3705
3705
3705
3705
3705
3705
3705
3705
3705
3583
3583
3583
3583
3583
3583
3583
3583
3553
3553
3553
3553
3553
3553
3553
3553
3553
3553
3553
3553
3553
3553
3553
3553
3553
3553
3553
3553
3553
3553
3553
3553
3553
3553
3553
3553
3553
3553
3553
3553
3553
3553
3553
3553
3553
3553
3553
3553
3553
3553
3553
3553
3553
3553
3553
3553
3553
3553
3553
3553
3553
3553
3553
3553
3553
3553
3553
3553
3553
3553
3553
3553
3553
3553
3553
3553
3553
3553
3553
3553
3553
3553
3553
3553
3553
3553
3553
3553
3553
3553
3553
3553
3553
3350
3350
3350
3350
3350
3350
3350
3350
3350
3350
3350
3350
3350
3350
3350
3350
3350
3350
3350
3350
3350
3350
3350
3350
3350
3350
3350
3350
3350
3350
3350
3350
3350
3350
3350
3350
3350
3350
3350
3350
3350
3350
3350
3350
3350
3350
3350
3350
3350
3350
3350
3350
3350
3350
3350
3350
3350
3350
3350
3350
3350
3350
3350
3350
3350
3350
3350
3350
3350
3350
3350
3350
3350
3350
3350
3350
3350
3350
3350
3350
3350
3350
3350
3350
3350
3350
3350
3217
3217
3217
3217
3217
3137
3137
3137
3137
3137
3137
3137
3137
3137
3137
3137
3137
3137
3137
3137
3137
3137
3137
3137
3137
3137
3137
3137
3137
3137
3137
3137
3137
3137
3137
3137
3137
3137
3137
3137
3137
3137
3137
3137
3137
3137
3137
3137
3137
3137
3137
3137
3137
3137
3137
3137
3137
3137
3137
3137
3137
3137
3137
3137
3137
3137
3137
3137
3137
3137
3137
3137
3137
3137
3137
3137
3137
3137
3137
3137
3137
3137
3137
3137
3137
3137
3137
3137
3137
3137
3137
3137
3137
3137
3137
3137
3137
3137
3107
3107
3107
3107
3107
3107
3107
3107
3107
3107
3107
3107
3107
3107
3107
3107
3107
3107
3107
3107
3107
3107
3098
3098
3098
3098
3098
3098
3098
3098
3098
3098
3098
3098
3098
3098
3098
3098
3098
2994
2994
2994
2994
2994
2994
2994
2994
2994
2994
2994
2994
2994
2994
2994
2994
2994
2994
2994
2994
2994
2994
2994
2994
2994
2994
2994
2994
2994
2994
2994
2994
2994
2994
2994
2994
2994
2994
2994
2994
2994
2994
2994
2994
2994
2994
2994
2994
2994
2994
2994
2994
2994
2994
2994
2994
2994
2994
2967
2967
2967
2967
2967
2967
2967
2967
2967
2967
2967
2967
2967
2967
2967
2967
2967
2967
2967
2967
2967
2967
2967
2967
2967
2967
2967
2967
2967
2967
2967
2967
2967
2967
2967
2967
2967
2967
2967
2967
2967
2967
2967
2807
2807
2807
2807
2807
2807
2807
2807
2807
2807
2807
2807
2807
2807
2807
2807
2807
2807
2807
2807
2807
2807
2807
2807
2807
2807
2807
2807
2807
2807
2807
2807
2807
2807
2807
2807
2807
2807
2807
2807
2807
2807
2807
2807
2807
2398
2398
2398
2398
2398
2398
2398
2398
2398
2398
2398
2398
2398
2398
2398
2398
2398
2398
2398
2398
2398
2398
2398
2398
2398
2398
2398
2398
2373
2373
2373
2373
2368
2368
2368
2368
2368
2368
2368
2368
2368
2368
2368
2368
2368
2368
2368
2368
2368
2368
2368
2368
2368
2368
2368
2368
2368
2368
2368
2368
2368
2368
2368
2368
2368
2368
2368
2368
2368
2368
2368
2368
2368
2368
2368
2368
2368
2368
2368
2368
2368
2368
2368
2368
2368
2368
2368
2368
2368
2368
2368
2368
2368
2368
2368
2368
2368
2368
2368
2368
2368
2368
2368
2368
2368
2368
2368
2368
2368
2368
2368
2368
2368
2368
2368
2368
2341
2341
2341
2341
2341
2341
2341
2341
2341
2341
2341
2341
2341
2341
2341
2341
2341
2341
2341
2341
2341
2341
2341
2341
2341
2341
2341
2341
2341
2341
2341
2341
2341
2341
2341
2341
2341
2341
2341
2341
2341
2341
2341
2341
2341
2341
2341
2341
2341
2341
2341
2341
2341
2341
2341
2341
2341
2341
2341
2341
2341
2341
2341
2341
2341
2341
2341
2341
2335
2335
2335
2335
2335
2335
2335
2335
2335
2335
2335
2335
2335
2335
2335
2335
2335
2335
2335
2335
2335
2335
2335
2335
2335
2335
2335
2335
2335
2335
2335
2335
2335
2335
2335
2335
2335
1963
1963
1963
1963
1963
1963
1963
1963
1963
1963
1963
1963
1963
1963
1963
1963
1963
1963
1963
1963
1963
1963
1963
1963
1963
1963
1963
1963
1963
1963
1963
1963
1963
1963
1963
1963
1963
1963
1963
1963
1963
1963
1963
1963
1963
1963
1963
1963
1963
1963
1963
1963
1874
1874
1874
1874
1874
1874
1874
1874
1874
1874
1874
1874
1874
1874
1874
1874
1874
1874
1874
1874
1874
1874
1874
1874
1874
1874
1874
1874
1874
1874
1874
1874
1874
1874
1874
1874
1874
1874
1874
1874
1874
1874
1874
1874
1874
1874
1874
1874
1874
1874
1874
1874
1874
1874
1874
1874
1874
1874
1874
1874
1874
1874
1874
1874
1874
1874
1874
1874
1874
1874
1874
1874
1874
1874
1874
1874
1874
1874
1874
1874
1874
1874
1874
1874
1874
1874
1874
1874
1874
1874
1874
1874
1874
1874
1874
1770
1770
1770
1770
1770
1770
1770
1770
1770
1770
1770
1770
1770
1770
1770
1770
1770
1770
1770
1770
1770
1770
1770
1770
1770
1770
1770
1770
1770
1770
1770
1770
1770
1770
1770
1770
1770
1770
1770
1770
1770
1770
1770
1770
1770
1770
1770
1770
1770
1770
1770
1770
1770
1770
1770
1770
1770
1770
1770
1770
1770
1770
1770
1770
1770
1770
1770
1770
1770
1770
1770
1770
1407
1407
1407
1407
1407
1407
1407
1407
1407
1407
1407
1407
1407
1407
1407
1407
1407
1407
1407
1407
1407
1407
1407
1407
1407
1407
1407
1407
1407
1407
1407
1407
1407
1407
1407
1407
1407
1407
1407
1407
1407
1407
1407
1407
1407
1407
1407
1407
1407
1407
1407
1407
1407
1407
1407
1407
1407
1407
1407
1407
1407
1407
1407
1407
1407
1407
1407
1407
1407
1407
1407
1407
1407
1407
1407
1407
1407
1407
1407
1407
1407
1407
1407
1407
1407
1407
1407
1407
1407
1407
1170
1170
1170
1170
1170
1170
1170
1170
1170
1170
1170
1170
1170
1170
1170
1170
1170
1170
1170
1170
1170
1170
1170
1170
1170
1170
1170
1170
1170
1170
1170
1170
1170
1170
1170
1170
1170
1170
1170
1170
1170
1170
1170
1170
1170
1170
1170
1170
1170
1170
1170
1170
1170
1170
1170
1170
1170
1170
1170
1170
1170
1170
1170
1170
1170
1170
1170
1170
1170
1170
1170
1170
1170
1170
1170
1170
1170
1170
1062
1062
1062
1062
1062
1062
1062
1062
1062
1062
1062
1062
1062
1062
1062
1062
1062
1062
1062
1062
1062
1062
1062
1062
1062
1062
1062
1062
1062
1062
1062
1062
1062
1062
1062
1062
1062
1062
1062
1062
1062
1062
1062
1062
1062
1062
1062
1062
1062
1062
1062
1062
1062
1062
1062
1062
1062
1062
1062
1062
1062
1062
1062
1062
1062
1062
1062
1062
1062
1013
1013
1013
1013
1013
1013
1013
1013
1013
1013
1013
1013
1013
1013
1013
1013
1013
1013
1013
1013
1013
1013
1013
939
939
939
939
939
939
939
939
939
939
939
939
939
939
939
827
827
827
827
827
827
827
827
827
827
827
827
827
827
827
827
827
827
827
827
827
827
827
827
827
827
827
827
827
827
827
827
827
827
827
827
827
827
827
827
827
827
827
827
827
827
756
756
756
756
756
756
756
756
756
756
756
756
756
756
756
756
756
756
756
756
756
756
756
756
756
756
756
756
756
756
756
756
756
756
756
756
756
756
756
756
756
756
756
756
756
756
756
756
756
756
756
547
547
547
547
547
547
547
547
547
547
547
547
547
547
547
547
547
547
547
547
547
547
547
547
547
547
547
547
547
547
547
547
547
547
547
547
547
547
547
547
547
547
547
547
547
547
547
547
547
547
547
547
547
547
547
547
547
547
547
547
547
547
547
547
547
547
547
547
547
547
547
547
547
547
547
547
547
547
547
547
547
547
547
547
547
547
547
547
547
547
301
301
301
301
301
301
301
301
301
301
301
301
301
301
301
301
301
301
301
301
301
301
301
301
301
301
301
301
301
301
301
301
301
301
301
301
301
301
301
301
301
301
301
301
301
301
301
301
301
301
301
301
301
301
301
301
301
301
301
301
301
301
301
301
301
301
301
301
301
301
301
301
77
77
77
77
77
77
77
77
77
77
77
77
77
77
77
77
77
77
77
77
77
77
77
77
77
77
77
77
77
77
77
77
77
77
77
77
77
77
77
77
77
77
77
