592
10000
9992
9992
9992
9992
9992
9992
9992
9992
9992
9992
9992
9992
9992
9992
9992
9992
9992
9992
9992
9992
9687
9687
9687
9687
9687
9687
9687
9687
9687
9687
9687
9687
9687
9687
9687
9687
9433
9433
9433
9433
9433
9433
9433
9433
9433
9433
9433
9433
9433
9433
9433
9433
9433
9433
9433
9433
9392
9392
9392
9392
9392
9392
9392
9392
9352
9352
9352
9352
9352
9352
9352
9352
9352
9352
9352
9349
9349
9349
9349
9349
9349
9349
9349
9349
9349
9296
9296
9296
9296
9296
9296
9296
9296
9296
9296
9296
9073
9065
9065
9065
9065
9065
9065
9065
9065
9065
9065
9065
9065
9065
9065
9065
9065
9065
9065
8980
8980
8980
8980
8980
8980
8980
8980
8980
8980
8980
8980
8980
8980
8980
8980
8757
8757
8757
8757
8757
8757
8757
8757
8757
8757
8757
8757
8757
8347
8347
8347
8347
8347
8347
8347
8347
8347
8347
8347
8347
8347
8347
8347
7972
7972
7972
7972
7972
7972
7972
7972
7972
7972
7972
7884
7884
7884
7884
7884
7884
7884
7884
7884
7884
7884
7884
7884
7884
7884
7864
7864
7864
7864
7864
7864
7864
7864
7864
7864
7864
7864
7864
7864
7864
7864
7864
7864
7864
7864
7634
7634
7362
7362
7362
7362
7362
7362
7362
7362
7362
7362
7362
7362
7362
7362
7362
7362
7362
7362
7362
6937
6937
6937
6937
6937
6937
6937
6937
6937
6937
6013
6013
6013
6013
6013
6013
6013
6013
6013
6013
6013
6013
5918
5918
5918
5918
5918
5918
5918
5918
5918
5918
5918
5918
5918
5918
5918
5918
5918
5918
5918
5918
5885
5885
5885
5885
5885
5885
5885
5885
5885
5885
5885
5885
5797
5797
5469
5469
5469
5469
5469
5469
5469
5469
5466
5466
5466
5466
5466
5466
5466
5466
5466
5466
5466
5466
5466
5466
5172
5172
5172
5172
5172
5172
5172
5172
5098
5098
5098
5098
5098
5098
5098
5098
5098
5098
5098
5098
5098
5098
5098
5098
4810
4810
4732
4732
4732
4732
4732
4732
4732
4732
4732
4732
4732
4732
4554
4554
4554
4554
3912
3912
3912
3912
3912
3912
3912
3912
3912
3912
3912
3912
3685
3685
3685
3685
3624
3624
3624
3624
3624
3624
3624
3624
3624
3624
3624
3529
3529
3529
3153
3153
3153
3153
3153
3153
3153
3153
3153
3153
3153
3153
3153
3153
3153
3069
3069
3069
2462
2462
2462
2462
2462
2462
2462
2462
2462
2462
2462
2403
2403
2403
2403
2403
2403
2403
2403
2403
2403
2403
2403
2403
2403
2403
2403
2403
2348
2348
1867
1823
1823
1823
1823
1823
1823
1823
1823
1823
1823
1651
1651
1651
1651
1651
1651
1651
1651
1651
1651
1651
1651
1651
1651
1651
1651
1651
1651
1651
1651
1439
1439
1439
1439
1439
1439
1439
1439
1439
1439
1439
1439
1439
1439
1439
1439
1439
1439
1136
1136
1136
1136
1136
1136
1136
1136
1136
1136
1136
1136
1136
1136
1136
1136
1136
1136
1116
1116
1116
1116
1116
1109
1109
1109
1109
1109
1109
1109
1109
1109
1109
1109
1109
1109
826
826
826
826
826
826
826
826
826
826
826
826
826
826
826
826
826
826
624
624
624
624
624
624
624
624
624
624
624
624
624
624
624
624
624
616
616
616
616
616
616
616
616
616
616
616
616
616
560
560
560
560
560
560
560
560
560
560
560
560
560
560
560
560
560
214
214
214
214
214
214
214
214
214
214
214
214
214
214
214
214
214
214
