2533
10000
9985
9985
9985
9985
9985
9985
9985
9985
9985
9985
9860
9860
9860
9860
9860
9860
9860
9860
9860
9860
9860
9860
9860
9860
9860
9860
9860
9860
9860
9860
9860
9860
9860
9848
9848
9848
9848
9848
9848
9848
9848
9848
9848
9848
9848
9848
9848
9848
9848
9848
9848
9848
9848
9848
9848
9589
9589
9589
9589
9589
9589
9589
9589
9589
9589
9589
9589
9589
9589
9589
9589
9589
9589
9589
9589
9589
9589
9589
9589
9589
9589
9589
9589
9589
9589
9589
9589
9589
9589
9589
9589
9589
9589
9589
9589
9589
9589
9589
9589
9589
9589
9589
9589
9589
9589
9589
9589
9589
9589
9589
9589
9589
9589
9589
9589
9589
9589
9589
9589
9589
9589
9589
9142
9142
9142
9142
9142
9142
9142
9142
9142
9142
9142
9142
9142
9142
9142
9142
9142
9142
9142
9142
9142
9142
9142
9142
9142
9142
9142
9142
9142
9142
9142
9142
9142
9142
9142
9142
9142
9142
9142
9142
9142
9142
9142
9142
9142
9142
9142
9142
9142
9142
9142
9142
9142
9142
9142
9142
9142
9142
9142
9142
8570
8570
8570
8570
8570
8570
8570
8570
8570
8570
8570
8570
8570
8570
8570
8570
8570
8570
8570
8570
8570
8570
8570
8570
8570
8570
8570
8570
8570
8570
8570
8570
8570
8570
8570
8570
8570
8570
8570
8570
8570
8570
8570
8570
8570
8570
8570
8570
8570
8570
8570
8570
8570
8570
8570
8570
8570
8570
8570
8570
8570
8570
8570
8570
8570
8570
8570
8570
8570
8570
8570
8570
8570
8570
8570
8570
8570
8570
8570
8570
8570
8570
8570
8570
8570
8197
8197
8197
8197
8197
8197
8197
8197
8197
8197
8197
8197
8197
8197
8197
8197
8197
8197
8197
8197
8197
8197
8197
8197
8197
8197
8197
8197
8197
8197
8197
8197
8197
8197
8197
8197
8197
8197
8197
8197
8197
8197
8197
8197
8197
8197
8197
8197
8197
8197
8197
8197
8197
8197
8197
8197
8197
8197
8197
8197
8197
8197
8197
8197
8197
8197
8197
7897
7897
7897
7897
7897
7897
7897
7897
7897
7897
7897
7897
7897
7897
7897
7897
7897
7897
7897
7897
7897
7897
7897
7897
7897
7897
7897
7897
7897
7897
7897
7897
7897
7897
7897
7897
7897
7897
7897
7897
7897
7897
7897
7897
7897
7897
7897
7897
7897
7897
7897
6979
6979
6979
6979
6979
6979
6979
6979
6979
6979
6979
6979
6979
6979
6979
6979
6979
6979
6979
6979
6979
6979
6979
6979
6979
6979
6979
6979
6979
6979
6979
6979
6979
6979
6979
6979
6979
6979
6979
6979
6979
6979
6979
6979
6979
6979
6979
6979
6979
6979
6979
6979
6979
6979
6979
6979
6979
6979
6979
6979
6979
6979
6979
6979
6979
6979
6979
6979
6979
6979
6979
6856
6856
6856
6856
6856
6856
6856
6856
6856
6856
6856
6856
6856
6856
6856
6856
6856
6856
6856
6856
6856
6856
6856
6856
6856
6856
6856
6856
6856
6856
6856
6856
6856
6856
6856
6856
6856
6856
6856
6856
6856
6856
6856
6856
6856
6856
6856
6856
6856
6856
6856
6856
6856
6856
6856
6856
6856
6856
6704
6665
6665
6665
6665
6665
6665
6665
6665
6665
6665
6665
6665
6665
6665
6665
6665
6665
6665
6665
6665
6665
6665
6665
6665
6665
6665
6665
6665
6665
6526
6506
6506
6506
6506
6506
6506
6506
6506
6506
6506
6506
6506
6506
6506
6506
6506
6506
6506
6506
6506
6506
6506
6506
6506
6506
6506
6506
6506
6506
6506
6506
6506
6506
6506
6506
5655
5655
5655
5655
5655
5655
5655
5655
5655
5655
5655
5655
5655
5655
5655
5655
5655
5655
5655
5655
5655
5655
5655
5655
5655
5593
5593
5593
5593
5593
5593
5593
5593
5593
5593
5593
5593
5593
5593
5593
5593
5593
5593
5593
5593
5593
5593
5593
5593
5593
5593
5593
5593
5593
5593
5593
5593
5593
5593
5593
5593
5593
5593
5593
5593
5593
5593
5593
5593
5593
5593
5593
5593
5593
5593
5593
5593
5593
5593
5593
5593
5593
5593
5593
5593
5593
5593
5593
5593
5593
5593
5593
5593
5593
5593
5593
5593
5593
5593
5593
5593
5423
5423
5423
5423
5423
5423
5423
5423
5423
5423
5423
5423
5423
5423
5423
5423
5423
5423
5423
5423
5423
5423
5423
5423
5423
5423
5423
5423
5423
5423
5423
5423
5423
5423
5423
5423
5423
5423
5423
5410
5410
5410
5410
5410
5410
5410
5410
5410
5410
5410
5410
5410
5410
5410
5410
5410
5410
5410
5410
5410
5410
5410
5410
5410
5410
5410
5410
5410
5410
5410
5410
5410
5410
5410
5410
5410
5410
5410
5410
5410
5410
5410
5410
5410
5410
5410
5410
5410
5410
5410
5410
5410
5410
5410
5410
5410
5410
5410
5410
5410
5410
5410
5410
5410
5410
5410
5410
5410
5410
5410
5410
5410
5410
5410
5410
5410
5410
5410
5410
5410
5410
5410
5410
5410
5410
5410
5410
5370
5370
5370
5370
5370
5370
5370
5370
5370
5370
5370
5370
5370
5370
5370
5370
5370
5370
5370
5370
5370
5370
5370
5370
5370
5370
5370
5370
5370
5370
5370
5370
5370
5370
5370
5370
5370
5356
5356
5356
5356
5356
5356
5356
5356
5356
5356
5356
5356
5356
5356
5136
5136
5136
5136
5136
5136
5136
5136
5136
5136
5136
5136
5136
5136
5136
5136
5136
5136
5136
5136
5136
5136
5136
5136
5136
5136
5136
5136
5136
5016
5016
5016
5016
5016
5016
5016
5016
5016
5016
5016
5016
5016
5016
5016
5016
5016
5016
5016
5016
5016
5016
5016
5016
5016
5016
5016
4961
4961
4961
4961
4961
4961
4961
4961
4961
4961
4961
4961
4961
4961
4961
4961
4961
4961
4961
4961
4961
4961
4961
4961
4961
4961
4961
4961
4961
4961
4961
4961
4961
4961
4961
4961
4961
4961
4961
4961
4961
4961
4961
4961
4961
4961
4961
4961
4961
4961
4961
4961
4961
4961
4961
4961
4961
4961
4961
4961
4961
4961
4961
4961
4961
4703
4703
4703
4703
4703
4703
4703
4703
4703
4703
4703
4703
4703
4703
4703
4703
4703
4703
4703
4703
4703
4703
4703
4703
4703
4703
4703
4703
4703
4703
4703
4703
4703
4703
4703
4703
4703
4703
4703
4703
4703
4703
4703
4703
4703
4703
4703
4703
4703
4703
4703
4703
4703
4703
4703
4703
4703
4703
4703
4703
4703
4703
4703
4703
4703
4703
4703
4703
4703
4703
4703
4703
4703
4703
4476
4476
4476
4476
4476
4476
4476
4476
4476
4476
4476
4476
4476
4476
4476
4476
4476
4476
4476
4476
4476
4476
4476
4476
4476
4476
4476
4476
4476
4476
4476
4476
4476
4476
4476
4476
4454
4454
4454
4454
4454
4454
4454
4454
4454
4454
4454
4454
4454
4454
4454
4454
4454
4454
4454
4454
4454
4454
4454
4454
4454
4454
4454
4454
4454
4454
4454
4454
4454
4454
4454
4454
4454
4454
4454
4454
4454
4454
4454
4454
4454
4454
4454
4454
4454
4454
4454
4454
4454
4454
4454
4454
4454
4454
4454
4454
4454
4454
4454
4454
4454
4454
4454
4454
4454
4454
4454
4454
4454
4454
4454
4454
4454
4454
4454
4454
4454
4454
4454
4454
4454
4454
4454
4454
4454
4454
4454
4454
4454
4454
4454
4454
4454
4454
4454
4454
4205
4205
4205
4205
4205
4205
4205
4205
4205
4205
4205
4205
4205
4205
4205
4205
4205
4205
4205
4205
4205
4205
4205
4205
4072
4072
4072
4072
4072
4072
4072
4072
4072
4072
4072
4072
4072
4072
4072
4072
4072
4072
4072
4072
4072
4072
4072
4072
4072
4072
4072
4072
4072
3574
3574
3574
3574
3574
3574
3574
3574
3574
3574
3574
3574
3574
3574
3574
3574
3574
3574
3574
3574
3574
3574
3574
3574
3574
3574
3574
3574
3574
3574
3574
3574
3574
3574
3574
3574
3574
3574
3574
3574
3574
3574
3574
3574
3574
3574
3574
3574
3574
3574
3574
3574
3574
3574
3574
3574
3574
3574
3574
3574
3574
3574
3574
3574
3574
3574
3574
3535
3535
3535
3535
3535
3535
3535
3535
3535
3535
3535
3535
3535
3535
3535
3535
3535
3535
3535
3535
3535
3535
3535
3535
3535
3535
3535
3535
3535
3535
3535
3535
3535
3535
3535
3363
3363
3363
3363
3363
3363
3363
3363
3363
3363
3363
3363
3363
3363
3363
3363
3363
3363
3363
3363
3363
3363
3363
3363
3363
3363
3363
3363
3363
3363
3363
3363
3363
3363
3363
3363
3363
3363
3363
3363
3363
3363
3363
3363
3363
3363
3363
3363
3363
3363
3363
3363
3363
3363
3363
3363
3363
3363
3363
3363
3363
3363
3363
3363
3363
3363
3363
3363
3363
3363
3363
3363
3363
3363
3363
3363
3363
3363
3363
3363
3363
3363
3363
3363
3363
3363
3363
3363
3363
3363
3363
3363
3211
3211
3211
3211
3211
3211
3211
3211
3211
3211
3211
3211
3211
3211
3211
3211
3211
3211
3211
3211
3211
3211
3211
3211
3211
3211
3211
3211
3211
3211
3211
3211
3211
3211
3211
3211
3211
3211
3211
3211
3211
3211
3211
3211
3211
3211
3211
3211
3211
3211
3211
3211
3211
3211
3211
3211
3211
3211
3211
3211
3211
3211
3211
3211
3211
3211
3211
3211
3211
3211
3211
3211
3211
3211
3211
3211
3211
3211
3211
3211
3211
3211
3211
3211
3211
3211
3211
3211
3211
3211
3211
3211
3205
3205
3205
3205
3205
3205
3205
3205
3205
3205
3205
3205
3205
3205
3205
3205
3205
3205
3205
3205
3205
3205
3205
3205
3205
3205
3205
3205
3205
3205
3205
3205
3205
3205
3205
3205
3205
3205
3205
3205
3205
3205
3205
3205
3205
3205
3205
3205
3205
3205
3205
3205
3205
3205
3205
3205
3205
3205
3205
3205
3205
3205
3205
3205
3205
3205
3205
3205
3205
3205
3205
3205
3205
3205
3087
3087
3087
3087
3087
3087
3087
3087
3087
3087
3081
3081
3081
3081
3081
3081
3081
3081
3081
3081
3081
3081
3081
3081
3081
3081
3081
3081
3081
3081
3081
3081
3081
3081
3081
3081
3081
3081
3081
3081
3081
3081
3081
3081
3081
3081
3081
3081
3081
3081
3081
3081
3081
3081
3081
3081
3081
3081
3081
3081
3081
3081
3081
3081
3081
3081
3081
3081
3081
3081
3081
3081
3081
3081
3081
3081
3081
3081
3081
3081
3081
3081
3081
3078
3078
3078
3078
3078
3078
3078
3078
3078
3078
3078
3078
3078
3078
3078
3078
3078
3078
3078
3078
3078
3078
3078
3078
3078
2752
2752
2752
2752
2752
2752
2752
2752
2752
2752
2752
2752
2752
2752
2752
2752
2752
2752
2752
2752
2752
2752
2752
2752
2752
2752
2752
2752
2752
2752
2752
2752
2752
2752
2752
2752
2752
2752
2752
2752
2752
2752
2752
2752
2752
2752
2752
2752
2752
2752
2752
2752
2752
2752
2752
2752
2752
2752
2752
2752
2752
2752
2752
2752
2752
2752
2752
2752
2752
2752
2752
2752
2752
2752
2752
2752
2752
2752
2711
2711
2711
2711
2711
2711
2711
2711
2711
2711
2711
2711
2711
2711
2711
2711
2711
2711
2711
2711
2711
2711
2711
2711
2711
2711
2711
2711
2711
2711
2711
2711
2711
2711
2711
2711
2711
2711
2711
2711
2711
2711
2711
2711
2711
2711
2711
2711
2711
2711
2711
2711
2711
2711
2711
2711
2711
2711
2711
2711
2711
2711
2711
2711
2711
2711
2711
2711
2711
2711
2711
2711
2180
2180
2180
2180
2180
2180
2180
2180
2180
2180
2180
2180
2180
2180
2180
2180
2180
2180
2180
2180
2180
2180
2180
2180
2180
2180
2180
1899
1899
1899
1899
1899
1899
1899
1899
1899
1899
1899
1899
1899
1899
1899
1899
1899
1899
1899
1899
1899
1899
1899
1899
1899
1899
1899
1899
1899
1899
1899
1899
1899
1899
1899
1899
1899
1899
1899
1899
1899
1899
1899
1899
1899
1899
1899
1899
1899
1899
1899
1899
1899
1899
1899
1899
1899
1899
1899
1899
1899
1899
1899
1899
1899
1899
1899
1899
1899
1899
1899
1899
1899
1899
1899
1899
1899
1899
1899
1899
1899
1899
1899
1899
1899
1899
1899
1899
1899
1899
1899
1899
1899
1899
1899
1899
1743
1743
1743
1743
1743
1743
1743
1743
1743
1743
1743
1743
1743
1743
1743
1743
1743
1743
1743
1743
1743
1743
1743
1743
1743
1743
1743
1743
1743
1743
1743
1743
1743
1743
1743
1743
1743
1743
1743
1743
1743
1743
1743
1743
1743
1743
1743
1743
1743
1743
1743
1743
1743
1743
1743
1743
1743
1743
1743
1743
1743
1743
1743
1743
1743
1743
1743
1743
1743
1743
1743
1743
1743
1743
1743
1743
1743
1743
1743
1743
1743
1743
1743
1743
1743
1743
1743
1743
1743
1743
1743
1743
1743
1743
1743
1743
1743
1743
1743
1743
1334
1334
1334
1334
1334
1334
1334
1334
1334
1334
1334
1334
1334
1334
1334
1334
1334
1334
1334
1334
1334
1334
1334
1334
1334
1334
1334
1334
1334
1334
1334
1328
1328
1328
1328
1328
1328
1328
1328
1328
1328
1328
1328
1328
1328
1328
1328
1328
1328
1328
1328
1328
1328
1328
1328
1328
1328
1328
1328
1328
1328
1328
1328
1328
1328
1328
1328
1328
1328
1328
1328
1328
1328
1328
1328
1328
1328
1328
1328
1328
1328
1328
1236
1236
1236
1116
1116
1116
1116
1116
1116
1116
1116
1116
1116
1116
1116
1116
1116
1116
1116
1116
1116
1116
1116
1116
1116
1116
1116
1116
1116
1116
1116
1116
1116
1116
1116
1116
1116
1116
1116
1116
1116
1116
1116
1116
1116
1116
1116
1116
1116
1116
953
953
953
953
953
953
953
953
953
953
953
953
953
953
953
953
953
953
953
953
953
953
953
953
953
953
953
953
953
953
953
953
953
953
953
953
953
953
953
953
953
953
953
953
953
953
953
953
953
953
953
953
953
953
953
953
953
953
953
953
953
953
953
953
953
953
953
953
953
953
953
953
953
953
953
953
953
953
953
953
953
953
953
953
953
953
953
953
953
953
953
953
551
551
551
551
551
551
551
551
551
551
551
551
551
551
551
551
551
551
551
551
551
551
551
551
551
551
551
551
551
551
551
551
551
551
551
551
551
551
551
551
551
551
551
548
548
548
548
548
548
548
548
548
548
548
548
548
548
548
548
548
548
548
548
548
548
548
548
548
548
548
548
548
548
548
548
548
548
548
548
548
548
548
548
548
548
548
548
548
548
548
548
548
548
548
548
548
548
548
548
548
548
548
548
548
548
548
548
548
548
548
548
548
548
548
548
548
548
548
548
440
440
440
440
440
440
91
91
91
91
91
91
91
91
91
91
91
91
91
91
91
91
91
91
91
91
91
91
91
91
91
91
91
91
91
91
91
91
91
91
91
91
91
91
91
91
91
91
91
91
91
91
91
91
91
91
91
91
91
91
91
91
91
91
91
91
91
91
91
91
91
91
91
91
91
91
91
91
91
91
91
91
91
91
91
91
91
91
91
91
91
91
91
91
91
91
91
91
91
91
91
91
91
91
91
91
