548
10000
4974
4974
4974
4974
4974
4974
4974
4974
4974
4974
4974
4974
4974
4974
4974
4974
4974
4974
4974
4974
4931
4931
4931
4931
4931
4931
4931
4931
4931
4931
4931
4931
4931
4931
4931
4931
4931
4925
4925
4925
4925
4925
4925
4925
4925
4925
4925
4839
4839
4839
4839
4839
4839
4839
4839
4839
4747
4747
4747
4747
4747
4747
4747
4747
4747
4747
4747
4747
4747
4747
4747
4747
4720
4720
4720
4720
4720
4720
4720
4720
4720
4638
4638
4633
4633
4633
4633
4633
4633
4633
4633
4633
4633
4515
4515
4515
4515
4515
4515
4515
4515
4515
4515
4515
4515
4515
4515
4509
4509
4509
4509
4489
4489
4489
4489
4489
4489
4489
4489
4489
4489
4489
4489
4489
4489
4489
4489
4489
4489
4489
4462
4462
4462
4462
4462
4462
4462
4462
4462
4462
4462
4462
4269
4269
4269
4269
4269
4269
4269
4269
4269
4269
4269
4269
4269
4269
4269
4269
4269
4269
4177
4177
4177
4177
4177
4177
4045
4045
4045
3794
3794
3794
3794
3794
3794
3794
3794
3671
3671
3671
3671
3671
3671
3671
3671
3671
3671
3671
3671
3627
3627
3627
3627
3627
3627
3627
3627
3627
3627
3627
3627
3627
3627
3599
3599
3599
3599
3599
3599
3599
3492
3492
3492
3492
3492
3492
3492
3492
3492
3492
3492
3492
3492
3492
3492
3492
3492
3492
3492
3379
3379
3379
3379
3379
3379
3379
3379
3379
3379
3379
3379
3379
3379
3193
3193
3193
3193
3193
3193
3193
3193
3193
3193
3193
3193
3193
3193
3193
3193
3183
3183
3183
3183
3183
3183
3183
3183
3183
3183
3183
3183
3183
3183
3183
3183
3108
3108
3108
3108
3108
3108
3108
3108
3108
3108
3108
3108
3108
3108
3108
3070
3070
3070
3070
3070
3070
3070
3070
3070
3070
3054
3054
3054
3054
3054
3054
3054
3054
3054
3054
3054
3054
3054
3054
3054
2992
2992
2992
2992
2992
2992
2992
2992
2992
2992
2992
2992
2992
2992
2992
2992
2992
2992
2992
2992
2972
2879
2879
2879
2879
2879
2879
2879
2879
2879
2879
2745
2745
2745
2745
2745
2745
2745
2745
2745
2745
2745
2745
2745
2745
2745
2745
2745
2745
2745
2745
2225
2225
2225
2225
2225
2225
2066
2066
2066
2066
1805
1805
1805
1805
1805
1805
1805
1805
1805
1805
1596
1596
1596
1596
1596
1596
1460
1460
1460
1460
1460
1460
1460
1295
1295
1295
1295
1295
1276
1276
1276
1276
1276
1276
1276
1276
1276
1100
1100
1100
1100
1100
1100
1100
1100
1100
1100
1100
1100
1100
1100
1097
1097
1097
1095
961
961
916
916
916
916
916
851
851
851
851
851
851
851
851
851
851
851
851
851
851
668
668
668
668
668
668
668
668
668
668
668
668
547
547
547
547
547
547
547
547
540
540
540
540
540
540
540
540
540
540
540
540
540
540
540
420
420
420
420
420
420
420
420
420
420
420
420
420
420
420
420
420
420
420
373
373
373
373
373
373
373
373
373
373
373
373
373
373
373
373
373
373
373
309
309
309
309
309
309
309
309
309
309
309
309
309
309
309
40
40
40
40
40
40
40
40
