530
10000
7407
7407
7407
7407
7372
7372
7372
7372
7372
7372
7372
7372
7372
7372
7372
7372
7372
7194
7194
7194
7194
7194
7194
7194
7194
7194
7194
7194
7194
7194
7194
6887
6887
6887
6887
6887
6887
6887
6887
6887
6887
6887
6887
6887
6887
6887
6887
6887
6887
6887
6887
6854
6854
6854
6854
6854
6854
6854
6854
6854
6854
6854
6854
6854
6854
6854
6854
6839
6669
6669
6669
6669
6669
6669
6669
6669
6669
6669
6452
6452
6452
6452
6452
6452
6452
6452
6452
6452
6452
6290
6290
6290
6290
6290
6290
6290
6290
6290
6290
6290
6290
6290
6290
6290
6264
6264
6264
6264
6264
6264
6264
6264
6264
6264
6264
6264
6264
6264
6147
6147
6147
6147
6147
6147
6147
6147
6147
6147
6147
6147
6147
6147
5763
5763
5763
5763
5763
5763
5763
5763
5763
5763
5763
5739
5739
5739
5739
5597
5597
5597
5597
5597
5597
5391
5391
5391
5391
5391
5391
5391
5391
5391
5391
5391
5391
5391
5391
5391
5279
5279
5279
5279
5279
5279
5279
5279
5279
4821
4821
4821
4821
4821
4821
4821
4821
4821
4821
4821
4821
4821
4821
4790
4790
4790
4790
4790
4790
4790
4790
4790
4790
4790
4790
4790
4714
4714
4714
4714
4714
4714
4714
4714
4714
4714
4714
4714
4714
4714
4701
4701
4699
4699
4699
4699
4699
4699
4699
4699
4699
4699
4699
4699
4699
4699
4699
4699
4498
4498
4498
4498
4498
4188
4188
4183
4183
4183
4155
4155
4155
4155
4155
4155
4155
4155
3805
3805
3805
3805
3805
3805
3805
3805
3805
3805
3805
3805
3805
3805
3805
3805
3805
3805
3805
3794
3794
3794
3794
3794
3794
3794
3794
3794
3794
3794
3794
3794
3794
3794
3794
3794
3794
3776
3776
3776
3776
3776
3776
3776
3776
3776
3776
3776
3776
3776
3711
3623
3538
3538
3538
3538
3538
3538
3538
3538
3472
3472
3472
3450
3450
3450
3450
3450
3450
3450
3450
3450
3450
3450
3372
3372
3372
3372
3372
3372
3372
3372
3372
3372
3372
3372
3045
3045
3045
3045
3045
3045
3045
3045
3045
3045
3045
3045
3045
3045
3045
3006
3006
3006
3006
3006
3006
3006
3006
3006
3006
3006
3006
3006
3006
3006
3006
2548
2548
2548
2548
2548
2548
2548
2548
2548
2548
2548
2548
2548
2548
2548
2548
2375
2375
2042
2042
2042
2042
2042
2042
2042
2042
2042
2042
2042
2042
2042
2042
2028
2028
2028
2028
2028
2028
2028
1984
1984
1984
1984
1984
1984
1984
1984
1984
1984
1984
1984
1984
1984
1984
1984
1984
1984
1846
1846
1846
1846
1846
1846
1846
1846
1846
1846
1846
1846
1846
1846
1660
1660
1660
1660
1660
1660
1660
1604
1604
1604
1604
1604
1575
1575
1575
1575
1575
1575
1575
1575
1575
1486
1486
1486
1486
1486
1486
1486
1486
1486
1486
1486
1486
1486
1486
1420
1420
1420
1420
1420
1420
1420
1420
1420
1420
1420
1420
1420
1420
996
996
996
996
996
996
996
996
996
996
996
996
996
996
996
996
996
996
909
909
909
909
909
909
909
909
909
909
909
909
909
909
99
99
99
99
99
99
99
