504
10000
7460
7460
7460
7460
7366
7366
7366
7366
7366
7366
7366
7366
7366
7334
7334
7334
7334
7334
7334
7334
7334
7334
7334
7334
7334
7334
7334
7334
7334
7105
7105
7105
7105
6990
6990
6990
6990
6990
6990
6990
6990
6990
6990
6990
6990
6990
6990
6990
6990
6990
6990
6806
6806
6806
6806
6806
6806
6806
6806
6764
6764
6764
6764
6734
6734
6734
6734
6734
6734
6734
6459
6459
6459
6459
6459
6459
6459
6459
6401
6401
6401
6401
6401
6401
6398
6398
6398
6398
6398
6398
6398
6398
6398
6310
6310
6310
6310
6310
6310
6310
6310
6310
6310
6310
6310
6310
6310
6310
6310
6310
6310
6310
6310
6237
6237
6237
6237
6237
6237
6237
6237
6237
6237
6237
6237
6237
6237
5871
5871
5871
5871
5215
5215
5215
5215
5215
5215
5215
5215
5215
5215
5215
5215
5215
5215
5215
5153
5153
5153
5153
5153
5153
5153
5153
5153
5008
5008
5008
5008
5008
5008
5008
5008
5008
5008
5008
5008
5008
5008
5008
5008
5008
5008
5008
4983
4983
4948
4948
4948
4948
4948
4862
4862
4862
4862
4862
4862
4862
4862
4862
4862
4862
4862
4862
4862
4862
4767
4767
4767
4767
4767
4767
4767
4767
4767
4767
4767
4767
4767
4767
4767
4744
4744
4744
4744
4744
4744
4744
4744
4744
4333
4333
4333
4333
4333
4333
4333
4333
4333
4304
4034
4034
4034
4034
4034
4034
4034
4034
4034
4034
4034
4034
4034
3997
3997
3997
3997
3997
3997
3997
3997
3997
3997
3997
3997
3997
3997
3997
3997
3997
3997
3997
3994
3994
3994
3994
3994
3994
3994
3994
3994
3994
3994
3994
3994
3994
3994
3994
3994
3994
3994
3994
3278
3278
3278
3278
3278
3278
3278
3278
3278
3278
3278
3167
3167
3167
3167
3167
3167
3167
3149
3149
3149
3149
3149
3149
3149
3149
3149
3149
3149
3149
3149
3149
3149
3149
3149
3149
3149
3149
3055
3055
3055
3055
3055
2942
2942
2942
2942
2942
2942
2942
2942
2942
2942
2942
2942
2942
2942
2942
2942
2942
2775
2645
2645
2645
2645
2645
2645
2645
2645
2164
2164
2164
2164
2164
2164
2142
2142
2142
2142
2142
2142
2142
2142
2142
2142
2142
2142
2142
2142
2142
2134
2115
2115
2115
2115
2115
2115
2115
2115
2095
2095
2095
2095
2095
2095
2095
2095
2095
2095
2095
2095
2095
2095
2095
1723
1723
1723
1723
1723
1723
1723
1723
1723
1723
1723
1723
1723
1170
1170
1170
1170
1170
1170
1170
1170
1170
1170
1170
1170
1170
1170
1170
1170
1170
1170
1170
1170
874
874
874
874
769
769
769
769
769
769
769
769
769
769
769
769
769
769
630
630
630
630
630
630
630
630
630
630
630
630
630
630
630
630
630
463
463
463
463
463
463
463
463
463
463
463
463
443
443
443
443
443
443
443
443
443
443
443
443
443
443
443
443
443
253
253
219
147
73
73
73
73
73
73
73
