2616
10000
7491
7491
7491
7491
7491
7491
7491
7491
7491
7491
7491
7491
7491
7491
7491
7491
7491
7491
7335
7335
7335
7335
7335
7335
7335
7335
7335
7335
7335
7335
7335
7335
7335
7335
7335
7335
7335
7335
7226
7226
7226
7226
7226
7226
7226
7183
7183
7183
7183
7183
7183
7183
7183
7183
7183
7183
7183
7183
7183
7183
7183
7183
7183
7183
7183
7115
7115
7115
7115
7115
7115
7115
7115
7115
7115
7115
7115
7115
7115
7115
7115
7115
7115
7115
7115
7115
7115
7115
7115
7115
7115
7115
7115
7115
7115
7115
7115
7115
7115
7115
7115
7115
7115
7115
7115
7115
7115
7115
7115
7115
7115
7115
7115
7115
7115
7115
7115
7115
7004
7004
7004
7004
7004
7004
7004
7004
7004
7004
7004
6929
6929
6929
6929
6929
6929
6929
6929
6929
6929
6929
6929
6929
6929
6929
6929
6929
6929
6929
6929
6929
6929
6929
6929
6929
6929
6929
6929
6929
6929
6929
6929
6929
6929
6929
6929
6929
6929
6929
6929
6929
6929
6929
6929
6929
6929
6929
6929
6929
6929
6929
6929
6929
6929
6929
6929
6929
6929
6929
6929
6929
6929
6929
6929
6929
6929
6929
6929
6929
6929
6929
6929
6929
6929
6929
6929
6929
6929
6929
6929
6929
6929
6929
6929
6929
6929
6929
6929
6929
6929
6929
6782
6782
6782
6782
6782
6782
6782
6782
6782
6782
6782
6782
6782
6782
6782
6782
6782
6782
6782
6782
6782
6782
6782
6782
6782
6782
6782
6782
6782
6782
6782
6782
6782
6782
6782
6782
6782
6782
6782
6782
6782
6782
6782
6782
6782
6782
6782
6782
6782
6782
6782
6782
6782
6782
6782
6782
6652
6652
6652
6652
6652
6652
6652
6652
6652
6652
6652
6652
6652
6652
6652
6652
6652
6652
6652
6652
6652
6652
6652
6652
6652
6652
6652
6652
6652
6652
6652
6652
6652
6652
6652
6652
6652
6652
6652
6652
6652
6652
6652
6652
6652
6652
6652
6652
6652
6652
6652
6652
6652
6652
6652
6652
6652
6652
6652
6652
6652
6652
6652
6652
6652
6652
6652
6652
6652
6652
6652
6652
6652
6652
6652
6652
6652
6652
6652
6652
6652
6652
6652
6652
6522
6522
6522
6522
6522
6522
6522
6522
6522
6522
6522
6522
6522
6522
6522
6522
6522
6522
6522
6522
6522
6522
6522
6522
6522
6522
6522
6522
6522
6522
6522
6522
6522
6522
6522
6522
6522
6522
6522
6522
6522
6522
6522
6522
6522
6522
6522
6522
6522
6522
6522
6522
6522
6522
6488
6488
6488
6488
6488
6488
6488
6488
6488
6488
6488
6488
6488
6488
6488
6488
6488
6488
6488
6488
6488
6488
6488
6488
6488
6488
6488
6488
6488
6488
6488
6488
6488
6488
6488
6488
6488
6488
6488
6488
6488
6488
6488
6488
6488
6488
6488
6488
6488
6488
6488
6488
6488
6488
6488
6488
6488
6488
6488
6488
6488
6488
6488
6488
6488
6488
6488
6488
6488
6488
6488
6488
6488
6488
6488
6488
6488
6488
6488
6426
6426
6426
6426
6426
6426
6426
6426
6426
6426
6426
6426
6426
6426
6426
6426
6426
6426
6426
6426
6388
6388
6388
6388
6388
6388
6388
6388
6388
6388
6388
6388
6388
6388
6388
6388
6388
6388
6388
6388
6388
6388
6388
6388
6388
6388
6388
6388
6388
6388
6388
6388
6388
6388
6388
6388
6388
6388
6388
6388
6388
6388
6388
6388
6388
6388
6388
6388
6388
6388
6388
6388
6388
6388
6388
6388
6388
6388
6388
6388
6388
6388
6388
6388
6288
6288
6288
6288
6288
6288
6288
6288
6288
6288
6288
6288
6288
6288
6288
6288
6288
6288
6288
6288
6288
6288
6288
6288
6288
6288
6288
6288
6288
6288
6288
6288
6288
6288
6288
6288
6288
6288
6288
6288
6288
6288
6288
6288
6288
6288
6288
6288
6288
6288
6288
6288
6288
6288
6288
6212
6212
6212
6212
6212
6212
6212
6212
6212
6212
6212
6212
6212
6212
6212
6212
6212
6212
6212
6212
6212
6212
6212
6212
6212
6212
6212
6212
6212
6212
6212
6212
6212
6212
6212
6212
6212
6212
6212
6212
6212
6212
6212
6212
6212
6212
6212
6212
6212
6212
6212
6212
6212
6212
6212
6212
6212
6212
6212
6212
6212
6212
6212
6212
6212
6212
6212
6212
6212
6212
6212
6212
6212
6212
6212
6212
6212
6212
6212
6212
6212
6212
6212
6212
6212
6212
6212
6212
6212
6212
6212
6212
6212
6212
6212
6212
6212
6212
6212
6182
6182
6182
6182
6182
6167
6167
6141
6141
6141
6141
6141
6141
6141
6141
6141
6141
6141
6141
6141
6141
6141
6141
6141
6141
6141
6141
6141
6141
6141
6141
6141
6141
6141
6141
6141
6141
6141
6141
6141
6141
6141
6141
6141
6141
6141
6141
6141
6141
6141
6141
6141
6141
6141
6141
6141
6141
6141
6141
6141
6141
6141
6141
6141
6141
6141
6141
6141
6141
6141
6141
6141
6141
6141
6141
6141
6141
6141
6141
6141
6141
6141
6141
6141
6141
6141
6141
6141
6141
6141
6141
6141
5977
5977
5977
5977
5977
5977
5977
5977
5977
5977
5977
5977
5977
5977
5977
5977
5977
5977
5977
5977
5977
5977
5977
5977
5977
5977
5977
5977
5977
5977
5977
5977
5977
5977
5977
5977
5977
5977
5977
5977
5977
5977
5977
5977
5977
5977
5977
5977
5977
5977
5977
5977
5977
5977
5977
5977
5977
5977
5977
5977
5977
5977
5977
5977
5977
5977
5977
5977
5977
5977
5977
5977
5977
5977
5977
5977
5977
5977
5977
5977
5977
5977
5662
5662
5662
5662
5662
5662
5662
5662
5662
5662
5662
5662
5662
5662
5662
5662
5662
5662
5662
5662
5662
5662
5662
5662
5662
5662
5662
5662
5662
5662
5662
5662
5662
5662
5662
5662
5662
5662
5662
5662
5662
5662
5662
5395
5395
5395
5395
5395
5395
5395
5395
5395
5395
5395
5395
5395
5395
5395
5395
5395
5395
5395
5395
5395
5395
5395
5395
5395
5395
5395
5395
5395
5395
5395
5395
5395
5395
5395
5395
5395
5395
5395
5395
5395
5395
5395
5395
5395
5395
5395
5395
5395
5395
5395
5395
5395
5395
5395
5395
5395
5395
5395
5395
5395
5395
5395
5395
5395
5395
5395
5395
5395
5395
5395
5395
5395
5395
5395
5395
5395
5395
5395
5395
5395
5395
5395
5395
5395
5395
5395
5395
5395
5395
5395
5395
5395
5395
5395
5395
5395
5395
5395
5207
5207
5207
5207
5207
5207
5207
5207
5207
5207
5207
5207
5207
5207
5207
5207
5207
5207
5207
5207
5207
5207
5207
5207
5207
5207
5207
5207
5207
5207
5207
5207
5207
5207
5207
5207
5207
5168
5168
5168
5168
5168
5168
5168
5168
5168
5168
5168
5168
5168
5168
5168
5168
5168
5168
5168
5168
5168
5168
5168
5168
5168
5168
5168
5168
5168
5168
5168
5168
5168
5168
5168
5168
5168
5168
5168
5168
5168
5168
5168
5168
5168
5168
5168
5168
5168
5168
5168
5168
5168
5168
5168
5168
5168
5168
5168
5168
5168
5168
5168
5168
5168
5168
5168
5168
5168
5168
5168
5168
5168
5168
5168
5168
5168
5168
5168
5168
5168
5168
5168
5168
5168
5168
5159
5159
5159
5159
5159
5159
5159
5159
5159
5159
5159
5159
5159
5159
5159
5159
5159
5159
5159
5159
5159
5159
5159
5159
5159
5159
5159
5159
5159
5159
5159
5159
5159
5159
5159
5159
5159
5159
5159
5159
5159
5159
5159
5159
5159
5159
5159
5159
5159
5159
5159
5159
5159
5159
5159
5159
5159
5159
5159
5159
5159
5159
5159
5159
5159
5159
5159
5159
5025
5025
5025
5025
5025
5025
5025
5025
5025
5025
5025
5025
5025
5025
5025
5025
5025
5025
5025
5025
5025
5025
4941
4941
4941
4941
4941
4941
4941
4941
4523
4523
4523
4523
4523
4523
4523
4523
4523
4523
4523
4523
4523
4523
4523
4523
4523
4523
4523
4523
4523
4523
4523
4523
4523
4523
4523
4523
4523
4523
4523
4523
4523
4523
4523
4523
4215
4215
4215
4215
4215
4215
4215
4215
4215
4215
4215
4215
4215
4215
4215
4215
4215
4215
4215
4215
4215
4215
4215
4215
4215
4215
4215
4215
4215
4215
4215
4215
4056
4056
4056
4056
4056
4056
4056
4056
4056
4056
4056
4056
4056
4056
4056
4056
4056
4056
4056
4056
4056
4056
4056
4056
4056
4056
4056
4056
4056
4056
4056
4056
4056
4056
4056
4056
4056
4056
4056
4056
4056
4056
4056
4056
4056
4056
4056
4056
4056
4056
4056
4056
4056
4056
4056
4056
4056
4056
4056
4056
4056
4056
4056
4056
4056
4056
4056
4056
4056
4056
4056
4056
4056
4056
4056
4056
4056
4056
4056
4056
4056
4056
4056
4056
4056
4056
4056
4056
4056
4056
3159
3159
3159
3159
3159
3159
3159
3159
3159
3159
3159
3159
3159
3159
3159
3159
3159
3159
3159
3159
3159
3159
3159
3159
3159
3159
3159
3159
3159
3159
3159
3159
3159
3159
3159
3159
3159
3159
3159
3159
3159
3159
3159
3159
3159
3159
3159
3159
3159
3159
3159
3159
3159
3159
3159
3159
3159
3159
3159
3159
3159
3159
3159
3159
3159
3159
3159
3159
3159
3159
3159
3159
3159
3159
3159
3159
3159
3159
2960
2960
2960
2960
2960
2949
2949
2949
2949
2949
2949
2949
2949
2949
2949
2949
2949
2949
2949
2949
2949
2949
2949
2949
2949
2949
2949
2949
2949
2949
2949
2949
2949
2949
2949
2949
2949
2949
2949
2949
2949
2949
2949
2949
2949
2949
2949
2949
2949
2949
2949
2949
2949
2949
2949
2949
2949
2949
2949
2888
2888
2888
2888
2888
2888
2888
2888
2888
2888
2888
2888
2888
2888
2888
2888
2888
2888
2888
2888
2888
2888
2888
2888
2888
2888
2888
2888
2888
2888
2888
2888
2888
2888
2888
2888
2888
2888
2888
2888
2888
2888
2888
2888
2888
2888
2888
2888
2888
2888
2888
2888
2888
2888
2888
2888
2888
2888
2888
2888
2888
2888
2888
2888
2888
2888
2888
2888
2888
2888
2888
2888
2888
2888
2888
2888
2888
2888
2888
2888
2888
2888
2888
2888
2888
2888
2888
2888
2888
2888
2888
2888
2888
2888
2888
2888
2888
2888
2888
2888
2523
2523
2523
2523
2523
2523
2523
2523
2523
2523
2523
2523
2523
2523
2523
2523
2523
2523
2523
2523
2523
2523
2523
2523
2523
2523
2523
2523
2523
2523
2523
2523
2523
2523
2523
2523
2523
2523
2523
2523
2523
2523
2523
2523
2523
2523
2523
2523
2523
2523
2523
2523
2523
2523
2523
2523
2523
2523
2523
2523
2523
2523
2523
2523
2523
2523
2523
2523
2523
2523
2523
2523
2523
2523
2523
2523
2523
2523
2523
2523
2523
2523
2523
2523
2523
2523
2523
2523
2523
2523
2523
2523
2523
2279
2279
2279
2279
2279
2279
2279
2279
2279
2279
2279
2279
2279
2279
2279
2279
2279
2279
2279
2279
2279
2279
2279
2279
2279
2279
2279
2279
2279
2279
2279
2279
2279
2279
2279
2279
2279
2279
2279
2279
2279
2279
2279
2279
2279
2279
2279
2279
2279
2279
2279
2279
2279
2279
2279
2279
2279
2279
2279
2279
2279
2279
2279
2279
2279
2279
2279
2226
2226
2226
2226
2226
2226
2226
2226
2226
2226
2226
2226
2226
2226
2226
2226
2226
2226
2100
2100
2100
2100
2100
2100
2100
2100
2100
2100
2100
2100
2100
2100
2100
2100
2100
2100
2100
2100
2100
2100
2100
2100
2100
2100
2100
2100
2100
2100
2100
2100
2100
2100
2100
2100
2100
2100
2100
2100
2100
2100
2080
2080
2080
2080
2080
2080
2080
2080
2080
2080
2080
2080
2080
2080
2080
1948
1948
1948
1948
1948
1948
1948
1948
1948
1948
1948
1948
1948
1948
1948
1948
1948
1948
1948
1948
1948
1948
1948
1948
1948
1948
1948
1948
1948
1948
1948
1948
1948
1948
1948
1907
1907
1907
1907
1907
1907
1907
1907
1907
1907
1907
1907
1907
1907
1907
1907
1907
1907
1907
1907
1907
1907
1907
1907
1907
1907
1907
1907
1907
1907
1907
1907
1907
1907
1907
1907
1907
1907
1907
1907
1907
1907
1907
1907
1907
1907
1907
1907
1907
1907
1907
1907
1907
1907
1907
1907
1907
1907
1907
1907
1907
1907
1907
1907
1907
1907
1907
1907
1907
1907
1907
1907
1907
1902
1902
1902
1902
1902
1902
1902
1902
1902
1902
1902
1902
1902
1902
1902
1902
1902
1902
1902
1902
1874
1874
1874
1874
1874
1874
1874
1874
1874
1874
1874
1874
1874
1874
1874
1874
1874
1874
1874
1874
1874
1874
1874
1874
1874
1874
1874
1874
1874
1874
1874
1874
1874
1874
1874
1874
1874
1874
1874
1874
1874
1874
1874
1874
1874
1874
1874
1874
1874
1874
1874
1874
1774
1774
1774
1774
1774
1774
1774
1774
1774
1774
1774
1774
1774
1774
1774
1774
1774
1774
1774
1774
1774
1774
1774
1774
1774
1774
1774
1774
1774
1774
1774
1774
1774
1774
1774
1774
1774
1774
1774
1774
1774
1774
1774
1774
1774
1774
1774
1774
1774
1774
1774
1774
1774
1774
1774
1774
1774
1774
1774
1774
1774
1774
1774
1774
1774
1774
1774
1774
1774
1774
1774
1774
1774
1774
1774
1774
1774
1774
1774
1774
1774
1774
1774
1774
1774
1774
1774
1774
1774
1774
1774
1774
1774
1774
1774
1774
1774
1774
1774
1684
1684
1684
1684
1684
1684
1684
1684
1684
1684
1684
1684
1684
1684
1684
1684
1684
1684
1684
1684
1684
1684
1134
1134
1134
1134
1134
1134
1134
1134
1134
1134
1134
1134
1134
1134
1134
1134
1134
1134
1134
1134
1134
1134
1134
1134
1134
1134
1134
1134
1134
1134
1134
1134
1134
1134
1134
1134
1134
1134
1134
1134
1134
1134
1134
1134
1134
1134
1134
1134
1134
1134
1134
1134
1134
1134
1134
1134
1134
1134
1134
1134
1134
1134
1134
1134
1134
1134
1134
1134
1134
1134
1134
1134
1134
1134
1134
1134
1134
1134
1134
1134
1134
1134
1134
1134
1134
1134
1134
1134
788
788
788
788
788
788
788
788
788
788
788
788
788
788
788
788
788
788
788
788
788
788
788
788
788
788
788
788
788
788
788
788
788
788
788
788
788
788
788
788
788
788
788
788
788
788
788
788
788
788
788
788
788
788
788
788
788
788
788
788
788
788
788
788
788
788
788
788
788
788
788
788
788
788
788
788
788
788
788
788
788
788
788
788
788
788
788
788
788
788
788
788
788
704
704
704
704
704
704
704
704
704
704
704
704
704
704
704
704
704
704
704
704
704
704
704
704
704
704
704
704
704
704
704
704
704
704
704
704
704
704
704
704
704
704
704
704
704
704
704
704
704
704
704
704
704
704
704
704
704
704
704
704
704
704
704
704
704
704
704
704
704
704
704
704
704
704
704
704
704
704
704
704
704
704
704
704
704
704
704
704
704
704
704
704
704
704
587
587
587
587
587
587
587
587
587
587
587
587
587
587
587
587
587
587
587
587
587
587
587
587
587
587
587
587
587
587
587
587
587
587
587
587
587
587
587
587
587
587
587
587
587
587
587
587
587
587
587
587
587
587
587
587
587
587
587
587
587
587
587
587
587
587
587
587
190
190
190
190
190
190
190
112
112
112
112
112
112
112
112
112
112
112
112
112
112
112
112
112
112
112
112
112
112
112
112
112
112
112
112
112
112
112
112
112
112
112
112
112
112
112
112
112
112
112
112
112
112
112
112
112
112
112
112
112
112
112
112
112
112
112
112
112
112
112
112
112
112
112
