502
10000
7402
7402
7402
7402
7242
7231
7231
6652
6652
6652
6652
6652
6652
6652
6652
6652
6652
6641
6641
6641
6641
6641
6641
6570
6570
6570
6570
6570
6570
6570
6570
6570
6570
6570
6570
6570
6570
6570
6570
6518
6518
6518
6518
6518
6518
6518
6518
6518
6518
6518
6518
6518
6518
6518
6436
6436
6436
6436
6436
6436
6436
6436
6436
6436
6436
6278
6278
6278
6278
6278
6278
6278
6278
6278
6278
6278
6278
6278
6278
6278
6278
6278
6278
6207
6207
6207
6207
6207
6207
6207
6166
6166
6166
6166
6166
6166
6166
6166
6166
6166
6166
6164
6164
6164
6164
6164
6164
6164
6164
6164
6164
6164
6164
6164
6164
6164
6164
6164
6164
5900
5900
5900
5900
5900
5900
5900
5900
5900
5900
5900
5900
5900
5900
5835
5835
5835
5835
5835
5835
5835
5835
5835
5835
5754
5754
5754
5754
5754
5754
5754
5754
5754
5227
5227
5227
5227
5227
5227
5227
5227
5227
5227
5227
5227
5227
5227
5227
5227
5227
4847
4847
4847
4847
4847
4847
4847
4638
4638
4638
4607
4607
4607
4607
4607
4607
4607
4607
4542
4525
4525
4525
4525
4525
4525
4525
4525
4525
4525
4525
4525
4525
4525
4246
4246
4246
4246
4246
4246
4246
4246
4155
4155
4155
4155
4155
4155
4155
4155
4155
4029
4029
4029
4029
4029
4029
4029
4029
4029
4029
4029
4029
4029
4002
4002
4002
4002
4002
3994
3994
3994
3994
3994
3979
3979
3622
3622
3622
3622
3622
3622
3622
3622
3540
3540
3540
3540
3540
3540
3540
3540
3540
3540
3540
3540
3540
3383
3383
3383
3383
3383
3383
3383
3383
3383
3383
3181
3181
3181
3181
3181
3181
3181
3181
3059
3059
3059
3059
3059
3059
3059
3059
3059
3059
3059
3059
3059
3059
3059
3059
3059
3059
3059
3046
3046
3046
3046
3046
3046
3046
3046
3046
3046
3046
3046
3046
3046
3046
3046
3046
3046
3046
3046
2950
2950
2950
2950
2950
2950
2950
2950
2498
2498
2498
2498
2498
2498
2498
2498
2498
2498
2403
2403
2403
2403
2403
2403
2403
2388
2388
2167
2167
2167
2167
2167
2167
2167
2167
2167
2167
2167
2167
2167
1582
1582
1582
1582
1582
1582
1582
1582
1582
1582
1582
1582
1582
1582
1582
1582
1582
1353
1353
1353
1353
1353
1353
1353
1353
1353
1353
1353
1353
1353
1353
1353
1353
1353
1353
1353
1353
1328
1328
1328
1328
1328
1328
1328
1328
1328
1328
1328
1328
1328
1328
1176
1176
1176
1176
1153
1153
1153
1153
1153
1153
1153
1153
1153
1153
1153
1153
1153
1153
1153
1153
976
976
976
976
976
976
976
976
976
976
976
976
976
842
842
842
842
842
752
752
752
752
752
752
752
752
752
752
752
752
721
721
721
721
721
721
721
598
598
598
598
598
598
598
598
598
598
598
598
598
581
581
581
581
568
568
568
568
568
568
568
568
568
568
568
568
568
568
568
