476
10000
2425
2425
2425
2425
2425
2425
2425
2425
2406
2406
2406
2406
2406
2406
2406
2406
2406
2406
2406
2406
2368
2368
2368
2368
2368
2368
2368
2368
2368
2368
2320
2320
2320
2320
2320
2320
2320
2320
2320
2320
2320
2320
2320
2320
2320
2182
2182
2182
2182
2182
2182
2182
2182
2182
2182
2182
2182
2182
2182
2182
2182
2168
2059
2059
2059
2059
2059
2059
2059
2059
2059
2059
2059
2059
2059
2059
2023
2023
2023
2023
2023
2023
2023
2023
2023
2023
2023
2023
2023
2023
2023
2023
2023
1899
1899
1899
1899
1899
1899
1899
1899
1899
1899
1899
1899
1896
1896
1896
1896
1896
1896
1896
1896
1896
1896
1886
1886
1886
1886
1886
1886
1886
1876
1876
1876
1876
1876
1876
1876
1876
1876
1876
1876
1876
1876
1876
1876
1876
1873
1873
1873
1873
1873
1873
1873
1873
1873
1873
1873
1873
1873
1873
1873
1860
1860
1832
1697
1697
1697
1692
1692
1692
1692
1692
1692
1692
1692
1692
1692
1692
1692
1692
1692
1692
1692
1692
1692
1692
1691
1691
1691
1691
1691
1691
1645
1645
1645
1645
1376
1376
1376
1376
1376
1376
1376
1376
1376
1376
1376
1376
1270
1270
1270
1270
1270
1270
1270
1270
1270
1270
1270
1270
1270
1270
1256
1256
1256
1256
1236
1236
1236
1236
1236
1236
1236
1137
1137
1137
1137
1137
1137
1137
1102
1102
1102
1102
1102
1102
1102
1102
1102
1102
1102
1102
1102
1102
1102
1102
1102
1102
1102
1098
1098
1098
1098
1098
1098
1098
1098
1098
1081
1081
1081
1081
1081
1081
1081
1081
1081
1081
1081
1081
1081
1081
1081
1066
1066
1041
1041
1041
1041
1041
1041
1041
1016
1016
1016
1016
1016
1016
1016
1012
987
987
963
963
871
871
871
871
871
871
871
871
871
871
871
871
871
871
871
871
846
846
846
846
846
846
846
846
823
823
823
823
823
823
823
823
761
761
761
761
761
761
761
761
761
761
761
609
609
609
609
609
609
609
609
609
609
609
609
542
542
542
542
542
542
542
542
542
542
542
542
542
542
542
542
542
518
518
518
518
518
518
518
518
518
518
518
518
518
518
479
479
479
479
479
479
479
479
479
479
465
465
465
465
465
465
465
465
465
465
465
465
465
465
465
465
465
465
391
391
391
391
391
391
391
391
391
391
391
391
391
391
391
391
344
344
344
344
344
344
344
344
294
294
248
248
248
248
248
193
193
193
193
193
193
193
193
100
100
100
100
100
100
100
54
54
54
54
54
54
54
54
54
54
54
54
54
54
54
54
54
5
5
5
