2110
10000
7425
7425
7425
7425
7425
7425
7425
7425
7425
7425
7425
7425
7425
7425
7425
7425
7425
7425
7425
7425
7425
7425
7425
7425
7425
7425
7425
7425
7425
7425
7425
7425
7425
7425
7425
7425
7425
7425
7425
7425
7425
7425
7425
7425
7425
7425
7425
7425
7425
7425
7425
7425
7425
7425
7425
7425
7425
7425
7425
7425
7425
7425
7425
7425
7425
7425
7425
7425
7425
7425
7425
7425
7425
7425
7425
7425
7425
7425
7425
7425
7425
7425
7425
7425
7425
7425
7425
7425
7425
7389
7389
7389
7389
7389
7389
7389
7389
7389
7389
7301
7301
7301
7301
7301
7301
7301
7291
7291
7291
7291
7291
7291
7291
7291
7291
7291
7291
7291
7291
7291
7291
7291
7291
7291
7291
7291
7291
7291
7291
7291
7291
7291
7291
7291
7291
7291
7291
7291
7291
7291
7291
7291
7291
7291
7291
7252
7252
7252
7252
7252
7252
7252
7252
7252
7252
7252
7252
7252
7252
7252
7252
7252
7252
7252
7252
7252
7252
7252
7252
7252
7252
7252
7252
7252
7252
7252
7252
7252
7252
7252
7252
7252
7252
7252
7252
7252
7252
7252
7252
7252
7252
7252
7252
7252
7252
7252
7252
7252
7252
7252
7252
7252
7252
7252
7252
7252
7252
7252
7252
7252
7252
7252
7252
7252
7252
7252
7252
7252
7252
7252
7252
7252
7252
7252
7252
7252
7252
6991
6991
6991
6988
6988
6988
6988
6988
6988
6988
6988
6988
6703
6703
6703
6703
6703
6703
6703
6703
6703
6703
6703
6703
6703
6703
6703
6703
6703
6703
6703
6703
6703
6703
6703
6703
6703
6703
6703
6703
6703
6703
6703
6703
6703
6703
6703
6703
6703
6703
6703
6703
6703
6703
6703
6703
6546
6546
6546
6546
6546
6546
6546
6546
6546
6546
6546
6546
6546
6546
6546
6546
6546
6546
6546
6546
6546
6546
6546
6546
6546
6546
6546
6546
6546
6546
6546
6546
6546
6546
6546
6546
6546
6546
6546
6546
6546
6546
6546
6546
6546
6546
6546
6546
6546
6546
6546
6546
6546
6546
6546
6546
6546
6546
6546
6546
6546
6546
6546
6546
6546
6546
6546
6546
6343
6343
6343
6343
6343
6343
6343
6343
6343
6343
6343
6343
6343
6343
6343
6343
6343
6343
6343
6343
6343
6343
6343
6343
6343
6343
6343
6343
6343
6343
6343
6343
6343
6343
6343
6343
6343
6343
6343
6343
6343
6343
6343
6343
6010
6010
6010
6010
6010
6010
6010
6010
6010
6010
6010
6010
6010
6010
6010
6010
6010
6010
6010
6010
6010
6010
6010
6010
6010
6010
6010
6010
6010
6010
6010
6010
6010
6010
6010
6010
6010
6010
6010
6010
6010
6010
6010
6010
6010
6010
6010
6010
6010
6010
6010
6010
6010
6010
6010
6010
5796
5796
5796
5796
5796
5796
5796
5796
5606
5606
5606
5606
5606
5606
5606
5606
5606
5606
5606
5606
5606
5606
5606
5606
5606
5606
5606
5606
5606
5606
5606
5606
5606
5606
5606
5606
5606
5606
5606
5606
5606
5606
5606
5606
5606
5606
5606
5606
5606
5606
5606
5606
5606
5606
5606
5606
5606
5606
5606
5606
5606
5606
5606
5606
5606
5606
5606
5606
5586
5586
5586
5586
5586
5586
5586
5586
5586
5586
5586
5586
5586
5586
5586
5586
5586
5586
5586
5586
5586
5586
5586
5586
5586
5586
5586
5191
5191
5191
5191
5191
5191
5191
5191
5191
5191
5191
5191
5191
5191
5191
5191
5191
5191
5191
5191
5191
5191
5191
5191
5191
5191
5191
5191
5191
5191
5191
5191
5191
5191
5191
5191
5191
5191
5191
5191
5191
5191
5191
5191
5191
5191
5191
5191
5191
5191
5191
5191
5191
5191
5191
5191
5191
5191
5191
5191
5191
5191
5191
5191
5191
5191
5191
5191
5191
5191
5191
5191
5191
5191
5191
5191
5191
5191
5191
5191
5191
5191
5191
5191
5191
5191
5191
5191
5191
5191
5191
5191
5191
5191
5191
5191
5191
5191
5191
5191
5121
5121
5121
5121
5121
5121
5121
5121
5121
5121
5121
5121
5121
5121
5121
5121
5121
5121
5121
5121
5121
5121
5121
5121
5121
5121
4573
4573
4573
4573
4573
4573
4573
4573
4573
4573
4573
4573
4573
4573
4573
4573
4573
4573
4573
4573
4573
4573
4573
4573
4573
4573
4573
4573
4573
4573
4573
4573
4573
4573
4573
4573
4573
4573
4573
4573
4573
4573
4573
4573
4573
4573
4573
4573
4573
4573
4573
4573
4573
4573
4573
4573
4573
4573
4573
4573
4573
4573
4573
4573
4573
4573
4573
4573
4573
4573
4573
4573
4573
4553
4553
4553
4553
4553
4553
4553
4553
4553
4553
4553
4553
4553
4553
4553
4553
4553
4553
4553
4553
4553
4553
4553
4553
4553
4553
4553
4553
4553
4553
4553
4553
4553
4553
4465
4465
4465
4465
4465
4465
4465
4465
4465
4465
4465
4449
4449
4449
4449
4449
4449
4248
4248
4248
4248
4248
4248
4248
4248
4248
4248
4248
4248
4248
4248
4248
4248
4248
4248
4248
4248
4248
4248
4248
4248
4248
4248
4248
4248
4248
4248
4248
4248
4248
4248
4248
4248
4248
4248
4248
4248
4248
4248
4248
4248
4248
4081
4081
4081
4081
4081
4081
4081
4081
4081
4081
4081
4081
4081
4081
4081
4081
4081
4081
4081
4081
4081
4081
4081
4081
4081
4081
4081
4081
4081
4081
4081
4081
4081
4081
4081
4081
4081
4081
4081
4081
4081
4081
4081
4081
4081
4081
4081
4081
4081
4081
4081
4081
4081
4081
4081
4081
4081
4081
4081
4081
4081
4081
4081
4081
4081
4081
4081
4081
4081
4081
4081
4081
4081
4081
4081
4081
4081
4081
4081
4081
4081
4081
4081
4081
4081
4081
4081
4081
4081
4081
4081
4081
4081
4081
4081
4081
4081
4081
3689
3689
3689
3689
3689
3689
3689
3689
3689
3689
3689
3689
3689
3689
3689
3689
3689
3689
3689
3689
3689
3689
3689
3689
3689
3689
3689
3689
3689
3689
3689
3689
3689
3689
3689
3689
3689
3689
3689
3689
3689
3689
3689
3689
3689
3689
3689
3689
3689
3689
3689
3689
3689
3689
3689
3689
3689
3689
3689
3689
3689
3689
3689
3689
3670
3670
3670
3670
3670
3670
3670
3670
3670
3670
3670
3670
3670
3670
3670
3670
3670
3670
3670
3670
3670
3670
3670
3670
3670
3670
3670
3580
3580
3580
3580
3580
3580
3580
3580
3580
3580
3580
3580
3580
3580
3580
3580
3580
3580
3580
3580
3580
3580
3580
3580
3580
3580
3580
3580
3580
3580
3580
3580
3580
3580
3580
3580
3580
3580
3580
3580
3580
3580
3580
3580
3580
3580
3580
3580
3580
3580
3580
3580
3580
3580
3580
3580
3580
3580
3580
3580
3580
3580
3580
3580
3580
3580
3580
3580
3580
3580
3580
3580
3580
3580
3580
3580
3580
3580
3580
3481
3481
3481
3481
3481
3481
3481
3481
3481
3481
3481
3481
3481
3481
3481
3481
3481
3481
3481
3481
3481
3481
3481
3481
3481
3387
3387
3387
3387
3387
3387
3387
3387
3387
3387
3387
3387
3387
3387
3387
3387
3387
3387
3387
3387
3387
3387
3387
3387
3387
3387
3387
3387
3387
3387
3387
3387
3387
3387
3387
3387
3387
3387
3387
3387
3387
3387
3387
3387
3387
3387
3387
3387
3387
3387
3387
3387
3387
3387
3387
3387
3387
3387
3387
3387
3387
3387
3387
3387
3387
3387
3387
3387
3387
3387
3387
3387
3387
3387
3387
3387
3387
3387
3387
3387
3387
3387
3387
3387
3387
3387
3387
3387
3387
3296
3296
3296
3296
3296
3296
3296
3296
3296
3296
3296
3296
3296
3296
3296
3296
3296
3296
3296
3296
3296
3296
3296
3296
3296
3296
3296
3296
3296
3296
3296
3296
3296
3170
3170
3170
3170
3170
3170
3170
3170
3170
3170
3170
3170
3170
3170
3170
3170
3170
3170
3170
3170
3170
3170
3170
3170
3170
3170
3170
3170
3170
3170
3170
3170
3170
3170
3170
3170
3170
3170
3170
3170
3170
3170
3144
3144
3144
3144
3144
3144
3144
3144
3144
3144
3144
3144
3144
3144
3144
3144
3144
3144
3144
3144
3144
3144
3144
3144
3144
3144
3144
3144
3144
3144
3144
3144
3144
3144
3144
3144
3144
3144
3144
3144
3144
3144
3144
3144
3144
3144
3144
3144
3144
3144
3144
3144
3144
3144
3144
3144
3144
3144
3144
3144
3144
3144
3144
3144
3144
3144
3144
3144
3144
3144
3144
3144
3144
3144
3144
3144
3144
3144
3144
3144
3144
3144
3144
3144
3144
3144
3144
3144
3144
3144
3144
3144
3144
3144
3144
3018
3018
3018
3018
3018
3018
3018
3018
3018
3018
3018
3018
3018
3018
3018
3018
3018
3018
3018
3018
2932
2932
2932
2932
2932
2932
2932
2932
2932
2932
2932
2932
2932
2932
2932
2932
2932
2932
2932
2932
2932
2932
2932
2932
2932
2932
2932
2932
2932
2932
2932
2932
2932
2932
2932
2932
2932
2932
2932
2932
2932
2932
2932
2932
2932
2932
2932
2625
2625
2625
2625
2625
2625
2625
2625
2625
2625
2625
2625
2625
2625
2625
2625
2625
2625
2625
2625
2625
2625
2625
2625
2625
2625
2625
2625
2625
2625
2625
2625
2625
2407
2407
2407
2407
2407
2407
2407
2407
2407
2407
2407
2407
2407
2407
2407
2407
2407
2407
2407
2407
2407
2407
2407
2407
2407
2407
2407
2407
2407
2407
2407
2407
2407
2407
2407
2407
2407
2407
2407
2407
2407
2407
2407
2407
2407
2407
2343
2343
2343
2343
2343
2343
2343
2343
2343
2343
2343
2343
2343
2343
2343
2343
2343
2343
2343
2343
2343
2343
2343
2343
2343
2343
2343
2343
2343
2343
2343
2343
2343
2343
2343
2343
2343
2343
2343
2343
2343
2343
2343
2343
2343
2343
2343
2343
2343
2343
2343
2343
2343
2343
2343
2343
2343
2343
2343
2343
2343
2343
2343
2343
2343
2343
2343
2343
2343
2343
2300
2300
2300
2300
2300
2300
2300
2300
2300
2148
2148
2148
2148
2148
2148
2148
2148
2148
2148
2148
1549
1549
1549
1549
1549
1549
1549
1549
1344
1344
1344
1344
1344
1344
1344
1344
1344
1344
1344
1344
1344
1344
1344
1344
1344
1344
1344
1344
1344
1344
1344
1344
1344
1344
1344
1344
1344
1344
1344
1344
1344
1344
1344
1344
1344
1344
1344
1344
1344
1344
1344
1344
1344
1344
1344
1344
1344
1344
1344
1344
1344
1344
1344
1344
1344
1344
1344
1344
1344
1344
1344
1344
1344
1344
1344
1344
1344
1344
1344
1344
1344
1344
1344
1344
1344
1344
1344
1344
1344
1344
1344
1294
1294
1294
1294
1294
1294
1294
1294
1294
1294
1294
1294
1294
1294
1294
1294
1294
1294
1294
1294
1294
1294
1294
1294
1294
1294
1294
1294
1294
1294
1294
1294
1294
1294
1294
1294
1294
1294
1294
1294
1294
1294
1294
1294
1294
1294
1294
1294
1294
1294
1294
1294
1294
1294
1294
1294
1294
1294
1294
1237
1237
1237
1237
1237
1237
1237
1237
1237
1237
1237
1237
1237
1237
1237
1237
1237
1237
1237
1237
1237
1237
1237
1237
1237
1237
1237
1237
1237
1237
1237
1237
1237
1237
1237
1237
1237
1237
1237
1237
1237
1114
1114
1114
1114
1114
1114
1114
1114
1114
1114
1114
1114
1114
1114
1114
1114
1114
1114
1114
1114
1114
1114
1114
1114
1114
1114
1114
1114
1114
1114
1114
1114
1114
1114
1114
1114
1114
1114
1114
1114
1114
1114
1114
1114
1114
1114
1114
1114
1114
1114
1114
1114
1114
1114
1114
1114
1114
1114
633
633
633
633
633
462
462
462
462
462
462
462
462
462
462
462
462
462
462
462
462
462
462
462
462
462
462
462
462
462
462
462
462
462
462
462
462
374
374
374
374
374
374
374
374
374
374
374
374
374
374
374
374
374
374
374
318
318
318
318
318
318
318
318
318
318
318
318
318
318
318
318
318
318
318
318
318
318
318
318
318
318
318
318
318
318
318
318
318
318
318
318
318
318
170
170
170
170
170
170
170
170
170
170
170
170
170
170
170
170
170
170
170
170
170
170
170
170
170
170
67
67
67
67
67
67
67
67
67
67
67
67
67
67
67
67
67
67
67
67
67
67
67
67
67
67
67
67
67
67
67
67
67
67
67
58
58
58
58
58
58
58
58
58
58
58
58
58
58
58
58
58
58
58
58
58
58
58
58
58
58
58
58
58
58
58
58
58
58
58
58
58
58
58
58
58
58
58
58
58
58
58
58
58
58
58
58
58
58
58
58
58
58
58
58
58
58
58
58
58
58
58
58
58
58
58
58
58
58
58
58
58
