2425
10000
4653
4653
4653
4653
4653
4653
4653
4653
4653
4653
4653
4653
4653
4653
4653
4653
4653
4653
4653
4653
4653
4653
4653
4653
4653
4653
4653
4653
4653
4653
4653
4653
4653
4653
4653
4653
4653
4653
4540
4540
4540
4540
4540
4540
4540
4540
4540
4540
4540
4540
4540
4540
4540
4540
4540
4540
4540
4540
4540
4540
4540
4540
4540
4540
4540
4540
4540
4540
4540
4540
4540
4540
4540
4540
4540
4540
4540
4540
4449
4449
4449
4449
4449
4449
4449
4449
4449
4449
4449
4449
4449
4449
4449
4449
4449
4449
4449
4449
4449
4449
4449
4449
4449
4449
4449
4449
4449
4449
4449
4449
4449
4449
4449
4449
4449
4449
4449
4449
4449
4449
4449
4449
4449
4449
4449
4449
4449
4449
4449
4449
4449
4449
4449
4449
4449
4449
4449
4449
4449
4449
4449
4449
4449
4449
4449
4449
4449
4449
4449
4449
4449
4449
4449
4447
4447
4447
4447
4447
4447
4447
4447
4447
4447
4447
4447
4447
4447
4447
4447
4447
4284
4284
4284
4284
4284
4284
4284
4284
4284
4284
4284
4284
4284
4284
4284
4284
4284
4284
4284
4284
4284
4284
4284
4284
4284
4284
4284
4284
4284
4284
4284
4284
4284
4284
4284
4284
4284
4284
4284
4284
4284
4284
4284
4284
4284
4284
4284
4284
4284
4284
4284
4284
4284
4284
4284
4284
4284
4284
4284
4284
4284
4284
4284
4284
4284
4284
4284
4284
4284
4284
4284
4284
4284
4284
4284
4284
4284
4284
4284
4284
4284
4284
4284
4284
4284
4284
4284
4284
4284
4284
4284
4272
4272
4272
4272
4272
4272
4272
4272
4272
4272
4272
4272
4272
4272
4272
4272
4272
4272
4272
4272
4272
4272
4272
4272
4272
4272
4272
4272
4272
4272
4272
4272
4272
4272
4272
4272
4272
4272
4272
4272
4272
4272
4272
4272
4272
4272
4272
4272
4272
4272
4272
4272
4272
4272
4272
4272
4272
4272
4272
4272
4272
4272
4272
4272
4272
4272
4272
4272
4272
4272
4272
4272
4272
4272
4272
4272
4272
4272
4272
4272
4272
4272
4262
4262
4262
4262
4262
4262
4262
4262
4262
4262
4262
4262
4262
4262
4262
4262
4262
4262
4262
4262
4262
4262
4262
4262
4262
4262
4262
4262
4262
4262
4262
4262
4262
4262
4262
4262
4262
4262
4262
4262
4262
4262
4262
4262
4262
4262
4262
4262
4107
4107
4107
4107
4107
4107
4107
4107
4107
4107
4107
4107
4107
4107
4107
4107
4107
4107
4107
4107
4107
4034
4034
4034
4034
4034
4034
4034
4034
4034
4034
4034
4034
4034
4034
4034
4034
4034
4034
4034
4034
4034
4034
4034
4034
4034
4034
4034
4034
4034
4034
4034
4034
4034
4034
4034
4034
4034
4034
4034
4034
4034
4034
4034
4034
4034
4034
4034
4034
4034
4034
4034
4034
4034
4034
4034
4034
4034
4034
4034
4034
4034
4034
4034
4034
4034
4034
4034
4034
4034
4034
4034
4034
4034
4034
4028
4028
4028
4028
4028
4028
4028
4028
4028
4028
4028
4028
4028
4028
4028
4028
4028
4028
4028
4028
4028
4028
4028
4028
4028
4028
4028
4028
4028
4028
4028
4028
4028
4028
4028
4028
4028
4028
4028
4028
4028
4028
4028
4028
4028
4028
4028
4028
4028
4028
4028
4028
4028
4028
4028
4028
4028
4028
4028
4028
4028
4028
4028
4028
4028
4028
4028
4028
4028
4028
4028
4028
4028
4028
4028
4028
4028
4028
4028
4028
4028
4028
4028
3886
3886
3886
3886
3886
3886
3886
3886
3886
3886
3886
3886
3886
3886
3886
3886
3886
3886
3886
3886
3886
3886
3886
3886
3886
3886
3886
3886
3886
3886
3886
3886
3886
3886
3886
3886
3886
3886
3886
3886
3886
3886
3886
3886
3886
3886
3886
3886
3886
3886
3886
3818
3818
3818
3818
3818
3818
3818
3818
3818
3818
3818
3818
3818
3818
3818
3818
3818
3818
3818
3818
3818
3818
3818
3818
3770
3770
3770
3770
3770
3770
3770
3770
3770
3770
3770
3770
3770
3770
3770
3770
3770
3770
3652
3652
3652
3652
3652
3652
3652
3652
3652
3652
3652
3652
3652
3652
3652
3652
3652
3652
3652
3652
3652
3652
3652
3652
3652
3652
3652
3652
3652
3652
3652
3652
3652
3652
3652
3652
3652
3652
3652
3652
3652
3652
3652
3652
3652
3652
3652
3652
3652
3652
3652
3652
3652
3652
3652
3652
3652
3652
3652
3652
3651
3651
3651
3651
3651
3651
3651
3651
3651
3651
3651
3651
3651
3651
3651
3651
3651
3651
3651
3651
3651
3651
3651
3651
3651
3651
3651
3651
3651
3651
3651
3651
3651
3651
3651
3651
3651
3651
3651
3651
3651
3651
3651
3651
3651
3651
3651
3651
3651
3651
3651
3651
3651
3651
3651
3651
3651
3651
3651
3651
3651
3651
3651
3651
3651
3651
3651
3651
3651
3651
3651
3651
3651
3651
3651
3651
3651
3651
3651
3651
3651
3538
3538
3538
3538
3538
3538
3538
3538
3538
3538
3538
3538
3538
3538
3538
3538
3538
3538
3538
3538
3538
3538
3538
3538
3538
3538
3538
3538
3538
3538
3538
3538
3538
3538
3538
3538
3538
3538
3538
3538
3538
3538
3538
3538
3538
3538
3538
3538
3538
3538
3538
3538
3538
3538
3538
3538
3538
3538
3538
3538
3538
3538
3538
3538
3538
3538
3538
3538
3538
3538
3395
3395
3395
3395
3395
3395
3395
3395
3395
3395
3395
3395
3395
3395
3395
3395
3395
3395
3395
3395
3395
3395
3395
3395
3291
3291
3291
3291
3291
3291
3291
3291
3291
3291
3291
3291
3291
3291
3291
3291
3291
3291
3291
3291
3291
3291
3291
3291
3291
3291
3291
3291
3291
3291
3291
3291
3291
3291
3291
3291
3291
3291
3291
3291
3291
3291
3291
3291
3291
3291
3291
3291
3291
3291
3291
3291
3291
3291
3291
3255
3255
3255
3255
3255
3255
3217
3217
3217
3217
3217
3217
3217
3217
3217
3217
3217
3217
3217
3217
3217
3217
3217
3217
3217
3217
3217
3217
3217
3217
3054
3054
3054
3054
3054
3054
3054
3054
3054
3054
3054
3054
3054
3054
3054
3054
3054
2911
2911
2911
2911
2911
2911
2911
2911
2911
2911
2911
2911
2911
2911
2911
2911
2911
2911
2911
2911
2911
2911
2911
2911
2911
2911
2911
2911
2911
2911
2911
2911
2911
2911
2911
2911
2911
2911
2911
2911
2911
2911
2911
2911
2911
2911
2911
2911
2911
2911
2911
2911
2911
2911
2911
2911
2911
2911
2911
2911
2911
2911
2911
2911
2911
2911
2911
2911
2911
2911
2911
2911
2911
2862
2862
2862
2862
2862
2862
2862
2862
2862
2862
2862
2862
2862
2862
2862
2862
2862
2862
2862
2862
2862
2862
2862
2862
2862
2862
2862
2862
2862
2862
2862
2862
2862
2862
2862
2862
2862
2862
2862
2862
2862
2862
2862
2862
2862
2862
2862
2862
2862
2862
2862
2862
2862
2862
2862
2862
2862
2862
2862
2862
2862
2862
2862
2862
2862
2695
2695
2695
2695
2695
2695
2695
2695
2695
2695
2695
2695
2695
2695
2695
2695
2695
2695
2695
2695
2695
2695
2695
2695
2695
2695
2695
2695
2695
2695
2695
2695
2695
2695
2695
2695
2695
2695
2695
2695
2695
2695
2695
2695
2695
2695
2632
2632
2632
2632
2632
2632
2632
2632
2632
2632
2632
2632
2632
2632
2632
2632
2632
2632
2632
2632
2632
2632
2632
2632
2632
2632
2632
2632
2632
2632
2632
2632
2632
2632
2632
2632
2632
2632
2632
2632
2632
2632
2632
2632
2632
2632
2632
2632
2632
2632
2632
2632
2632
2632
2632
2632
2632
2632
2632
2632
2632
2632
2632
2632
2632
2632
2632
2632
2632
2632
2632
2632
2632
2632
2632
2632
2632
2632
2632
2632
2632
2632
2632
2632
2623
2623
2623
2623
2623
2623
2623
2623
2623
2623
2623
2598
2598
2598
2598
2598
2598
2598
2598
2598
2598
2598
2598
2598
2598
2598
2598
2598
2598
2598
2598
2598
2598
2598
2598
2598
2598
2598
2598
2598
2598
2598
2598
2598
2598
2598
2598
2598
2598
2598
2598
2598
2598
2598
2598
2598
2598
2598
2598
2598
2598
2598
2598
2598
2598
2598
2598
2598
2598
2598
2598
2598
2598
2598
2598
2598
2598
2598
2598
2598
2598
2598
2598
2598
2598
2598
2598
2598
2598
2598
2598
2598
2598
2598
2598
2598
2598
2598
2598
2598
2598
2598
2463
2463
2463
2463
2463
2463
2463
2463
2463
2463
2463
2463
2463
2463
2463
2463
2463
2463
2463
2463
2463
2463
2463
2463
2463
2463
2463
2463
2463
2463
2463
2463
2463
2463
2463
2463
2463
2463
2463
2463
2463
2463
2463
2463
2463
2463
2463
2463
2439
2439
2439
2439
2439
2439
2439
2439
2439
2439
2439
2439
2439
2439
2439
2439
2439
2439
2439
2439
2439
2439
2439
2439
2439
2439
2439
2439
2439
2439
2439
2439
2439
2439
2439
2439
2439
2439
2439
2439
2439
2439
2439
2439
2439
2439
2439
2439
2439
2439
2379
2379
2379
2379
2379
2379
2379
2379
2379
2379
2379
2379
2379
2379
2379
2379
2379
2379
2379
2379
2379
2379
2379
2379
2379
2379
2379
2379
2331
2331
2331
2331
2331
2331
2331
2331
2331
2331
2331
2331
2331
2331
2331
2331
2331
2331
2331
2331
2331
2331
2331
2331
2331
2331
2331
2331
2331
2331
2331
2331
2331
2331
2331
2331
2331
2331
2331
2331
2331
2331
2331
2331
2331
2331
2331
2331
2331
2331
2331
2331
2331
2331
2331
2331
2331
2331
2331
2331
2331
2331
2331
2331
2331
2331
2331
2331
2331
2331
2331
2331
2297
2297
2297
2297
2297
2287
2287
2287
2287
2287
2287
2287
2287
2287
2287
2287
2287
2287
2287
2287
2287
2287
2287
2287
2287
2287
2287
2287
2287
2287
2287
2287
2287
2287
2287
2287
2287
2287
2287
2287
2287
2287
2287
2287
2287
2287
2287
2080
2080
2080
2080
2080
2080
2080
2080
2080
2080
2080
2080
2080
2080
2080
2080
2080
2080
2080
2080
2080
2080
2080
2080
2080
2080
2080
2080
2080
2080
2080
2080
2080
2080
2080
2080
2080
2080
2080
2080
2080
2080
2080
2080
2080
2080
2080
2080
2080
2080
2080
2080
2080
2080
2080
2080
2080
2080
2080
2080
2080
2080
2080
2080
2080
2080
2080
2080
2080
2080
2080
2080
2080
2080
2080
2080
2080
2080
2080
2080
2080
2080
2080
2080
2080
2080
2080
2080
2080
2080
2080
2080
2080
2080
2080
2080
2080
2080
2080
2080
2075
2075
2075
2075
2075
2075
2075
2075
2075
2075
2075
2075
2075
2075
2075
2075
2075
2075
2075
2075
2075
2075
2075
2075
2075
2075
2075
2075
2075
2075
2075
2075
2075
2075
2075
2075
2075
2075
2075
2075
2075
2075
2075
2075
2075
2075
2075
2075
2075
2075
2075
2075
2075
2075
2075
2075
2075
2075
2075
2075
2075
2075
2075
2075
2075
2054
2054
2054
2054
2054
2054
2054
2054
2054
2054
2054
2054
2054
2054
2054
2054
2054
2054
2054
2054
2054
2054
2054
2054
2054
2054
2054
2054
2054
2054
2054
1999
1999
1999
1999
1999
1999
1999
1999
1999
1999
1999
1999
1999
1999
1999
1999
1999
1999
1999
1999
1999
1999
1999
1999
1999
1999
1999
1999
1999
1999
1999
1999
1999
1999
1999
1999
1999
1999
1999
1999
1999
1999
1999
1999
1999
1999
1999
1999
1999
1999
1999
1999
1999
1999
1999
1999
1999
1999
1999
1999
1999
1999
1999
1999
1999
1999
1999
1999
1999
1999
1999
1999
1999
1999
1999
1999
1999
1999
1999
1999
1999
1999
1999
1999
1999
1999
1999
1999
1999
1999
1999
1999
1999
1999
1999
1590
1590
1590
1590
1590
1590
1590
1590
1590
1590
1590
1590
1590
1562
1562
1562
1562
1562
1562
1562
1562
1562
1562
1562
1562
1562
1562
1562
1562
1562
1562
1562
1562
1562
1562
1562
1562
1562
1562
1562
1562
1562
1562
1562
1562
1562
1562
1562
1562
1562
1562
1562
1562
1562
1562
1562
1562
1562
1562
1519
1519
1519
1519
1519
1519
1519
1519
1519
1519
1519
1519
1519
1519
1519
1519
1519
1519
1519
1519
1519
1519
1519
1519
1519
1519
1519
1519
1519
1519
1519
1519
1519
1519
1519
1519
1519
1519
1519
1519
1519
1519
1519
1519
1519
1519
1519
1519
1519
1519
1519
1519
1519
1519
1519
1519
1519
1519
1519
1519
1519
1519
1519
1519
1519
1519
1519
1519
1519
1519
1422
1422
1413
1413
1413
1413
1413
1413
1413
1413
1413
1413
1413
1413
1413
1413
1413
1413
1413
1413
1413
1413
1413
1413
1413
1413
1356
1356
1356
1356
1356
1356
1356
1356
1356
1356
1356
1356
1356
1356
1356
1356
1356
1356
1356
1356
1356
1356
1356
1356
1356
1356
1356
1356
1356
1356
1356
1356
1356
1356
1356
1356
1356
1356
1356
1356
1356
1356
1356
1356
1356
1356
1356
1356
1356
1356
1356
1356
1356
1356
1356
1356
1356
1356
1327
1327
1327
1327
1327
1327
1327
1327
1327
1327
1327
980
980
980
980
980
980
980
980
980
980
980
980
980
980
980
980
980
980
980
980
980
980
980
980
980
980
980
980
980
980
980
980
980
980
980
980
980
980
980
980
980
980
980
980
980
980
980
980
980
980
980
980
980
980
980
980
980
980
980
980
980
980
980
980
980
980
980
980
980
980
980
980
980
980
980
980
980
980
980
980
980
980
980
980
980
980
980
980
980
980
980
980
980
980
980
980
937
937
937
937
937
937
937
937
937
937
937
937
937
937
937
937
937
937
937
937
937
589
589
589
589
589
589
589
589
589
589
589
589
589
589
589
589
589
589
589
589
589
589
589
589
589
589
589
589
589
589
589
589
589
589
589
589
589
589
589
589
589
589
589
589
589
589
589
589
589
589
589
589
589
589
589
589
589
589
589
589
589
589
589
589
589
589
589
589
589
589
589
589
589
589
589
589
589
589
589
589
589
589
589
589
589
589
589
589
589
589
589
589
589
589
589
589
589
589
589
589
263
263
263
263
263
263
263
263
263
263
263
263
263
263
263
263
263
263
263
263
263
263
263
263
263
263
263
263
263
263
263
263
263
263
263
263
263
263
263
263
263
263
263
263
263
263
263
263
263
233
233
233
233
91
91
91
91
91
91
91
91
91
91
91
91
91
91
91
91
91
91
91
91
91
91
91
91
91
91
