2442
10000
7426
7426
7426
7426
7426
7426
7426
7426
7426
7426
7426
7426
7426
7426
7426
7426
7426
7426
7426
7426
7426
7426
7426
7426
7426
7426
7426
7426
7426
7360
7360
7360
7360
7360
7360
7360
7360
7360
7360
7360
7360
7360
7360
7360
7360
7360
7360
7360
7360
7360
7360
7360
7360
7360
7360
7360
7360
7360
7360
7360
7360
7360
7360
7360
7360
7360
7360
7360
7360
7360
7360
7360
7360
7360
7360
7360
7360
7360
7360
7360
7360
7360
7360
7360
7360
7360
7360
7360
7360
7360
7360
7360
7360
7360
7360
7360
7253
7253
7196
7196
7196
7196
7196
7196
7196
7196
7196
7196
7196
7196
7196
7196
7196
7196
7196
7196
7196
7196
7196
7196
7196
7196
7196
7196
7196
7196
7196
6887
6887
6887
6887
6887
6887
6887
6887
6887
6887
6887
6887
6887
6887
6887
6819
6819
6819
6819
6819
6819
6819
6819
6819
6819
6819
6819
6819
6819
6819
6819
6819
6819
6819
6819
6819
6819
6819
6819
6819
6819
6819
6819
6819
6819
6819
6819
6819
6819
6819
6819
6819
6819
6819
6819
6819
6819
6819
6819
6819
6819
6819
6819
6819
6819
6819
6659
6659
6659
6659
6659
6659
6659
6464
6464
6464
6464
6464
6464
6464
6464
6464
6464
6464
6464
6464
6464
6464
6464
6464
6464
6464
6464
6464
6464
6464
6464
6464
6464
6464
6464
6464
6464
6464
6464
6464
6464
6464
6464
6464
6464
6464
6464
6464
6464
6464
6464
6464
6464
6464
6464
6464
6464
6464
6464
6464
6464
6464
6464
6464
6464
6464
6464
6464
6464
6464
6464
6464
6464
6464
6464
6464
6464
6464
6464
6464
6464
6464
6464
6464
6464
6464
6464
6464
6464
6443
6443
6443
6443
6443
6443
6443
6443
6443
6443
6443
6443
6443
6443
6443
6443
6443
6443
6443
6443
6443
6443
6443
6443
6443
6443
6443
6443
6443
6443
6443
6443
6443
6443
6443
6443
6443
6443
6443
6443
6443
6443
6443
6443
6443
6443
6443
6443
6443
6443
6443
6443
6443
6443
6443
6443
6443
6443
6443
6443
6443
6443
6443
6443
6443
6443
6443
6443
6443
6443
6443
6443
6443
6443
6443
6443
6443
6443
6443
6443
6443
6443
6443
6443
6443
6443
6342
6342
6342
6342
6342
6342
6342
6342
6342
6342
6342
6342
6342
6342
6342
6342
6342
6342
6342
6342
6342
6342
6342
6342
6342
6342
6342
6342
6342
6342
6342
6342
6342
6342
6342
6342
6053
6053
6053
6053
6053
6053
6053
6053
6053
6053
6053
6053
6053
6053
6053
6053
6053
6053
6053
6053
6053
6053
6053
6053
6053
6053
6053
6053
6053
6053
6053
6053
6053
6053
6053
6053
6053
6053
6053
6053
6053
6053
6053
6053
6053
6053
6053
6053
6053
6053
6053
6053
6053
6053
6053
6053
6053
6053
6053
6053
6053
6016
6016
6016
6016
6016
6016
6016
6016
6016
6016
6016
6016
6016
6016
6016
6016
6016
6016
6016
6016
6016
6016
6016
6016
6016
6016
6016
6016
6016
6016
6016
6016
6016
6016
6016
6016
6016
6016
6016
6016
6016
6016
6016
6016
6016
6016
6016
6016
6016
6016
5953
5953
5953
5953
5953
5953
5953
5953
5953
5953
5953
5953
5953
5953
5953
5953
5953
5953
5953
5953
5953
5953
5953
5953
5953
5953
5953
5953
5953
5953
5953
5953
5953
5953
5953
5953
5953
5953
5953
5953
5953
5953
5953
5953
5953
5953
5953
5953
5953
5953
5953
5953
5953
5953
5953
5953
5953
5953
5953
5953
5953
5953
5953
5953
5953
5953
5953
5953
5953
5953
5953
5953
5953
5953
5953
5953
5953
5953
5953
5953
5953
5953
5953
5953
5953
5953
5953
5953
5953
5953
5953
5953
5953
5808
5808
5808
5808
5808
5808
5808
5808
5808
5808
5808
5808
5808
5808
5808
5808
5808
5808
5808
5808
5808
5808
5808
5808
5808
5808
5808
5808
5808
5808
5808
5808
5808
5808
5808
5808
5808
5808
5808
5808
5808
5808
5808
5808
5808
5808
5808
5808
5629
5629
5629
5629
5629
5629
5629
5629
5629
5629
5629
5629
5629
5629
5629
5629
5629
5629
5629
5629
5629
5629
5575
5575
5575
5575
5575
5575
5575
5575
5575
5575
5575
5575
5575
5575
5575
5575
5575
5575
5575
5575
5575
5575
5575
5575
5575
5575
5575
5575
5575
5575
5575
5575
5575
5575
5575
5575
5575
5575
5575
5575
5575
5575
5575
5575
5575
5575
5575
5575
5575
5575
5575
5575
5575
5575
5575
5575
5575
5575
5575
5575
5575
5575
5475
5475
5475
5475
5475
5475
5475
5475
5475
5475
5475
5475
5475
5475
5475
5475
5475
5475
5475
5475
5471
5471
5471
5471
5471
5471
5471
5471
5471
5471
5471
5471
5471
5471
5471
5471
5471
5471
5471
5471
5471
5471
5471
5471
5471
5471
5471
5471
5471
5471
5471
5471
5471
5471
5471
5471
5471
5471
5471
5471
5471
5471
5471
5471
5471
5471
5471
5471
5471
5471
5471
5471
5471
5471
5471
5471
5471
5471
5471
5471
5471
5471
5471
5471
5471
5471
5471
5471
5471
5471
5471
5471
5471
5471
5471
5471
5471
5471
5471
5471
5471
5471
5471
5471
5471
5471
5471
5460
5460
5460
5460
5460
5460
5460
5460
5460
5460
5460
5460
5460
5388
5388
5388
5388
5388
5388
5388
5388
5388
5388
5388
5388
5388
5388
5388
5388
5388
5388
5388
5388
5388
5388
5388
5388
5388
5388
5388
5388
5388
5388
5388
5388
5388
5388
5388
5388
5388
5388
5388
5388
5388
5388
5388
5388
5388
5388
5388
5388
5388
5262
5262
5262
5262
5262
5262
5262
5262
5262
5262
5262
5262
5262
5262
5262
5262
5262
5262
5262
5262
5262
5262
5262
5262
5262
5262
5262
5262
5262
5262
5262
5262
5262
5262
5262
5262
5262
5262
5262
5262
5262
5262
5262
5262
5262
5262
5262
5262
5262
5262
5262
5262
5262
5262
5262
5262
5262
5262
5262
5262
5262
5132
5106
5106
5106
5106
5106
5106
5106
5106
5106
5106
5106
5106
5106
5106
5106
5106
5106
5106
5106
5106
5106
5106
5106
5106
5106
5106
5106
5106
5106
5106
5106
5106
5106
5106
5106
5106
5106
5106
5106
5106
5106
5106
5106
5106
5106
5106
5106
5106
5106
5106
5106
5106
5106
5106
5106
5106
5106
5106
5106
5106
5106
5106
5106
5106
5106
5106
5106
5106
5106
5106
4836
4836
4836
4836
4836
4836
4836
4836
4836
4836
4836
4836
4836
4836
4836
4836
4836
4836
4836
4836
4836
4836
4836
4836
4836
4836
4836
4836
4836
4836
4836
4836
4836
4836
4836
4836
4836
4836
4836
4836
4836
4836
4836
4836
4836
4836
4836
4836
4836
4836
4836
4836
4836
4836
4836
4836
4836
4836
4836
4836
4836
4836
4836
4836
4836
4836
4836
4836
4836
4836
4836
4836
4836
4836
4836
4836
4836
4836
4835
4835
4835
4835
4835
4835
4835
4835
4835
4835
4835
4835
4835
4835
4835
4835
4835
4835
4835
4835
4835
4835
4835
4835
4835
4835
4835
4835
4835
4835
4835
4835
4835
4835
4835
4835
4835
4835
4835
4835
4835
4835
4835
4835
4835
4835
4835
4835
4835
4835
4835
4835
4835
4830
4830
4830
4830
4830
4830
4830
4830
4830
4830
4830
4830
4830
4830
4830
4830
4830
4830
4830
4830
4830
4830
4830
4830
4830
4830
4830
4830
4830
4830
4830
4830
4830
4830
4830
4830
4830
4830
4830
4830
4830
4830
4830
4830
4830
4830
4830
4830
4830
4830
4830
4830
4830
4830
4830
4830
4830
4830
4830
4830
4830
4830
4830
4830
4830
4830
4830
4830
4830
4830
4830
4830
4830
4830
4830
4830
4830
4830
4830
4830
4830
4830
4830
4830
4830
4830
4830
4830
4830
4830
4830
4830
4830
4830
4830
4692
4692
4692
4692
4692
4692
4692
4692
4692
4692
4692
4692
4692
4692
4692
4692
4692
4692
4692
4692
4692
4692
4692
4692
4692
4692
4692
4692
4692
4692
4692
4692
4692
4692
4692
4692
4692
4692
4692
4692
4692
4692
4692
4692
4692
4692
4692
4692
4692
4692
4692
4692
4692
4692
4692
4692
4692
4692
4692
4692
4692
4692
4692
4692
4692
4692
4692
4692
4692
4692
4471
4471
4471
4471
4471
4471
4471
4471
4471
4471
4471
4471
4471
4471
4471
4471
4471
4471
4471
4471
4471
4471
4471
4471
4471
4471
4471
4471
4471
4471
4471
4471
4471
4471
4471
4471
4471
4471
4471
4471
4471
4471
4471
4471
4471
4471
4471
4471
4471
4471
4471
4471
4471
4471
4471
4471
4471
4471
4471
4471
4471
4471
4471
4471
4471
4471
4471
4471
4471
4471
4471
4471
4471
4471
4471
4471
4471
4471
4471
4471
4471
4471
4471
4471
4471
4471
4471
4471
4471
4471
4471
4471
4222
4222
4222
4222
4222
4222
4222
4222
4222
4222
4222
4222
4222
4222
4222
4222
4222
4222
4222
4222
4222
4222
4222
4222
4222
4222
4222
4222
4222
4222
4222
4222
4222
4222
4222
4222
4222
4222
4222
4222
4222
4222
4222
4222
4222
4222
4222
4222
4222
4222
4222
4222
4222
4222
4222
4222
4222
4222
4222
4222
4222
4222
4222
4222
4222
4222
4222
4222
3775
3775
3775
3775
3775
3775
3775
3775
3775
3775
3775
3775
3775
3775
3775
3775
3775
3775
3775
3775
3775
3775
3775
3775
3775
3775
3775
3775
3775
3775
3775
3775
3775
3775
3775
3775
3775
3775
3775
3775
3775
3775
3775
3775
3775
3775
3775
3775
3775
3775
3775
3775
3775
3775
3775
3775
3775
3775
3775
3775
3775
3775
3775
3775
3775
3775
3775
3775
3775
3775
3775
3775
3775
3775
3775
3775
3775
3775
3775
3775
3775
3775
3775
3775
3775
3775
3775
3775
3775
3775
3775
3775
3775
3775
3775
3775
3775
3696
3696
3696
3696
3696
3696
3696
3696
3696
3696
3696
3696
3696
3696
3696
3696
3696
3696
3696
3696
3696
3696
3696
3696
3696
3696
3696
3696
3696
3696
3696
3696
3696
3696
3696
3696
3696
3696
3696
3696
3696
3696
3696
3696
3696
3696
3696
3696
3696
3696
3696
3696
3696
3696
3696
3696
3604
3604
3604
3604
3604
3604
3604
3604
3604
3604
3604
3604
3604
3604
3604
3604
3604
3604
3604
3604
3604
3604
3604
3604
3604
3604
2993
2993
2993
2993
2993
2993
2993
2993
2993
2993
2993
2993
2993
2993
2993
2993
2993
2993
2993
2993
2993
2993
2993
2993
2993
2993
2993
2993
2993
2993
2993
2993
2993
2993
2993
2993
2993
2993
2993
2993
2993
2993
2993
2993
2993
2993
2993
2993
2993
2955
2887
2887
2887
2887
2887
2887
2887
2887
2887
2887
2887
2887
2887
2887
2887
2887
2887
2887
2887
2887
2887
2887
2887
2887
2887
2887
2887
2887
2887
2887
2887
2887
2887
2887
2887
2887
2887
2887
2887
2887
2887
2887
2887
2887
2887
2887
2887
2887
2887
2887
2887
2887
2887
2887
2887
2887
2887
2887
2887
2887
2887
2887
2887
2887
2887
2887
2887
2887
2887
2887
2887
2887
2887
2887
2887
2887
2887
2887
2887
2887
2887
2887
2887
2887
2887
2887
2887
2887
2887
2887
2887
2887
2887
2887
2887
2831
2831
2831
2831
2831
2831
2831
2831
2831
2831
2831
2831
2831
2831
2831
2831
2831
2831
2831
2831
2831
2831
2831
2831
2831
2831
2831
2831
2831
2831
2831
2831
2831
2831
2831
2831
2831
2831
2831
2831
2831
2831
2831
2831
2831
2831
2831
2831
2831
2831
2831
2831
2831
2831
2831
2831
2528
2528
2528
2528
2528
2528
2528
2528
2528
2528
2460
2460
2460
2460
2460
2460
2460
2460
2460
2460
2460
2460
2460
2460
2460
2460
2460
2460
2460
2460
2460
2460
2460
2460
2460
2460
2460
2460
2460
2460
2460
2460
2460
2460
2460
2460
2460
2460
2460
2460
2460
2460
2460
2460
2460
2460
2460
2460
2460
2460
2460
2460
2460
2460
2460
2460
2460
2460
2460
2460
2460
2460
2373
2373
2373
2373
2373
2373
2373
2373
2373
2373
2373
2373
2373
2373
2373
2373
2373
2373
2373
2373
2373
2373
2373
2373
2373
2373
2373
2373
2373
2373
2373
2373
2373
2373
2373
2373
2373
2373
2373
2373
2373
2373
2373
2373
2373
2373
2373
2373
2373
2373
2373
2373
2373
2373
2373
2373
2373
2373
2373
2373
2373
2373
1765
1765
1765
1765
1765
1765
1765
1765
1765
1765
1765
1765
1765
1765
1765
1765
1765
1765
1765
1765
1765
1765
1765
1765
1244
1244
1244
1244
1244
1244
1244
1244
1244
1244
1244
1244
1244
1244
1244
1173
1173
1173
1173
1173
1173
1173
1019
1019
1019
1019
1019
1019
1019
1019
1019
1019
1019
1019
1019
1019
1019
1019
1019
1019
1019
1019
974
974
974
974
974
974
974
974
974
974
974
974
974
974
974
974
974
974
974
974
974
974
974
974
974
974
974
974
974
974
974
930
930
930
930
930
930
930
930
930
930
930
930
930
930
930
930
930
930
930
930
930
930
930
930
930
930
930
930
930
930
930
930
930
930
930
930
930
930
930
930
930
352
352
352
352
352
352
352
352
352
352
352
352
325
325
325
325
325
325
325
325
325
325
325
325
325
325
325
325
325
325
325
325
325
325
325
325
325
325
325
325
325
325
325
325
325
325
325
325
325
325
325
325
325
325
325
325
325
325
325
325
325
325
325
325
325
325
325
325
325
325
325
234
234
234
234
234
234
234
234
234
234
234
234
234
234
234
234
234
234
234
234
234
234
234
234
234
234
234
234
234
234
234
234
234
234
234
234
234
234
234
234
234
234
234
234
234
234
234
234
234
234
234
234
234
234
234
234
234
234
234
234
234
234
234
234
234
234
234
234
234
234
234
234
234
234
234
234
234
234
231
231
231
231
231
231
231
231
231
231
231
231
231
231
231
231
231
231
231
231
231
231
231
231
231
231
231
231
231
231
231
231
231
231
231
231
231
231
231
231
231
231
231
231
231
231
231
231
231
231
231
231
231
213
213
213
213
213
213
213
213
213
213
213
213
213
213
213
213
213
213
213
213
213
213
213
213
213
213
213
213
213
213
213
213
213
213
213
213
213
213
213
213
213
213
213
213
213
213
213
213
213
213
213
213
213
213
213
213
213
213
213
213
213
213
213
213
213
213
213
213
213
213
213
213
213
213
213
213
213
213
213
213
213
213
213
213
213
213
213
213
213
213
213
