560
10000
9888
9888
9302
9302
9302
9302
9302
9112
9112
9112
9112
9112
9112
8840
8840
8840
8840
8840
8840
8840
8840
8840
8840
8840
8840
8840
8840
8780
8780
8780
8780
8780
8780
8780
8780
8780
8780
8780
8780
8780
8780
8780
8780
8780
8780
8780
8780
8617
8617
8617
8617
8617
8617
8617
8617
8617
8617
8617
8617
8617
8617
8617
8617
8617
8617
8617
8559
8559
8559
8559
8559
8559
8559
8559
8559
8559
8559
8559
8559
8559
8559
8559
8411
8411
8411
8411
8411
8411
8411
8411
8411
8411
8411
8411
8411
8411
8411
8411
8411
8411
8411
8411
7977
7903
7903
7903
7903
7903
7903
7903
7903
7903
7903
7903
7903
7903
7903
7722
7722
7722
7722
7722
7722
7722
7722
7722
7722
7722
7722
7722
7427
7277
7277
7277
7277
7277
7277
7277
7277
7186
7186
7186
7186
7186
7186
7186
7186
7186
7186
7186
7186
7186
7186
6544
6544
6544
6544
6544
6544
6544
6544
6544
6544
6544
6544
6491
6491
6491
6491
6491
6491
6491
6491
6491
6491
6491
6443
6443
6443
6016
6016
6016
5892
5892
5892
5892
5892
5892
5892
5892
5892
5892
5892
5892
5839
5839
5839
5839
5839
5839
5839
5839
5514
5514
5514
5514
5514
5514
5514
5514
5514
5514
5514
5514
5514
5514
5514
5094
5094
5094
5094
5094
5094
5094
5094
5094
5094
5094
5094
5094
5094
5094
5094
5094
5094
5094
5069
5069
5069
5069
5069
5069
5001
5001
5001
4722
4722
4722
4722
4722
4722
4722
4722
4722
4722
4722
4722
4722
4722
4722
4722
4722
4556
4556
4556
4556
4556
4556
4556
4556
4556
4556
4556
4556
4556
4556
4556
4556
4556
4532
4532
4532
4532
4532
4532
4532
4532
4532
4485
4485
4485
4485
4485
4485
4485
4485
4485
4485
4485
4485
4485
4485
4485
4485
4479
4479
4479
4479
4479
4479
4479
4479
4479
4479
4479
4479
4479
4458
4458
4458
4458
4458
4458
4458
4458
4458
4458
4458
4458
4458
4458
4458
4458
4384
4384
4384
4384
4232
4232
4232
4232
4232
4232
4232
4232
4232
4232
4232
4232
4232
4232
4232
4232
3910
3910
3910
3910
3910
3910
3910
3910
3910
3896
3896
3896
3896
3896
3896
3896
3896
3896
3896
3896
3896
3896
3896
3896
3776
3776
3776
3776
3677
3677
3677
3677
3677
3677
3677
3677
3677
3677
3677
3677
3677
3677
3178
3178
3178
3178
3178
3178
3178
3178
3178
3178
3033
3033
3033
3033
3033
3033
3033
3033
3033
2984
2984
2984
2984
2984
2984
2984
2984
2984
2984
2984
2984
2984
2984
2984
2984
2984
2895
2895
2895
2895
2895
2895
2895
2821
2717
2717
2717
2717
2717
2717
2717
2717
2717
2717
2717
2717
2717
2717
2717
2717
2622
2622
2622
2622
2622
2622
2622
2622
2622
2524
2524
2524
2524
2524
2524
2524
2524
2524
2524
2524
2524
2524
2524
2524
2334
2334
2334
2334
2334
2334
2334
2334
2334
2334
2334
2334
2334
2334
2334
2334
2334
2334
2184
2184
2184
2184
2184
2184
2184
2184
2184
2184
2184
2184
2184
2184
2184
2062
2062
2062
2062
2062
2062
2043
2043
2043
2043
2043
2043
2043
2043
2043
2043
2043
2043
2043
2043
2043
2043
2043
2043
1139
1139
1139
1139
1139
1139
1139
1139
1139
1139
1139
1139
1139
1139
1139
1139
1139
1139
771
771
771
771
771
771
