559
10000
2480
2480
2480
2480
2480
2480
2480
2480
2480
2480
2480
2480
2480
2480
2480
2441
2441
2441
2441
2441
2441
2441
2441
2441
2441
2441
2441
2441
2441
2441
2441
2441
2387
2316
2316
2316
2316
2316
2316
2316
2316
2316
2300
2300
2300
2300
2300
2300
2300
2300
2300
2240
2240
2240
2240
2240
2240
2240
2159
2052
2052
2052
2052
2052
2052
2052
2052
2052
2052
2052
2052
2052
2052
2052
2052
2052
2052
2004
2004
2004
2004
2004
2004
2004
2004
2004
2004
2004
2004
2004
2004
2004
2004
2004
2004
2004
2004
1990
1990
1990
1990
1990
1990
1990
1990
1990
1990
1990
1990
1990
1990
1990
1981
1981
1981
1981
1981
1981
1981
1981
1981
1981
1981
1981
1981
1981
1981
1981
1981
1981
1981
1946
1946
1946
1946
1946
1918
1721
1721
1721
1721
1721
1721
1721
1721
1680
1680
1680
1680
1680
1680
1680
1680
1680
1598
1598
1598
1598
1598
1598
1598
1598
1598
1598
1598
1598
1598
1598
1598
1598
1598
1598
1598
1598
1590
1590
1590
1590
1590
1568
1568
1568
1536
1536
1536
1536
1536
1536
1536
1536
1536
1536
1536
1536
1536
1536
1536
1536
1536
1536
1536
1507
1507
1507
1507
1507
1507
1507
1507
1507
1507
1507
1507
1507
1507
1507
1507
1507
1507
1507
1507
1469
1469
1469
1469
1469
1469
1469
1469
1469
1469
1469
1469
1469
1469
1469
1469
1469
1469
1469
1469
1458
1456
1456
1456
1456
1456
1456
1456
1456
1456
1456
1456
1441
1441
1441
1441
1441
1441
1441
1441
1441
1380
1380
1380
1380
1380
1380
1380
1380
1380
1380
1380
1380
1380
1380
1213
1213
1213
1213
1213
1213
1213
1213
1213
1213
1213
1213
1213
1213
1209
1209
1209
1209
1209
1209
1209
1209
1209
1209
1209
1209
1149
1149
1085
1085
1085
1085
1085
1085
1085
1085
1085
1085
1085
1085
1085
1085
1085
1079
1079
1079
1079
1079
1079
1079
1079
1079
1079
1079
1079
1079
1074
1074
1074
1074
1074
1074
1074
1074
1074
1074
1074
1074
1074
1074
1074
1074
1074
1067
1067
1067
1067
1067
1067
1067
1067
1067
1067
1067
1067
1067
1067
1067
1067
1067
1067
1067
1067
983
983
983
983
983
983
983
983
983
983
983
983
983
983
983
983
983
983
983
968
968
968
968
968
968
968
968
968
968
968
968
941
941
778
778
778
778
778
778
778
778
778
778
778
778
778
778
773
773
773
773
773
773
773
773
773
773
723
723
723
723
723
723
723
723
684
684
684
684
647
647
647
647
647
647
647
647
647
647
647
647
647
647
647
647
647
647
645
645
645
614
614
614
614
614
614
614
614
614
564
564
564
564
564
564
564
564
564
564
554
554
554
554
554
554
554
554
554
554
554
554
553
553
553
553
553
553
553
553
553
553
553
553
553
553
553
553
553
553
479
479
479
479
479
479
479
479
479
479
479
479
479
479
479
479
479
479
257
257
257
257
257
257
257
257
257
257
250
243
243
243
243
243
243
243
243
243
243
243
243
243
243
243
243
243
243
243
243
211
211
