449
10000
9934
9934
9934
9675
9675
9675
9675
9675
9675
9675
9675
9675
9675
9675
9675
9675
9675
9675
9675
9675
9675
9675
9095
9095
9095
9095
9095
9095
9095
9095
9095
9095
9095
9001
9001
8703
8703
8703
8703
8703
8703
8703
8703
8703
8703
8703
8703
8487
8487
8487
8487
8487
8487
8328
8328
8328
8328
8328
8328
8328
8328
8328
8328
8328
8328
8328
8328
8328
8210
8210
8210
8210
8210
8210
8210
8210
8210
8210
8210
8210
8210
8210
8210
8210
8210
8109
8109
8109
7962
7962
7962
7962
7962
7962
7934
7934
7934
7934
7873
7488
7488
7488
7488
7440
7440
7440
7440
7440
7440
7440
7440
7344
7344
7344
7344
7344
7344
7344
7344
7344
7344
7344
7344
7344
7121
7121
7047
7047
7047
7047
7047
7047
7047
7047
7047
7047
7047
7047
7047
7047
7047
7047
7047
7047
6805
6805
6805
6805
6805
6805
6805
6805
6805
6805
6805
6805
6805
6805
6805
6805
6282
6282
6282
6282
6282
6282
6282
6282
6282
6282
6282
6121
6121
6121
6121
6121
6121
6121
6121
6121
6121
6121
6121
6121
6121
6035
6035
6035
6035
6035
6035
6035
6035
6035
6035
6035
5073
5073
5073
5073
5073
5073
5073
5073
5073
5073
5073
5011
5011
5011
5011
4840
4840
4840
4840
4840
4840
4840
4840
4840
4840
4840
4840
4738
4738
4738
4693
4693
4693
4693
4693
4693
4693
4693
4693
4693
4693
4693
4693
4693
4693
4693
4693
4693
4508
4508
4456
4456
4456
4456
4436
4436
4436
4436
4436
4372
4372
4372
4372
4372
4372
4372
4213
4213
4213
4213
4213
4213
4213
4213
4213
4213
4213
4213
4213
4213
3751
3751
3751
3539
3539
3539
3539
3539
3539
3539
3539
3539
3539
3539
3539
3539
3539
3539
3539
3539
3539
3539
3539
3533
3533
3533
3533
3533
3533
3533
3533
3533
3533
3436
3436
3436
3436
3436
3436
3436
3436
3436
3436
3436
3436
3433
3433
3336
3336
3336
3336
3336
3336
3336
3336
3336
3336
2791
2791
2791
2791
2791
2791
2791
2791
2791
2791
2791
2791
2791
2791
2791
2615
2615
2615
2615
2615
2615
2615
2615
2615
2615
2615
2615
2524
2524
2524
2524
2524
2524
2524
2524
2524
2524
2524
2524
2524
2524
2524
2524
2282
2282
2282
2282
2282
2282
2282
2282
2282
2282
2282
2282
1755
1755
1755
1755
1755
1755
1755
1755
1755
1755
1755
1755
1755
1755
1755
872
765
765
765
765
765
765
765
765
765
765
765
692
572
572
572
572
519
519
519
519
519
519
519
519
519
459
459
459
459
459
459
459
459
459
459
459
459
459
459
459
459
459
79
79
79
