2428
10000
2473
2473
2473
2473
2473
2473
2473
2473
2473
2473
2473
2473
2473
2473
2473
2473
2473
2473
2473
2473
2473
2473
2473
2473
2473
2473
2473
2473
2473
2473
2473
2473
2420
2420
2420
2420
2420
2420
2420
2420
2420
2420
2420
2420
2420
2420
2420
2420
2420
2420
2420
2420
2420
2420
2420
2420
2420
2420
2420
2420
2420
2343
2343
2343
2343
2343
2343
2343
2343
2343
2343
2343
2343
2343
2343
2343
2343
2343
2343
2343
2343
2343
2343
2343
2343
2343
2343
2343
2343
2343
2343
2343
2343
2343
2343
2343
2343
2343
2343
2343
2343
2343
2343
2343
2343
2343
2343
2343
2343
2343
2343
2343
2343
2343
2343
2343
2343
2343
2343
2343
2343
2341
2341
2341
2341
2341
2341
2341
2341
2341
2341
2341
2341
2341
2341
2341
2341
2341
2341
2341
2341
2341
2341
2341
2341
2341
2341
2341
2341
2341
2341
2341
2341
2341
2341
2341
2341
2341
2341
2341
2341
2341
2341
2341
2341
2341
2341
2341
2341
2341
2341
2341
2341
2341
2341
2341
2341
2341
2341
2341
2341
2341
2341
2341
2341
2341
2341
2341
2341
2341
2341
2341
2341
2341
2341
2341
2341
2341
2341
2333
2333
2333
2333
2333
2333
2333
2333
2333
2333
2333
2333
2333
2333
2333
2333
2333
2333
2333
2231
2231
2231
2231
2231
2231
2231
2231
2231
2231
2231
2231
2231
2231
2231
2231
2231
2231
2231
2231
2231
2231
2202
2202
2202
2202
2202
2202
2202
2202
2202
2202
2202
2202
2202
2202
2202
2202
2202
2202
2202
2202
2202
2202
2202
2202
2202
1977
1977
1977
1977
1977
1977
1977
1977
1977
1977
1977
1977
1977
1977
1977
1977
1977
1977
1977
1977
1977
1977
1977
1977
1977
1977
1977
1977
1977
1977
1977
1977
1977
1977
1977
1977
1977
1977
1977
1977
1977
1977
1977
1977
1977
1977
1977
1977
1977
1977
1977
1977
1907
1907
1907
1907
1907
1907
1907
1907
1907
1907
1907
1907
1907
1907
1907
1907
1907
1907
1907
1907
1907
1907
1907
1907
1907
1907
1907
1907
1907
1907
1907
1907
1907
1907
1907
1907
1907
1907
1907
1907
1907
1907
1907
1907
1907
1907
1907
1907
1907
1907
1907
1907
1907
1907
1907
1907
1907
1907
1907
1907
1907
1907
1907
1907
1907
1907
1907
1907
1907
1907
1907
1907
1907
1907
1907
1885
1885
1885
1885
1885
1885
1885
1885
1885
1885
1885
1885
1885
1885
1885
1885
1885
1885
1885
1885
1885
1885
1885
1885
1885
1885
1885
1885
1885
1885
1885
1885
1885
1885
1885
1885
1885
1885
1885
1885
1885
1885
1885
1885
1885
1885
1885
1885
1885
1885
1885
1885
1885
1885
1885
1885
1885
1885
1885
1885
1885
1885
1885
1885
1879
1879
1879
1879
1879
1879
1879
1879
1879
1879
1879
1879
1879
1879
1879
1879
1879
1879
1879
1879
1879
1879
1879
1879
1879
1879
1879
1879
1879
1879
1879
1879
1879
1879
1879
1879
1879
1879
1879
1879
1879
1879
1879
1879
1879
1848
1848
1848
1848
1848
1848
1848
1848
1848
1848
1848
1848
1848
1848
1848
1848
1848
1848
1848
1848
1848
1848
1848
1848
1848
1848
1848
1848
1848
1848
1848
1848
1848
1848
1848
1848
1848
1848
1848
1848
1848
1848
1848
1848
1848
1848
1848
1848
1848
1848
1848
1848
1848
1848
1848
1848
1848
1848
1848
1848
1848
1848
1848
1848
1848
1848
1848
1848
1848
1848
1848
1848
1848
1848
1848
1848
1848
1848
1848
1848
1848
1848
1848
1848
1848
1848
1848
1848
1848
1848
1814
1814
1814
1814
1814
1814
1814
1814
1814
1814
1814
1814
1814
1814
1814
1814
1814
1814
1814
1814
1814
1814
1814
1814
1814
1814
1814
1814
1814
1814
1814
1814
1814
1814
1814
1814
1814
1814
1814
1814
1814
1814
1814
1814
1814
1814
1814
1814
1814
1814
1814
1814
1814
1814
1814
1809
1809
1809
1809
1809
1809
1809
1809
1809
1809
1809
1809
1809
1809
1809
1809
1809
1809
1809
1809
1809
1809
1809
1809
1809
1809
1809
1809
1809
1809
1809
1809
1809
1809
1809
1809
1809
1809
1809
1809
1809
1809
1809
1809
1809
1809
1809
1809
1809
1809
1809
1809
1809
1809
1809
1809
1809
1809
1809
1809
1809
1809
1809
1809
1809
1809
1809
1809
1809
1809
1809
1809
1809
1809
1809
1809
1809
1809
1809
1809
1809
1809
1809
1809
1809
1809
1809
1809
1776
1776
1776
1776
1776
1776
1776
1776
1776
1776
1776
1776
1776
1744
1744
1744
1744
1744
1744
1744
1744
1744
1744
1744
1744
1744
1744
1744
1744
1744
1744
1744
1744
1744
1744
1744
1744
1744
1744
1744
1744
1744
1744
1744
1744
1744
1744
1744
1744
1744
1744
1744
1744
1744
1744
1744
1744
1744
1744
1744
1744
1744
1744
1744
1744
1744
1744
1744
1744
1744
1744
1744
1744
1744
1744
1744
1744
1744
1744
1744
1744
1744
1744
1744
1744
1744
1744
1744
1744
1744
1744
1744
1744
1744
1744
1740
1740
1740
1740
1740
1740
1740
1740
1740
1740
1740
1740
1740
1740
1740
1740
1740
1740
1740
1740
1740
1740
1740
1740
1740
1740
1740
1740
1740
1740
1740
1740
1740
1740
1740
1740
1740
1740
1740
1740
1740
1740
1740
1740
1740
1740
1740
1740
1740
1740
1740
1740
1740
1740
1740
1740
1740
1740
1740
1740
1740
1740
1740
1740
1740
1740
1740
1740
1740
1740
1740
1740
1740
1740
1740
1740
1740
1740
1740
1740
1740
1740
1740
1740
1740
1740
1740
1740
1740
1740
1740
1740
1740
1740
1740
1740
1740
1690
1690
1690
1690
1690
1690
1690
1690
1690
1690
1690
1690
1690
1690
1690
1690
1690
1690
1690
1690
1690
1690
1690
1690
1690
1690
1690
1690
1690
1690
1690
1690
1690
1690
1690
1690
1690
1690
1690
1690
1690
1644
1644
1644
1644
1644
1644
1644
1644
1644
1644
1644
1644
1644
1644
1644
1644
1644
1644
1644
1644
1644
1644
1644
1644
1644
1644
1644
1644
1644
1644
1644
1644
1644
1644
1644
1644
1644
1644
1644
1644
1644
1644
1644
1644
1644
1644
1644
1644
1644
1644
1644
1644
1644
1644
1644
1644
1644
1644
1644
1644
1644
1644
1644
1644
1644
1644
1644
1644
1644
1644
1644
1644
1644
1644
1644
1644
1644
1644
1644
1644
1644
1644
1623
1623
1623
1623
1623
1623
1623
1623
1623
1623
1623
1623
1623
1623
1623
1623
1623
1623
1623
1623
1623
1623
1623
1623
1623
1623
1623
1623
1623
1623
1623
1623
1623
1623
1623
1623
1623
1623
1623
1623
1623
1623
1554
1554
1554
1554
1554
1533
1533
1533
1533
1533
1533
1533
1533
1533
1533
1533
1533
1533
1533
1533
1533
1533
1533
1533
1533
1533
1533
1533
1533
1533
1533
1533
1533
1533
1533
1533
1533
1533
1533
1533
1533
1533
1533
1533
1533
1533
1533
1533
1533
1533
1533
1533
1533
1533
1533
1497
1497
1497
1497
1497
1497
1497
1497
1497
1497
1497
1497
1497
1497
1497
1497
1497
1497
1497
1497
1497
1497
1497
1497
1497
1497
1497
1497
1497
1497
1497
1497
1497
1497
1497
1497
1497
1497
1497
1497
1497
1497
1497
1497
1497
1497
1497
1497
1497
1497
1497
1497
1497
1497
1497
1497
1497
1497
1497
1497
1352
1352
1352
1352
1352
1352
1352
1352
1352
1352
1352
1352
1241
1241
1241
1241
1241
1241
1241
1241
1241
1241
1241
1241
1241
1241
1241
1230
1230
1230
1230
1230
1230
1230
1230
1230
1230
1230
1230
1230
1230
1230
1230
1230
1230
1230
1230
1230
1230
1230
1230
1230
1230
1230
1230
1230
1230
1230
1228
1228
1228
1228
1228
1228
1228
1228
1228
1228
1228
1228
1228
1228
1228
1228
1228
1228
1228
1228
1228
1228
1228
1228
1228
1228
1228
1228
1228
1228
1228
1228
1228
1228
1228
1228
1228
1228
1228
1228
1228
1228
1228
1228
1228
1228
1228
1228
1228
1228
1228
1228
1228
1228
1228
1228
1228
1228
1228
1228
1228
1228
1228
1228
1228
1228
1228
1228
1228
1228
1228
1228
1228
1228
1228
1228
1228
1203
1203
1203
1203
1203
1203
1203
1203
1203
1203
1203
1203
1203
1203
1203
1203
1203
1203
1203
1203
1203
1203
1203
1203
1203
1203
1203
1203
1203
1203
1203
1203
1203
1203
1203
1203
1203
1203
1203
1203
1203
1203
1203
1203
1187
1187
1187
1187
1187
1187
1187
1187
1187
1187
1187
1187
1187
1187
1187
1187
1187
1187
1187
1014
1014
1014
1014
1014
1014
1014
1014
1014
1014
1014
1014
1014
1014
1014
1014
1014
1014
1014
1014
1014
1014
1014
1014
1014
1014
1014
1014
1014
1014
1014
1014
1014
1014
1014
1014
1014
1014
1014
1014
1014
1014
895
895
895
895
895
895
895
895
895
895
895
895
895
895
895
895
895
895
895
895
895
895
895
895
895
895
895
895
895
895
883
883
883
883
883
883
883
883
883
883
883
883
883
883
883
883
883
883
883
883
883
883
883
883
883
883
883
883
883
883
883
883
883
883
883
883
883
883
883
883
883
883
883
883
883
883
883
883
883
883
883
883
883
883
826
826
826
826
826
826
826
826
826
826
826
826
826
826
826
826
826
826
826
826
826
800
800
800
800
800
800
800
800
800
800
671
671
671
671
671
671
671
671
671
671
671
671
671
671
671
671
671
671
671
671
671
671
671
671
671
671
636
636
636
636
636
636
636
636
636
636
636
636
636
636
636
636
636
636
636
636
636
636
636
636
636
636
636
636
636
529
529
529
529
529
529
529
529
529
529
529
529
529
529
529
529
480
480
480
480
480
480
480
480
480
480
480
480
480
480
480
480
480
480
480
480
480
480
480
480
480
480
480
480
480
480
480
480
480
480
480
480
480
480
480
480
480
480
480
480
480
480
480
480
480
480
480
480
480
480
480
480
480
480
460
460
460
384
384
384
384
384
384
384
384
384
384
384
384
384
384
384
384
384
384
384
384
384
384
384
384
384
384
384
384
384
384
384
384
384
384
384
384
384
384
384
384
384
384
384
384
384
384
384
384
384
384
384
384
384
384
384
384
384
384
384
384
384
384
384
384
384
384
384
384
384
367
367
367
367
367
367
367
367
367
367
367
367
367
367
367
367
367
367
367
367
367
367
367
367
367
367
367
367
367
367
367
367
367
367
367
367
367
367
367
367
367
367
367
367
367
367
367
367
367
367
367
367
367
367
367
367
367
367
367
367
367
367
367
367
367
367
367
315
315
315
315
315
315
315
315
315
315
315
315
315
315
315
315
315
315
315
315
315
315
315
315
315
315
315
315
315
315
315
315
315
315
315
315
315
315
315
315
315
315
315
315
315
315
315
315
315
315
315
315
315
315
315
315
315
315
315
315
315
315
315
315
315
315
315
315
315
315
315
315
315
315
315
315
315
315
315
315
315
315
315
315
315
315
315
315
315
315
315
315
315
315
315
315
315
315
304
304
304
304
304
304
304
304
304
304
304
304
304
304
304
304
304
304
304
304
304
304
304
304
304
304
304
304
304
304
304
304
304
304
304
304
304
304
304
304
304
304
304
304
304
304
304
304
304
304
304
304
304
304
304
304
304
304
304
304
304
304
304
304
304
304
304
304
304
304
304
304
304
304
304
304
304
304
304
304
304
304
304
304
304
304
304
280
280
280
280
280
280
280
280
280
280
280
280
280
280
280
280
280
280
280
280
280
280
280
280
280
280
280
280
280
280
280
280
280
280
280
280
280
280
280
280
280
280
280
280
280
280
280
280
280
264
264
264
264
264
264
264
264
264
264
264
264
264
264
264
264
264
264
264
264
264
264
264
264
264
264
264
264
264
264
264
264
264
264
264
264
264
264
264
264
264
264
264
264
264
264
264
264
264
264
264
264
264
264
264
264
264
264
264
264
264
264
264
264
264
264
264
264
264
264
264
264
264
264
264
264
232
232
232
232
232
232
232
232
232
232
223
223
223
223
223
223
223
223
223
223
223
223
223
223
223
223
223
223
223
223
223
223
223
223
223
223
223
223
223
223
223
223
223
223
223
223
223
223
223
223
223
223
223
223
223
223
223
223
223
223
223
223
223
223
223
223
223
223
223
185
185
185
185
185
185
185
185
185
185
185
185
185
185
185
185
185
185
185
185
185
185
185
185
185
185
185
185
185
185
185
185
185
185
185
185
185
185
185
185
185
185
185
185
185
185
185
185
185
185
185
185
185
185
185
185
185
185
185
185
185
185
77
77
77
77
77
77
77
77
77
77
77
77
77
77
77
77
77
77
77
77
77
77
77
77
77
77
77
77
77
77
77
77
77
77
77
77
77
77
77
77
77
77
77
77
77
77
77
77
77
77
77
77
77
77
77
77
77
77
77
77
77
77
77
77
77
77
77
77
77
77
77
77
77
77
77
29
29
29
29
29
29
29
29
29
29
29
29
29
29
29
29
29
29
29
29
29
29
29
29
29
29
29
29
29
29
29
29
29
29
29
29
29
29
29
29
29
29
29
29
29
29
29
29
29
29
29
29
29
29
29
29
29
29
29
29
29
29
29
29
29
29
29
29
29
29
29
29
29
29
29
29
29
29
29
29
29
29
29
