500
10000
4953
4953
4953
4953
4953
4953
4953
4953
4953
4953
4953
4953
4773
4773
4773
4773
4773
4773
4773
4773
4707
4707
4707
4707
4707
4707
4707
4707
4707
4707
4692
4670
4670
4670
4657
4657
4657
4657
4657
4657
4657
4657
4657
4657
4657
4564
4564
4564
4564
4397
4397
4397
4397
4397
4284
4284
4284
4284
4284
4284
4284
4284
4284
4284
4284
4284
4284
4284
4284
4284
4284
4196
4196
4196
4196
4196
4196
4178
4178
4178
4178
4178
4178
4178
4178
4178
4176
4176
4176
4176
4176
4176
4176
4165
4165
4165
4165
4165
4165
4165
4165
4165
4165
4102
4102
4102
4102
4102
4094
4094
4094
4094
4094
4094
4094
4094
4094
4094
4094
4094
4094
4094
4094
4060
4060
4060
4060
4060
3978
3978
3978
3978
3978
3978
3978
3978
3978
3978
3978
3866
3866
3866
3866
3866
3866
3866
3866
3866
3866
3866
3866
3852
3852
3852
3852
3852
3852
3852
3852
3852
3852
3852
3852
3852
3852
3852
3852
3852
3845
3845
3845
3845
3845
3845
3845
3845
3845
3845
3845
3845
3747
3747
3740
3740
3740
3740
3558
3558
3558
3558
3558
3558
3558
3558
3558
3558
3558
3558
3558
3558
3558
3558
3558
3558
3558
3490
3490
3490
3490
3490
3490
3490
3490
3490
3490
3490
3490
3490
3490
3487
3487
3487
3487
3487
3487
3487
3487
3487
3354
3354
3354
3354
3354
3354
3354
3354
3354
3354
3354
3354
3354
3354
3354
3354
3354
3354
3159
3159
3159
3159
3159
3159
3008
2722
2722
2722
2722
2722
2722
2671
2671
2671
2671
2671
2671
2671
2671
2671
2671
2671
2671
2671
2671
2671
2671
2671
2507
2507
2507
2507
2507
2507
2507
2507
2507
2507
2507
2507
2507
2507
2507
2507
2507
2507
2370
2370
2370
2370
2370
2370
2370
2370
2370
2370
2370
2370
2370
2370
2370
2370
2370
2123
2123
2123
2040
2040
2040
2040
2040
2040
2040
2040
2040
2040
2040
2040
2040
2025
2025
2025
2025
2025
2025
2025
2025
2025
2025
2025
2025
2025
2025
1895
1895
1895
1895
1895
1895
1895
1895
1895
1895
1895
1870
1861
1861
1861
1816
1816
1816
1816
1816
1816
1816
1816
1816
1816
1816
1780
1780
1780
1780
1780
1780
1780
1780
1780
1780
1780
1780
1713
1713
1713
1713
1713
1713
1713
1713
1713
1713
1713
1713
1713
1699
1699
1699
1699
1699
1699
1699
1699
1699
1699
1699
1699
1699
1699
1699
1699
1699
1637
1637
1637
1637
1503
1503
1503
1503
1503
1503
1503
1503
1503
1503
1503
1503
1503
1503
1503
1503
1503
1363
1363
1111
1111
1111
1111
1111
1111
1111
1111
1111
1111
1111
1067
1067
1067
734
734
734
734
734
734
734
734
734
734
734
734
734
734
734
734
734
734
734
589
589
589
589
589
589
589
589
589
589
589
589
589
589
589
589
589
589
194
194
194
194
194
194
194
194
194
194
194
194
194
194
194
194
194
