2481
10000
4953
4953
4953
4953
4953
4953
4953
4953
4953
4953
4953
4953
4953
4953
4953
4953
4953
4953
4953
4953
4953
4953
4953
4953
4953
4953
4953
4953
4953
4953
4953
4953
4953
4953
4953
4953
4953
4953
4953
4953
4953
4953
4953
4953
4953
4953
4953
4953
4953
4953
4953
4953
4953
4953
4953
4953
4953
4953
4953
4953
4953
4953
4866
4866
4866
4866
4866
4866
4866
4866
4866
4866
4866
4866
4866
4866
4866
4866
4866
4866
4866
4866
4866
4866
4866
4866
4866
4866
4866
4866
4866
4866
4840
4840
4840
4840
4840
4840
4840
4840
4840
4840
4840
4840
4840
4840
4840
4840
4840
4840
4840
4840
4840
4840
4840
4840
4840
4840
4840
4840
4840
4840
4840
4840
4840
4840
4840
4840
4840
4840
4840
4840
4840
4840
4840
4840
4840
4840
4840
4840
4840
4840
4840
4840
4840
4840
4840
4840
4840
4840
4840
4840
4840
4840
4840
4840
4840
4840
4840
4840
4840
4840
4840
4827
4827
4827
4827
4827
4827
4827
4827
4827
4827
4827
4827
4827
4827
4827
4827
4827
4827
4827
4827
4827
4827
4827
4827
4827
4827
4827
4827
4827
4827
4827
4827
4827
4827
4827
4827
4827
4827
4827
4827
4827
4827
4827
4827
4827
4827
4827
4827
4827
4827
4827
4827
4827
4827
4827
4827
4827
4827
4827
4827
4827
4714
4714
4714
4714
4714
4714
4714
4714
4714
4714
4714
4714
4714
4714
4714
4714
4714
4714
4714
4714
4714
4714
4714
4714
4714
4714
4714
4714
4714
4714
4714
4714
4714
4714
4714
4714
4714
4714
4714
4714
4714
4714
4714
4714
4714
4714
4714
4714
4714
4714
4714
4714
4714
4714
4714
4714
4714
4714
4714
4714
4714
4714
4714
4714
4714
4714
4714
4714
4714
4714
4714
4714
4714
4714
4714
4714
4714
4714
4714
4714
4714
4714
4714
4714
4714
4714
4714
4714
4714
4714
4714
4714
4714
4714
4714
4714
4714
4714
4694
4694
4694
4694
4694
4694
4694
4694
4694
4694
4694
4694
4694
4694
4694
4694
4694
4694
4694
4694
4694
4694
4694
4694
4694
4694
4694
4694
4694
4694
4694
4694
4694
4694
4694
4694
4694
4694
4694
4694
4694
4694
4694
4694
4694
4694
4694
4694
4694
4694
4694
4694
4694
4694
4694
4694
4694
4694
4694
4694
4694
4694
4694
4694
4694
4694
4694
4694
4694
4694
4694
4694
4694
4694
4666
4666
4666
4666
4666
4666
4666
4666
4666
4666
4666
4666
4666
4666
4666
4666
4666
4666
4666
4666
4666
4666
4666
4666
4666
4666
4666
4666
4666
4624
4624
4624
4624
4624
4624
4624
4624
4624
4624
4624
4624
4624
4624
4624
4624
4624
4624
4624
4624
4624
4624
4624
4624
4624
4624
4624
4624
4624
4624
4624
4624
4624
4624
4624
4624
4624
4624
4624
4624
4624
4624
4624
4624
4624
4624
4624
4624
4624
4624
4624
4624
4624
4624
4624
4624
4624
4624
4624
4624
4624
4624
4624
4624
4624
4624
4624
4624
4429
4429
4429
4429
4429
4429
4429
4429
4429
4429
4429
4429
4429
4429
4429
4429
4429
4429
4429
4429
4429
4429
4429
4429
4429
4357
4357
4357
4357
4357
4357
4357
4357
4357
4357
4357
4357
4357
4357
4357
4357
4357
4357
4357
4357
4357
4357
4357
4357
4357
4357
4357
4357
4357
4357
4357
4357
4357
4357
4357
4357
4357
4357
4357
4357
4357
4357
4357
4357
4357
4357
4357
4357
4357
4357
4357
4357
4357
4357
4357
4357
4357
4357
4357
4357
4357
4357
4357
4357
4357
4357
4357
4357
4357
4357
4357
4357
4357
4357
4357
4183
4183
4183
4183
4183
4183
4183
4183
4183
4183
4183
4183
4183
4183
4183
4183
4183
4183
4183
4183
4183
4183
4183
4183
4183
4183
4183
4183
4183
4183
4183
4183
4183
4183
4183
4183
4183
4183
4183
4183
4183
4183
4183
4183
4183
4183
4183
4183
4183
4183
4183
4183
4183
4183
4183
4183
4183
4183
4183
4183
4183
4183
4183
4183
4183
4183
4183
4183
4183
4183
4183
4183
4183
4183
4183
4183
4183
4183
4183
4183
4183
4183
4183
4183
4183
4183
4183
4183
4183
4183
4183
4183
4183
4183
4183
4183
4183
4183
4183
4183
4152
4152
4152
4152
4054
4012
4012
4012
4012
4012
4012
4012
4012
4012
4012
4012
4012
4012
4012
4012
4012
4012
4012
4012
4012
4012
4012
4012
4012
4012
4012
4012
4012
4012
4012
4012
4012
4012
4012
4012
4012
4012
4012
4012
4012
4012
4012
4012
4012
4012
4012
4012
4012
4012
4012
4012
4012
4012
4012
4012
4012
4012
4012
4012
4012
4012
4012
4012
4012
4012
4012
4012
4012
4012
4012
4012
4012
4012
4012
4012
4012
4012
4012
4012
4012
4012
4012
4012
4012
4012
4012
4012
4012
4012
4012
4012
4012
4012
4012
3926
3926
3926
3926
3926
3926
3926
3926
3926
3926
3926
3926
3926
3926
3926
3926
3926
3926
3525
3525
3525
3525
3525
3525
3525
3525
3525
3525
3525
3525
3525
3525
3525
3525
3525
3525
3525
3525
3525
3525
3525
3525
3525
3525
3525
3525
3525
3525
3491
3491
3491
3491
3491
3491
3491
3491
3491
3491
3491
3491
3491
3491
3491
3491
3491
3491
3491
3491
3491
3491
3491
3491
3491
3491
3491
3491
3491
3491
3491
3491
3491
3491
3491
3491
3491
3491
3491
3491
3491
3491
3491
3491
3491
3475
3475
3475
3475
3475
3475
3475
3475
3475
3475
3475
3475
3475
3475
3475
3475
3475
3475
3475
3475
3475
3475
3475
3475
3475
3475
3475
3475
3475
3475
3475
3475
3475
3475
3475
3475
3475
3475
3475
3475
3475
3475
3475
3475
3475
3475
3475
3475
3475
3475
3475
3475
3475
3475
3475
3475
3475
3475
3470
3470
3470
3470
3470
3470
3470
3470
3470
3470
3470
3470
3470
3470
3470
3470
3470
3470
3470
3470
3470
3470
3470
3470
3470
3470
3470
3470
3470
3470
3470
3470
3470
3470
3470
3470
3470
3470
3470
3470
3470
3470
3470
3470
3470
3470
3470
3470
3470
3470
3470
3470
3470
3470
3470
3470
3470
3470
3470
3470
3470
3470
3431
3226
3226
3226
3226
3226
3226
3226
3226
3226
3226
3226
3226
3226
3226
3226
3226
3226
3226
3226
3226
3226
3226
3226
3226
3226
3226
3226
3226
3226
3226
3226
3226
3226
3226
3226
3226
3226
3226
3226
3226
3226
3226
3226
3226
3226
3226
3226
3226
3226
3226
3226
3226
3226
3226
3226
3226
3226
3226
3226
3226
3226
3226
3226
3226
3226
3226
3226
3226
3226
3226
3226
3226
3226
3226
3226
3226
3226
3226
3226
3226
3221
3221
3221
3221
3221
3221
3221
3221
3221
3221
3221
3221
3221
3221
3221
3221
3221
3221
3221
3221
3221
3221
3221
3221
3221
3221
3221
3221
3221
3221
3221
3221
3221
3221
3221
3221
3221
3221
3221
3221
3221
3221
3221
3221
3221
3221
3221
3221
3221
3221
3221
3221
3221
3221
3221
3221
3221
3221
3221
3221
3221
3221
3221
3221
3221
3221
3221
3221
3221
3221
3221
3221
3221
3221
3221
3221
3221
3221
3221
3221
3221
3221
3221
3221
3221
3221
3221
3221
3221
3221
3221
3221
3011
3011
3011
3011
3011
3011
3011
3011
2784
2784
2784
2784
2784
2784
2784
2784
2784
2784
2784
2784
2784
2784
2784
2784
2784
2784
2784
2784
2784
2784
2784
2784
2784
2784
2784
2784
2784
2784
2775
2775
2775
2775
2775
2775
2775
2775
2775
2775
2775
2775
2775
2775
2775
2775
2775
2775
2775
2775
2775
2775
2775
2775
2775
2775
2775
2775
2775
2775
2775
2775
2775
2775
2775
2775
2775
2775
2775
2775
2775
2775
2775
2775
2775
2775
2775
2775
2775
2775
2775
2775
2775
2775
2775
2775
2775
2775
2775
2775
2775
2775
2775
2775
2775
2775
2775
2775
2775
2775
2775
2775
2775
2775
2775
2775
2775
2775
2775
2775
2775
2775
2741
2741
2741
2741
2741
2741
2741
2741
2741
2741
2741
2741
2741
2741
2741
2741
2741
2697
2697
2697
2697
2697
2697
2697
2697
2697
2697
2697
2697
2697
2697
2697
2697
2697
2697
2697
2697
2697
2697
2697
2697
2697
2697
2697
2697
2697
2697
2697
2697
2697
2697
2697
2697
2697
2697
2697
2697
2697
2697
2697
2697
2697
2697
2697
2697
2697
2697
2697
2697
2697
2697
2697
2697
2697
2697
2697
2697
2697
2697
2697
2697
2697
2697
2697
2697
2697
2697
2697
2697
2697
2697
2697
2697
2697
2697
2697
2697
2697
2697
2652
2652
2652
2652
2652
2652
2652
2652
2652
2652
2652
2652
2652
2652
2652
2652
2652
2652
2652
2652
2652
2652
2652
2652
2652
2652
2652
2652
2652
2652
2652
2652
2652
2652
2652
2652
2652
2652
2652
2652
2652
2652
2652
2652
2652
2652
2652
2652
2652
2652
2652
2652
2652
2652
2652
2652
2652
2652
2652
2652
2652
2652
2652
2652
2652
2652
2652
2652
2652
2652
2652
2652
2652
2652
2556
2556
2556
2556
2556
2556
2556
2556
2556
2556
2556
2556
2556
2556
2556
2556
2556
2556
2556
2556
2556
2556
2556
2556
2556
2556
2556
2556
2556
2556
2556
2556
2556
2556
2556
2556
2556
2556
2556
2556
2556
2556
2556
2556
2556
2556
2556
2556
2556
2556
2556
2556
2556
2556
2556
2556
2556
2556
2556
2556
2556
2556
2556
2556
2556
2556
2556
2556
2556
2556
2556
2556
2556
2556
2556
2506
2506
2376
2376
2376
2376
2376
2376
2376
2376
2376
2376
2376
2376
2376
2376
2376
2376
2376
2376
2376
2376
2376
2376
2376
2376
2376
2376
2376
2376
2376
2376
2376
2376
2376
2376
2376
2376
2376
2376
2376
2376
2376
2376
2376
2376
2376
2376
2376
2376
2376
2376
2376
2376
2376
2376
2376
2376
2376
2376
2376
2376
2376
2376
2376
2376
2376
2376
2376
2376
2376
2376
2376
2376
2376
2376
2376
2376
2376
2275
2275
2275
2275
2275
2275
2275
2275
2275
2275
2275
2275
2275
2275
2275
2275
2275
2275
2275
2275
2275
2275
2275
2275
2275
2275
2275
2275
2275
2275
2275
2275
2275
2275
2275
2275
2275
2275
2275
2275
2275
2275
2275
2275
2275
2275
2275
2275
2275
2275
2275
2275
2275
2275
2275
2275
2275
2275
2275
2275
2275
2233
2233
2233
2233
2233
2233
2233
2233
2233
2233
2233
2233
2233
2233
2233
2233
2233
2233
2233
2233
2233
2233
2233
2233
2233
2233
2233
2233
2233
2233
2233
2233
2233
2233
2233
2233
2233
2233
2233
2233
2233
2233
2233
2233
2233
2233
2233
2233
2233
2233
2233
2233
2233
2233
2233
2233
2233
2233
2233
2233
2233
2233
1928
1870
1870
1870
1870
1870
1774
1774
1774
1774
1774
1774
1774
1774
1774
1774
1774
1774
1774
1774
1774
1774
1774
1774
1774
1774
1774
1774
1774
1774
1774
1774
1774
1774
1774
1774
1774
1774
1774
1774
1774
1736
1736
1736
1736
1736
1736
1736
1736
1736
1736
1736
1736
1736
1736
1736
1736
1736
1643
1643
1643
1643
1643
1643
1643
1643
1643
1643
1643
1643
1643
1643
1643
1643
1643
1643
1643
1643
1643
1643
1643
1643
1643
1643
1643
1643
1643
1643
1643
1643
1643
1643
1643
1643
1643
1643
1643
1643
1643
1643
1643
1643
1643
1643
1643
1643
1643
1643
1409
1409
1409
1409
1409
1409
1409
1409
1409
1409
1409
1409
1409
1409
1409
1409
1409
1409
1409
1409
1409
1409
1409
1409
1409
1409
1409
1409
1409
1409
1409
1409
1409
1409
1409
1409
1337
1337
1337
1337
1337
1337
1337
1337
1337
1337
1337
1337
1337
1337
1337
1337
1337
1337
1337
1337
1337
1337
1337
1337
1337
1337
1337
1337
1337
1337
1337
1337
1337
1337
1337
1337
1337
1337
1337
1337
1337
1337
1337
1337
1337
1337
1337
1337
1337
1337
1337
1337
1337
1337
1337
1337
1337
1337
1337
1337
1337
1337
1337
1337
1337
1337
1337
1337
1337
1337
1337
1337
1337
1229
1229
1229
1229
1229
1229
1229
1229
1229
1229
1229
1229
1229
1229
1229
1229
1229
1229
1229
1229
1229
1229
1229
1229
1229
1229
1229
1229
1229
1229
1229
1229
1229
1229
1229
1229
1229
1229
1229
1229
1229
1229
1229
1229
1229
1229
1229
1229
1229
1229
1229
1229
1229
1229
1193
1193
1193
1193
1193
1193
1193
1193
1193
1193
1193
1193
1193
1193
1193
1193
1193
1193
1193
1193
1193
1193
1193
1193
1193
1193
1193
1193
1193
1193
1193
1193
1193
1193
1193
1193
1193
1193
1193
1193
1193
1193
1193
1193
1193
1193
1193
1193
1193
1193
1193
1193
1193
1169
1169
1169
1169
1169
1169
1169
1169
1169
1169
964
964
964
964
964
964
964
964
964
964
964
964
964
964
964
964
964
964
964
964
964
964
964
964
964
964
964
964
964
964
964
964
964
964
964
964
964
964
964
964
964
964
964
964
964
964
964
964
964
964
964
964
964
964
964
964
964
964
964
964
964
964
964
964
964
964
964
964
964
964
964
964
964
964
964
964
964
964
964
964
964
964
964
964
964
964
964
964
964
950
950
950
950
950
950
950
950
950
950
950
950
950
950
950
950
950
950
950
950
950
950
950
950
950
950
950
950
950
950
950
950
950
950
950
950
950
950
950
950
950
950
950
950
950
950
950
950
950
950
950
950
950
950
950
950
950
950
950
950
950
950
950
950
950
950
950
950
950
950
950
950
950
950
950
950
950
950
950
950
950
950
950
950
950
950
950
950
950
950
950
950
950
950
876
876
876
876
876
876
876
876
876
876
876
876
876
876
876
876
876
876
876
876
876
876
876
876
876
876
876
876
766
766
766
766
766
766
766
766
766
766
766
766
766
766
766
766
766
766
766
766
766
766
766
766
766
766
766
766
766
766
766
766
766
766
766
766
766
766
766
766
766
766
766
766
766
766
766
766
766
766
766
766
766
766
766
766
766
766
766
766
766
462
462
462
462
462
462
462
462
462
462
462
462
462
462
462
462
462
462
462
462
462
462
462
462
462
462
462
462
462
462
462
462
462
462
462
462
462
462
462
462
462
462
462
462
462
462
462
462
462
462
462
462
462
462
462
462
462
462
462
462
462
462
462
462
462
462
462
462
353
353
353
353
353
353
353
353
353
353
353
353
353
353
353
353
353
353
353
353
353
225
225
225
225
225
225
225
225
225
225
225
225
225
225
225
225
225
225
225
225
225
225
225
225
225
225
225
225
225
225
225
225
225
225
225
225
225
225
