590
10000
7166
7166
7166
7166
7166
7166
7166
7166
7024
7024
7024
7024
7024
7024
7024
7024
7024
7024
7024
7024
7024
7024
6895
6895
6895
6895
6895
6895
6895
6748
6748
6748
6748
6748
6748
6748
6748
6748
6748
6748
6748
6748
6748
6748
6616
6570
6570
6570
6570
6570
6570
6570
6570
6570
6570
6570
6570
6570
6570
6570
6570
6570
6484
6484
6484
6484
6484
6484
6484
6484
6484
6484
6484
6484
6484
6484
6484
6484
6453
6453
6453
6453
6453
6453
6453
6403
6403
6403
6403
6403
6403
6403
6403
6095
6095
6095
6095
6095
6095
6095
6095
6095
6095
6095
6095
5937
5937
5937
5937
5937
5937
5937
5937
5937
5937
5937
5931
5931
5931
5931
5931
5931
5931
5931
5931
5931
5931
5931
5931
5931
5931
5931
5888
5888
5888
5888
5888
5888
5888
5888
5888
5888
5888
5831
5831
5831
5831
5831
5831
5831
5831
5831
5831
5831
5831
5831
5831
5831
5831
5831
5831
5831
5831
5743
5743
5743
5743
5743
5583
5583
5583
5583
5583
5583
5583
5583
5583
5583
5583
5583
5583
5094
5094
5094
5094
5094
5094
5094
5094
5094
5094
5094
5094
5094
5094
5094
5094
5094
5094
5094
5089
5089
5089
5051
5051
5051
5051
5051
5051
5051
5051
5051
5051
5051
5051
5051
5051
5051
5051
5051
5051
5051
5051
4979
4979
4979
4979
4979
4979
4979
4979
4979
4979
4979
4979
4926
4926
4926
4926
4926
4926
4926
4926
4926
4926
4926
4926
4926
4825
4825
4825
4825
4825
4825
4825
4825
4825
4825
4825
4747
4747
4747
4747
4747
4747
4747
4747
4747
4747
4747
4747
4747
4747
4747
4747
4747
4747
4747
4601
4601
4601
4601
4601
4601
4601
4601
4601
4601
4601
4601
4601
4601
4601
4601
4601
4601
4467
4455
4455
4455
4455
4455
4455
4455
4455
4455
4455
4455
4455
4455
4455
4455
4455
4455
4455
3986
3986
3986
3986
3986
3986
3986
3986
3986
3986
3986
3986
3986
3986
3986
3986
3986
3986
3976
3976
3976
3976
3976
3976
3976
3976
3976
3976
3893
3893
3893
3893
3893
3893
3893
3361
3361
3361
3361
3361
3361
3361
3361
3361
3361
3293
3293
3293
3293
3293
3293
3293
3293
3251
3251
3251
3251
3251
3251
3251
3251
3251
3251
3251
3251
3251
3251
3251
3237
3237
3237
3237
3237
3237
3237
3071
3071
3071
2680
2680
2680
2680
2680
2680
2680
2680
2680
2680
2680
2680
2680
2680
2680
2332
2332
2332
2332
2332
2332
2332
2332
2332
2332
2332
2332
2332
2332
2332
2332
2288
2288
2288
2288
2288
2288
2288
2288
2288
2288
2288
2288
2288
2288
2288
2288
2288
2288
2175
2175
2175
2175
2175
2091
2091
2091
2091
1774
1774
1774
1774
1774
1714
1714
1714
1714
1714
1714
1714
1714
1714
1714
1714
1714
1714
1714
1714
1642
1642
1642
1642
1642
1642
1642
1642
1431
1431
1431
1431
1431
1431
1431
1431
1431
1431
1431
1184
1184
1184
1184
1184
1184
1184
1184
1184
1184
1184
1184
1184
1184
1184
1184
1139
1139
1139
1139
1139
1139
892
892
892
892
892
892
892
892
892
892
633
633
633
633
633
633
633
633
633
633
633
633
633
633
633
633
633
633
633
512
512
512
512
512
512
512
512
512
512
512
512
512
512
512
512
512
351
351
351
351
351
351
351
351
351
351
351
351
242
242
242
242
242
242
242
242
242
242
242
242
242
242
242
242
242
242
242
242
