2253
10000
4962
4962
4962
4962
4962
4962
4962
4962
4962
4962
4962
4962
4962
4962
4962
4962
4962
4962
4962
4962
4962
4962
4962
4962
4962
4962
4962
4962
4962
4962
4962
4962
4962
4962
4962
4962
4962
4962
4962
4962
4962
4962
4962
4962
4962
4962
4962
4962
4962
4962
4962
4962
4962
4962
4962
4962
4962
4962
4957
4957
4957
4957
4957
4957
4957
4957
4957
4957
4957
4957
4957
4957
4957
4957
4957
4957
4957
4957
4957
4957
4957
4957
4957
4957
4957
4957
4957
4957
4957
4836
4836
4836
4836
4836
4836
4836
4836
4836
4836
4836
4836
4836
4836
4836
4836
4836
4836
4836
4836
4836
4836
4836
4836
4836
4836
4836
4836
4792
4792
4792
4792
4792
4792
4792
4792
4792
4792
4792
4792
4792
4792
4792
4792
4792
4792
4792
4792
4792
4792
4792
4792
4792
4792
4792
4792
4792
4792
4792
4792
4792
4792
4792
4792
4792
4792
4792
4678
4678
4678
4678
4678
4678
4678
4678
4678
4678
4678
4678
4678
4678
4678
4678
4678
4678
4678
4678
4678
4678
4678
4678
4678
4678
4678
4678
4678
4678
4678
4678
4678
4678
4678
4678
4678
4678
4678
4678
4678
4678
4678
4678
4678
4678
4678
4678
4678
4678
4678
4678
4678
4678
4678
4678
4678
4678
4678
4678
4678
4678
4678
4678
4678
4678
4678
4678
4678
4678
4678
4477
4477
4477
4477
4477
4477
4477
4477
4477
4477
4477
4477
4477
4477
4477
4477
4477
4477
4477
4477
4477
4477
4477
4477
4477
4477
4477
4477
4297
4297
4297
4297
4297
4297
4297
4297
4297
4297
4297
4297
4297
4297
4297
4297
4297
4297
4297
4297
4297
4297
4297
4297
4297
4297
4297
4297
4297
4297
4297
4297
4297
4297
4297
4297
4297
4297
4297
4297
4297
4297
4297
4297
4297
4297
4297
4297
4297
4297
4297
4297
4297
4297
4297
4292
4292
4292
4292
4292
4292
4292
4292
4292
4292
4292
4292
4292
4292
4292
4292
4292
4292
4292
4292
4292
4292
4292
4292
4292
4292
4292
4292
4292
4292
4292
4292
4292
4292
4292
4292
4292
4292
4292
4292
4292
4292
4292
4292
4292
4292
4292
4292
4292
4292
4292
4292
4292
4292
4292
4292
4292
4292
4292
4197
4197
4197
4197
4197
4197
4197
4197
4197
4197
4197
4197
4197
4197
4197
4197
4197
4197
4197
4197
4197
4197
4197
4197
4197
4197
4197
4197
4197
4197
4197
4197
4197
4197
4197
4197
4197
4197
4197
4197
4197
4197
4197
4197
4197
4197
4197
4197
4197
4197
4197
4197
4197
4197
4197
4197
4197
4197
4197
4197
4197
4197
4197
4197
4197
4197
4197
4197
4197
4197
4197
4197
4197
4197
4197
4197
4197
4069
4069
4069
4069
4069
4069
4069
4069
4069
4069
4069
4069
4069
4069
4069
4069
4069
4069
4069
4069
4069
4069
4069
4069
4069
4069
4069
4069
4069
4069
4069
4069
4069
4069
4069
4069
4069
4069
4069
4069
4069
4069
4069
4069
4069
4069
4069
4069
4069
4069
4069
4069
4069
4069
4069
4069
4069
4069
4069
4069
4069
4069
4069
4069
4069
4069
4069
4069
4069
4069
4069
4069
4069
4069
4069
4069
4069
4069
4069
3968
3968
3968
3968
3968
3968
3968
3968
3968
3968
3968
3968
3968
3968
3968
3968
3968
3968
3968
3968
3968
3738
3738
3738
3738
3738
3738
3738
3738
3738
3738
3738
3738
3738
3738
3738
3738
3738
3738
3738
3738
3738
3738
3738
3738
3738
3738
3738
3738
3738
3738
3738
3738
3738
3738
3738
3738
3738
3738
3738
3738
3738
3738
3738
3738
3738
3738
3738
3738
3738
3738
3738
3738
3738
3738
3738
3723
3723
3723
3723
3723
3723
3723
3723
3723
3723
3723
3723
3723
3723
3723
3723
3723
3723
3723
3723
3723
3723
3723
3723
3723
3723
3723
3723
3688
3688
3688
3688
3688
3688
3688
3688
3688
3688
3688
3688
3688
3688
3688
3688
3688
3688
3688
3688
3688
3688
3688
3688
3688
3688
3688
3688
3346
3346
3346
3346
3346
3346
3346
3346
3346
3346
3346
3346
3346
3346
3346
3346
3346
3300
3300
3300
3300
3300
3300
3300
3300
3300
3300
3300
3300
3300
3300
3300
3300
3300
3300
3300
3300
3300
3300
3300
3300
3300
3300
3300
3300
3300
3300
3300
3300
3300
3300
3300
3300
3300
3300
3300
3300
3300
3300
3300
3300
3300
3300
3300
3300
3300
3218
3218
3218
3218
3218
3218
3218
3218
3218
3218
3218
3218
3218
3218
3218
3218
3218
3218
3218
3218
3218
3218
3218
3218
3218
3218
3218
3218
3218
3218
3218
3218
3218
3218
3218
3218
3218
3218
3218
3218
3218
3218
3218
3218
3218
3218
3218
3218
3218
3218
3218
3218
3218
3218
3097
3097
3097
3097
3097
3097
3097
3097
3097
3097
3097
3097
3097
3097
3097
3097
3097
3097
3097
3097
3097
3097
3097
3097
3097
3097
2605
2605
2605
2605
2605
2605
2605
2605
2605
2605
2605
2605
2605
2605
2605
2605
2605
2605
2605
2605
2605
2605
2605
2605
2605
2605
2605
2605
2605
2605
2605
2605
2605
2605
2605
2605
2605
2605
2605
2605
2605
2605
2605
2605
2605
2605
2605
2605
2605
2605
2605
2605
2605
2605
2605
2605
2605
2605
2605
2605
2605
2605
2605
2605
2605
2605
2605
2605
2605
2605
2605
2605
2605
2605
2605
2605
2605
2605
2605
2605
2605
2605
2605
2605
2605
2591
2591
2591
2591
2591
2591
2591
2591
2591
2591
2591
2591
2591
2591
2591
2591
2591
2591
2591
2591
2591
2591
2591
2591
2591
2591
2591
2591
2591
2591
2591
2591
2591
2591
2591
2591
2591
2591
2591
2591
2591
2591
2591
2591
2591
2591
2591
2591
2591
2591
2591
2591
2591
2591
2591
2591
2591
2467
2467
2467
2467
2467
2467
2467
2467
2467
2467
2467
2467
2467
2467
2467
2467
2467
2467
2467
2467
2467
2467
2467
2467
2467
2467
2467
2467
2467
2467
2467
2467
2467
2467
2467
2467
2467
2467
2467
2467
2467
2467
2467
2467
2467
2467
2467
2467
2467
2467
2467
2467
2467
2467
2467
2467
2467
2467
2467
2467
2467
2467
2467
2467
2467
2467
2467
2467
2467
2467
2467
2467
2467
2467
2467
2467
2467
2467
2467
2467
2467
2467
2467
2467
2467
2467
2467
2467
2467
2467
2467
2467
2467
2467
2462
2279
2279
2279
2279
2279
2279
2279
2279
2279
2279
2279
2279
2279
2279
2279
2279
2279
2279
2279
2279
2279
2279
2279
2279
2279
2279
2279
2279
2279
2279
2279
2279
2279
2279
2279
2279
2279
2279
2279
2279
2279
2279
2279
2279
2279
2279
2279
2279
2279
2279
2279
2279
2279
2279
2279
2279
2279
2279
2279
2199
2199
2199
2199
2199
2199
2199
2199
2199
2199
2199
2199
2199
2199
2181
2181
2181
2181
2181
2181
2181
2131
2131
2131
2131
2131
2131
2131
2131
2131
2131
2131
2131
2131
2131
2131
2131
2131
2131
2131
2131
2131
2131
2131
2131
2131
2131
2131
2131
2131
2131
2131
2131
2131
2131
2131
2131
2131
2131
2131
2131
2131
2131
2131
2131
2131
2131
2131
2131
2131
2131
2131
2131
2011
2011
2011
2011
2011
2011
2011
2011
2011
2011
2011
2011
2011
2011
2011
2011
2011
2011
2011
2011
2011
2011
2011
2011
2011
2011
2011
2011
2011
2011
2011
2011
2011
2011
2011
2011
2011
2011
2011
2011
2011
2011
2011
2011
2011
2011
2011
2011
2011
1917
1917
1917
1917
1917
1917
1917
1917
1917
1917
1917
1917
1917
1917
1917
1917
1917
1774
1774
1774
1774
1774
1774
1774
1774
1774
1774
1774
1774
1774
1774
1774
1774
1774
1774
1774
1774
1774
1774
1774
1774
1774
1774
1774
1774
1774
1774
1774
1774
1774
1774
1774
1774
1774
1774
1774
1774
1774
1774
1774
1774
1774
1774
1774
1774
1774
1774
1774
1774
1774
1774
1774
1774
1774
1774
1774
1774
1774
1774
1765
1765
1765
1765
1765
1765
1765
1765
1765
1765
1765
1765
1765
1765
1765
1765
1765
1765
1755
1755
1755
1755
1755
1755
1755
1755
1755
1755
1755
1755
1755
1755
1755
1755
1755
1755
1755
1755
1755
1755
1755
1755
1755
1755
1755
1755
1755
1755
1755
1755
1755
1755
1755
1755
1755
1755
1755
1755
1755
1755
1755
1755
1755
1755
1755
1755
1755
1755
1755
1755
1755
1755
1755
1755
1755
1755
1755
1755
1755
1755
1755
1755
1755
1755
1755
1755
1755
1755
1755
1755
1755
1755
1755
1755
1755
1755
1755
1755
1755
1755
1755
1691
1691
1691
1691
1691
1691
1691
1691
1691
1691
1691
1691
1691
1691
1691
1691
1691
1691
1691
1691
1691
1691
1691
1691
1691
1691
1691
1691
1691
1691
1691
1691
1691
1691
1691
1691
1691
1691
1677
1677
1677
1677
1677
1677
1677
1677
1677
1677
1677
1677
1677
1677
1677
1677
1677
1677
1677
1677
1677
1677
1677
1677
1677
1677
1677
1677
1677
1677
1677
1677
1677
1677
1677
1677
1677
1677
1677
1677
1677
1677
1677
1628
1628
1628
1628
1628
1628
1628
1628
1628
1628
1628
1628
1628
1521
1521
1521
1521
1521
1521
1521
1521
1521
1521
1521
1521
1521
1521
1521
1521
1521
1521
1521
1521
1521
1521
1521
1521
1521
1521
1521
1521
1521
1521
1521
1521
1521
1521
1521
1521
1521
1521
1521
1521
1521
1521
1521
1521
1521
1521
1521
1521
1521
1521
1521
1521
1521
1521
1521
1521
1521
1521
1521
1521
1521
1521
1521
1521
1521
1521
1521
1521
1521
1521
1521
1521
1521
1521
1521
1521
1521
1521
1521
1521
1521
1521
1521
1521
1521
1509
1509
1509
1509
1509
1509
1509
1509
1509
1509
1509
1509
1509
1509
1509
1509
1509
1509
1509
1509
1489
1489
1489
1489
1489
1489
1489
1489
1489
1489
1489
1489
1489
1489
1489
1489
1489
1489
1489
1489
1489
1489
1489
1489
1489
1489
1489
1489
1489
1489
1489
1489
1489
1489
1489
1489
1489
1489
1489
1489
1489
1489
1489
1489
1489
1489
1489
1489
1489
1489
1489
1489
1489
1489
1489
1489
1489
1489
1489
1489
1489
1489
1489
1489
1485
1485
1485
1485
1485
1485
1485
1485
1485
1485
1485
1485
1485
1485
1485
1485
1485
953
953
953
953
953
953
953
953
953
953
953
953
953
953
953
953
953
953
953
953
953
953
953
953
953
953
953
953
953
953
953
953
953
953
953
953
953
953
953
953
953
953
953
953
953
953
953
953
953
953
953
953
953
953
953
953
953
953
953
953
953
953
953
953
953
953
953
953
953
953
953
953
953
953
953
953
953
953
953
953
883
873
873
873
873
873
873
873
873
873
873
873
873
873
873
873
873
873
873
873
873
873
873
873
873
873
873
873
873
873
873
873
873
873
873
873
873
873
873
873
873
873
873
873
873
873
873
873
873
873
873
873
873
873
873
873
873
873
873
873
873
873
873
873
873
873
873
873
873
873
873
873
873
873
873
873
873
873
873
873
873
873
873
873
873
873
873
873
816
816
816
816
816
816
816
816
816
816
816
816
816
816
816
816
816
816
816
816
816
816
816
816
816
816
816
816
816
816
816
816
816
816
816
816
816
816
816
816
816
816
816
816
816
816
816
816
816
816
816
816
816
816
816
816
816
816
816
816
816
816
816
816
816
816
816
816
816
816
816
816
816
816
816
816
816
816
816
816
816
816
816
816
816
816
816
816
816
816
816
816
816
790
790
790
790
790
790
790
790
790
790
790
790
790
790
790
790
790
790
790
790
790
790
790
790
790
790
790
790
790
790
790
790
790
790
790
790
790
790
790
790
790
790
790
777
777
777
777
777
777
777
777
777
777
777
777
777
777
777
777
777
777
777
777
777
777
777
777
777
777
777
777
777
777
777
777
777
777
777
777
777
777
777
777
777
777
664
664
664
664
664
664
664
664
664
664
664
664
664
664
664
664
664
664
664
664
664
664
664
664
664
664
664
664
664
664
664
664
664
664
664
664
664
664
664
655
655
655
655
655
655
655
655
655
655
655
655
655
655
655
655
655
655
655
655
655
655
655
655
655
655
655
655
655
655
655
655
655
655
655
655
655
655
655
655
655
655
655
655
655
655
655
655
655
655
655
655
655
655
655
655
655
655
655
655
655
655
655
655
655
655
655
655
655
655
655
655
655
655
655
655
655
655
655
655
655
655
655
655
655
575
575
575
575
575
575
575
575
575
575
575
575
575
575
575
575
575
575
575
575
575
575
575
575
575
575
575
575
575
376
376
376
376
376
376
376
376
376
376
376
376
376
376
376
376
376
180
180
180
180
180
180
180
180
180
180
180
180
180
180
180
180
180
180
180
180
180
180
180
180
180
180
180
180
180
180
180
180
180
180
180
180
180
180
180
180
180
180
180
180
180
180
180
180
180
180
180
180
180
180
151
151
