805
10000
7426
7426
7426
7426
7426
7264
7264
7264
7264
7264
7264
7264
7264
7212
7212
7212
7212
7212
7212
7212
7212
6825
6825
6825
6825
6825
6825
6825
6825
6825
6825
6825
6825
6825
6825
6793
6793
6793
6793
6793
6793
6793
6793
6793
6793
6793
6793
6793
6793
6717
6717
6717
6717
6717
6717
6717
6717
6717
6714
6714
6714
6714
6714
6704
6704
6704
6704
6704
6704
6704
6704
6704
6704
6704
6704
6701
6701
6701
6701
6701
6701
6701
6701
6701
6701
6701
6701
6701
6701
6701
6701
6701
6701
6701
6443
6443
6443
6443
6443
6443
6443
6443
6443
6443
6443
6443
6443
6443
6443
6443
6443
6443
6443
6264
6264
6264
6264
6264
6264
6264
6264
6264
6264
6264
6264
6264
6264
6264
6264
6264
6264
6264
6264
5552
5552
5552
5552
5552
5552
5552
5552
5552
5552
5552
5552
5535
5535
5535
5535
5535
5535
5535
5535
5535
5535
5535
5535
5535
5535
5535
5535
5535
5535
5502
5502
5502
5502
5502
5433
5433
5433
5433
5433
5433
5433
5433
5433
5433
5433
5340
5340
5340
5340
5340
5340
5340
5340
5340
5340
5340
5340
5299
5299
5299
5299
5299
5299
5299
5299
5299
5299
5288
5288
5288
5288
5288
5288
5288
5288
5288
5288
5288
5288
5288
5288
5288
5288
5288
5165
5165
5165
5165
5165
5165
5116
5116
5116
4873
4873
4873
4873
4873
4873
4873
4873
4873
4873
4873
4873
4873
4873
4873
4873
4873
4873
4873
4859
4858
4858
4858
4858
4858
4858
4858
4858
4858
4858
4858
4858
4815
4815
4815
4815
4815
4815
4815
4815
4815
4815
4815
4815
4815
4815
4815
4815
4584
4584
4584
4584
4584
4584
4584
4584
4584
4584
4584
4584
4584
4584
4584
4584
4584
4584
4459
4459
4459
4459
4459
4459
4459
4459
4459
4459
4459
4459
4352
4352
4352
4352
4352
4352
4185
4185
4185
4185
4185
4185
4185
4126
4126
4126
4126
4126
4126
4126
4126
4126
4126
4126
4126
4087
4087
4087
4087
3980
3980
3980
3980
3980
3980
3980
3980
3980
3980
3980
3980
3980
3980
3980
3980
3980
3980
3909
3909
3909
3853
3853
3853
3853
3743
3743
3743
3743
3743
3743
3743
3743
3743
3743
3743
3743
3743
3743
3743
3743
3743
3743
3743
3743
3743
3743
3743
3743
3718
3718
3718
3718
3718
3718
3718
3718
3718
3718
3718
3718
3647
3562
3562
3562
3562
3562
3562
3562
3562
3562
3562
3562
3562
3562
3562
3562
3562
3562
3562
3562
3562
3374
3374
3374
3374
3374
3374
3374
3374
3374
3350
3350
3350
3350
3350
3350
3350
3350
3350
3350
3350
3350
3350
3350
3285
3285
3285
3285
3285
3285
3285
3285
3285
3285
3285
3285
3285
3285
3285
3285
3285
3056
3056
3056
3056
3056
3056
3056
3056
3056
3056
3056
3056
3056
3035
3035
3035
3035
3035
3035
3035
3035
3035
3035
3035
3035
3035
3035
2710
2710
2710
2710
2710
2710
2710
2710
2710
2710
2710
2710
2710
2710
2710
2710
2700
2700
2612
2612
2612
2612
2612
2612
2612
2612
2612
2612
2612
2612
2612
2612
2534
2469
2469
2469
2469
2469
2469
2469
2469
2469
2469
2469
2469
2469
2469
2469
2460
2460
2460
2460
2460
2460
2460
2460
2460
2460
2460
2460
2460
2460
2460
2460
2460
2460
2460
2288
2288
2288
2288
2288
2288
2288
2123
1998
1998
1998
1998
1998
1998
1998
1998
1998
1754
1754
1748
1748
1748
1748
1748
1748
1748
1748
1748
1703
1703
1703
1703
1703
1558
1558
1558
1558
1558
1558
1558
1558
1558
1558
1558
1558
1558
1558
1558
1467
1467
1467
1467
1467
1467
1467
1467
1467
1467
1467
1467
1208
1208
1208
1208
1208
1208
1208
1208
1208
1208
1208
1187
1187
1187
1187
1187
1187
1187
1187
1187
1161
1161
1161
1161
1161
1161
1161
1161
1161
1161
1161
1161
1161
1065
1065
1065
1065
1065
1065
1065
1065
1065
1065
1065
1065
1065
1065
1065
1065
1065
1065
1055
1055
1055
1021
1021
1021
1021
946
946
946
946
946
946
946
946
946
946
946
946
946
942
942
942
922
922
922
922
922
922
922
922
922
922
922
865
865
865
865
865
865
865
865
865
865
865
865
865
865
865
865
865
865
724
724
724
724
724
572
572
305
305
305
305
305
305
305
305
305
305
305
305
305
305
305
305
305
275
275
275
275
275
275
275
275
275
275
275
275
275
275
151
151
85
85
85
85
85
85
85
85
85
85
85
85
85
85
85
85
85
85
85
85
67
67
67
67
67
67
67
67
67
67
67
67
7
7
7
7
7
7
7
7
7
7
7
7
7
7
7
7
7
7
7
7
