761
10000
7498
7498
7498
7498
7498
7498
7498
7498
7498
7498
7498
7498
7498
7461
7461
7461
7461
7461
7461
7461
7461
7461
7461
7461
7461
7461
7456
7456
7456
7456
7456
7456
7456
7456
7456
7409
7409
7409
7409
7409
7409
7409
7409
7409
7409
7409
7409
7258
7258
7258
7150
7150
7150
7150
7150
7027
7027
7027
7027
7027
7027
7027
7027
7027
7027
7027
7027
7027
7027
7027
7027
7027
7027
6986
6986
6986
6986
6986
6986
6986
6986
6986
6986
6967
6967
6924
6924
6924
6924
6924
6924
6905
6905
6905
6905
6905
6905
6905
6905
6905
6905
6905
6905
6796
6796
6796
6796
6796
6667
6667
6667
6667
6413
6413
6413
6413
6413
6413
6413
6413
6413
6413
6413
6413
6413
6413
6413
6413
6413
6355
6355
6355
6355
6355
6355
6355
6355
6355
6355
5914
5914
5914
5914
5861
5861
5861
5861
5861
5861
5861
5861
5861
5861
5861
5855
5855
5855
5855
5855
5855
5855
5819
5819
5819
5819
5819
5819
5819
5819
5819
5819
5819
5819
5660
5660
5520
5520
5520
5520
5520
5520
5520
5520
5520
5513
5513
5513
5513
5513
5513
5513
5487
5487
5487
5487
5487
5487
5487
5487
5487
5487
5487
5487
5487
5487
5487
5487
5483
5483
5483
5483
5483
5483
5483
5483
5483
5483
5483
5483
5483
5483
5483
5483
5483
5483
5483
5472
5472
5472
5472
5472
5472
5472
5472
5472
5472
5472
5472
5433
5433
5433
5433
5433
5359
5359
5359
5359
5359
5359
5359
5359
5359
5359
5359
5359
5359
5359
5359
5359
5359
5359
5359
5346
5346
5346
5346
5346
5346
5346
5346
5346
5329
5329
5329
5329
5329
5317
5317
5317
5317
5317
5317
5317
5317
5317
5317
5058
5058
5058
5058
5058
5058
5058
5058
5058
4812
4812
4812
4812
4812
4812
4812
4812
4812
4812
4812
4812
4705
4705
4705
4705
4705
4705
4705
4705
4705
4705
4705
4705
4705
4705
4705
4705
4705
4705
4705
4606
4606
4606
4606
4606
4606
4606
4606
4606
4606
4606
4606
4606
4391
4391
4391
4391
4391
4391
4391
4391
4391
4391
4391
4391
4391
4391
4391
4391
4317
4317
4317
4317
4317
4317
4317
4317
4317
4317
4317
4317
3927
3927
3927
3927
3927
3927
3878
3878
3878
3878
3878
3878
3878
3878
3878
3878
3878
3878
3878
3878
3878
3853
3853
3853
3853
3853
3853
3853
3739
3739
3739
3707
3707
3707
3707
3707
3707
3707
3707
3707
3707
3707
3707
3707
3615
3615
3615
3615
3615
3615
3615
3615
3615
3568
3568
3568
3568
3500
3500
3500
3500
3500
3500
3500
3500
3500
3500
3500
3500
3500
3379
3379
3379
3379
3379
3379
3379
3379
3379
3379
3379
3310
3310
3310
3310
3310
3310
3310
3310
3310
3310
3310
3061
3034
3034
3034
3034
3034
3034
3034
3034
3034
3034
3023
3023
3023
3023
3023
3023
3019
3019
3019
3019
3019
3019
3019
3019
3019
3019
3019
3019
3019
3019
3019
3019
3019
2972
2972
2972
2972
2972
2972
2972
2972
2972
2972
2972
2972
2972
2972
2972
2972
2972
2972
2858
2858
2858
2858
2858
2858
2858
2858
2858
2858
2858
2858
2858
2817
2817
2817
2817
2817
2817
2817
2817
2817
2817
2817
2817
2553
2553
2553
2553
2553
2553
2553
2553
2534
2534
2534
2534
2534
2534
2534
2534
2534
2534
2534
2534
2534
2534
2534
2534
2402
2402
2402
2402
2402
2402
2402
2282
2282
2282
2282
2282
2268
2268
2268
2268
2268
2268
2268
1923
1923
1923
1923
1923
1923
1923
1923
1923
1923
1923
1866
1866
1866
1866
1866
1866
1866
1866
1866
1866
1866
1866
1866
1866
1866
1866
1866
1866
1866
1866
1841
1841
1841
1841
1841
1841
1841
1841
1841
1841
1841
1841
1841
1841
1841
1841
1768
1768
1768
1768
1727
1727
1727
1727
1727
1727
1727
1727
1727
1727
1727
1727
1727
1727
1727
1727
1727
1727
1727
1727
1681
1681
1666
1666
1666
1666
1666
1666
1666
1666
1666
1666
1666
1666
1666
1666
1666
1666
1666
1666
1666
1631
1596
1596
1596
1596
1596
1596
1596
1596
1596
1596
1596
1596
1596
1596
1385
1385
1385
1385
1385
1385
1385
1385
1385
1385
1385
1267
1267
1267
1267
1267
1267
1267
1267
1267
1267
1235
1235
1235
603
603
603
603
603
603
603
603
603
603
603
603
603
603
603
486
486
486
486
486
486
486
282
282
282
282
282
282
281
281
281
281
281
281
281
281
281
281
281
281
281
281
223
223
223
223
223
223
223
223
223
