845
10000
4885
4885
4885
4885
4885
4885
4885
4885
4885
4885
4885
4885
4885
4878
4878
4878
4878
4878
4878
4878
4757
4757
4757
4757
4757
4757
4757
4757
4757
4757
4757
4757
4667
4667
4667
4667
4667
4667
4667
4667
4667
4667
4667
4667
4630
4630
4630
4630
4630
4630
4630
4630
4630
4315
4315
4315
4315
4315
4315
4315
4315
4315
4315
4315
4221
4221
4221
4221
4221
4221
4199
4199
4199
4199
4199
4199
4199
4175
4175
4175
4175
4175
4175
4175
4175
4175
4146
4146
4146
4146
4146
4117
4117
4117
4117
4117
4117
4117
4117
4117
4117
4115
4115
4115
4115
4115
4115
4115
4115
4115
4115
4115
4115
4060
4060
4060
4060
4060
3968
3968
3968
3760
3760
3760
3760
3760
3760
3760
3760
3760
3760
3760
3760
3760
3663
3663
3663
3663
3663
3663
3663
3580
3580
3580
3580
3580
3580
3580
3580
3580
3580
3580
3580
3580
3580
3580
3580
3580
3580
3580
3580
3570
3570
3570
3570
3570
3570
3570
3570
3550
3550
3550
3550
3550
3550
3550
3550
3550
3550
3550
3550
3550
3550
3550
3550
3550
3550
3550
3432
3432
3432
3432
3432
3432
3432
3357
3357
3357
3357
3357
3357
3357
3357
3357
3357
3357
3357
3357
3357
3348
3348
3348
3348
3348
3348
3348
3348
3348
3348
3348
3348
3348
3348
3348
3266
3266
3266
3266
3266
3266
3266
3266
3266
3266
3266
3266
3266
3266
3266
3266
3266
3266
3266
3244
3244
3244
3244
3244
3244
3244
3244
3244
3244
3244
3244
3244
3244
3244
3244
3244
3244
3239
3194
3194
3194
3194
3194
3194
3194
3194
3194
3194
3194
3194
2982
2982
2982
2982
2982
2982
2982
2982
2982
2982
2982
2982
2980
2980
2980
2980
2980
2980
2980
2980
2980
2914
2914
2914
2914
2914
2914
2914
2914
2914
2914
2914
2879
2879
2879
2879
2879
2879
2879
2879
2879
2879
2879
2879
2879
2879
2879
2790
2790
2790
2790
2790
2790
2790
2790
2790
2790
2790
2728
2728
2728
2728
2728
2728
2728
2728
2728
2728
2728
2728
2667
2667
2667
2667
2667
2667
2667
2667
2667
2667
2667
2667
2667
2539
2539
2539
2539
2539
2539
2539
2539
2539
2539
2539
2539
2539
2539
2539
2539
2539
2539
2539
2539
2509
2509
2460
2460
2460
2460
2460
2460
2460
2437
2437
2437
2437
2437
2437
2437
2437
2437
2437
2437
2437
2437
2171
2171
2171
2171
2171
2171
2171
2171
2171
2171
2171
2171
2135
2135
2135
2135
2135
2135
2135
2135
2135
2125
2125
2125
2125
2125
2125
2125
2125
2125
2125
2125
2125
2125
2067
2067
2067
2067
2067
2067
2067
2067
2067
2067
2067
2055
2055
2055
2022
2022
2022
2022
2022
2022
2022
2022
2022
2022
2022
2022
2022
1998
1998
1998
1998
1998
1998
1998
1998
1998
1998
1998
1998
1836
1836
1836
1836
1836
1836
1836
1836
1836
1836
1836
1836
1836
1836
1836
1836
1836
1836
1836
1836
1829
1829
1829
1829
1829
1829
1829
1829
1829
1829
1829
1829
1829
1829
1829
1829
1829
1829
1829
1829
1808
1808
1808
1808
1808
1808
1808
1808
1808
1808
1808
1681
1681
1681
1681
1681
1681
1681
1681
1681
1681
1681
1681
1681
1681
1681
1681
1681
1681
1631
1631
1626
1626
1626
1626
1626
1626
1626
1626
1626
1576
1576
1576
1576
1576
1576
1576
1576
1576
1576
1576
1576
1576
1576
1576
1576
1576
1576
1576
1576
1451
1451
1451
1406
1406
1406
1406
1406
1406
1312
1312
1312
1312
1312
1312
1312
1312
1312
1260
1260
1260
1260
1260
1260
1260
1260
1260
1260
1260
1260
1260
1260
1260
1260
1260
1260
1260
1186
1186
1186
1186
1186
1186
1186
1164
1164
1164
1164
1164
1161
1161
1161
1021
1021
1021
1021
1021
1021
1021
1021
1021
1021
1021
1021
1003
1003
1003
1003
1003
1003
1003
1003
1003
952
952
952
952
952
952
952
952
952
899
899
899
899
899
899
899
899
899
899
899
899
899
899
899
899
745
745
745
737
737
737
737
737
737
737
737
737
737
737
737
737
737
737
737
737
737
555
555
555
555
555
555
555
555
555
555
555
555
555
555
555
555
555
508
508
508
508
508
508
508
508
508
508
508
508
508
497
497
497
497
497
497
497
497
497
497
497
497
497
497
497
497
448
448
448
448
448
448
434
434
434
434
434
434
434
434
434
434
434
434
434
434
393
393
393
393
393
393
393
393
393
393
393
393
393
393
393
393
393
393
393
294
294
294
294
294
294
294
294
294
294
294
294
294
294
294
294
294
294
294
294
291
235
235
235
235
235
235
235
235
235
235
144
144
144
144
144
144
144
144
144
144
144
144
144
144
144
144
144
144
144
50
50
50
50
50
50
50
50
50
50
50
50
50
50
50
50
50
50
50
