842
10000
2496
2496
2496
2496
2496
2496
2496
2496
2496
2471
2471
2471
2471
2471
2471
2471
2471
2471
2471
2471
2471
2471
2471
2471
2471
2471
2471
2323
2323
2323
2323
2323
2323
2323
2323
2323
2323
2323
2323
2323
2323
2323
2323
2323
2318
2251
2251
2251
2251
2251
2251
2251
2251
2251
2251
2171
2171
2171
2171
2171
2171
2171
2171
2171
2163
2163
2163
2163
2163
2163
2163
2163
2163
2163
2163
2163
2163
2155
2155
2155
2155
2155
2155
2155
2155
2155
2155
2155
2155
2155
2155
2151
2151
2151
2151
2151
2151
2112
2112
2112
2112
2112
2112
2112
2112
2112
2112
2112
2112
2021
2021
2021
2021
2021
2021
2021
2021
2021
2021
2021
2021
2021
2021
2021
2021
2021
1984
1984
1984
1984
1984
1984
1984
1984
1984
1984
1984
1984
1984
1984
1984
1984
1950
1950
1950
1950
1950
1950
1950
1950
1950
1950
1950
1950
1950
1950
1917
1917
1917
1917
1917
1917
1917
1917
1917
1917
1917
1917
1917
1917
1917
1917
1917
1912
1912
1912
1912
1912
1912
1912
1912
1912
1912
1912
1912
1912
1912
1912
1896
1896
1896
1896
1896
1896
1896
1896
1896
1896
1896
1895
1895
1895
1895
1895
1895
1881
1881
1881
1881
1881
1881
1881
1881
1881
1881
1881
1881
1881
1881
1881
1879
1879
1879
1879
1879
1879
1879
1879
1879
1879
1879
1879
1879
1879
1879
1879
1879
1879
1863
1863
1863
1863
1863
1863
1863
1863
1863
1863
1863
1863
1863
1863
1863
1863
1863
1863
1863
1863
1854
1854
1854
1854
1854
1854
1854
1854
1854
1854
1854
1854
1854
1854
1854
1854
1854
1854
1854
1854
1821
1821
1821
1821
1821
1821
1821
1821
1806
1806
1806
1806
1790
1790
1790
1790
1790
1790
1790
1790
1790
1790
1790
1790
1790
1790
1790
1790
1790
1790
1790
1736
1736
1736
1736
1736
1736
1736
1736
1736
1736
1736
1736
1736
1736
1736
1734
1734
1734
1734
1734
1734
1734
1734
1734
1734
1734
1734
1734
1734
1723
1723
1723
1723
1723
1723
1723
1723
1723
1723
1723
1723
1723
1723
1723
1723
1723
1711
1711
1711
1711
1711
1711
1711
1711
1711
1711
1700
1675
1675
1675
1675
1675
1675
1653
1653
1653
1653
1653
1653
1653
1653
1653
1653
1653
1653
1653
1653
1653
1653
1630
1630
1630
1582
1582
1582
1582
1582
1582
1550
1550
1550
1472
1472
1472
1472
1472
1455
1455
1455
1455
1455
1455
1455
1455
1455
1455
1455
1455
1455
1455
1455
1455
1455
1455
1455
1455
1455
1455
1455
1455
1455
1455
1455
1455
1455
1455
1455
1455
1455
1455
1432
1432
1432
1432
1432
1432
1432
1432
1432
1432
1432
1432
1432
1432
1432
1432
1432
1432
1432
1432
1413
1413
1413
1413
1413
1413
1413
1406
1406
1406
1406
1406
1406
1406
1406
1406
1406
1406
1406
1406
1406
1406
1406
1406
1406
1334
1334
1334
1334
1334
1334
1334
1334
1334
1334
1334
1334
1334
1334
1334
1334
1334
1334
1333
1333
1333
1333
1333
1333
1333
1317
1317
1317
1317
1304
1304
1304
1304
1304
1304
1304
1304
1304
1304
1304
1277
1277
1277
1277
1277
1277
1277
1277
1233
1233
1233
1233
1233
1233
1233
1233
1233
1233
1233
1233
1233
1233
1233
1233
1233
1196
1196
1196
1196
1196
1196
1196
1196
1196
1196
1196
1196
1196
1196
1196
1196
1196
1196
1196
1175
1175
1175
1175
1175
1175
1175
1158
1158
1158
1158
1158
1158
1158
1158
1144
1144
1144
1105
1105
1105
1105
1105
1105
1105
1105
1105
1105
1105
1105
1105
1105
1105
1105
1105
975
975
946
946
946
946
946
919
919
919
919
919
919
919
919
919
893
893
893
893
893
893
893
893
893
799
799
799
690
690
690
690
690
690
690
690
690
690
690
690
683
683
683
683
683
683
683
683
683
683
651
651
651
651
651
651
651
651
651
651
651
619
619
619
619
619
619
619
619
619
619
619
619
593
593
593
593
593
590
590
590
574
574
574
574
574
574
574
574
574
574
574
574
574
574
574
574
574
574
552
552
552
552
552
464
464
464
464
464
464
464
404
404
404
404
404
404
404
404
404
404
404
404
404
404
388
388
388
388
388
388
388
388
388
388
388
388
388
388
358
358
358
358
358
358
358
358
358
358
358
264
264
264
264
264
264
264
264
264
264
264
264
264
264
264
257
257
257
257
257
257
257
257
257
257
257
257
257
257
257
257
257
257
257
257
246
246
246
246
246
246
246
246
246
196
196
196
196
196
196
58
58
40
40
40
40
40
40
40
40
40
40
40
40
40
40
40
40
40
40
40
36
36
36
36
36
36
36
36
36
36
36
36
36
36
36
36
36
36
