3737
10000
9831
9831
9831
9831
9831
9831
9831
9831
9831
9831
9831
9831
9831
9831
9612
9612
9612
9612
9612
9612
9612
9612
9612
9612
9612
9612
9612
9612
9612
9612
9612
9612
9612
9612
9612
9612
9612
9612
9612
9612
9612
9612
9612
9612
9612
9612
9612
9612
9612
9612
9612
9612
9612
9612
9612
9612
9612
9612
9612
9612
9612
9612
9612
9612
9612
9612
9612
9612
9612
9612
9612
9612
9612
9612
9612
9612
9612
9612
9612
9612
9612
9612
9612
9612
9612
9612
9612
9612
9612
9612
9612
9612
9546
9546
9546
9546
9546
9546
9546
9546
9546
9546
9546
9546
9546
9546
9546
9546
9546
9546
9546
9546
9546
9546
9546
9546
9546
9546
9546
9546
9546
9546
9546
9546
9546
9546
9546
9546
9546
9546
9546
9546
9546
9546
9546
9546
9546
9546
9546
9546
9546
9546
9546
9546
9546
9546
9546
9546
9546
9546
9546
9546
9546
9546
9546
9444
9444
9444
9444
9444
9444
9444
9444
9444
9444
9444
9444
9444
9444
9444
9444
9335
9335
9335
9335
9335
9335
9335
9335
9335
9335
9335
9335
9335
9335
9335
9335
9335
9335
9335
9335
9335
9335
9335
9335
9335
9335
9335
9335
9335
9335
9335
9335
9335
9335
9335
9335
9335
9335
9335
9335
9335
9335
9335
9335
9335
9335
9335
9335
9335
9335
9335
9335
9335
9335
9335
9335
9335
9335
9335
9335
9335
9335
9335
9335
9335
9335
9335
9335
9335
9335
9335
9335
9335
9335
9335
9335
9335
9335
9335
9335
9335
9335
9335
9335
9335
9335
9335
9335
9335
9164
9164
9164
9164
9164
9164
9164
9164
9164
9164
9164
9164
9164
9164
9164
9164
9164
9164
9164
9164
9164
9164
9164
9164
9164
9164
9164
9164
9164
9164
9164
9164
9164
9164
9164
9164
9164
9164
9164
9164
9164
9164
9164
9164
9164
9164
9164
9164
9164
9164
9164
9164
9164
9164
9164
9164
9164
9164
9164
9164
9164
9164
9164
9164
9164
9164
9164
9164
9164
9164
9164
9164
9164
9164
9164
9164
9164
9164
9164
9164
9164
8874
8874
8874
8874
8874
8874
8874
8874
8874
8874
8874
8874
8874
8874
8874
8874
8874
8874
8874
8874
8874
8874
8874
8874
8874
8874
8874
8874
8874
8874
8874
8874
8874
8874
8874
8874
8874
8874
8874
8874
8874
8874
8874
8874
8874
8874
8874
8874
8874
8874
8874
8874
8874
8874
8874
8874
8874
8874
8874
8874
8874
8874
8874
8874
8874
8874
8874
8874
8874
8874
8874
8874
8874
8874
8874
8874
8874
8874
8874
8874
8874
8874
8874
8874
8296
8296
8296
8296
8296
8296
8296
8296
8296
8296
8296
8296
8296
8296
8296
8296
8296
8296
8296
8296
8283
8283
8283
8283
8283
8283
8283
8283
8283
8283
8283
8283
8283
8283
8283
8283
8163
8163
8163
8163
8163
8163
8163
8163
8163
8163
8163
8163
8163
8163
8163
8163
8163
8163
8163
8163
8163
8163
8163
8163
8163
8163
8163
8163
8053
8053
8053
8053
8053
8053
8053
8053
8053
8053
8053
8053
8053
8053
8053
8053
8053
8053
8053
8053
8053
8053
8053
8053
8053
8053
8053
8053
8053
8053
8053
8053
8053
8053
8053
8053
8053
8053
8053
8053
8053
8053
8053
8030
8030
8030
8030
8030
8030
8030
8030
8030
8030
8030
8030
8030
8030
8030
8030
8030
8030
8030
8030
8030
8030
8030
8030
8030
8030
8030
8030
8030
8030
8030
8030
8030
8030
8030
8030
8030
8030
8030
8030
8030
8030
8030
7924
7924
7924
7924
7924
7924
7924
7924
7924
7924
7924
7924
7924
7924
7924
7924
7924
7924
7924
7924
7924
7924
7924
7924
7924
7924
7924
7924
7924
7924
7924
7924
7924
7924
7924
7924
7924
7924
7924
7924
7924
7924
7924
7924
7924
7924
7924
7924
7924
7924
7924
7924
7924
7924
7924
7924
7924
7924
7924
7924
7924
7924
7924
7924
7924
7924
7924
7924
7924
7924
7924
7924
7924
7924
7924
7924
7924
7924
7924
7924
7924
7924
7924
7924
7924
7924
7924
7924
7924
7915
7915
7915
7915
7915
7915
7915
7915
7915
7915
7915
7915
7915
7780
7780
7780
7780
7780
7780
7780
7780
7780
7780
7780
7780
7780
7780
7780
7706
7706
7706
7706
7706
7706
7706
7706
7706
7706
7706
7706
7706
7706
7706
7706
7706
7706
7706
7706
7706
7706
7706
7706
7706
7706
7706
7706
7706
7706
7706
7706
7706
7706
7706
7706
7706
7706
7706
7706
7706
7706
7706
7706
7706
7706
7706
7706
7706
7706
7706
7706
7706
7706
7706
7706
7706
7706
7706
7706
7706
7706
7706
7706
7706
7706
7706
7706
7706
7706
7706
7706
7706
7706
7706
7706
7678
7678
7678
7678
7678
7678
7637
7637
7637
7637
7637
7637
7637
7637
7637
7637
7637
7637
7637
7637
7637
7637
7637
7637
7637
7637
7637
7637
7637
7637
7637
7637
7637
7637
7637
7637
7637
7637
7637
7637
7637
7637
7637
7637
7637
7637
7637
7637
7637
7637
7637
7637
7637
7637
7637
7637
7637
7637
7637
7637
7637
7637
7637
7637
7637
7637
7637
7637
7603
7603
7603
7603
7603
7603
7603
7603
7603
7603
7603
7603
7603
7603
7603
7603
7603
7603
7603
7603
7603
7581
7581
7581
7581
7581
7581
7581
7581
7581
7581
7581
7581
7581
7321
7321
7321
7321
7321
7321
7321
7321
7321
7321
7321
7321
7321
7321
7321
7321
7321
7321
7321
7321
7321
7321
7321
7321
7321
7225
7225
7225
7225
7225
7225
7225
7225
7225
7225
7225
7225
7225
7225
7225
7225
7225
7225
7120
7120
7120
7120
7120
7120
7120
7120
7120
7120
7120
7120
7120
7120
7120
7120
7120
7120
7120
7120
7120
7043
7043
7043
7043
7043
7043
7043
7043
7043
7043
7043
7043
7043
7043
7043
7043
7043
7043
7043
7043
7043
7043
7043
7043
7043
7043
7043
7043
7043
7043
7043
7043
7043
7043
7043
7043
7043
7043
7043
7043
7043
7043
7043
7043
7043
7043
7043
7043
7043
7043
7043
7043
7043
7043
7043
7043
7043
7043
7043
7043
7043
7043
7043
7043
7043
7043
7043
7043
7043
7043
7043
6869
6869
6869
6869
6869
6869
6869
6869
6869
6869
6869
6869
6869
6869
6869
6869
6869
6869
6869
6869
6869
6869
6869
6869
6869
6869
6869
6869
6869
6869
6869
6869
6869
6869
6869
6869
6869
6869
6869
6869
6869
6869
6869
6869
6869
6869
6869
6869
6869
6869
6869
6869
6869
6869
6869
6869
6869
6869
6869
6869
6869
6869
6869
6869
6869
6869
6869
6869
6869
6869
6869
6869
6869
6869
6869
6869
6869
6869
6869
6869
6869
6869
6869
6869
6869
6869
6869
6869
6869
6790
6790
6790
6790
6790
6790
6790
6790
6790
6790
6790
6650
6650
6650
6650
6650
6650
6650
6650
6650
6650
6650
6650
6650
6650
6650
6650
6650
6650
6650
6650
6650
6650
6650
6650
6650
6650
6650
6650
6650
6650
6650
6650
6650
6650
6650
6650
6650
6650
6650
6650
6650
6650
6650
6650
6650
6650
6650
6650
6650
6650
6650
6650
6650
6650
6650
6650
6650
6650
6650
6650
6650
6650
6650
6650
6650
6650
6650
6650
6650
6650
6650
6650
6650
6617
6617
6617
6617
6617
6617
6617
6617
6617
6617
6617
6617
6617
6617
6617
6617
6617
6617
6617
6617
6617
6617
6617
6617
6617
6617
6617
6617
6617
6617
6617
6617
6617
6617
6617
6617
6617
6617
6617
6617
6617
6617
6617
6617
6617
6617
6617
6617
6617
6587
6587
6587
6587
6587
6587
6587
6587
6587
6587
6587
6587
6587
6587
6587
6587
6587
6587
6587
6587
6587
6587
6587
6587
6587
6587
6587
6587
6587
6587
6587
6587
6587
6587
6587
6587
6587
6587
6587
6587
6587
6587
6587
6587
6587
6587
6587
6587
6587
6587
6587
6587
6587
6587
6587
6587
6587
6587
6587
6587
6587
6587
6587
6587
6587
6587
6587
6587
6587
6587
6587
6587
6587
6587
6587
6587
6587
6587
6587
6587
6587
6587
6587
6278
6278
6278
6278
6278
6278
6278
6278
6278
6278
6278
6278
6278
6278
6278
6278
6278
6278
6278
6278
6278
6278
6278
6278
6278
6278
6278
6278
6278
6278
6189
6189
6189
6189
6189
6189
6189
6189
6189
6189
6189
6189
6189
6189
6189
6189
6189
6189
6189
6189
6189
6189
6189
6189
6189
6189
6189
6189
6189
6189
6189
6189
6189
6189
6189
6189
6189
6189
6189
6189
6189
6189
6189
6189
6189
6189
6189
6189
6189
6189
6166
6166
6166
6166
6166
6166
6166
6166
6166
6166
6166
6166
6166
6166
6166
6166
6166
5703
5703
5703
5703
5703
5703
5703
5703
5703
5703
5703
5703
5703
5703
5703
5703
5703
5703
5703
5703
5703
5703
5703
5703
5703
5703
5703
5703
5703
5703
5703
5703
5703
5703
5703
5703
5703
5703
5703
5703
5703
5703
5703
5703
5703
5703
5703
5703
5703
5703
5703
5703
5703
5703
5703
5703
5703
5703
5703
5703
5703
5703
5703
5703
5703
5703
5703
5703
5703
5703
5703
5703
5703
5703
5703
5703
5703
5703
5703
5703
5703
5703
5703
5703
5703
5703
5669
5669
5669
5669
5669
5669
5669
5669
5669
5669
5669
5669
5669
5669
5669
5669
5669
5669
5669
5669
5669
5669
5669
5669
5669
5669
5669
5669
5669
5669
5669
5669
5669
5669
5669
5669
5669
5669
5669
5669
5669
5669
5669
5669
5669
5669
5669
5669
5669
5669
5669
5669
5669
5669
5669
5669
5669
5669
5669
5669
5669
5669
5669
5669
5669
5634
5634
5634
5634
5634
5634
5634
5634
5634
5634
5634
5634
5634
5634
5634
5634
5634
5634
5634
5634
5634
5634
5634
5634
5634
5634
5634
5634
5634
5634
5634
5634
5634
5634
5634
5634
5634
5634
5634
5634
5634
5634
5634
5634
5634
5634
5634
5634
5615
5615
5615
5615
5615
5615
5615
5615
5615
5615
5615
5615
5615
5615
5615
5615
5615
5615
5615
5615
5615
5615
5615
5615
5615
5615
5615
5615
5615
5615
5615
5615
5615
5615
5615
5615
5615
5615
5615
5615
5615
5615
5615
5615
5615
5615
5615
5615
5615
5615
5615
5615
5615
5615
5615
5615
5615
5615
5615
5615
5615
5615
5615
5615
5615
5615
5615
5615
5615
5615
5615
5615
5615
5615
5615
5615
5615
5615
5615
5615
5615
5615
5615
5615
5615
5615
5615
5615
5615
5615
5615
5615
5615
5615
5615
5615
5615
5615
5615
5471
5471
5471
5471
5471
5471
5471
5471
5471
5471
5471
5471
5471
5471
5471
5471
5471
5471
5471
5471
5471
5471
5471
5471
5471
5471
5471
5471
5471
5471
5471
5471
5471
5471
5471
5471
5471
5471
5471
5471
5471
5471
5471
5471
5471
5471
5471
5471
5471
5471
5471
5471
5471
5471
5471
5471
5471
5471
5471
5471
5471
5471
5471
5471
5471
5471
5471
5471
5471
5471
5471
5471
4845
4845
4845
4845
4845
4845
4845
4845
4845
4845
4845
4845
4845
4845
4845
4845
4845
4845
4845
4845
4845
4845
4845
4845
4845
4845
4845
4845
4845
4845
4845
4845
4845
4845
4845
4666
4666
4666
4666
4666
4666
4666
4666
4666
4666
4666
4666
4666
4666
4666
4666
4666
4666
4666
4666
4666
4666
4666
4666
4666
4666
4666
4666
4666
4666
4666
4666
4666
4666
4666
4666
4666
4666
4666
4666
4666
4666
4666
4666
4666
4666
4666
4666
4666
4666
4666
4666
4666
4666
4666
4666
4666
4666
4666
4666
4666
4666
4666
4666
4666
4666
4666
4666
4666
4666
4666
4666
4666
4666
4666
4666
4666
4666
4666
4666
4666
4666
4666
4666
4666
4666
4666
4666
4666
4666
4666
4666
4666
4666
4666
4666
4666
4666
4573
4573
4573
4573
4573
4573
4573
4573
4573
4573
4573
4573
4573
4573
4573
4573
4573
4573
4573
4573
4573
4573
4573
4573
4573
4573
4573
4573
4573
4573
4573
4573
4573
4573
4573
4573
4573
4573
4573
4573
4573
4573
4573
4573
4573
4573
4573
4573
4573
4573
4573
4573
4573
4573
4573
4573
4573
4573
4573
4573
4573
4573
4573
4573
4573
4573
4573
4573
4573
4573
4573
4573
4573
4573
4573
4573
4573
4573
4573
4573
4573
4573
4573
4573
4573
4573
4573
4573
4573
4573
4573
4573
4573
4477
4477
4477
4477
4477
4477
4477
4477
4477
4477
4477
4477
4477
4477
4477
4477
4477
4477
4477
4477
4477
4477
4477
4477
4477
4477
4477
4477
4477
4477
4477
4477
4477
4477
4477
4477
4477
4477
4477
4323
4323
4323
4323
4323
4323
4323
4323
4323
4323
4323
4323
4323
4323
4323
4323
4323
4323
4323
4323
4323
4323
4323
4323
4323
4323
4323
4323
4323
4323
4323
4323
4323
4323
4323
4323
4323
4323
4323
4323
4323
4323
4323
4323
4323
4323
4323
4323
4323
4323
4323
4323
4323
4323
4323
4323
4323
4323
4323
4323
4323
4323
4323
4323
4323
4323
4323
4323
4323
4323
4323
4323
4323
4323
4323
4323
4323
4323
4323
4323
4323
4323
4323
4323
4323
4323
4323
4323
4323
4323
4323
4323
4323
4323
4323
4323
4257
4257
4257
4257
4257
4257
4257
4257
4257
4257
4257
4257
4257
4257
4257
4257
4257
4257
4257
4257
4257
4257
4257
4257
4257
4257
4257
4257
4257
4257
4257
4257
4257
4257
4257
4257
4257
4257
4257
4257
4257
4257
4257
4257
4257
4257
4257
4257
4257
4257
4257
4257
4257
4257
4257
4257
4257
4257
4137
4137
4137
4137
4137
4137
4137
4137
4137
4137
4137
4137
4137
4137
4137
4137
4137
4137
4137
4137
4137
4137
4137
4137
4137
4137
4137
4137
4137
4137
4137
4137
4137
4137
4137
4137
4137
4137
4137
4137
4137
4137
4137
4137
4137
4137
4137
4137
4137
4137
4137
4137
4137
4137
4137
4137
4137
4137
4137
4137
4137
4137
4137
4137
4137
4137
4137
4137
4137
4137
4137
4137
4137
4137
4137
4137
4137
4137
4137
4137
4137
4137
4108
4108
4108
4108
4108
4108
4108
4108
4108
4108
4108
4108
4108
4108
4108
4108
4108
4108
4108
3911
3911
3911
3911
3911
3911
3911
3911
3911
3911
3911
3911
3911
3911
3911
3911
3911
3911
3911
3911
3911
3911
3911
3911
3911
3911
3911
3911
3911
3911
3911
3911
3911
3911
3911
3911
3911
3911
3911
3911
3911
3911
3911
3911
3911
3911
3911
3911
3911
3911
3911
3911
3911
3911
3911
3911
3911
3911
3911
3911
3911
3911
3911
3911
3911
3911
3911
3911
3911
3911
3911
3911
3911
3911
3911
3911
3911
3911
3911
3911
3911
3911
3911
3911
3816
3816
3816
3816
3816
3816
3816
3816
3816
3816
3816
3816
3816
3816
3816
3816
3816
3816
3816
3816
3816
3816
3816
3816
3816
3816
3816
3816
3816
3816
3816
3816
3816
3816
3816
3816
3816
3816
3816
3816
3816
3816
3816
3816
3816
3816
3816
3816
3816
3816
3816
3816
3816
3816
3816
3816
3816
3816
3816
3816
3816
3816
3816
3615
3615
3615
3615
3615
3615
3615
3615
3615
3615
3615
3615
3615
3615
3615
3615
3615
3615
3615
3615
3615
3615
3615
3615
3615
3615
3615
3615
3615
3615
3615
3615
3615
3615
3615
3615
3615
3615
3615
3615
3615
3615
3615
3615
3615
3615
3615
3615
3615
3615
3603
3603
3603
3603
3603
3603
3603
3603
3603
3603
3603
3603
3603
3603
3603
3603
3603
3603
3603
3603
3603
3603
3603
3603
3603
3603
3603
3603
3603
3603
3603
3603
3603
3603
3603
3603
3603
3603
3603
3603
3603
3603
3603
3603
3603
3603
3603
3603
3603
3603
3603
3603
3603
3603
3603
3603
3603
3603
3603
3603
3603
3603
3603
3603
3011
3011
3011
3011
3011
3011
3011
3011
3011
3011
3011
3011
3011
3011
3011
3011
3011
3011
3011
3011
3011
3011
3011
3011
3011
3011
3011
3011
3011
3011
3011
3011
3011
3011
3011
3011
2966
2966
2966
2966
2966
2966
2966
2966
2966
2966
2966
2966
2966
2966
2966
2966
2966
2966
2966
2899
2899
2899
2899
2899
2899
2899
2899
2899
2899
2899
2899
2899
2899
2899
2899
2899
2899
2899
2899
2899
2899
2899
2899
2899
2899
2899
2899
2899
2899
2899
2899
2899
2899
2899
2899
2899
2899
2899
2899
2899
2899
2899
2899
2899
2899
2899
2899
2899
2899
2899
2899
2899
2899
2899
2899
2899
2559
2559
2559
2559
2559
2559
2559
2559
2559
2559
2559
2559
2559
2559
2559
2559
2559
2559
2559
2559
2559
2559
2559
2559
2559
2559
2559
2559
2559
2559
2559
2559
2319
2319
2319
2319
2319
2319
2319
2319
2319
2319
2319
2319
2319
2319
2319
2319
2319
2319
2319
2319
2319
2319
2319
2319
2319
2319
2319
2319
2319
2319
2319
2319
2319
2319
2319
2319
2319
2319
2319
2319
2319
2319
2319
2319
2319
2319
2319
2319
2319
2319
2319
2319
2319
2319
2319
2319
2319
2319
2319
2319
2319
2319
2319
2319
2319
2319
2319
2319
2319
2319
2319
2319
2319
2319
2319
2319
2319
2319
2319
2319
2319
2319
2319
2319
2319
2319
2319
2319
2319
2319
2319
2319
2319
2154
2154
2154
2154
2154
2154
2154
2154
2154
2154
2154
2154
2154
2154
2154
2154
2154
2154
2154
2154
2154
2154
2154
2154
2154
2154
2154
2154
2154
2154
2154
2154
2154
2154
2154
2154
2154
2154
2154
2154
2154
2154
2154
2154
2154
2154
2116
2116
2116
2116
2116
2116
2116
2116
2116
2116
2116
2116
2116
2116
2116
2116
2116
2116
2116
2116
2116
2116
2116
2116
2116
2116
2116
2116
2116
2116
2116
2116
2116
2116
2116
2116
2116
2116
2116
2116
2116
2116
2116
2116
2116
2116
2116
2116
2116
2116
2116
2116
2116
2116
2116
2027
2027
2027
2027
2027
2027
2027
2027
2027
2027
2027
2027
2027
2027
2027
2027
2027
2027
2027
2027
2027
2027
2027
2027
2027
2027
2027
2027
2027
2027
2027
2027
2027
2027
2027
2027
2027
2027
2027
2027
2027
1892
1892
1892
1892
1892
1892
1892
1892
1892
1892
1892
1892
1892
1892
1892
1892
1892
1892
1892
1892
1892
1892
1892
1892
1892
1892
1892
1892
1892
1891
1891
1891
1891
1891
1891
1891
1891
1891
1891
1891
1891
1891
1891
1891
1891
1891
1891
1891
1891
1891
1891
1891
1891
1891
1891
1891
1891
1891
1891
1891
1891
1891
1891
1891
1891
1891
1891
1891
1891
1891
1891
1891
1891
1891
1891
1891
1891
1766
1766
1766
1766
1766
1766
1766
1766
1766
1766
1766
1766
1766
1766
1766
1766
1766
1766
1766
1766
1766
1766
1766
1766
1766
1766
1766
1766
1766
1766
1766
1766
1766
1766
1766
1766
1766
1766
1766
1766
1766
1766
1766
1766
1766
1766
1766
1766
1766
1766
1766
1766
1766
1766
1766
1766
1766
1766
1766
1766
1766
1766
1766
1766
1766
1766
1766
1766
1766
1766
1766
1766
1766
1766
1766
1766
1766
1766
1766
1766
1681
1681
1681
1681
1681
1681
1681
1681
1681
1681
1681
1681
1681
1681
1681
1681
1681
1681
1681
1681
1681
1633
1633
1633
1633
1633
1633
1633
1633
1633
1633
1633
1633
1633
1633
1633
1633
1633
1633
1633
1633
1633
1633
1633
1633
1633
1633
1633
1633
1633
1633
1633
1633
1633
1633
1633
1633
1633
1633
1633
1633
1633
1633
1633
1633
1633
1541
1541
1541
1541
1541
1541
1541
1541
1541
1541
1541
1541
1541
1541
1541
1541
1541
1541
1541
1541
1541
1541
1541
1541
1541
1541
1541
1541
1541
1541
1541
1541
1541
1541
1541
1541
1541
1541
1541
1541
1541
1541
1541
1541
1541
1541
1541
1541
1541
1541
1541
1541
1541
1541
1541
1541
1541
1541
1541
1541
1541
1541
1541
1541
1541
1541
1541
1541
1541
1541
1541
1541
1541
1541
1541
1541
1541
1541
1541
1541
1541
1525
1525
1525
1525
1525
1525
1525
1525
1525
1525
1525
1525
1525
1525
1525
1525
1525
1525
1525
1525
1525
1525
1525
1525
1525
1525
1525
1525
1525
1525
1525
1525
1525
1525
1525
1525
1525
1525
1525
1525
1525
1525
1525
1525
1525
1525
1525
1525
1525
1525
1525
1525
1525
1525
1525
1525
1525
1525
1525
1525
1525
1525
1525
1525
1525
1525
1525
1525
1525
1525
1525
1525
1525
1525
1525
1525
1525
1525
1525
1525
1525
1525
1525
1525
1525
1525
1525
1525
1525
1525
1525
1525
1525
1525
1525
1525
1525
1455
1455
1455
1455
1455
1455
1455
1455
1455
1455
1455
1455
1455
1455
1455
1455
1455
1455
1455
1455
1455
1455
1455
1455
1455
1455
1455
1455
1455
1455
1455
1455
1455
1455
1455
1455
1455
1455
1455
1455
1455
1455
1455
1455
1455
1455
1455
1455
1455
1455
1455
1455
1455
1455
1455
1455
1455
1455
1455
1455
1455
1455
1455
1455
1455
1455
1455
1455
1455
1455
1455
1455
1455
1455
1455
1401
1401
1401
1401
1401
1401
1401
1401
1401
1401
1401
1401
1401
1401
1401
1401
1401
1401
1049
1049
1049
1049
1049
1049
1049
1049
1049
1049
1049
1049
1049
1049
1049
1049
1049
1049
1049
1049
1049
1049
1049
1049
1049
1049
1049
1049
1049
1049
1049
1049
1049
1049
1049
1049
1049
1049
1049
1049
1049
1049
1049
1049
1049
1049
1049
1049
1049
1049
1049
1049
1049
1049
1049
1049
1049
1049
1049
1049
1049
1049
1049
1049
1049
1049
1049
1049
1049
1049
1049
1049
1049
1049
1049
1049
1049
1049
1049
1049
1049
1022
1022
1022
1022
1022
1022
1022
1022
1022
1022
1022
1022
1022
1022
1022
1022
1022
1022
1022
1022
1022
1022
1022
1022
1022
1022
1022
1022
1022
1022
1022
1022
1022
1022
1022
1022
1022
1022
1022
1022
1022
1022
1022
1022
1022
1022
1022
1022
1022
1022
1022
1022
1022
1022
1022
996
996
996
996
996
996
996
996
996
996
996
996
996
996
996
996
996
996
996
996
996
996
996
996
996
996
996
996
996
996
996
996
996
996
996
996
996
996
776
776
776
776
776
776
776
709
709
709
709
709
709
709
709
709
709
709
709
709
709
709
709
709
709
709
709
703
703
703
703
703
703
703
703
703
703
703
703
703
703
703
703
703
703
703
703
703
703
703
703
703
703
703
703
703
703
703
703
703
703
703
703
703
703
703
703
703
703
703
703
703
703
703
703
703
703
703
703
703
703
703
703
703
703
703
703
703
703
703
703
703
703
703
703
703
703
703
696
696
696
696
696
696
696
696
696
696
675
675
675
675
675
675
675
675
675
675
675
675
675
675
675
675
675
675
675
675
675
675
675
675
