3708
10000
9996
9996
9996
9996
9996
9996
9996
9996
9996
9996
9996
9996
9996
9996
9996
9996
9996
9996
9996
9996
9996
9996
9996
9996
9996
9996
9996
9996
9996
9996
9996
9996
9996
9996
9996
9996
9996
9996
9996
9996
9996
9996
9996
9996
9996
9996
9996
9996
9996
9996
9996
9996
9996
9996
9996
9996
9996
9996
9996
9996
9996
9996
9945
9945
9945
9945
9945
9945
9945
9945
9945
9945
9945
9945
9945
9945
9945
9945
9945
9945
9945
9945
9945
9945
9945
9945
9945
9945
9945
9945
9945
9945
9945
9945
9505
9505
9505
9505
9505
9505
9505
9505
9505
9505
9505
9505
9505
9505
9505
9505
9505
9505
9505
9505
9505
9505
9505
9505
9505
9505
9505
9505
9505
9505
9505
9505
9505
9505
9505
9505
9505
9505
9505
9505
9505
9505
9505
9505
9505
9505
9505
9505
9505
9505
9505
9505
9505
9505
9505
9505
9505
9505
9505
9505
9090
9090
9090
9090
9090
9090
9090
9090
9090
9090
9090
9090
9090
9090
9090
9090
9090
9090
9090
9090
9090
9090
9090
9090
9090
9090
9090
9090
9090
9090
9090
9090
9090
9090
9090
9090
9090
9090
9090
9090
9090
9090
9090
9090
9090
9090
9090
9090
9090
9090
9090
9090
9090
9090
9090
9090
9090
9090
9090
9090
9090
9090
9090
9090
9090
9090
9090
9090
9090
9090
9090
9090
9090
9090
9090
9090
9090
9090
9090
9090
9090
8912
8912
8912
8912
8912
8912
8912
8912
8912
8912
8912
8912
8912
8912
8912
8912
8912
8912
8912
8912
8912
8912
8912
8912
8912
8912
8912
8912
8912
8912
8912
8912
8912
8912
8912
8912
8912
8912
8912
8912
8912
8912
8912
8912
8912
8912
8912
8912
8912
8912
8912
8912
8905
8905
8905
8905
8905
8905
8905
8905
8905
8905
8905
8905
8905
8905
8905
8905
8905
8905
8905
8905
8905
8905
8905
8905
8905
8905
8905
8905
8905
8905
8905
8905
8905
8905
8905
8905
8905
8905
8905
8905
8905
8905
8905
8905
8905
8905
8905
8905
8905
8905
8905
8905
8905
8905
8905
8905
8905
8905
8905
8905
8905
8905
8905
8905
8905
8905
8905
8905
8905
8905
8905
8675
8675
8675
8675
8675
8675
8675
8675
8675
8675
8675
8675
8675
8675
8675
8675
8675
8675
8675
8675
8675
8675
8675
8675
8675
8675
8675
8675
8675
8675
8675
8675
8675
8675
8675
8675
8675
8675
8675
8675
8675
8675
8675
8675
8675
8675
8675
8675
8675
8675
8675
8675
8675
8675
8675
8675
8675
8675
8675
8675
8675
8675
8675
8675
8675
8675
8675
8675
8675
8675
8675
8675
8399
8399
8399
8399
8184
8184
8184
8184
8184
8184
8184
8184
8184
8184
8184
8184
8184
8184
8184
8184
8184
8184
8184
8184
8184
8184
8184
8184
8184
8184
8184
8184
8184
8184
8184
8184
8184
8184
8184
8184
8184
8184
8184
8184
8184
8184
8184
8184
8184
8184
8184
8184
8184
8184
8184
8184
8184
8184
8184
8184
8184
8184
8184
8184
8184
8184
8184
8184
8184
8184
8184
8184
8184
8184
8184
8184
8184
8184
8184
8184
8184
8184
8184
8184
8184
8184
8184
8184
8184
8184
8184
8184
8184
8184
8184
8184
8184
8184
8184
8178
8178
8178
8178
8178
8178
8178
8178
8178
8178
8178
8039
8039
8039
8039
8039
8039
8039
8039
8039
8039
8039
8039
8039
8039
8039
8039
8039
8039
8033
8033
8033
8033
8033
8033
8033
8033
8033
8033
8033
8033
8033
8033
8033
8033
8033
8033
8033
8033
8033
8033
8033
8033
7903
7903
7903
7903
7903
7903
7903
7903
7903
7903
7903
7903
7903
7903
7903
7903
7903
7903
7903
7903
7903
7903
7903
7903
7903
7903
7903
7903
7903
7903
7903
7903
7903
7903
7903
7903
7903
7903
7903
7903
7903
7903
7903
7903
7903
7903
7903
7903
7903
7903
7903
7903
7903
7903
7903
7903
7903
7903
7903
7903
7903
7903
7903
7903
7903
7903
7903
7903
7903
7903
7903
7903
7903
7903
7903
7903
7903
7903
7903
7903
7903
7903
7555
7555
7555
7555
7555
7555
7555
7555
7555
7555
7555
7555
7555
7555
7555
7555
7555
7555
7555
7555
7555
7555
7555
7555
7555
7555
7555
7555
7555
7455
7455
7455
7455
7455
7455
7455
7455
7455
7455
7455
7455
7455
7455
7455
7455
7455
7455
7455
7455
7455
7455
7455
7455
7455
7455
7455
7455
7455
7455
7455
7455
7455
7455
7455
7455
7455
7455
7455
7455
7455
7455
7455
7455
7455
7455
7455
7455
7455
7455
7455
7455
7455
7455
7455
7455
7455
7455
7455
7455
7455
7455
7455
7455
7455
7455
7455
7455
7455
7455
7455
7455
7455
7455
7455
7455
7455
7455
7455
7455
7455
7455
7455
7455
7455
7455
7455
7455
7455
7455
7455
7455
7455
7455
7369
7369
7369
7369
7369
7369
7369
7369
7369
7369
7369
7369
7369
7369
7369
7369
7369
7369
7369
7369
7369
7369
7369
7369
7369
7369
7369
7369
7369
7369
7369
7369
7369
7369
7306
7306
7306
7306
7306
7306
7306
7306
7306
7306
7306
7306
7306
7306
7306
7306
7306
7306
7306
7306
7306
7306
7306
7306
7306
7306
7306
7306
7306
7306
7306
7306
7306
7306
7306
7306
7306
7306
7306
7306
7306
7306
7306
7306
7306
7306
7306
7306
7306
7306
7306
7306
7306
7306
7306
7306
7306
7306
7306
7306
7306
7306
7306
7306
7306
7306
7306
7306
7306
7306
7306
7306
7306
7306
7306
7306
7306
7306
7306
6460
6460
6460
6460
6460
6460
6460
6460
6460
6460
6339
6339
6339
6339
6339
6339
6339
6339
6339
6339
6339
6339
6339
6339
6339
6339
6339
6339
6339
6339
6339
6339
6339
6339
6339
6339
6319
6319
6319
6319
6319
6319
6319
6319
6319
6319
6319
6319
6319
6319
6319
6319
6319
6319
6319
6319
6319
6319
6319
6319
6319
6319
6319
6319
6319
6319
6319
6319
6319
6319
6319
6319
6319
6319
6319
6319
6319
6319
6122
6122
6122
6122
6122
6122
6122
6122
6122
6122
6122
6122
6122
6122
6122
6122
6122
6122
6122
6122
6122
6122
6122
6122
6122
6122
6122
6122
6122
6122
6122
6122
6122
6122
6122
6122
6122
6122
6122
6122
6122
6122
6122
6122
6122
6122
6122
6122
6122
6122
6122
6122
6122
6122
6122
6122
6122
6122
6122
6122
6122
6122
6122
6122
6122
6122
6122
6122
6122
6122
6122
6122
6122
6122
6122
6122
6122
6122
6122
6122
6076
6076
6076
6076
6076
6076
6076
6076
6076
6076
6076
6076
6076
6076
6076
6076
6076
6076
6076
6076
6076
6076
6076
6076
6076
6076
6076
6076
6076
6076
6076
6076
6076
6076
6076
6076
6076
6076
6076
6076
6076
6076
6076
6076
6076
6076
6076
6076
6076
6076
6076
6076
6076
6076
6076
6076
6076
6076
6076
6076
6076
6076
6076
6076
6076
6076
6076
6076
6076
6076
6076
6076
6076
6076
6076
6076
6076
6076
6076
6076
6076
6076
6076
6076
6076
6076
6076
6076
6076
6076
6076
6076
6076
6076
6076
6076
5967
5967
5967
5967
5967
5967
5967
5967
5967
5967
5967
5967
5967
5967
5967
5967
5967
5967
5967
5967
5967
5967
5967
5967
5967
5967
5967
5967
5967
5967
5967
5967
5967
5967
5967
5967
5967
5967
5967
5967
5967
5967
5967
5967
5947
5947
5947
5947
5947
5947
5947
5947
5947
5947
5947
5947
5947
5947
5947
5947
5947
5947
5947
5947
5947
5947
5947
5947
5947
5947
5947
5947
5947
5947
5947
5947
5947
5930
5930
5930
5930
5930
5930
5930
5930
5930
5930
5930
5930
5930
5930
5930
5930
5930
5930
5930
5930
5930
5930
5930
5930
5930
5930
5930
5930
5930
5930
5930
5930
5930
5930
5930
5930
5930
5930
5930
5930
5930
5930
5930
5930
5930
5930
5930
5930
5930
5930
5930
5930
5930
5930
5930
5930
5930
5930
5930
5930
5930
5930
5930
5930
5930
5930
5930
5930
5871
5871
5871
5871
5871
5871
5871
5871
5871
5871
5871
5871
5871
5871
5871
5871
5871
5871
5871
5871
5871
5871
5871
5871
5871
5871
5871
5871
5871
5871
5871
5871
5871
5871
5871
5871
5871
5871
5871
5871
5871
5871
5752
5752
5752
5752
5752
5752
5752
5752
5752
5752
5752
5752
5752
5752
5752
5752
5752
5752
5752
5752
5752
5752
5752
5752
5752
5752
5752
5752
5752
5752
5752
5752
5752
5752
5752
5752
5752
5752
5752
5752
5752
5752
5752
5752
5752
5752
5752
5752
5752
5752
5752
5752
5752
5752
5752
5752
5752
5752
5752
5752
5752
5752
5752
5752
5752
5752
5752
5752
5752
5752
5752
5752
5752
5752
5752
5752
5752
5752
5681
5681
5681
5681
5681
5681
5681
5681
5681
5681
5681
5681
5681
5681
5681
5681
5681
5681
5681
5681
5681
5681
5681
5652
5652
5652
5652
5652
5652
5652
5652
5652
5652
5652
5652
5652
5652
5652
5652
5652
5652
5652
5652
5652
5652
5612
5612
5612
5612
5612
5612
5612
5612
5612
5612
5612
5612
5612
5612
5612
5612
5612
5612
5612
5612
5612
5612
5612
5612
5612
5612
5612
5612
5612
5612
5612
5612
5612
5612
5612
5612
5612
5612
5612
5612
5612
5612
5612
5612
5612
5612
5612
5612
5612
5612
5612
5612
5612
5612
5612
5612
5612
5612
5612
5612
5612
5612
5612
5612
5612
5612
5612
5612
5612
5612
5612
5612
5612
5612
5612
5612
5612
5612
5612
5612
5219
5219
5219
5219
5219
5219
5219
5219
5219
5219
5219
5219
5219
5219
5219
5219
5219
5219
5219
5219
5219
5219
5219
5219
5219
5219
5219
5219
5219
5219
5219
5219
5219
5219
5219
5219
5219
5219
5219
5219
5219
5219
4984
4984
4984
4984
4984
4984
4984
4984
4984
4984
4984
4984
4984
4984
4984
4984
4984
4984
4984
4984
4984
4984
4984
4984
4984
4984
4984
4984
4984
4984
4984
4984
4984
4984
4984
4984
4984
4984
4984
4984
4984
4984
4984
4984
4984
4984
4984
4984
4984
4984
4984
4928
4928
4928
4928
4928
4928
4928
4928
4928
4928
4928
4928
4928
4928
4928
4928
4928
4928
4928
4928
4919
4919
4919
4919
4919
4919
4919
4919
4919
4919
4919
4919
4919
4919
4919
4919
4919
4919
4919
4919
4919
4919
4919
4919
4919
4919
4919
4919
4919
4919
4919
4919
4919
4919
4919
4919
4919
4919
4919
4919
4919
4919
4919
4919
4919
4919
4919
4919
4919
4919
4919
4919
4919
4919
4919
4919
4919
4919
4919
4919
4919
4919
4919
4919
4919
4919
4919
4919
4919
4919
4919
4919
4919
4919
4919
4919
4919
4919
4919
4919
4806
4806
4806
4806
4806
4806
4806
4806
4806
4806
4806
4806
4806
4806
4806
4806
4806
4806
4806
4806
4806
4806
4806
4806
4806
4806
4806
4806
4806
4806
4806
4806
4806
4806
4806
4806
4806
4806
4806
4806
4806
4806
4806
4806
4806
4806
4806
4806
4806
4806
4806
4806
4806
4806
4777
4777
4777
4777
4777
4777
4573
4573
4573
4573
4573
4573
4573
4573
4573
4573
4573
4573
4573
4573
4573
4573
4573
4573
4573
4573
4573
4573
4573
4573
4573
4573
4573
4573
4573
4573
4573
4573
4573
4573
4573
4573
4573
4573
4573
4573
4573
4573
4573
4573
4573
4573
4573
4573
4573
4573
4573
4573
4573
4573
4573
4573
4573
4573
4573
4573
4573
4573
4573
4573
4573
4573
4573
4573
4573
4573
4573
4573
4573
4573
4573
4573
4573
4573
4573
4573
4573
4573
4573
4573
4532
4532
4532
4532
4532
4532
4532
4532
4532
4532
4532
4532
4532
4532
4532
4532
4532
4532
4532
4532
4532
4532
4532
4532
4532
4532
4532
4532
4532
4532
4532
4532
4532
4532
4532
4498
4498
4498
4498
4498
4498
4498
4498
4498
4498
4498
4498
4498
4498
4498
4498
4498
4498
4498
4498
4228
4228
4228
4228
4228
4228
4228
4228
4228
4228
4228
4228
4228
4228
4228
4228
4228
4228
4228
4228
4228
4228
4228
4228
4228
4228
4228
4228
4228
4228
4228
4228
4228
4228
4228
4228
4228
4228
4228
4228
4228
4228
4228
4228
4228
4228
4228
4228
4228
4228
4228
4228
4228
4228
4228
4228
4228
4228
4228
4228
4228
4228
4228
4228
4228
4228
4228
4228
4228
4228
4228
4228
4228
4228
4213
4213
4213
4213
4213
4213
4213
4213
4213
4213
4213
4213
4065
4065
4054
4054
4054
4054
4054
4054
4054
4054
4054
4054
4054
4054
4054
4054
4054
4054
4054
4054
4054
4054
4054
4054
4054
4054
4054
4054
4054
4054
4054
4054
4054
4054
4054
4054
4054
4054
4054
4054
4054
4054
4054
4054
4054
4054
4054
4054
4054
4054
4054
4054
4054
4054
4054
4054
4054
4054
4054
4054
4054
4054
4054
4054
4054
4054
4024
4024
4024
4024
4024
4024
4024
4024
4024
4024
4024
4024
4024
4024
4024
4024
4024
4024
4024
4024
4024
4024
4024
4024
4024
4024
4024
4024
4024
4024
4024
4024
4024
4024
4024
4024
4024
4024
4024
4024
4024
4024
4024
4024
4024
4024
4024
4024
4024
4024
4024
4024
4024
4024
4024
4024
4024
4024
4024
4024
4024
4024
4024
4024
4024
4024
4024
4024
4024
4024
4024
4024
4024
4024
4024
4024
4024
4024
4024
4024
4024
4024
4024
4024
4024
4024
4024
4024
4024
4024
4024
4024
4024
4024
4024
3887
3887
3887
3887
3887
3887
3887
3887
3887
3887
3887
3887
3887
3887
3887
3887
3887
3887
3887
3887
3887
3887
3887
3887
3887
3887
3887
3887
3887
3887
3887
3887
3887
3887
3887
3887
3887
3887
3887
3887
3887
3887
3887
3887
3887
3887
3880
3880
3880
3880
3880
3880
3880
3880
3880
3880
3880
3813
3813
3813
3813
3813
3813
3813
3813
3813
3813
3813
3813
3813
3813
3813
3813
3813
3813
3813
3813
3813
3813
3813
3813
3813
3813
3813
3813
3813
3813
3813
3813
3813
3813
3813
3813
3813
3813
3813
3813
3813
3813
3813
3813
3813
3813
3813
3813
3813
3813
3813
3813
3813
3813
3813
3813
3813
3813
3813
3813
3813
3813
3813
3813
3813
3813
3813
3813
3813
3813
3813
3707
3707
3707
3707
3707
3707
3707
3707
3707
3707
3707
3707
3707
3707
3707
3707
3707
3707
3707
3707
3707
3707
3707
3707
3707
3707
3707
3707
3707
3707
3707
3707
3707
3707
3707
3707
3707
3707
3707
3707
3707
3707
3707
3707
3707
3707
3707
3707
3707
3707
3707
3707
3707
3707
3707
3707
3707
3707
3707
3707
3707
3707
3707
3707
3707
3707
3707
3707
3707
3707
3707
3707
3282
3282
3282
3282
3282
3282
3282
3282
3282
3282
3282
3282
3282
3282
3282
3282
3282
3282
3282
3282
3282
3282
3282
3277
3277
3277
3277
3277
3277
3277
3277
3277
3277
3277
3277
3277
3277
3277
3203
3203
3203
3203
3157
3157
3157
3157
3157
3157
3157
3157
3157
3157
3157
3157
3157
3157
3157
3157
3157
3157
3157
3157
3157
3157
3157
3157
3157
3157
3157
3157
3157
3157
3157
3157
3157
3157
3157
3157
3157
3157
3157
3157
3157
3157
3157
3157
3157
3157
3157
3157
3157
3157
3157
3157
3157
3157
3157
3157
3157
3157
3157
3130
3130
3130
3130
3130
3130
3130
3130
3130
3130
3130
3130
3130
3130
3130
3130
3130
3130
3130
3130
3130
3130
3130
3130
3130
3130
3130
3130
3130
3130
3019
3019
3019
3019
3019
3019
3019
3019
3019
3019
3019
3019
3019
3019
3019
3019
3019
3019
3019
3019
3019
3019
3019
3019
3019
3019
3019
3019
3019
3019
3019
3019
3019
3019
3019
3019
3019
3019
3019
3019
3019
3019
3019
3019
3019
3019
3019
3019
3019
3019
3019
3019
3019
3019
3019
3019
3019
3019
3019
3019
3019
3019
3019
3019
3019
3019
3019
3019
3019
3019
3019
3019
3019
3019
3019
3019
3019
3019
3019
3019
3019
3019
3019
3019
3019
2997
2997
2997
2997
2997
2997
2997
2997
2997
2997
2997
2997
2997
2997
2997
2997
2997
2997
2997
2997
2997
2997
2997
2997
2997
2997
2997
2997
2997
2997
2997
2997
2997
2997
2997
2997
2997
2997
2997
2997
2997
2997
2997
2997
2997
2997
2997
2997
2997
2997
2997
2997
2997
2997
2802
2802
2802
2802
2802
2802
2802
2802
2802
2802
2802
2802
2802
2802
2802
2802
2802
2802
2802
2802
2586
2586
2586
2586
2586
2586
2586
2586
2586
2586
2586
2586
2586
2586
2586
2586
2586
2586
2586
2586
2586
2586
2586
2586
2586
2586
2586
2586
2586
2586
2586
2586
2586
2586
2586
2586
2586
2586
2586
2586
2586
2586
2586
2586
2586
2586
2586
2586
2525
2525
2525
2525
2525
2525
2525
2525
2525
2525
2525
2525
2525
2525
2525
2525
2525
2525
2525
2525
2525
2525
2525
2525
2525
2525
2525
2525
2525
2525
2525
2525
2525
2525
2525
2525
2525
2525
2525
2525
2525
2525
2525
2525
2525
2525
2525
2525
2525
2525
2525
2525
2525
2525
2525
2525
2525
2525
2525
2525
2525
2525
2525
2525
2525
2525
2525
2525
2525
2525
2525
2525
2525
2525
2525
2525
2525
2525
2525
2525
2525
2525
2525
2525
2525
2525
2525
2525
2525
2525
2525
2525
2525
2353
2353
2353
2353
2353
2353
2353
2353
2353
2353
2353
2353
2353
2353
2353
2353
2353
2353
2353
2353
2353
2353
2353
2353
2353
2353
2353
2353
2353
2353
2353
2353
2353
2353
2353
2353
2353
2353
2353
2353
2353
2312
2312
2312
2312
2312
2312
2312
2312
2312
2312
2312
2312
2312
2312
2312
2312
2312
2312
2312
2312
2312
2312
2312
2312
2312
2312
2312
2312
2312
2312
2312
2312
2312
2312
2312
2312
2312
2312
2312
2312
2312
2312
2312
2312
2312
2312
2312
2312
2312
2312
2312
2312
2312
2312
2312
2312
2312
2312
2312
2312
2312
2312
2312
2133
2133
2133
2133
2133
2133
2133
2133
2133
2133
2133
2133
2133
2133
2133
2133
2133
2133
2133
2133
2133
2133
2133
2133
2133
2133
2133
2133
2133
2133
2133
2133
2133
2133
2133
2133
2133
2133
2133
2133
2054
2054
2054
2054
2054
2054
2054
2054
2054
2054
2054
2054
2054
2054
2054
2054
2054
2054
2054
2054
2054
2054
2054
2054
2054
2054
2054
2054
2054
2054
2054
2054
2054
2054
2054
2054
2054
2054
2054
2054
2054
2054
2054
2054
2054
2054
2054
2054
2054
2054
2054
2054
2054
2054
2054
2054
2054
2054
2054
2054
2054
2054
2054
2054
2054
2054
2054
2054
2054
2054
2054
2054
2054
2054
2054
2054
2054
1958
1958
1958
1958
1958
1958
1958
1958
1958
1958
1958
1958
1958
1958
1958
1958
1958
1958
1958
1958
1958
1958
1958
1958
1958
1958
1958
1958
1958
1958
1958
1958
1958
1958
1958
1958
1957
1957
1957
1957
1957
1957
1957
1957
1957
1957
1957
1957
1957
1957
1957
1957
1957
1957
1681
1681
1681
1681
1681
1681
1681
1681
1681
1681
1681
1681
1681
1681
1681
1681
1681
1681
1681
1681
1681
1681
1681
1681
1681
1681
1681
1681
1681
1681
1681
1681
1681
1681
1681
1681
1681
1681
1681
1681
1681
1681
1681
1681
1681
1681
1681
1681
1681
1681
1681
1681
1681
1681
1681
1644
1644
1644
1644
1644
1644
1644
1644
1644
1644
1644
1644
1644
1644
1644
1644
1644
1644
1644
1644
1644
1644
1644
1644
1644
1644
1644
1644
1644
1644
1644
1644
1644
1644
1644
1644
1644
1644
1644
1644
1644
1644
1630
1630
1630
1630
1630
1630
1630
1630
1630
1630
1630
1630
1630
1630
1630
1630
1630
1630
1630
1630
1630
1630
1630
1630
1630
1630
1630
1630
1630
1630
1630
1630
1630
1630
1630
1630
1630
1630
1630
1630
1630
1630
1630
1630
1630
1630
1630
1630
1630
1630
1630
1630
1630
1618
1618
1618
1618
1618
1618
1618
1618
1618
1618
1618
1618
1618
1618
1618
1618
1618
1618
1618
1618
1618
1618
1618
1618
1618
1618
1618
1618
1618
1618
1618
1618
1618
1618
1618
1618
1618
1618
1618
1618
1618
1618
1618
1618
1618
1618
1618
1618
1618
1618
1618
1618
1618
1618
1618
1231
1231
1231
1231
1231
1231
1231
1231
1231
1231
1231
1231
1231
1231
1231
1231
1231
1231
1231
1231
1231
1231
1231
1231
1231
1231
1231
1231
1231
1231
1231
1231
1231
1231
1231
1231
1231
1231
1231
1231
1231
1231
1231
931
931
931
931
931
931
931
931
931
931
931
931
931
931
931
931
931
931
931
931
931
931
931
931
931
931
931
931
931
931
931
931
931
931
931
931
931
931
931
931
931
931
931
931
931
931
931
931
931
931
931
931
931
931
931
931
931
931
931
931
931
931
931
931
931
931
931
931
931
931
931
931
931
931
931
931
931
931
931
931
931
931
931
931
931
931
931
898
898
898
898
898
898
898
898
898
898
898
898
898
898
898
898
898
898
898
898
898
898
898
898
898
898
898
898
898
898
898
898
898
898
898
898
898
898
898
898
898
898
898
898
898
898
898
898
898
898
898
898
898
898
898
898
898
898
898
898
898
898
898
898
898
898
898
898
898
898
898
898
898
898
898
898
898
898
898
898
898
821
821
821
821
821
821
821
821
821
821
821
821
821
821
821
821
821
821
821
821
821
821
821
821
821
821
821
821
821
821
821
821
821
821
821
821
821
821
821
821
821
821
821
821
821
821
821
821
791
791
791
791
791
791
791
791
791
791
791
791
791
791
791
791
791
791
791
791
791
791
791
791
791
791
791
791
791
791
791
791
791
791
791
791
791
791
791
791
791
791
791
791
791
791
791
791
791
101
101
101
101
101
101
101
101
101
101
101
101
101
101
101
101
101
101
101
101
101
101
101
101
101
101
101
101
101
101
101
101
101
101
101
101
101
101
101
101
101
101
101
101
101
101
101
101
101
101
101
101
101
101
101
101
101
101
101
101
101
101
101
101
101
101
101
101
101
101
101
101
101
101
101
101
101
101
101
101
101
101
101
101
101
89
89
89
89
89
89
89
89
89
89
89
89
89
89
89
89
89
89
89
89
89
