789
10000
6922
6922
6922
6922
6922
6922
6922
6922
6922
6922
6922
6922
6922
6922
6922
6779
6779
6779
6779
6779
6779
6779
6779
6779
6741
6741
6741
6741
6741
6741
6741
6741
6741
6741
6741
6741
6741
6741
6741
6741
6741
6741
6657
6657
6657
6657
6657
6657
6657
6657
6657
6374
6374
6374
6374
6374
6374
6374
6374
6374
6374
6374
6374
6374
6374
6374
6374
6374
6374
6315
6315
6315
6315
6315
6315
6315
6315
6164
6164
6164
6164
6164
6164
6164
6164
6164
6164
6164
6164
6146
6146
6146
6146
6146
6146
6146
6146
6146
6146
6146
6146
6146
6146
6146
6137
6137
6137
6137
6137
6137
6137
6137
6137
6137
6074
6074
6074
6074
6074
6074
6074
6074
6074
6074
5956
5956
5956
5956
5956
5956
5956
5956
5956
5956
5956
5956
5956
5956
5911
5911
5911
5911
5911
5911
5911
5911
5911
5911
5879
5879
5879
5879
5879
5879
5879
5879
5879
5879
5879
5879
5879
5879
5852
5852
5852
5852
5852
5852
5852
5805
5744
5744
5744
5744
5397
5397
5397
5397
5397
5397
5397
5397
5397
5397
5397
5397
5397
5397
5397
5397
5397
5397
5397
5397
5294
5294
5294
5294
5294
5294
5294
5294
5294
5262
5262
5262
5262
5262
5262
5262
5262
5262
5262
5262
5262
5262
5262
5262
5262
5262
5262
5262
5154
5154
5154
5154
5154
5154
4921
4921
4921
4921
4921
4921
4921
4921
4921
4921
4921
4921
4921
4921
4921
4921
4921
4921
4921
4921
4866
4866
4866
4866
4866
4866
4866
4866
4866
4866
4866
4866
4866
4866
4866
4835
4835
4835
4835
4835
4835
4835
4835
4835
4835
4835
4835
4835
4835
4760
4760
4760
4693
4693
4693
4693
4693
4693
4693
4693
4693
4693
4693
4693
4467
4467
4467
4467
4467
4467
4467
4467
4467
4409
4409
4409
4409
4409
4409
4409
4409
4409
4409
4409
4409
4409
4409
4409
4409
4409
4409
4409
4394
4394
4394
4394
4394
4394
4394
4394
4394
4394
4394
4394
4394
4394
4356
4356
4356
4356
4356
4356
4356
4356
4356
4356
4356
4356
4356
4356
4356
4240
4240
4240
4240
4240
4240
4240
4240
4240
4240
4240
3903
3903
3903
3903
3903
3903
3903
3903
3903
3862
3862
3862
3862
3862
3862
3862
3862
3862
3862
3862
3862
3824
3824
3824
3824
3824
3824
3824
3824
3824
3824
3824
3824
3824
3824
3824
3824
3824
3824
3824
3824
3680
3680
3680
3680
3680
3680
3680
3680
3680
3680
3680
3680
3680
3680
3680
3680
3651
3651
3651
3651
3651
3651
3651
3519
3519
3519
3519
3519
3519
3519
3519
3519
3375
3375
3375
3375
3282
3282
3282
3282
3282
3252
3252
3252
3231
3231
3231
3231
3231
3231
3231
3231
3231
3231
3231
3231
3141
3141
3141
3141
3141
3141
3141
3141
3141
3141
3141
3141
3049
3049
3049
3049
3049
3049
3049
3049
3049
3049
3049
3049
3049
3049
3049
3049
2696
2611
2611
2611
2578
2556
2556
2556
2556
2556
2556
2556
2556
2556
2556
2556
2556
2466
2466
2466
2466
2466
2466
2466
2466
2466
2466
2466
2466
2466
2265
2265
2213
2213
2213
2213
2213
2213
2213
2213
2213
2213
2213
2213
2213
2213
2213
2213
2213
2213
2070
2070
1991
1991
1991
1991
1789
1789
1789
1789
1789
1789
1789
1789
1789
1789
1789
1789
1789
1789
1789
1789
1789
1789
1638
1638
1638
1638
1638
1638
1638
1477
1477
1477
1477
1477
1477
1477
1477
1477
1477
1477
1477
1477
1477
1477
1477
1477
1389
1389
1389
1389
1389
1389
1389
1389
1389
1389
1389
1348
1348
1348
1348
1348
1233
1233
1233
1233
926
926
926
926
926
926
926
926
926
926
926
926
912
912
912
912
912
912
912
912
912
912
912
912
912
912
912
893
893
893
893
893
893
893
893
809
809
809
706
706
706
706
706
706
706
706
706
706
706
706
706
599
599
599
599
599
599
599
575
575
575
575
575
575
575
575
575
575
575
575
575
575
575
575
575
575
575
575
572
572
572
572
572
572
572
572
572
572
572
572
572
541
541
541
541
504
504
504
504
504
504
504
504
502
502
502
502
502
502
502
502
502
502
502
502
502
502
502
502
502
502
502
368
368
368
368
368
368
368
368
368
368
307
307
307
307
304
304
304
304
304
304
304
304
304
304
304
304
304
304
304
304
304
304
304
238
238
238
238
238
238
238
238
238
238
238
238
238
238
143
143
143
143
143
143
143
143
76
76
76
76
76
76
76
76
76
