770
10000
7448
7448
7448
7448
7448
7448
7448
7448
7005
7005
7005
7005
7005
7005
7005
7005
7005
7005
7005
7005
7005
7005
7005
7005
7005
7005
7005
7005
6798
6798
6798
6798
6798
6798
6798
6798
6798
6798
6798
6798
6798
6798
6798
6798
6712
6712
6712
6712
6712
6712
6712
6712
6712
6712
6712
6712
6712
6712
6712
6712
6712
6712
6712
6712
6666
6666
6666
6666
6666
6526
6526
6526
6526
6526
6526
6526
6526
6526
6526
6526
6526
6526
6526
6526
6526
6367
6367
6367
6367
6367
6367
6367
6367
6367
6367
6367
6367
6367
6367
6294
6294
6294
6294
6294
6294
6294
6294
6294
6170
6170
6170
6170
6170
6170
6170
6170
6170
6170
6170
6088
6088
6088
6088
6088
6088
6088
6088
6088
6088
6088
6088
6082
6082
6082
6082
6082
6082
6082
6082
6082
6082
6031
6031
6031
6031
6031
6031
6031
6031
6031
6029
6029
6029
6029
5986
5986
5986
5870
5870
5870
5870
5870
5870
5870
5870
5870
5633
5633
5633
5633
5633
5633
5633
5633
5633
5633
5633
5633
5633
5633
5607
5607
5607
5607
5607
5607
5607
5607
5607
5607
5607
5607
5600
5600
5600
5600
5600
5600
5600
5600
5600
5600
5600
5600
5600
5600
5600
5600
5431
5431
5431
5431
5431
5431
5431
5431
5431
5431
5431
5431
5431
5384
5384
5384
5204
5204
5204
5204
5204
5204
5204
5204
5204
5204
5204
5204
5204
5204
5204
5204
5204
5204
5203
5203
5203
5177
5177
5177
5177
5177
5177
5177
5177
5177
5177
5103
5103
5103
5103
5103
5103
5103
5103
5103
5103
5103
5103
5103
5103
5103
5103
4896
4896
4896
4896
4896
4896
4896
4896
4896
4863
4863
4863
4863
4863
4863
4863
4863
4863
4863
4863
4863
4782
4782
4782
4782
4782
4782
4673
4673
4673
4673
4673
4673
4673
4673
4673
4673
4673
4610
4610
4610
4610
4610
4610
4610
4156
4156
4156
4156
4156
4156
4156
4156
4156
4156
4156
4156
4156
4156
4156
4156
4156
4156
4072
4072
4072
4072
4072
4072
4072
4003
4003
4003
4003
4003
4003
4003
4003
4003
4003
3941
3941
3941
3941
3941
3941
3941
3941
3941
3941
3941
3941
3941
3941
3941
3941
3941
3941
3941
3866
3866
3866
3866
3866
3866
3866
3866
3866
3866
3866
3866
3866
3866
3866
3866
3851
3851
3851
3851
3851
3851
3851
3851
3851
3851
3851
3851
3851
3797
3797
3797
3797
3797
3797
3797
3797
3797
3797
3797
3797
3797
3797
3797
3594
3594
3594
3594
3594
3561
3561
3528
3528
3528
3528
3528
3528
3528
3528
3461
3461
3461
3461
3461
3461
3461
3461
3461
3461
3461
3461
3461
3461
3461
3461
3443
3443
3443
3443
3443
3443
3443
3443
3443
3443
3443
3443
3443
3364
3364
3364
3364
3364
3364
3364
3364
3364
3364
3364
3364
3364
3364
3341
3341
3333
3333
3333
3333
3333
3333
3333
3333
3333
3333
3333
3333
3333
3250
3250
3250
3250
3250
3250
3250
3198
3198
3198
3198
3198
3198
3198
3198
3198
3198
3198
3198
3198
3198
3140
3140
3140
3140
3140
3140
3140
3140
3140
3140
3140
3140
3140
3140
3140
3140
3069
3069
2986
2986
2986
2986
2986
2986
2986
2986
2986
2986
2986
2986
2986
2949
2949
2949
2949
2949
2949
2949
2949
2891
2891
2891
2891
2891
2890
2890
2890
2890
2890
2746
2746
2746
2746
2746
2746
2746
2746
2746
2746
2746
2746
2709
2709
2709
2709
2709
2709
2709
2709
2709
2709
2483
2483
2483
2483
2483
2483
2483
2483
2483
2483
2303
2303
2303
2303
2303
2188
2188
1742
1731
1731
1731
1731
1731
1731
1731
1731
1731
1731
1731
1731
1731
1663
1663
1663
1663
1663
1663
1663
1663
1663
1663
1663
1471
1471
1471
1471
1471
1471
1471
1471
1471
1471
1471
1471
1471
1471
1471
1471
1471
1471
1471
1471
1333
1333
1333
1333
1333
1217
1217
1217
1217
1217
1217
1217
1217
1217
1217
1217
1152
1152
1152
1152
1152
1152
1152
1152
1152
1152
1150
1150
1150
1150
1150
1123
1123
1123
1123
764
764
714
714
714
714
714
714
714
714
714
714
714
714
714
714
714
714
714
714
692
692
692
692
692
692
692
692
633
633
633
633
633
633
633
633
633
633
499
499
499
499
499
499
499
499
488
488
488
488
488
488
488
488
488
488
488
488
488
488
488
488
488
488
416
416
416
416
416
416
260
260
260
260
260
260
260
260
260
260
260
260
260
260
260
189
189
189
189
189
189
189
189
189
