757
10000
7464
7464
7170
7170
7170
7170
7170
7170
7170
7170
7170
7170
7170
7170
7170
7170
7170
7170
7124
7124
7124
7124
7088
7088
7088
7088
7088
7088
7088
7002
7002
7002
7002
7002
7002
7002
7002
7002
7002
6956
6956
6956
6956
6956
6917
6917
6917
6917
6917
6917
6917
6917
6917
6917
6917
6709
6709
6709
6709
6709
6709
6709
6709
6709
6700
6700
6700
6700
6700
6700
6700
6700
6700
6700
6700
6700
6700
6700
6700
6700
6659
6659
6659
6659
6659
6659
6659
6652
6652
6652
6652
6541
6498
6498
6498
6498
6498
6498
6498
6498
6498
6498
6498
6498
6498
6498
6498
6498
6498
6498
6498
6498
6255
6255
6255
6255
6255
6255
6255
6255
6255
6255
6255
6045
6045
6045
6045
6045
6045
6045
6045
6045
6045
6045
6045
6045
5926
5926
5926
5872
5872
5836
5836
5836
5836
5836
5836
5836
5836
5836
5836
5836
5831
5831
5831
5831
5831
5831
5759
5759
5759
5759
5759
5759
5759
5759
5686
5686
5686
5686
5686
5686
5686
5371
5371
5371
5371
5371
5371
5371
5371
5371
5371
5371
5371
5371
5371
5371
5371
5371
5367
5367
5367
5367
5367
5367
5367
5367
5367
5367
5367
5367
5367
5285
5285
5285
5285
5285
5285
5285
5285
5285
5285
5285
5285
5285
5285
5280
5280
5280
5280
5280
5280
5280
5280
5280
5280
5217
5217
5217
5217
5217
5217
5217
5207
5207
5207
5207
5155
5155
5155
5155
5155
5155
5155
5155
5155
5155
5155
5155
5155
5155
5155
5155
5155
5155
5053
5053
5053
5053
5053
5053
5053
5053
5053
5053
5053
5025
5025
5025
5025
5025
5025
5025
5025
5025
5025
5025
5025
5025
5025
5025
5025
4909
4909
4909
4909
4909
4875
4875
4875
4875
4875
4875
4875
4875
4875
4875
4767
4521
4521
4432
4432
4432
4432
4432
4432
4432
4432
4410
4410
4410
4410
4410
4348
4348
4348
4348
4348
4348
4348
4348
4348
4348
4348
4348
4348
4348
4348
4348
4337
4337
4337
4337
4098
4098
4098
4098
4098
4098
4098
4098
4098
4098
4098
4098
3728
3728
3728
3728
3728
3728
3728
3728
3728
3728
3728
3728
3679
3679
3679
3679
3679
3679
3679
3679
3679
3661
3661
3661
3661
3661
3661
3661
3661
3661
3661
3661
3661
3661
3132
3132
3034
3034
3034
3034
3034
3034
3034
3034
3034
3034
3034
3034
3034
3034
3033
3033
3033
3033
3033
3033
3033
3033
3033
3033
3033
3033
3033
3033
3033
3033
3033
3033
2967
2967
2967
2967
2947
2947
2947
2947
2947
2947
2947
2947
2947
2947
2947
2947
2947
2947
2947
2947
2947
2947
2947
2947
2831
2831
2831
2831
2831
2831
2831
2831
2831
2831
2831
2831
2831
2831
2831
2616
2616
2616
2616
2616
2616
2616
2616
2476
2476
2476
2476
2476
2476
2476
2476
2476
2476
2476
2476
2476
2476
2299
2299
2299
2281
2281
2281
2281
2281
2281
2281
2281
2281
2281
2281
2281
2156
2156
2156
2156
2156
2156
2156
2156
2156
2156
2156
2156
2001
2001
2001
2001
2001
2001
2001
2001
2001
2001
2001
2001
2001
2001
2001
2001
2001
2001
2001
1984
1984
1984
1984
1984
1984
1984
1984
1984
1984
1984
1984
1924
1924
1924
1924
1924
1924
1924
1924
1924
1924
1924
1924
1924
1924
1924
1924
1924
1924
1924
1768
1768
1768
1768
1768
1768
1768
1768
1768
1675
1675
1622
1622
1622
1622
1622
1622
1622
1622
1622
1622
1622
1622
1622
1622
1622
1423
1423
1423
1423
1423
1423
1423
1423
1423
1417
1417
1417
1417
1417
1417
1417
1417
1417
1417
1417
1417
1417
1417
1417
1417
1417
1417
1417
1405
1405
1405
1405
1405
1405
1405
1405
1405
1405
1405
1405
1405
1405
1269
1269
1269
1262
1262
1262
1262
1262
1262
1262
907
901
901
901
901
901
901
901
901
901
901
901
901
901
901
901
901
901
901
901
901
875
875
875
875
875
875
875
875
795
795
795
795
795
795
795
795
795
795
795
795
583
583
583
583
540
540
540
540
540
540
540
540
540
540
540
540
540
540
540
540
540
540
431
431
431
431
431
431
431
431
431
431
431
431
431
431
431
431
431
431
343
343
188
188
188
188
188
188
188
188
188
188
188
188
188
188
188
188
188
188
188
188
188
188
188
188
188
188
188
188
188
26
26
26
26
26
26
26
26
26
26
26
26
26
26
26
