725
10000
9847
9847
9705
9705
9705
9705
9705
9705
9705
9705
9705
9705
9705
9705
9705
9705
9705
9524
9524
9524
9524
9524
9483
9483
9483
8940
8940
8940
8940
8940
8940
8940
8940
8940
8940
8940
8936
8936
8936
8936
8936
8936
8936
8936
8936
8936
8936
8936
8936
8936
8936
8936
8914
8914
8914
8914
8914
8914
8914
8914
8914
8801
8801
8801
8801
8801
8801
8801
8801
8801
8801
8801
8801
8801
8801
8801
8801
8801
8722
8722
8722
8722
8722
8722
8722
8722
8722
8722
8722
8722
8722
8576
8576
8576
8576
8576
8576
8576
8576
8576
8576
8576
8576
8576
8576
8576
8576
8576
8576
8526
8526
8526
8526
8478
8478
8478
8478
8478
8478
8478
8478
8478
8435
8435
8435
8435
8435
8435
8407
8407
8407
8407
8407
8407
8157
8157
8157
8157
8157
8157
8157
8020
8020
8020
8020
8020
7865
7865
7865
7848
7848
7848
7848
7848
7848
7848
7848
7848
7848
7848
7536
7536
7536
7536
7536
7536
7536
7536
7536
7493
7493
7493
7493
7493
7312
7312
7312
7081
7081
7081
7081
7081
7081
7081
7081
7050
7050
7050
7050
7050
7050
7050
7050
7050
7050
7050
7050
7050
6715
6715
6620
6620
6620
6620
6620
6620
6620
6620
6576
6576
6576
6576
6576
6576
6576
6576
6576
6576
6576
6576
6576
6576
6482
6482
6482
6482
6346
6346
6346
6346
6346
6346
6346
6346
6346
6346
6346
6346
6346
6346
6346
6346
6329
6329
6329
6329
6329
6329
6329
6329
6329
6329
6329
6207
6207
6207
6207
6207
6169
6169
6169
6169
6169
6169
6169
6169
6169
6169
6169
6169
6169
6169
6169
6158
6158
6158
6158
6158
6158
6158
6158
6158
6158
6158
6158
6158
6158
6158
6158
6158
6158
6158
6098
6098
6098
6098
6098
6098
6098
6098
6098
6098
6098
6098
6098
6098
6098
6098
6098
6098
5853
5853
5853
5853
5853
5853
5853
5853
5853
5853
5853
5853
5853
5853
5853
5853
5849
5849
5849
5849
5849
5849
5849
5578
5578
5578
5578
5578
5578
5578
5578
5578
5365
5365
5365
5365
5365
5365
5365
5365
5312
5312
5312
5312
5312
5312
5312
5312
5312
5312
5312
5312
5312
5312
5312
5312
5312
5140
5140
5140
5140
5140
5140
5140
5140
5140
5140
5060
5060
5060
5060
5060
5060
5060
5060
5060
5060
5060
5060
5060
5060
5060
5060
4988
4988
4849
4849
4849
4849
4849
4724
4724
4724
4724
4724
4724
4724
4724
4724
4724
4724
4724
4724
4724
4724
4479
4479
4479
4479
4479
4479
4479
4479
4479
4479
4479
4479
4479
4479
4479
4479
4479
4479
4479
4461
4461
4461
4461
4461
4229
4229
4229
4229
4229
4229
4229
4229
4229
4229
4229
4229
4229
4229
4208
4208
4208
4208
4208
4207
4207
4207
4207
4207
4207
4207
4207
4207
4207
4207
4207
4207
4207
4207
4207
4207
4207
4207
4207
4152
4152
4152
4152
4152
4152
4152
4152
4152
4152
4152
4020
4020
4020
4020
3907
3907
3907
3907
3907
3907
3907
3907
3907
3902
3902
3902
3902
3902
3902
3902
3902
3902
3902
3902
3902
3653
3653
3653
3485
3485
3485
3485
3485
3485
3427
3427
3427
3427
3419
3419
3419
3419
3419
3419
3419
3419
3419
3419
3419
3419
2927
2927
2927
2927
2927
2927
2927
2927
2927
2786
2786
2786
2786
2786
2786
2786
2786
2786
2786
2786
2786
2786
2786
2786
2786
2786
2786
2786
2581
2581
2581
2581
2223
2223
2158
2158
2158
2158
2022
2022
2022
2022
2022
2022
2022
2022
2022
2022
2022
2022
2022
1869
1869
1869
1869
1869
1869
1869
1869
1869
1869
1869
1869
1869
1869
1802
1802
1802
1802
1802
1802
1802
1802
1802
1802
1802
1802
1802
1802
1802
1802
1549
1549
1549
1549
1549
1549
1547
1547
1547
1547
1547
1547
1547
1547
1547
1547
1547
1547
1547
1547
1511
1511
1511
1511
1423
1423
1423
1423
1423
1423
1423
1423
1418
1418
1418
798
798
798
798
798
798
798
798
798
798
739
739
739
739
739
739
739
739
739
739
739
739
604
604
604
604
604
604
604
604
604
604
604
604
604
604
604
604
604
604
604
604
443
220
220
220
220
220
220
220
220
220
220
220
220
220
220
220
220
220
220
220
99
99
99
99
99
99
99
99
