3625
10000
4823
4823
4823
4823
4823
4823
4823
4823
4823
4823
4823
4823
4823
4823
4823
4823
4823
4823
4823
4823
4823
4823
4823
4823
4823
4823
4823
4823
4823
4823
4823
4823
4823
4823
4823
4823
4823
4823
4787
4787
4787
4787
4787
4787
4787
4787
4787
4787
4787
4787
4774
4774
4774
4774
4774
4774
4774
4774
4774
4774
4766
4766
4766
4766
4766
4766
4766
4766
4766
4766
4766
4766
4766
4766
4766
4766
4766
4766
4766
4766
4766
4766
4766
4766
4766
4766
4766
4766
4766
4766
4766
4766
4755
4755
4755
4755
4755
4755
4755
4755
4755
4755
4755
4755
4755
4755
4755
4755
4755
4755
4755
4755
4755
4755
4755
4755
4755
4755
4755
4755
4755
4755
4755
4755
4755
4755
4755
4755
4755
4755
4755
4755
4755
4755
4755
4755
4755
4755
4755
4755
4755
4755
4755
4755
4755
4755
4755
4755
4755
4755
4755
4755
4755
4755
4755
4755
4755
4755
4751
4751
4751
4751
4751
4751
4751
4751
4751
4751
4751
4751
4751
4751
4751
4751
4751
4751
4751
4751
4751
4751
4751
4751
4751
4751
4751
4751
4751
4751
4751
4751
4751
4751
4751
4751
4751
4751
4751
4751
4751
4751
4751
4751
4751
4751
4751
4751
4751
4751
4751
4751
4751
4751
4751
4751
4751
4751
4751
4751
4751
4751
4751
4751
4751
4751
4751
4751
4751
4751
4751
4751
4751
4751
4751
4751
4751
4751
4750
4750
4750
4750
4750
4750
4750
4750
4750
4750
4750
4750
4750
4750
4750
4750
4750
4750
4750
4750
4750
4750
4750
4750
4750
4750
4750
4750
4750
4750
4750
4750
4750
4750
4750
4750
4750
4750
4750
4750
4750
4750
4750
4750
4750
4750
4750
4750
4750
4750
4750
4750
4750
4750
4750
4750
4750
4750
4750
4750
4750
4750
4750
4750
4750
4750
4750
4750
4750
4750
4644
4644
4644
4644
4644
4644
4644
4644
4644
4644
4644
4644
4644
4644
4644
4644
4580
4580
4580
4580
4580
4580
4580
4580
4580
4580
4580
4580
4580
4580
4580
4580
4580
4580
4571
4571
4571
4571
4571
4571
4571
4571
4571
4571
4571
4571
4571
4571
4571
4571
4571
4571
4571
4571
4571
4571
4571
4571
4571
4571
4571
4571
4571
4571
4571
4571
4571
4571
4571
4571
4571
4571
4571
4571
4571
4571
4571
4571
4571
4571
4571
4571
4571
4571
4571
4571
4571
4571
4571
4571
4571
4571
4571
4571
4571
4571
4571
4571
4571
4571
4571
4571
4571
4571
4543
4543
4543
4543
4543
4543
4543
4543
4533
4533
4533
4533
4533
4533
4533
4533
4533
4533
4533
4533
4533
4533
4533
4533
4533
4533
4533
4533
4533
4533
4533
4533
4533
4533
4533
4533
4533
4533
4533
4533
4533
4533
4533
4533
4533
4533
4533
4533
4533
4533
4533
4533
4533
4533
4533
4533
4533
4533
4533
4533
4533
4533
4533
4533
4533
4533
4533
4533
4533
4533
4533
4533
4533
4533
4495
4495
4495
4495
4495
4495
4495
4495
4495
4495
4495
4495
4495
4495
4495
4495
4495
4495
4495
4495
4495
4495
4495
4495
4495
4495
4495
4495
4495
4495
4495
4495
4495
4495
4495
4495
4495
4495
4495
4495
4443
4443
4443
4443
4443
4443
4443
4443
4443
4443
4443
4443
4443
4443
4443
4443
4443
4443
4443
4443
4443
4443
4443
4443
4443
4443
4443
4443
4443
4443
4443
4443
4443
4443
4443
4443
4443
4443
4443
4443
4443
4443
4443
4443
4443
4443
4443
4443
4443
4443
4443
4443
4443
4443
4443
4443
4443
4443
4443
4443
4443
4443
4443
4443
4443
4443
4443
4443
4443
4443
4443
4443
4443
4443
4443
4443
4443
4443
4443
4443
4443
4373
4373
4373
4373
4373
4373
4373
4373
4373
4373
4373
4373
4373
4373
4373
4373
4373
4373
4373
4373
4373
4373
4373
4373
4373
4373
4373
4373
4373
4373
4373
4373
4373
4373
4373
4263
4263
4263
4263
4263
4263
4263
4263
4263
4263
4263
4263
4263
4263
4235
4235
4235
4235
4235
4235
4235
4235
4235
4235
4235
4235
4235
4235
4235
4235
4235
4235
4235
4235
4235
4235
4235
4235
4235
4235
4235
4235
4235
4235
4235
4235
4235
4235
4235
4235
4235
4235
4235
4235
4235
4235
4235
4235
4235
4235
4235
4235
4235
4235
4235
4235
4235
4235
4235
4235
4235
4235
4235
4235
4235
4235
4235
4235
4235
4235
4235
4235
4235
4235
4235
4235
4235
4235
4235
4235
4235
4235
4235
4235
4235
4141
4141
4141
4141
4141
4141
4141
4141
4141
4141
4141
4141
4141
4141
4141
4141
4141
4141
4141
4141
4141
4141
4141
4141
4141
4141
4141
4141
4141
4141
4141
4141
4141
4141
4141
4141
4141
4141
4141
4141
4141
4141
4141
4141
4141
4141
4141
4141
4141
4141
4141
4141
4141
4141
4141
4141
4141
4141
4141
4141
4141
4141
4141
4141
4141
4141
4141
4141
4141
4141
4141
4141
4141
4141
4141
4141
4141
4141
4141
4141
4141
4141
4141
4103
4103
4103
4103
4103
4103
4103
4103
4103
4103
4103
4103
4103
4103
4103
4103
4103
4103
4103
4103
4103
4103
4103
4103
4103
4103
4103
4103
4103
4103
4103
4103
4103
4103
4103
4103
4103
4103
4103
4103
4103
4103
4103
4103
4103
4103
4103
4103
4103
4103
4103
4103
4103
4103
4103
4103
4103
4103
4103
4103
4103
4103
4103
4103
4103
4103
4103
4103
4103
4103
4103
4103
4103
4103
4103
4103
4103
4103
4103
4103
4103
4103
4103
4043
4043
4043
4043
4043
4043
4043
4043
4043
4043
4043
4005
4005
4005
4005
4005
4005
4005
4005
4005
4005
4005
4005
4005
4005
4005
4005
4005
4005
4005
4005
4005
4005
4005
4005
4005
4005
4005
4005
4005
4005
4005
4005
4005
4005
4005
4005
4005
4005
4005
4005
4005
4005
4005
4005
4005
4005
4005
4005
4005
4005
4005
4005
4005
4005
4005
4005
4005
4005
4005
4005
4005
4005
4005
4005
4005
4005
4005
4005
4005
4005
4005
4005
4005
4005
4005
4005
4005
4005
4005
4005
3947
3947
3947
3947
3947
3947
3947
3947
3947
3947
3947
3947
3947
3947
3947
3947
3947
3947
3947
3947
3947
3947
3947
3947
3947
3947
3947
3947
3947
3947
3947
3947
3947
3947
3947
3947
3947
3947
3947
3947
3947
3947
3947
3947
3947
3947
3947
3947
3947
3947
3886
3886
3886
3886
3886
3886
3886
3886
3886
3886
3886
3886
3886
3886
3886
3886
3886
3886
3886
3886
3886
3886
3886
3886
3886
3886
3886
3886
3886
3886
3886
3886
3886
3886
3886
3886
3886
3886
3886
3886
3886
3886
3886
3886
3886
3886
3886
3886
3886
3886
3886
3886
3886
3886
3886
3886
3886
3886
3886
3886
3886
3886
3886
3886
3886
3886
3886
3886
3886
3886
3886
3886
3886
3886
3886
3886
3886
3886
3886
3886
3886
3886
3886
3886
3886
3886
3886
3886
3884
3884
3884
3884
3884
3884
3884
3884
3884
3884
3884
3884
3884
3884
3884
3884
3884
3884
3884
3884
3884
3884
3884
3884
3884
3884
3884
3884
3884
3884
3884
3884
3884
3884
3884
3884
3884
3884
3884
3884
3884
3884
3884
3884
3884
3884
3884
3884
3884
3884
3884
3884
3884
3884
3884
3884
3884
3884
3884
3884
3884
3884
3884
3884
3884
3884
3884
3884
3884
3884
3884
3884
3884
3884
3884
3884
3884
3884
3884
3884
3884
3884
3884
3884
3884
3884
3884
3884
3884
3884
3884
3884
3884
3884
3884
3884
3884
3884
3879
3879
3879
3879
3879
3879
3879
3879
3879
3879
3879
3879
3879
3879
3879
3879
3879
3879
3879
3879
3879
3879
3879
3879
3879
3879
3879
3879
3879
3879
3879
3879
3879
3879
3879
3879
3879
3879
3879
3879
3879
3879
3879
3879
3879
3879
3879
3879
3879
3879
3879
3879
3879
3879
3879
3879
3879
3879
3879
3699
3699
3699
3699
3699
3699
3699
3699
3699
3699
3699
3699
3699
3699
3699
3699
3699
3699
3699
3699
3699
3699
3699
3699
3699
3699
3699
3699
3699
3699
3699
3699
3699
3699
3699
3699
3699
3699
3681
3681
3681
3681
3681
3681
3681
3681
3681
3681
3681
3681
3681
3681
3681
3681
3681
3681
3681
3681
3681
3681
3681
3681
3681
3681
3681
3681
3681
3681
3681
3681
3681
3681
3681
3681
3681
3681
3681
3681
3681
3681
3681
3681
3681
3681
3681
3681
3681
3681
3681
3681
3681
3681
3681
3681
3681
3681
3681
3681
3681
3681
3681
3681
3681
3681
3681
3681
3681
3681
3681
3681
3681
3681
3681
3681
3681
3681
3681
3681
3681
3681
3681
3681
3681
3681
3681
3681
3681
3681
3681
3681
3681
3681
3681
3681
3650
3650
3650
3650
3650
3650
3650
3650
3650
3650
3650
3650
3650
3650
3650
3650
3650
3650
3650
3650
3650
3650
3650
3650
3650
3650
3650
3650
3650
3599
3599
3599
3599
3599
3599
3599
3599
3599
3599
3599
3599
3599
3599
3599
3599
3599
3599
3599
3599
3599
3599
3599
3599
3599
3599
3599
3599
3599
3599
3599
3599
3599
3599
3599
3599
3599
3599
3599
3599
3592
3592
3592
3592
3592
3592
3592
3592
3592
3592
3592
3592
3592
3592
3592
3592
3592
3592
3592
3592
3592
3592
3592
3592
3592
3592
3592
3592
3592
3592
3592
3592
3592
3592
3592
3592
3592
3592
3592
3592
3592
3592
3592
3592
3592
3592
3592
3592
3592
3592
3555
3555
3555
3555
3555
3555
3555
3555
3555
3555
3555
3555
3555
3555
3555
3555
3555
3555
3555
3555
3555
3555
3555
3539
3539
3539
3539
3539
3539
3539
3539
3539
3539
3539
3539
3539
3539
3539
3539
3539
3539
3539
3539
3539
3539
3539
3539
3539
3539
3539
3539
3539
3539
3539
3539
3539
3539
3539
3539
3539
3539
3539
3539
3539
3539
3539
3539
3539
3539
3539
3539
3536
3536
3536
3536
3536
3536
3536
3536
3536
3536
3536
3536
3536
3536
3536
3536
3536
3536
3536
3536
3536
3536
3536
3536
3536
3536
3536
3536
3536
3536
3536
3536
3536
3536
3536
3536
3536
3536
3536
3536
3536
3536
3536
3536
3536
3536
3536
3536
3536
3536
3495
3495
3495
3495
3495
3495
3495
3448
3448
3448
3448
3448
3448
3448
3448
3448
3448
3448
3448
3448
3448
3448
3448
3448
3448
3439
3439
3439
3439
3439
3439
3439
3439
3439
3439
3439
3439
3439
3439
3439
3439
3439
3439
3439
3439
3439
3439
3439
3439
3439
3439
3439
3439
3439
3439
3439
3439
3439
3439
3439
3439
3439
3439
3439
3439
3439
3439
3331
3331
3331
3331
3331
3331
3331
3331
3331
3331
3331
3331
3331
3331
3331
3331
3331
3331
3331
3331
3331
3331
3331
3331
3331
3331
3331
3331
3331
3313
3313
3313
3313
3313
3313
3313
3313
3313
3313
3313
3313
3313
3313
3313
3313
3313
3313
3313
3313
3313
3313
3313
3313
3313
3313
3313
3313
3313
3313
3313
3313
3313
3313
3313
3313
3313
3313
3313
3313
3313
3313
3313
3313
3313
3313
3313
3313
3313
3313
3313
3313
3313
3313
3313
3313
3313
3313
3313
3313
3313
3313
3313
3313
3313
3313
3313
3313
3313
3313
3313
3313
3313
3313
3313
3313
3313
3313
3313
3227
3227
3227
3227
3227
3227
3227
3227
3227
3227
3227
3227
3227
3227
3227
3227
3043
3043
3043
3043
3043
3043
3043
3029
3029
3029
3029
3029
3029
3029
3029
3029
3029
3029
3029
3029
3029
3029
3029
3029
3029
3029
3029
3029
3029
3029
3029
3029
3029
3029
3029
3029
3029
3029
3029
3029
3029
3029
3029
3029
3029
3029
2875
2875
2875
2875
2875
2875
2875
2875
2875
2875
2875
2875
2875
2875
2875
2875
2875
2875
2875
2875
2875
2875
2875
2875
2875
2875
2875
2875
2875
2875
2875
2875
2875
2875
2875
2875
2875
2875
2875
2875
2875
2804
2804
2804
2804
2804
2804
2804
2804
2804
2804
2804
2804
2804
2804
2632
2632
2599
2599
2599
2599
2599
2599
2599
2599
2599
2599
2599
2599
2599
2599
2599
2599
2599
2599
2599
2599
2599
2599
2599
2599
2599
2599
2599
2599
2599
2599
2599
2599
2599
2599
2599
2599
2599
2599
2599
2599
2599
2599
2599
2599
2599
2599
2599
2599
2599
2599
2599
2599
2599
2599
2593
2593
2593
2593
2593
2593
2593
2593
2593
2593
2593
2593
2593
2593
2593
2593
2593
2593
2593
2593
2593
2593
2593
2593
2593
2593
2593
2593
2593
2593
2593
2593
2593
2593
2593
2593
2593
2593
2593
2593
2593
2593
2593
2593
2593
2593
2593
2579
2579
2579
2579
2579
2579
2579
2579
2579
2579
2579
2579
2579
2579
2579
2579
2579
2579
2579
2579
2579
2579
2579
2579
2579
2579
2579
2579
2579
2579
2579
2579
2579
2579
2579
2579
2579
2579
2579
2579
2579
2579
2579
2579
2579
2579
2579
2524
2524
2524
2524
2524
2524
2524
2524
2524
2524
2524
2524
2524
2524
2524
2524
2524
2524
2524
2524
2524
2524
2524
2524
2524
2524
2524
2524
2524
2524
2524
2296
2296
2296
2296
2296
2296
2296
2296
2296
2296
2296
2296
2296
2296
2296
2296
2296
2296
2296
2296
2296
2296
2296
2296
2296
2296
2296
2296
2296
2296
2296
2296
2296
2296
2296
2296
2296
2296
2296
2296
2296
2296
2296
2296
2296
2296
2296
2296
2296
2296
2296
2296
2296
2296
2296
2296
2296
2296
2296
2296
2296
2296
2296
2296
2296
2296
2296
2296
2296
2296
2296
2296
2296
2296
2240
2240
2240
2240
2240
2240
2240
2240
2240
2240
2240
2240
2240
2240
2240
2240
2240
2240
2240
2240
2240
2240
2240
2240
2240
2240
2240
2240
2240
2240
2240
2240
2240
2240
2240
2240
2240
2240
2240
2240
2240
2240
2240
2240
2240
2240
2240
2240
2240
2240
2240
2240
2240
2240
2240
2240
2240
2240
2240
2240
2240
2240
2240
2240
2240
2240
2240
2240
2240
2240
2240
2240
2240
2240
2240
2240
2092
2092
2092
2092
2092
2092
2092
2092
2092
2092
2092
2092
2092
2092
2092
2092
2092
2092
2092
2092
2092
2092
2092
2092
2092
2092
2092
2092
2092
2092
2092
2092
2092
2092
2092
2092
2092
2092
2092
2092
2092
2092
2092
2092
2092
2092
2092
2092
2092
2092
2092
2092
2092
2092
2092
2092
2092
2092
2092
2092
2092
2092
2092
2092
2092
2092
2092
2092
2092
2092
2092
2092
2092
2092
2092
2092
2092
2092
2092
2092
2092
2092
2092
2092
2092
2092
2092
2092
2092
2092
2092
2092
2092
2092
2092
2092
2092
2092
1864
1864
1864
1864
1864
1864
1864
1864
1864
1864
1864
1864
1864
1864
1864
1864
1864
1864
1864
1864
1864
1864
1864
1864
1864
1864
1864
1864
1864
1864
1864
1864
1864
1864
1864
1864
1864
1864
1864
1864
1864
1864
1864
1864
1864
1864
1864
1864
1864
1864
1864
1864
1864
1864
1864
1864
1864
1864
1864
1864
1864
1864
1864
1864
1864
1850
1850
1850
1850
1850
1850
1850
1850
1850
1850
1850
1850
1850
1850
1850
1850
1850
1850
1850
1850
1850
1850
1850
1850
1850
1850
1850
1850
1850
1850
1850
1850
1850
1850
1850
1850
1850
1850
1850
1850
1850
1850
1850
1850
1850
1850
1850
1850
1850
1850
1850
1850
1850
1850
1850
1850
1850
1850
1850
1850
1850
1850
1850
1850
1850
1850
1850
1850
1850
1850
1827
1827
1827
1827
1827
1827
1827
1827
1827
1827
1827
1827
1683
1683
1683
1683
1683
1683
1683
1683
1683
1683
1683
1683
1683
1683
1683
1683
1683
1683
1683
1683
1683
1683
1683
1683
1683
1683
1683
1683
1683
1683
1683
1683
1683
1683
1683
1683
1683
1683
1683
1683
1683
1683
1683
1683
1683
1683
1683
1683
1683
1683
1683
1683
1683
1683
1683
1683
1683
1683
1683
1683
1683
1683
1683
1683
1683
1683
1683
1683
1683
1683
1683
1683
1683
1683
1683
1683
1683
1683
1683
1683
1683
1683
1683
1683
1683
1683
1683
1683
1683
1683
1683
1683
1683
1588
1588
1588
1588
1588
1588
1588
1588
1588
1588
1588
1588
1588
1588
1588
1588
1588
1588
1588
1588
1588
1588
1588
1588
1588
1588
1588
1588
1588
1588
1588
1588
1588
1588
1588
1588
1588
1588
1588
1588
1588
1588
1588
1588
1588
1588
1588
1588
1588
1588
1588
1588
1588
1588
1588
1588
1588
1588
1588
1588
1588
1588
1588
1588
1588
1588
1588
1588
1588
1588
1588
1588
1588
1588
1588
1452
1452
1452
1452
1452
1452
1452
1452
1452
1452
1452
1452
1452
1452
1410
1410
1410
1410
1410
1410
1410
1410
1410
1410
1410
1410
1410
1410
1410
1410
1410
1410
1410
1410
1410
1410
1410
1410
1410
1410
1410
1410
1410
1410
1410
1410
1410
1410
1410
1410
1410
1410
1410
1410
1410
1410
1410
1410
1410
1410
1410
1410
1410
1410
1410
1410
1410
1410
1410
1410
1410
1410
1410
1410
1387
1387
1387
1387
1387
1387
1387
1387
1360
1360
1360
1360
1360
1360
1360
1360
1360
1360
1360
1360
1360
1360
1360
1360
1360
1360
1360
1167
1167
1167
1167
1167
1167
1167
1167
1167
1167
1167
1167
1167
1167
1167
1167
1167
1167
1167
1167
1167
1167
1167
1167
1167
1167
1167
1167
1167
1167
1167
1167
1167
1167
1167
1167
1167
1167
1167
1167
1167
1167
1167
1167
1167
1167
1167
1167
1167
1167
1167
1167
1167
1167
1167
1167
1167
1167
1167
1167
1167
1167
1167
1167
1167
1167
1167
1167
1167
1167
1167
1167
1167
1167
1167
1167
1014
1014
1014
1014
1014
1014
1014
1014
1014
1014
1014
1014
1014
1014
1014
1014
1014
1014
1014
1014
1014
1014
1014
1014
1014
1014
1014
1014
1014
1014
1014
1014
1014
1014
984
984
984
984
984
984
984
984
984
984
975
975
975
975
975
975
975
975
975
975
975
975
975
975
975
975
975
975
975
975
975
975
975
975
975
975
975
975
975
975
975
975
975
975
963
963
963
963
963
963
963
963
963
963
963
963
963
963
963
963
963
963
963
963
963
963
963
963
963
963
963
963
963
963
963
963
963
963
963
963
963
963
963
963
963
963
963
963
963
963
963
963
963
963
963
963
963
963
963
963
963
963
963
963
963
963
963
963
963
963
963
963
963
963
963
963
963
963
963
963
963
963
963
958
958
958
958
958
958
958
958
958
958
958
958
958
958
958
958
958
958
958
958
958
958
958
958
958
958
958
958
958
958
958
958
958
958
958
732
732
732
732
732
732
732
732
732
732
732
732
732
732
732
732
732
732
732
732
732
732
732
732
732
732
732
732
732
732
732
732
732
732
732
732
732
732
732
732
732
732
732
732
732
732
732
732
732
732
732
732
732
732
732
732
732
732
726
726
726
726
726
726
726
726
726
726
726
726
726
726
726
726
726
726
726
726
726
726
726
726
726
726
726
726
726
726
726
726
726
726
726
726
726
726
726
726
726
726
726
726
726
726
726
726
726
726
726
633
633
633
633
633
633
633
633
633
633
633
633
633
633
633
633
633
633
633
633
633
633
633
633
633
633
633
633
633
633
633
633
633
633
633
633
633
633
633
633
633
633
633
633
633
633
633
633
633
633
633
633
633
633
633
633
633
633
633
633
633
633
633
633
633
633
633
633
633
633
633
633
633
633
633
633
633
633
633
633
590
590
590
590
590
590
590
590
590
590
590
590
590
590
590
590
590
590
590
590
590
590
590
590
590
590
590
590
590
590
590
590
590
590
590
590
590
590
590
590
590
590
590
590
590
590
590
590
590
590
590
590
590
590
590
590
590
590
590
590
590
590
590
590
590
590
590
590
590
590
590
590
590
590
590
590
505
505
505
505
505
505
505
505
505
505
505
505
505
505
505
505
505
505
505
505
505
505
505
505
505
505
505
273
273
273
273
273
273
273
273
273
273
273
273
273
273
273
273
273
273
273
273
273
273
273
273
273
273
273
273
273
273
273
273
219
219
219
219
219
219
219
219
219
219
219
219
219
219
219
219
219
219
219
219
219
219
219
219
219
219
219
219
219
219
219
219
219
219
219
219
219
219
219
219
219
219
219
219
219
219
219
219
219
219
219
219
219
219
219
219
219
219
219
219
219
219
219
219
219
219
219
83
83
83
83
83
83
83
83
83
83
83
83
83
83
83
83
83
83
83
83
83
83
83
83
83
83
83
83
83
83
83
83
83
83
83
83
83
83
83
83
83
83
83
83
83
83
83
83
83
83
83
83
83
83
83
83
83
83
83
83
83
83
83
83
83
83
83
83
83
83
83
83
83
83
83
83
83
83
14
14
14
14
14
14
14
14
14
14
14
14
14
14
14
14
14
14
14
14
14
14
14
14
14
14
14
14
14
14
14
14
14
14
14
14
14
14
14
14
14
14
14
14
14
14
14
14
14
14
14
14
14
14
14
14
14
14
14
14
14
14
14
14
14
14
14
14
14
14
14
14
14
14
14
14
14
14
14
14
14
14
14
14
14
14
14
14
14
14
