750
10000
9971
9971
9971
9971
9971
9971
9971
9971
9971
9971
9971
9842
9842
9842
9842
9842
9842
9842
9271
9271
9271
9271
9271
9232
9232
9232
9232
9232
9232
9232
9232
9232
9232
9232
9232
9232
9232
9155
9155
9155
9155
9155
9155
9155
9142
9142
9142
9142
9142
9142
9142
9142
9142
9142
9142
9142
9142
9142
9142
9142
9142
8981
8981
8981
8981
8981
8981
8981
8981
8981
8981
8981
8981
8981
8981
8884
8884
8884
8884
8884
8884
8884
8884
8884
8884
8884
8884
8709
8709
8709
8709
8709
8709
8709
8709
8709
8709
8709
8695
8695
8695
8695
8695
8695
8695
8695
8695
8695
8611
8611
8611
8611
8611
8611
8611
8522
8522
8522
8522
8522
8522
8522
8522
8510
8510
8510
8510
8308
8308
8308
8308
8308
8286
8286
8286
8286
8286
8262
8262
8262
8262
8262
8262
8262
8262
8262
8262
8262
8124
8124
8124
8124
8124
8124
8124
8124
8124
7942
7942
7942
7942
7942
7942
7942
7942
7942
7942
7942
7942
7942
7942
7942
7942
7942
7799
7799
7799
7799
7799
7799
7799
7510
7510
7510
7510
7510
7510
7510
7510
7510
7510
7510
7510
7510
7510
7510
7510
7510
7510
7510
7510
7252
7252
7252
7252
7252
7252
7252
7252
7252
7252
7252
7252
7252
7252
7252
7252
7252
7252
7252
7227
7227
7227
7227
7227
7227
7227
6825
6825
6825
6825
6825
6825
6825
6825
6825
6825
6825
6825
6825
6825
6825
6635
6635
6635
6635
6635
6635
6635
6635
6635
6635
6635
6635
6635
6635
6561
6561
6561
6561
6561
6561
6561
6561
6561
6561
6561
6495
6495
6495
6495
6495
6495
6495
6495
6495
6495
6495
6495
6115
6115
6115
6115
5882
5882
5882
5882
5882
5882
5802
5802
5802
5802
5802
5802
5802
5802
5802
5802
5730
5730
5730
5730
5730
5730
5730
5730
5730
5730
5730
5730
5730
5730
5730
5730
5730
5730
5730
5703
5703
5703
5703
5703
5703
5703
5617
5617
5617
5617
5617
5617
5617
5617
5617
5617
5617
5617
5617
5617
5617
5617
5617
5617
5617
5553
5553
5553
5553
5553
5553
5553
5553
5553
5553
5553
5553
5475
5475
5248
5248
5248
5248
5248
5248
5248
5248
5248
5248
4938
4938
4938
4938
4668
4668
4668
4472
4472
4472
4472
4472
4472
4472
4472
4472
4472
4400
4400
4400
4400
4400
4400
4400
4400
4400
4400
4400
4400
4400
4400
4362
4362
4362
4362
4362
4362
4362
4362
4362
4166
4166
4166
4166
4166
4166
4166
4121
4121
4121
4121
4121
4121
4121
4121
4121
4121
4121
4121
4121
4121
4121
4121
4121
4121
4121
4097
4097
4097
4097
4097
4097
4097
4097
4097
4097
4097
4097
4097
4097
4097
4097
4037
4037
4037
4037
4037
4037
4037
4037
4037
4037
4037
4037
4037
4037
4037
4037
4019
4019
4019
4019
3952
3952
3952
3952
3952
3952
3952
3952
3952
3897
3897
3897
3897
3705
3705
3705
3705
3705
3705
3628
3403
3403
3403
3403
3403
3403
3403
3403
3403
3403
2930
2930
2930
2930
2930
2930
2930
2930
2930
2930
2930
2930
2750
2750
2750
2750
2750
2750
2750
2750
2750
2750
2750
2750
2750
2750
2750
2750
2750
2750
2702
2702
2702
2702
2702
2702
2702
2702
2652
2652
2652
2652
2652
2652
2652
2489
2489
2489
2489
2489
2489
2413
2413
2413
2413
2413
2413
2413
2413
2347
2347
2347
2347
2347
2223
2223
2223
2223
2223
2223
2223
2223
2223
2223
2223
2223
2153
2153
2153
2153
2153
2153
2153
2153
2153
2153
2153
2153
2153
2153
2153
2153
2062
2062
2062
2062
2062
2062
2062
2062
2062
2053
2053
2053
2053
2053
2053
2053
2053
2053
2053
2053
2053
2053
2053
1852
1852
1852
1852
1852
1852
1852
1852
1852
1432
1432
1432
1432
1432
1061
1061
1061
1061
1061
1061
1061
1061
1061
1061
1061
1015
1015
1015
1015
1015
765
765
765
765
765
765
765
765
765
765
765
765
765
765
671
671
671
671
671
671
671
671
671
671
671
671
671
671
671
579
579
570
570
570
447
447
447
447
447
447
447
447
447
447
447
447
447
447
447
447
447
400
400
400
400
400
400
400
400
400
400
400
400
400
400
129
129
129
129
129
129
129
129
96
96
96
96
96
96
96
96
17
17
17
17
17
17
17
17
17
17
17
17
17
17
17
17
17
4
4
4
4
4
4
4
