752
10000
9967
9967
9967
9967
9967
9967
9967
9967
9967
9734
9734
9734
9734
9734
9734
9734
9734
9641
9641
9641
9641
9641
9641
9641
9641
9641
9641
9641
9641
9641
9641
9641
9641
9641
9497
9497
9497
9497
9497
9497
9497
9497
9497
9497
9497
9475
9475
9475
9475
9475
9475
9475
9475
9475
9475
9460
9460
9460
9460
9460
9460
9460
9460
9460
9460
9460
9405
9405
9405
9405
9405
9405
9405
9405
9405
9405
9405
9360
9360
9360
9360
9360
9360
9360
9360
9360
9360
9360
9360
9360
9360
9360
9360
9360
9360
9360
9267
9267
9267
9267
9267
9267
9267
9267
9217
9217
9217
9217
9217
9217
9217
9217
9217
9217
9217
9217
9217
9217
9217
9217
9217
9217
9217
9157
9157
9157
9157
9157
9157
9157
9054
9054
8984
8984
8984
8984
8984
8984
8984
8984
8984
8984
8756
8756
8756
8756
8756
8756
8756
8756
8756
8756
8756
8756
8756
8756
8756
8756
8756
8756
8354
8354
8354
8354
8354
8354
8354
8354
8354
8354
8354
8354
8354
8167
8167
8162
8162
8162
8162
8162
8162
8008
8008
8008
7838
7716
7716
7716
7716
7716
7716
7716
7716
7716
7716
7716
7716
7716
7716
7716
7716
7716
7716
7716
7294
7250
7250
7250
7250
7250
7250
7250
7250
7250
7250
7250
7250
7250
7250
7250
7250
7167
7167
7167
7167
7167
7167
7167
7167
7167
7167
7167
7167
7167
7167
7167
7167
6830
6830
6830
6830
6830
6830
6830
6830
6830
6830
6830
6830
6830
6830
6830
6830
6830
6830
6752
6752
6752
6752
6752
6752
6752
6752
6752
6752
6752
6752
6752
6752
6752
6752
6752
6410
6410
6410
6410
6158
6158
5944
5944
5944
5756
5756
5756
5756
5756
5756
5756
5756
5756
5756
5756
5756
5756
5756
5756
5756
5756
5756
5756
5707
5707
5707
5707
5707
5707
5707
5653
5653
5653
5653
5653
5653
5653
5653
5653
5653
5653
5638
5638
5638
5638
5638
5638
5638
5638
5638
5638
5638
5638
5638
5638
5638
5638
5412
5412
5412
5412
5412
5412
5412
5412
5412
5412
5412
5412
5412
5412
5412
5412
5412
5412
5412
5412
5376
5376
5376
5376
5376
5376
5376
5376
5376
5376
5376
5124
5124
4958
4958
4958
4958
4958
4958
4958
4958
4958
4958
4958
4950
4950
4950
4950
4950
4950
4950
4950
4950
4950
4950
4950
4950
4950
4807
4782
4782
4782
4782
4780
4780
4780
4780
4780
4780
4780
4780
4780
4780
4622
4622
4622
4622
4622
4622
4622
4622
4622
4622
4622
4591
4591
4591
4591
4591
4591
4591
4591
4591
4591
4460
4460
4460
4460
4460
4460
4365
4365
4365
4365
4365
4365
4365
4365
4365
4365
4365
4365
4365
4365
4365
4365
4365
4365
4365
4350
4350
4350
4345
4345
4345
4345
4345
4345
4345
4345
4345
4345
4345
4331
4331
4331
4331
4331
4296
4296
4296
4296
4296
4296
4265
4265
4265
4265
4265
4265
4265
4265
4265
4265
4265
4265
4265
4265
3897
3897
3897
3897
3897
3897
3897
3897
3897
3897
3897
3897
3897
3897
3897
3897
3897
3897
3678
3678
3678
3678
3678
3678
3678
3678
3678
3678
3678
3626
3626
3626
3626
3626
3626
3626
3626
3626
3626
3626
3626
3419
3419
3419
3419
3419
3419
3419
3419
3419
3419
3419
3357
3357
3357
3357
3357
3357
3357
3357
3357
3357
3357
3357
3357
3357
3164
3164
3164
3164
3164
3164
3164
3164
3164
3164
3164
3164
3164
3164
3164
3161
3161
3161
3161
3161
3161
3161
3161
3161
3161
3161
3161
3161
3161
3161
3161
3161
3161
3161
2672
2672
2672
2672
2672
2672
2672
2278
2278
2278
2278
2278
2278
2278
2188
2188
2188
2188
2188
2188
2188
2188
2188
2188
1758
1758
1758
1758
1758
1758
1758
1758
1758
1758
1758
1758
1535
1535
1535
1535
1503
1503
1503
1430
1430
1430
1362
1362
1362
1362
1362
1362
1150
1150
1150
1150
1150
1150
1150
1150
1150
1106
1106
1106
1106
1031
1031
1031
1031
1031
1031
1031
1031
1031
1031
1031
1031
1031
1031
1031
784
784
784
781
781
781
781
781
781
781
781
781
781
781
781
781
781
781
781
781
717
717
561
561
561
561
561
561
561
561
561
561
561
561
561
561
518
518
518
518
518
518
518
518
518
518
518
518
518
518
518
518
518
518
456
456
456
456
456
456
456
456
456
456
456
456
357
357
357
357
357
357
84
84
84
84
84
84
84
84
