725
10000
4960
4960
4960
4960
4960
4960
4960
4960
4960
4960
4960
4960
4875
4875
4875
4875
4875
4875
4875
4875
4875
4875
4875
4875
4875
4875
4875
4864
4864
4864
4864
4864
4864
4864
4864
4864
4864
4864
4864
4864
4864
4815
4815
4815
4815
4815
4815
4734
4734
4734
4734
4734
4734
4734
4734
4734
4734
4734
4734
4734
4734
4734
4734
4734
4734
4734
4734
4446
4446
4446
4446
4446
4446
4446
4446
4446
4446
4446
4446
4446
4446
4446
4446
4446
4446
4336
4336
4336
4336
4336
4336
4336
4336
4336
4336
4336
4336
4336
4336
4336
4295
4295
4295
4295
4295
4295
4295
4295
4234
4234
4234
4234
4234
4234
4234
4234
4234
4234
4234
4234
4234
4234
4234
4234
4174
4174
4174
4108
4108
4108
4108
4108
4108
4108
4108
4108
4108
4108
4108
4108
4108
4108
4108
4088
4088
4088
4088
4088
4088
4088
4088
4088
4020
4020
4020
4020
4020
4020
4020
4020
4020
4020
3792
3727
3727
3727
3727
3709
3709
3709
3709
3709
3709
3709
3709
3709
3709
3709
3709
3709
3709
3709
3709
3709
3709
3709
3709
3702
3702
3702
3702
3702
3702
3702
3702
3702
3702
3702
3702
3702
3702
3702
3618
3618
3618
3618
3583
3583
3548
3548
3548
3548
3480
3320
3320
3320
3320
3320
3320
3320
3320
3320
3309
3309
3309
3309
3309
3309
3309
3309
3309
3309
3309
3309
3309
3309
3309
3309
3309
3309
3309
3309
3098
3098
3098
3098
3098
3098
3098
3098
3098
3098
3098
3098
3098
3058
3058
3058
3058
3058
3058
3058
2949
2949
2949
2949
2949
2949
2949
2949
2949
2949
2949
2949
2949
2949
2949
2949
2949
2949
2946
2946
2946
2946
2946
2946
2946
2946
2946
2946
2946
2946
2846
2846
2846
2846
2846
2846
2846
2804
2804
2804
2804
2804
2804
2804
2804
2794
2794
2794
2794
2794
2794
2794
2794
2794
2746
2746
2746
2746
2746
2746
2746
2746
2746
2746
2746
2746
2746
2746
2746
2746
2741
2741
2741
2741
2741
2741
2741
2741
2741
2741
2741
2741
2741
2741
2741
2741
2655
2655
2655
2655
2655
2482
2482
2482
2482
2482
2482
2478
2478
2478
2478
2478
2478
2478
2478
2441
2441
2441
2441
2441
2441
2441
2441
2401
2401
2401
2401
2401
2401
2401
2401
2401
2401
2401
2401
2401
2401
2401
2401
2401
2398
2398
2398
2160
2160
2160
2160
2160
2160
2160
2160
2160
2160
2160
2160
2160
2160
2160
2160
2160
2160
2160
2158
2158
2158
2158
2158
2158
2158
2158
2158
2158
2158
2158
2158
2158
2158
2158
2158
2158
2155
2155
2155
2155
2155
2155
2155
2155
2155
2155
2154
2154
2154
2154
1988
1988
1988
1988
1988
1988
1988
1988
1988
1988
1988
1988
1964
1964
1964
1964
1964
1964
1964
1964
1946
1946
1946
1946
1946
1946
1946
1946
1946
1946
1946
1946
1844
1844
1844
1844
1800
1800
1800
1800
1800
1800
1800
1800
1800
1800
1800
1800
1800
1789
1789
1789
1789
1789
1789
1789
1789
1789
1789
1789
1789
1789
1789
1789
1716
1716
1716
1716
1714
1714
1714
1714
1714
1714
1714
1714
1505
1505
1505
1505
1505
1505
1505
1502
1502
1502
1502
1502
1502
1502
1502
1502
1502
1502
1502
1502
1502
1502
1502
1502
1494
1494
1494
1494
1494
1494
1494
1494
1351
1351
1351
1351
1351
1351
1351
1351
1351
1351
1351
1323
1323
1323
1323
1323
1301
1301
1301
1301
1301
1301
1301
1301
1301
1301
1301
1301
1301
1301
1301
1301
1301
1301
1301
1269
1245
1245
1245
1245
1245
1245
1245
1245
1245
1245
1245
1245
1245
1245
1223
1223
1223
1223
1223
1223
1223
1223
1219
1219
1219
1211
1211
1211
1211
1211
1211
1211
1211
1211
1211
1211
1211
1211
1211
1043
1043
1043
1043
1043
1043
1043
1043
1043
1043
1043
1043
1043
1043
1043
1043
1043
1043
944
944
944
944
944
944
944
944
944
944
944
944
944
944
944
944
765
765
765
553
553
553
553
553
553
471
471
471
471
471
471
471
471
471
471
471
417
417
417
417
405
405
405
405
405
405
405
405
320
320
320
320
320
320
320
320
320
320
320
320
320
320
320
262
250
250
136
104
104
75
75
75
75
75
75
75
75
24
