872
10000
2498
2498
2498
2498
2498
2498
2498
2498
2498
2498
2444
2444
2444
2443
2443
2443
2443
2443
2443
2443
2443
2443
2443
2443
2443
2424
2424
2424
2424
2424
2424
2424
2424
2424
2424
2424
2424
2424
2424
2392
2392
2392
2392
2392
2392
2392
2392
2392
2392
2392
2392
2392
2392
2392
2392
2392
2387
2387
2387
2387
2387
2387
2387
2387
2387
2381
2381
2381
2381
2381
2381
2381
2381
2335
2277
2277
2277
2277
2277
2277
2277
2277
2277
2277
2277
2277
2277
2277
2271
2271
2271
2271
2271
2271
2271
2271
2271
2271
2271
2271
2271
2271
2271
2271
2271
2192
2192
2192
2192
2192
2192
2176
2176
2176
2176
2176
2176
2176
2176
2176
2176
2168
2168
2168
2168
2168
2168
2168
2168
2168
2168
2168
2110
2110
2110
2110
2110
2090
2090
2090
2090
2090
2090
2090
2090
2090
2090
2090
2090
2043
2043
2043
2043
2043
2043
2043
2043
2043
2043
2043
2043
2043
2043
2043
2043
2043
2043
2043
2043
2042
2042
2042
2042
2042
2042
2042
2042
2042
2042
2042
2042
2037
2037
2037
2037
2037
2037
2037
2037
2037
2037
2037
2037
2037
2037
2037
2037
2037
1978
1978
1948
1948
1948
1948
1858
1858
1858
1858
1858
1858
1858
1858
1858
1858
1858
1858
1858
1858
1858
1821
1821
1821
1821
1821
1821
1821
1813
1813
1813
1813
1813
1784
1784
1784
1784
1784
1784
1784
1784
1784
1784
1784
1784
1784
1784
1784
1784
1784
1784
1783
1783
1777
1777
1777
1777
1777
1777
1777
1777
1745
1745
1745
1745
1745
1745
1745
1745
1745
1745
1745
1745
1745
1745
1745
1745
1745
1745
1745
1745
1739
1739
1739
1739
1739
1739
1739
1739
1739
1739
1739
1739
1739
1739
1739
1739
1739
1739
1727
1727
1727
1727
1727
1727
1727
1711
1711
1711
1711
1711
1711
1711
1711
1711
1711
1711
1711
1711
1711
1711
1711
1711
1711
1626
1626
1626
1626
1626
1626
1626
1626
1626
1626
1626
1587
1587
1587
1587
1587
1587
1587
1587
1587
1587
1587
1587
1587
1587
1587
1587
1587
1536
1536
1536
1536
1536
1536
1536
1536
1536
1536
1536
1536
1536
1536
1536
1520
1520
1520
1520
1520
1518
1518
1518
1518
1518
1518
1518
1518
1518
1518
1518
1518
1518
1518
1518
1518
1518
1486
1486
1486
1486
1486
1486
1486
1486
1486
1486
1486
1486
1486
1486
1486
1486
1486
1486
1486
1486
1424
1424
1424
1424
1424
1424
1424
1424
1424
1424
1424
1424
1424
1424
1424
1424
1424
1421
1421
1421
1421
1421
1421
1421
1421
1421
1421
1421
1421
1421
1421
1421
1421
1408
1408
1408
1408
1408
1408
1408
1408
1408
1408
1408
1408
1408
1408
1408
1406
1406
1406
1406
1406
1406
1406
1406
1406
1406
1406
1406
1406
1359
1359
1359
1359
1359
1359
1359
1359
1359
1359
1359
1359
1359
1359
1359
1359
1297
1297
1297
1297
1238
1238
1238
1238
1238
1074
1074
1074
1074
1074
1074
1074
1074
1074
1074
1074
1074
1074
1074
1074
1074
1074
1074
1074
1043
1043
1038
1038
1038
1038
1038
1038
1038
1038
1038
1038
1038
1038
1038
1038
1038
1038
1038
1038
1038
1038
963
963
963
963
963
963
963
963
963
963
963
947
947
947
947
947
947
947
947
947
947
947
947
947
947
947
947
947
947
930
930
930
930
930
930
930
930
930
930
930
930
930
930
930
930
930
913
899
899
899
899
899
899
899
899
899
899
899
899
899
899
880
880
880
880
880
880
880
880
880
880
880
819
819
819
819
819
819
759
759
759
710
710
693
693
693
693
693
693
693
693
676
676
676
665
665
665
665
665
665
665
665
665
665
665
665
665
665
665
665
665
597
597
597
570
570
570
570
570
570
570
570
570
570
570
570
570
570
570
570
570
570
570
501
501
501
501
501
501
501
501
501
501
501
501
501
501
501
501
501
475
475
475
475
475
475
475
475
446
446
446
446
446
446
446
446
446
417
417
417
417
417
417
417
417
417
417
417
417
417
417
417
417
417
417
417
343
343
343
343
343
343
343
343
343
343
343
343
343
343
343
343
343
343
269
269
269
269
269
269
269
269
269
269
269
269
269
269
269
269
251
251
251
251
251
251
251
251
251
251
251
251
251
251
228
228
228
228
228
228
228
228
228
228
196
196
196
196
196
196
196
196
196
188
188
188
188
188
188
188
188
188
188
188
188
155
155
155
155
155
155
155
155
155
155
155
155
143
143
143
143
143
143
143
143
143
143
143
143
78
78
78
78
78
78
78
78
78
78
78
78
78
71
71
71
71
71
71
71
71
71
71
71
71
71
71
71
71
71
71
52
52
52
52
52
52
52
52
52
52
52
52
52
52
52
52
52
52
