160 80
282
606
365
270
423
506
257
355
505
276
368
547
426
412
450
174
429
327
209
238
215
451
489
564
269
209
357
287
309
501
224
354
365
536
256
298
382
544
212
179
336
578
563
604
452
601
497
529
613
271
372
320
475
360
426
275
525
246
482
626
532
213
507
390
274
485
401
429
373
479
381
265
592
188
369
205
464
283
268
240
466
471
353
257
407
235
286
283
357
221
407
551
534
472
462
488
542
550
586
304
470
466
364
616
617
545
233
365
197
576
458
184
503
298
498
593
200
360
549
606
565
516
209
326
317
386
308
486
224
394
573
527
257
440
378
425
503
309
344
299
461
206
329
246
483
248
349
550
160
197
321
453
168
474
305
639
176
287
514
316
