180 90
304
644
232
606
190
708
210
639
591
419
389
319
595
368
652
333
660
592
421
449
468
609
295
597
403
385
345
396
713
442
523
634
336
459
499
220
466
221
545
303
554
192
509
421
497
357
648
316
222
522
344
619
419
244
668
268
694
687
368
490
533
536
697
609
597
210
384
689
586
304
323
602
583
280
616
237
230
609
493
601
653
719
594
371
322
203
360
243
569
276
295
543
216
414
541
181
436
235
264
189
695
532
269
203
416
544
278
284
251
613
338
191
689
719
320
635
637
656
649
633
549
295
633
429
691
690
681
338
222
350
304
315
565
424
201
351
582
322
399
328
490
414
276
585
477
311
699
582
377
627
666
407
323
211
517
654
587
457
524
535
192
315
608
517
298
603
266
447
703
672
201
462
669
463
654
668
343
382
457
560
