160 80
487
400
442
325
473
413
203
163
365
210
208
553
473
206
406
245
342
265
184
634
280
326
483
253
301
497
319
461
467
221
578
447
470
442
560
444
245
451
209
284
368
243
236
361
426
545
381
163
425
589
421
506
165
527
610
587
522
608
384
375
595
415
567
496
609
460
446
308
267
321
187
353
219
215
312
250
422
198
605
375
241
537
500
390
199
504
372
502
469
246
203
235
248
400
195
206
428
331
183
164
535
289
188
589
238
384
281
581
597
511
177
527
622
219
523
594
377
231
339
230
357
415
635
312
373
238
613
536
318
400
194
383
556
521
395
400
409
451
388
272
241
385
313
600
497
214
573
465
506
244
305
582
179
540
229
577
226
249
272
608
