160 80
504
328
286
440
459
532
585
358
244
592
325
304
555
505
535
342
190
327
332
432
524
487
340
510
438
451
429
317
281
279
476
422
487
590
590
231
230
470
375
637
521
629
563
200
498
233
236
422
512
164
187
550
265
425
575
528
204
426
597
593
556
427
260
317
503
623
585
388
400
537
472
549
536
183
340
288
241
335
585
166
262
398
418
310
212
363
519
476
302
545
262
536
379
509
484
209
246
339
313
261
294
556
406
558
599
508
544
572
389
207
281
187
556
211
425
626
525
493
339
591
574
343
540
482
204
201
272
637
217
235
335
282
372
363
618
497
441
497
595
576
463
405
256
169
195
458
249
548
160
420
570
422
222
481
422
526
537
337
320
430
