160 80
300
515
440
611
431
283
497
361
613
180
504
393
329
522
412
351
390
173
505
243
311
322
209
612
236
582
325
160
481
320
348
187
447
226
403
430
451
209
332
352
347
283
245
511
523
173
609
496
541
583
459
568
388
161
234
317
283
546
430
611
268
495
336
537
286
239
196
425
167
558
421
540
463
301
542
585
550
620
169
301
410
258
321
418
526
600
317
392
528
323
472
236
166
222
631
309
177
446
572
573
442
203
496
302
494
568
167
405
211
253
334
381
160
348
625
194
562
281
225
231
457
391
296
482
423
635
255
281
325
368
282
194
568
316
598
553
299
324
576
426
625
602
314
416
400
426
320
298
506
204
214
164
300
373
504
328
200
597
407
424
