200 100
257
538
608
660
426
702
756
637
585
752
747
294
353
397
410
208
238
788
288
304
501
732
777
761
540
569
740
611
359
237
579
769
741
796
621
800
727
786
548
652
268
509
598
350
348
414
323
746
655
289
211
731
782
608
375
460
617
255
623
603
387
361
543
461
425
582
570
311
751
521
557
742
418
762
352
563
469
372
682
764
632
589
281
387
731
241
209
330
267
632
529
313
368
523
653
391
730
590
269
472
666
463
362
642
614
459
280
243
737
614
208
788
404
415
689
280
601
742
327
579
761
355
348
788
589
579
546
488
707
383
260
610
233
478
795
720
240
395
493
351
479
769
367
461
297
713
578
408
289
708
201
765
767
240
698
472
644
559
484
658
441
429
379
709
349
607
569
380
202
494
342
754
496
694
505
554
414
326
450
218
514
450
216
453
509
549
291
658
685
694
440
474
678
666
276
340
379
204
225
783
