200 100
291
427
448
720
390
530
321
250
618
210
555
469
466
776
231
639
532
437
468
416
771
699
256
535
393
381
685
742
426
741
752
488
479
663
238
524
501
286
784
210
270
602
268
226
559
253
537
456
662
202
548
398
396
365
307
452
683
600
719
263
228
567
779
382
287
423
566
533
375
248
645
711
227
224
326
516
680
303
269
563
677
442
477
632
520
583
284
448
621
727
675
294
433
591
461
340
697
769
739
746
679
629
566
437
611
573
583
348
238
362
499
210
533
410
436
457
587
736
533
697
665
610
475
513
272
519
738
350
666
691
246
699
781
611
631
767
747
763
764
669
348
408
206
408
588
322
423
204
549
749
249
725
496
428
219
732
399
262
434
351
441
739
219
637
328
493
611
289
338
549
407
444
314
309
800
311
666
461
616
632
602
694
431
353
751
718
739
273
798
530
224
547
333
592
458
339
670
488
612
314
