140 70
485
197
255
401
500
458
480
451
453
311
454
325
233
152
440
518
294
266
155
279
412
228
328
416
379
153
220
503
237
224
221
463
148
472
175
476
527
212
309
416
548
210
390
492
513
257
201
430
290
349
401
544
154
391
185
446
378
522
161
410
495
342
513
504
352
475
234
411
211
192
394
384
270
558
371
500
435
224
146
193
511
152
170
510
446
306
382
191
374
256
301
490
233
488
277
312
178
415
208
371
375
156
461
534
546
235
434
427
168
161
219
238
414
441
516
362
504
269
150
251
302
441
169
385
153
147
402
357
303
280
186
210
455
378
233
484
460
218
441
462
