180 90
346
632
492
334
526
589
415
665
715
676
425
637
288
526
451
343
479
317
707
227
573
662
625
411
219
461
442
276
315
218
268
396
523
200
533
349
346
466
504
547
284
476
294
450
555
238
443
210
478
303
552
370
394
229
545
385
523
662
258
500
525
205
673
248
671
349
367
639
225
679
365
555
455
473
679
570
203
351
360
322
220
544
545
260
542
336
247
534
430
497
272
594
577
441
610
443
575
181
518
715
547
229
679
348
551
452
602
379
471
469
462
206
196
192
215
385
561
185
497
412
513
186
288
684
408
191
658
715
654
444
291
340
713
530
210
532
690
451
338
360
609
678
488
261
681
353
502
557
400
234
458
517
201
585
206
449
438
674
487
194
266
511
480
533
682
621
301
184
311
292
186
317
349
313
660
594
656
215
354
372
