180 90
893
518
582
762
780
654
1020
684
722
1155
412
944
848
729
253
1069
722
291
593
1116
475
587
482
945
669
856
473
841
857
867
844
684
998
713
810
931
772
407
768
793
566
650
1047
797
569
509
480
777
457
796
985
731
581
886
739
708
810
564
602
714
624
1133
733
600
691
527
967
625
903
779
424
762
805
433
724
853
840
583
658
1136
437
617
1010
899
770
628
520
1001
737
652
982
1027
722
981
490
736
742
341
462
632
1099
493
952
452
953
669
683
578
1111
437
799
676
563
794
738
644
596
921
708
567
866
804
453
299
586
703
790
855
602
656
719
709
529
933
1019
941
764
778
624
999
775
799
436
748
627
784
934
485
924
673
1028
1205
535
809
818
272
622
939
651
645
774
837
350
832
901
1025
1019
1081
1040
597
950
803
744
614
724
816
547
971
641
689
