140 70
620
718
622
513
474
716
431
516
465
650
783
618
396
357
368
452
623
654
494
769
808
465
446
510
521
414
604
451
590
853
547
775
383
713
547
397
616
583
609
723
608
830
513
825
274
586
478
604
765
485
739
633
280
633
505
599
462
484
558
591
428
770
535
476
914
710
582
561
398
531
710
639
452
607
390
461
576
525
599
639
495
643
402
470
542
613
664
643
589
490
655
642
493
405
454
502
877
619
841
401
575
381
587
535
794
598
576
352
473
736
501
602
435
614
590
727
616
379
434
541
768
687
536
328
343
759
173
614
321
607
536
760
369
587
784
808
735
448
313
517
