180 90
1020
829
646
694
543
475
614
806
472
903
747
892
944
1011
728
856
779
888
702
1182
766
935
893
512
639
583
482
381
853
736
400
459
520
580
761
873
535
505
857
905
1133
685
689
892
585
819
1125
809
770
727
860
658
589
726
505
462
673
882
610
652
737
792
716
928
1077
952
729
809
964
431
557
503
863
416
424
882
664
701
729
540
642
629
633
840
853
620
831
948
991
320
688
413
871
702
922
655
935
633
900
909
610
820
919
764
495
757
939
548
461
1106
448
1066
846
809
794
676
556
689
774
1131
956
546
1001
670
803
922
900
966
957
638
1004
764
674
925
1033
806
648
621
811
420
616
660
300
625
502
896
503
694
567
446
668
331
706
404
668
648
548
918
993
873
782
816
1079
965
744
757
932
660
992
543
363
326
1009
912
815
1035
825
863
1017
728
