160 80
667
769
612
762
950
540
539
691
401
490
466
665
624
508
715
925
810
608
809
265
531
502
688
665
720
797
901
665
577
439
643
687
587
514
882
742
635
401
550
870
679
443
732
343
268
749
524
850
778
651
486
695
704
712
841
411
739
625
571
462
787
414
378
532
670
332
818
444
648
741
773
742
776
717
497
461
676
630
736
776
541
586
921
999
568
412
652
576
577
1097
621
635
823
739
308
642
688
727
770
564
998
747
508
589
631
475
672
951
729
886
516
675
568
275
481
465
524
763
594
464
813
489
819
716
639
764
641
632
471
710
667
342
655
447
811
828
456
514
587
516
574
304
554
578
441
555
725
586
680
519
511
530
642
606
868
861
605
471
522
764
