140 70
530
592
429
423
706
708
671
868
659
543
740
560
484
648
828
618
567
704
486
434
551
651
551
519
583
462
429
626
392
533
610
424
382
442
429
473
926
426
597
438
810
702
705
332
631
544
559
609
453
371
358
555
594
507
858
620
492
291
586
458
715
509
587
338
526
397
736
664
598
527
500
444
599
667
868
552
723
608
635
633
457
528
518
359
471
378
352
465
695
660
646
421
635
526
551
736
415
465
967
517
580
744
522
453
654
519
548
502
573
589
531
449
715
537
510
616
522
740
645
570
725
546
596
509
622
428
398
421
614
710
512
579
338
715
477
642
465
540
576
580
