200 100
1026
661
1271
611
1001
840
995
932
753
1110
1089
675
776
1029
1091
860
911
751
1022
602
566
966
906
759
733
732
935
971
1099
799
898
867
680
807
1006
854
608
895
880
749
1066
713
608
511
1072
871
777
802
1231
1039
966
941
697
804
755
679
591
908
450
758
769
772
540
1007
868
869
1109
703
761
929
962
734
835
897
385
789
1033
973
871
625
718
1063
847
841
405
904
724
583
632
1024
553
1129
540
469
652
951
663
849
833
625
888
984
995
957
793
1170
388
1134
1211
776
787
530
552
451
899
799
1261
658
666
922
904
757
987
454
1022
946
524
846
1000
761
616
705
659
542
335
462
981
662
633
996
700
856
711
831
871
767
256
485
675
721
851
1089
655
617
1029
677
958
797
781
694
926
1021
771
1237
692
796
689
855
877
762
707
842
1027
753
626
982
1088
1063
1029
1125
936
845
692
974
1071
1038
760
971
885
1146
677
505
1136
1070
876
709
834
735
601
896
