180 90
814
814
884
779
707
777
809
816
537
728
726
648
560
1015
762
1163
728
756
495
867
619
802
797
346
834
587
946
548
534
736
839
296
575
788
554
867
564
760
1034
740
572
483
212
696
900
860
678
760
768
886
742
623
649
364
636
651
712
403
988
811
832
903
514
484
674
353
700
586
958
561
882
603
609
1038
692
921
867
569
772
972
861
788
765
779
907
605
852
832
652
601
1266
523
515
1044
819
734
784
713
677
679
689
787
1103
586
812
1149
375
899
623
724
683
681
686
952
561
640
603
791
398
785
269
877
1015
446
939
732
880
529
553
707
925
981
504
698
1017
885
429
639
801
853
344
656
576
1208
666
701
704
777
943
590
808
543
759
748
822
434
691
536
725
502
537
740
772
503
703
496
515
926
803
822
633
860
642
879
766
1024
594
708
592
347
