180 60
126
96
86
48
118
132
117
145
148
103
87
66
146
95
93
112
115
90
28
58
138
129
96
195
111
160
209
90
108
137
63
63
128
116
122
131
14
103
147
108
40
28
140
34
77
110
108
89
132
25
73
91
94
123
111
156
103
74
257
79
124
127
145
191
130
87
130
91
77
106
30
26
171
107
162
88
138
54
50
74
182
143
127
142
134
153
42
34
44
59
96
67
141
28
155
136
121
36
74
145
148
38
25
34
19
115
150
56
137
174
21
8
62
77
62
74
136
97
95
134
58
18
101
73
94
101
190
86
123
138
72
80
181
45
162
147
79
54
102
137
7
32
202
91
90
92
76
58
82
122
75
79
114
126
139
100
109
95
118
147
55
45
62
100
159
102
84
100
154
257
160
93
52
88
152
184
118
68
181
115
