180 60
109
100
115
124
148
85
29
12
68
88
118
98
105
21
132
113
7
98
64
83
23
67
105
131
121
76
118
151
61
202
164
159
61
86
155
149
151
93
91
54
64
242
106
33
5
52
135
63
75
88
118
77
149
105
128
29
155
132
64
95
71
2
87
89
100
122
62
126
108
117
119
130
136
73
107
175
77
118
48
97
80
126
167
46
35
118
57
120
138
52
128
59
126
92
137
79
72
62
74
32
128
61
99
40
205
165
107
63
109
165
50
92
56
103
45
164
120
41
49
88
106
77
141
141
141
163
135
92
169
176
107
147
70
169
133
122
66
93
122
81
122
127
207
134
53
204
179
112
125
22
111
44
64
210
173
47
63
72
66
91
121
213
107
131
60
9
85
93
75
125
81
131
20
44
77
125
95
77
72
44
