198 66
90
80
121
114
71
223
114
65
109
66
17
82
127
19
159
182
110
156
68
77
67
92
139
50
95
144
149
11
26
123
62
103
79
130
139
132
91
73
97
96
56
37
103
75
122
52
83
170
152
183
105
149
114
157
47
94
104
47
41
80
117
70
144
81
151
63
140
166
97
73
27
35
54
85
151
71
59
19
88
72
76
87
109
104
89
71
87
87
79
66
95
126
133
46
65
129
80
190
63
134
159
52
104
75
188
161
55
57
54
55
89
126
83
84
139
93
114
134
89
27
213
50
9
75
193
110
125
97
61
99
69
46
64
54
67
52
139
155
66
99
144
132
23
67
127
86
83
84
115
184
122
34
109
154
31
101
55
166
76
99
148
172
57
193
97
139
22
117
14
57
12
134
111
12
115
179
127
97
29
93
67
129
205
171
161
77
62
82
125
82
173
108
106
80
110
139
125
63
