216
10000
2008
2028
2033
2042
2049
2050
2063
2098
2108
2125
2138
2147
2173
2175
2201
2220
2229
2234
2235
2265
2280
2300
2317
2350
2353
2371
2377
2393
2399
2400
2404
2417
2420
2444
2449
2457
2463
2510
2511
2531
2540
2543
2553
2585
2587
2590
2591
2636
2646
2669
2674
2675
2686
2698
2699
2733
2738
2754
2766
2769
2776
2829
2840
2842
2848
2856
2861
2868
2892
2896
2906
2907
2912
2937
2944
2987
2989
2994
2996
2997
3012
3017
3019
3031
3033
3037
3038
3056
3063
3070
3082
3117
3141
3150
3166
3175
3180
3184
3210
3217
3224
3226
3230
3244
3257
3260
3270
3274
3279
3289
3296
3301
3309
3325
3347
3356
3383
3394
3410
3420
3429
3431
3442
3458
3466
3467
3477
3481
3484
3493
3517
3518
3520
3522
3527
3528
3546
3566
3573
3596
3607
3653
3658
3661
3671
3694
3707
3713
3724
3725
3743
3754
3776
3783
3789
3798
3803
3808
3819
3824
3831
3837
3850
3883
3893
3899
3900
3926
3928
3953
3975
3994
4009
4018
4024
4042
4054
4100
4119
4128
4135
4155
4156
4188
4218
4225
4231
4238
4243
4246
4269
4271
4300
4302
4306
4324
4470
4527
4545
4599
4604
4615
4671
4684
4689
4711
4713
4882
4890
4935
5140
5164
5281
5315
5637
5939
