216
10000
2012
2048
2058
2059
2061
2073
2086
2092
2094
2098
2103
2106
2110
2130
2131
2132
2140
2144
2156
2164
2173
2187
2201
2215
2221
2238
2249
2253
2265
2278
2285
2297
2306
2311
2333
2337
2343
2359
2361
2365
2385
2386
2398
2404
2408
2418
2433
2446
2463
2469
2478
2480
2486
2491
2503
2508
2513
2525
2563
2588
2608
2616
2619
2626
2628
2648
2654
2655
2661
2664
2665
2669
2672
2674
2683
2702
2709
2726
2733
2738
2770
2779
2790
2796
2810
2816
2834
2855
2867
2868
2869
2879
2890
2916
2921
2930
2948
2962
2968
2977
2982
2992
2997
3016
3034
3041
3060
3068
3069
3091
3108
3125
3138
3140
3167
3177
3184
3221
3238
3266
3339
3342
3352
3360
3370
3372
3386
3435
3441
3463
3472
3497
3500
3502
3510
3535
3550
3581
3587
3600
3667
3680
3686
3743
3762
3791
3797
3802
3803
3817
3865
3888
3901
3902
3912
3915
3979
3982
3985
4011
4024
4028
4032
4036
4037
4098
4116
4151
4171
4190
4197
4209
4221
4228
4262
4297
4329
4368
4377
4406
4415
4523
4525
4541
4555
4654
4658
4678
4685
4738
4838
4851
4866
4876
4894
4905
4913
4919
4924
4987
5057
5061
5117
5134
5135
5187
5195
5249
5256
5273
5471
5485
5529
5724
5727
5768
