216
10000
2002
2004
2014
2026
2031
2042
2047
2048
2049
2051
2070
2074
2086
2091
2096
2104
2113
2115
2125
2133
2148
2156
2195
2217
2232
2276
2279
2283
2291
2292
2295
2309
2311
2328
2329
2358
2368
2392
2396
2399
2403
2408
2413
2418
2420
2426
2452
2455
2474
2477
2494
2495
2527
2532
2537
2577
2588
2610
2611
2617
2618
2632
2635
2639
2648
2653
2656
2700
2725
2750
2767
2772
2793
2802
2812
2813
2818
2830
2837
2844
2859
2876
2880
2894
2906
2923
2940
2941
2963
2977
2981
2986
3012
3044
3068
3140
3149
3158
3192
3195
3202
3207
3228
3232
3248
3252
3280
3285
3289
3314
3326
3360
3361
3362
3386
3410
3414
3424
3430
3432
3462
3463
3479
3498
3525
3538
3545
3547
3549
3553
3560
3571
3576
3582
3591
3598
3606
3625
3627
3629
3645
3646
3657
3660
3667
3676
3679
3690
3701
3718
3731
3775
3785
3786
3809
3812
3817
3858
3866
3869
3872
3899
3902
3930
3938
3986
3987
3991
4001
4005
4017
4042
4043
4097
4138
4175
4188
4206
4211
4250
4291
4342
4362
4376
4401
4402
4414
4423
4465
4477
4496
4508
4534
4619
4669
4730
4736
4783
4794
4806
4852
4862
4904
4931
4976
4984
4993
5118
5223
5263
5556
5628
5635
5669
5737
5813
