216
10000
2002
2005
2008
2017
2053
2117
2124
2126
2129
2130
2145
2150
2167
2171
2180
2199
2200
2207
2219
2234
2239
2243
2245
2256
2262
2265
2273
2284
2289
2295
2298
2312
2318
2333
2358
2363
2372
2380
2389
2405
2407
2420
2431
2465
2467
2478
2486
2487
2496
2501
2530
2539
2553
2563
2586
2589
2593
2594
2602
2630
2646
2653
2667
2691
2699
2701
2721
2723
2742
2745
2750
2756
2761
2775
2787
2789
2805
2808
2816
2850
2858
2863
2896
2922
2937
2943
2950
2960
2965
2978
2984
3030
3035
3039
3051
3074
3079
3080
3085
3111
3119
3125
3161
3182
3200
3206
3209
3217
3219
3223
3269
3279
3284
3291
3332
3346
3348
3367
3382
3383
3387
3394
3433
3434
3437
3453
3472
3532
3539
3544
3548
3549
3558
3595
3601
3622
3625
3633
3652
3657
3672
3674
3678
3695
3698
3702
3708
3709
3713
3720
3727
3759
3766
3798
3805
3806
3823
3840
3865
3913
3923
3946
3952
3965
3998
4039
4048
4054
4074
4080
4086
4089
4128
4135
4146
4176
4181
4187
4213
4242
4263
4273
4275
4287
4309
4320
4321
4363
4376
4379
4411
4463
4510
4557
4614
4647
4778
4786
4794
4897
4910
4912
4928
4957
5025
5048
5149
5159
5308
5372
5373
5403
5462
5558
5585
5784
