216
10000
2003
2011
2014
2036
2039
2050
2064
2074
2095
2098
2099
2140
2167
2168
2171
2181
2183
2185
2203
2218
2267
2269
2277
2280
2294
2298
2310
2315
2318
2333
2340
2363
2382
2393
2411
2423
2426
2432
2454
2455
2482
2501
2527
2542
2544
2545
2573
2576
2584
2586
2591
2592
2595
2613
2614
2615
2659
2660
2664
2674
2681
2721
2734
2759
2761
2779
2799
2816
2835
2847
2855
2857
2870
2883
2884
2888
2889
2901
2917
2918
2919
2942
2974
2989
3009
3011
3017
3020
3034
3045
3055
3059
3064
3076
3079
3083
3084
3088
3100
3117
3123
3138
3145
3150
3165
3178
3195
3201
3202
3212
3214
3224
3240
3248
3254
3260
3261
3304
3313
3324
3399
3400
3406
3411
3423
3436
3443
3455
3457
3464
3480
3488
3510
3518
3527
3560
3568
3574
3601
3602
3607
3616
3623
3636
3655
3674
3709
3710
3720
3728
3734
3740
3795
3802
3826
3840
3844
3849
3859
3910
3929
3936
3939
3970
4003
4030
4052
4058
4106
4110
4119
4148
4176
4184
4225
4237
4246
4247
4249
4257
4260
4262
4266
4305
4306
4372
4387
4397
4416
4483
4486
4487
4503
4553
4557
4625
4648
4651
4706
4727
4755
4800
4809
4812
4872
4934
4947
4961
4978
5042
5163
5262
5267
5423
5469
5603
