216
10000
2003
2018
2035
2047
2072
2083
2107
2120
2123
2125
2144
2145
2151
2152
2159
2166
2185
2187
2193
2196
2236
2244
2255
2271
2273
2286
2295
2300
2331
2332
2349
2350
2359
2365
2396
2406
2407
2419
2420
2431
2439
2444
2445
2456
2478
2487
2495
2518
2522
2530
2533
2536
2539
2544
2554
2570
2580
2581
2585
2592
2593
2600
2618
2628
2669
2678
2682
2701
2718
2754
2773
2775
2791
2794
2804
2812
2835
2837
2844
2871
2875
2880
2886
2887
2888
2902
2923
2951
2960
2963
2985
2997
3001
3021
3026
3030
3077
3082
3083
3085
3098
3114
3119
3134
3147
3149
3167
3172
3183
3216
3217
3233
3272
3311
3328
3342
3353
3368
3387
3397
3407
3421
3426
3429
3430
3437
3442
3449
3473
3476
3509
3518
3558
3626
3639
3658
3662
3680
3691
3692
3697
3737
3740
3768
3773
3778
3781
3792
3819
3828
3833
3840
3841
3848
3849
3884
3892
3896
3922
3931
3939
3985
3989
3992
4006
4040
4051
4062
4063
4075
4094
4130
4175
4190
4197
4202
4206
4220
4264
4277
4301
4308
4335
4343
4354
4372
4392
4399
4425
4440
4450
4471
4496
4568
4603
4606
4629
4643
4662
4673
4675
4708
4722
4724
5000
5047
5083
5257
5273
5300
5345
5368
5429
5521
5619
5680
