216
10000
2005
2021
2024
2026
2044
2046
2051
2058
2060
2070
2082
2084
2109
2117
2124
2133
2144
2155
2162
2193
2199
2201
2202
2219
2222
2225
2238
2243
2245
2257
2259
2272
2280
2286
2288
2301
2309
2334
2353
2357
2358
2362
2377
2403
2410
2439
2449
2465
2482
2513
2517
2521
2526
2567
2584
2592
2609
2612
2613
2617
2620
2634
2640
2641
2668
2683
2684
2686
2692
2694
2695
2699
2713
2715
2731
2739
2746
2749
2770
2776
2777
2780
2782
2831
2877
2880
2891
2911
2915
2942
2957
2991
2992
3002
3016
3029
3039
3063
3069
3098
3153
3184
3196
3201
3207
3222
3228
3240
3266
3268
3286
3315
3316
3357
3362
3369
3372
3394
3413
3415
3417
3434
3438
3442
3487
3488
3493
3497
3500
3518
3524
3527
3532
3537
3546
3551
3559
3561
3562
3591
3605
3614
3635
3671
3686
3698
3732
3746
3755
3776
3787
3794
3798
3817
3838
3855
3867
3886
3892
3915
3920
3936
3945
3981
4001
4030
4035
4064
4066
4136
4195
4208
4229
4249
4269
4278
4322
4323
4337
4339
4340
4370
4376
4386
4390
4398
4400
4452
4610
4612
4614
4623
4628
4683
4689
4692
4693
4732
4740
4749
4788
5030
5050
5086
5118
5213
5217
5222
5240
5288
5336
5421
5443
5694
5774
5874
