216
10000
2004
2014
2018
2025
2027
2028
2030
2034
2041
2048
2073
2078
2080
2102
2103
2104
2127
2128
2137
2138
2148
2149
2151
2166
2185
2205
2210
2217
2224
2278
2288
2309
2310
2311
2316
2334
2360
2375
2381
2402
2410
2419
2444
2445
2465
2470
2487
2498
2515
2523
2531
2566
2570
2572
2573
2597
2599
2600
2611
2624
2658
2680
2698
2712
2714
2718
2753
2756
2759
2767
2783
2787
2797
2798
2802
2830
2836
2846
2864
2869
2900
2915
2918
2923
2962
2963
2980
2987
2993
2996
3015
3017
3034
3036
3037
3049
3051
3053
3055
3059
3072
3078
3079
3102
3110
3120
3123
3151
3161
3173
3190
3193
3204
3257
3258
3277
3278
3282
3294
3329
3352
3353
3359
3374
3385
3393
3445
3450
3455
3473
3489
3491
3496
3497
3531
3577
3592
3597
3603
3620
3621
3641
3668
3689
3705
3706
3743
3762
3768
3780
3802
3803
3805
3818
3831
3850
3863
3874
3912
3914
3935
3940
3946
3972
3974
3984
4023
4044
4057
4098
4102
4170
4185
4192
4239
4257
4319
4330
4383
4400
4425
4454
4467
4512
4522
4568
4587
4642
4644
4649
4668
4703
4761
4804
4810
4817
4821
4826
4834
4872
4901
4924
4934
4960
4965
4966
4973
4982
5155
5168
5254
5259
5375
5452
5479
5952
