216
10000
2008
2011
2016
2033
2048
2049
2052
2070
2074
2075
2116
2123
2126
2128
2149
2153
2154
2163
2194
2195
2206
2219
2223
2224
2267
2279
2302
2346
2365
2395
2398
2430
2443
2452
2460
2474
2475
2481
2494
2499
2503
2529
2535
2538
2567
2584
2593
2619
2624
2626
2635
2644
2647
2648
2653
2670
2677
2696
2700
2705
2716
2737
2748
2752
2760
2769
2771
2773
2786
2794
2810
2816
2851
2852
2858
2869
2941
2948
2952
2955
2958
2970
2973
2975
2977
2990
2992
3013
3022
3029
3039
3061
3068
3077
3092
3101
3103
3105
3109
3111
3127
3167
3168
3194
3221
3245
3246
3253
3255
3259
3282
3300
3323
3333
3339
3364
3374
3391
3399
3407
3412
3415
3418
3460
3468
3481
3492
3531
3553
3555
3565
3578
3600
3611
3624
3630
3642
3652
3654
3657
3679
3697
3715
3720
3732
3735
3743
3745
3755
3777
3781
3800
3824
3832
3849
3851
3853
3886
3897
3906
3907
3941
3942
3945
3953
3978
3981
4004
4022
4026
4059
4062
4063
4064
4109
4152
4161
4169
4186
4211
4217
4223
4263
4271
4272
4273
4282
4295
4296
4297
4360
4372
4401
4426
4430
4433
4500
4524
4565
4578
4676
4777
4818
4857
4859
4875
4891
4905
4922
4994
5104
5173
5254
5364
5373
5538
