216
10000
2012
2015
2024
2047
2052
2076
2080
2085
2089
2096
2101
2119
2122
2123
2125
2149
2164
2165
2169
2180
2184
2187
2192
2198
2199
2202
2205
2212
2232
2256
2265
2269
2289
2296
2317
2321
2329
2368
2382
2386
2404
2408
2412
2413
2414
2416
2423
2438
2443
2458
2460
2463
2464
2479
2487
2521
2537
2538
2543
2546
2552
2563
2568
2587
2623
2632
2657
2672
2680
2681
2693
2712
2713
2714
2719
2741
2753
2764
2767
2783
2795
2799
2811
2815
2816
2817
2834
2849
2860
2871
2925
2932
2937
2961
2990
3002
3018
3031
3052
3078
3083
3114
3128
3131
3141
3165
3182
3197
3204
3212
3260
3267
3290
3291
3306
3312
3313
3315
3334
3351
3354
3375
3380
3398
3400
3435
3447
3460
3468
3480
3482
3483
3486
3492
3501
3512
3519
3543
3551
3557
3558
3584
3600
3602
3626
3631
3633
3634
3640
3650
3657
3682
3704
3728
3758
3761
3790
3898
3899
3928
3945
3946
3947
3978
3984
3994
4050
4056
4058
4158
4186
4187
4195
4203
4228
4232
4254
4277
4279
4286
4314
4317
4327
4402
4436
4465
4541
4581
4662
4738
4752
4767
4798
4881
4934
4971
4998
5018
5020
5042
5082
5213
5244
5312
5318
5396
5409
5495
5555
5560
5566
5597
5603
5664
5665
5716
