216
10000
2002
2021
2026
2039
2056
2064
2065
2075
2083
2094
2113
2117
2123
2124
2132
2134
2144
2149
2172
2178
2187
2190
2191
2192
2214
2216
2239
2242
2243
2249
2250
2256
2260
2274
2278
2282
2298
2312
2330
2334
2337
2349
2351
2358
2363
2366
2368
2386
2394
2399
2404
2419
2423
2434
2445
2461
2469
2494
2510
2529
2545
2552
2563
2591
2595
2599
2602
2606
2623
2627
2659
2685
2713
2723
2752
2765
2772
2777
2810
2811
2813
2818
2822
2833
2835
2846
2848
2851
2867
2873
2875
2876
2882
2891
2920
2943
2946
2950
2955
2973
2977
3000
3002
3021
3035
3047
3052
3053
3057
3063
3103
3133
3159
3179
3205
3223
3224
3328
3330
3351
3355
3357
3363
3369
3373
3377
3399
3407
3409
3414
3433
3455
3476
3497
3517
3528
3529
3542
3547
3565
3571
3642
3673
3684
3697
3699
3712
3716
3818
3820
3824
3871
3884
3900
3990
3993
4029
4036
4041
4109
4117
4120
4123
4126
4246
4250
4285
4311
4312
4315
4335
4345
4354
4357
4409
4422
4432
4436
4455
4472
4474
4545
4552
4560
4566
4581
4594
4625
4639
4653
4686
4705
4767
4778
4794
4814
4893
4918
4931
4985
4992
5026
5044
5046
5125
5202
5288
5356
5384
5475
5488
5526
5561
5572
5632
5644
