216
10000
2008
2016
2042
2070
2080
2090
2096
2104
2152
2153
2160
2168
2170
2171
2175
2191
2198
2209
2220
2237
2240
2252
2253
2275
2279
2291
2302
2312
2314
2353
2366
2373
2399
2405
2410
2421
2435
2438
2441
2456
2475
2485
2488
2492
2499
2511
2517
2521
2524
2534
2543
2545
2548
2558
2559
2560
2566
2571
2572
2591
2616
2645
2651
2662
2666
2673
2677
2708
2713
2739
2744
2748
2795
2802
2817
2836
2840
2867
2878
2885
2905
2910
2911
2925
2929
2949
2957
2974
2986
3005
3007
3010
3018
3027
3032
3035
3036
3055
3077
3079
3092
3095
3103
3118
3164
3184
3193
3197
3204
3208
3242
3247
3274
3278
3283
3286
3299
3352
3358
3360
3375
3392
3406
3417
3444
3460
3461
3463
3467
3471
3484
3505
3522
3545
3571
3574
3588
3596
3599
3638
3662
3676
3678
3681
3682
3683
3701
3744
3747
3750
3762
3766
3775
3778
3796
3828
3853
3869
3887
3904
3916
3918
3952
3980
3994
4016
4030
4041
4060
4062
4068
4106
4108
4113
4166
4211
4217
4220
4238
4242
4266
4282
4285
4320
4363
4385
4407
4424
4427
4435
4477
4488
4531
4537
4657
4688
4729
4740
4742
4798
4881
4924
4940
4944
4965
4970
5012
5020
5254
5304
5329
5391
5407
5499
5787
5824
