216
10000
2030
2037
2060
2061
2078
2085
2105
2117
2144
2149
2167
2170
2173
2185
2187
2196
2204
2220
2242
2243
2266
2272
2276
2302
2305
2327
2349
2364
2407
2412
2430
2442
2448
2456
2457
2465
2476
2477
2486
2489
2505
2540
2552
2572
2592
2603
2611
2615
2620
2635
2637
2644
2646
2656
2658
2673
2691
2709
2725
2737
2755
2761
2763
2769
2772
2794
2796
2804
2808
2823
2829
2834
2872
2882
2885
2896
2907
2911
2927
2929
2945
2984
2990
2993
2996
3008
3010
3011
3015
3021
3023
3024
3026
3038
3044
3056
3061
3078
3085
3089
3097
3102
3122
3135
3139
3159
3161
3184
3200
3245
3259
3272
3279
3286
3312
3321
3343
3353
3354
3367
3407
3413
3416
3418
3419
3435
3456
3457
3467
3482
3495
3502
3537
3554
3563
3564
3568
3569
3586
3587
3607
3618
3633
3636
3656
3658
3673
3694
3706
3707
3719
3752
3771
3775
3813
3844
3873
3925
3927
3928
3953
3957
3960
3962
3989
3990
3992
4012
4013
4068
4084
4097
4099
4104
4116
4118
4122
4126
4148
4170
4173
4183
4243
4244
4263
4288
4293
4370
4379
4465
4467
4473
4521
4530
4534
4568
4623
4669
4671
4788
4803
4810
4812
4832
4887
4901
4907
4943
4951
5004
5035
5067
5088
5184
5284
5573
