216
10000
2006
2010
2012
2031
2037
2063
2079
2114
2122
2153
2156
2173
2179
2184
2185
2204
2215
2221
2236
2254
2269
2275
2276
2294
2300
2305
2306
2307
2308
2316
2320
2338
2351
2352
2356
2374
2380
2415
2418
2420
2422
2430
2455
2462
2470
2471
2475
2497
2501
2516
2518
2525
2534
2547
2553
2581
2587
2594
2628
2640
2659
2661
2682
2704
2705
2709
2751
2769
2797
2798
2800
2803
2833
2845
2855
2856
2857
2865
2890
2892
2893
2894
2901
2928
2936
2944
2947
2949
2952
2955
2963
2976
2990
3049
3050
3057
3074
3083
3087
3098
3131
3146
3147
3151
3157
3166
3208
3217
3232
3247
3260
3263
3279
3305
3306
3312
3342
3343
3351
3355
3364
3387
3389
3402
3411
3414
3438
3440
3451
3489
3491
3493
3545
3548
3552
3575
3582
3596
3597
3598
3606
3617
3640
3645
3651
3660
3696
3700
3703
3722
3729
3756
3759
3766
3767
3790
3801
3805
3819
3890
3898
3910
3937
3984
3997
4005
4012
4029
4053
4064
4098
4129
4142
4159
4181
4184
4192
4219
4224
4229
4233
4235
4272
4341
4351
4394
4425
4461
4514
4523
4525
4526
4567
4620
4705
4721
4730
4786
4789
4817
4826
4894
4944
5001
5002
5011
5132
5155
5194
5269
5310
5344
5403
5471
5694
5790
