216
10000
2007
2016
2036
2051
2077
2079
2080
2135
2137
2141
2154
2157
2167
2169
2171
2194
2200
2230
2234
2236
2244
2258
2263
2264
2286
2294
2298
2307
2329
2336
2350
2383
2387
2400
2405
2411
2418
2451
2467
2471
2480
2514
2515
2520
2522
2526
2528
2533
2537
2589
2590
2609
2612
2633
2646
2655
2659
2663
2698
2707
2714
2715
2746
2752
2759
2761
2784
2791
2839
2863
2868
2869
2880
2883
2892
2897
2905
2906
2912
2934
2952
2957
2974
2987
3001
3029
3035
3052
3062
3091
3100
3103
3108
3109
3120
3130
3140
3143
3153
3154
3156
3185
3189
3202
3219
3264
3284
3290
3300
3306
3319
3324
3325
3331
3335
3339
3365
3369
3399
3423
3442
3450
3465
3519
3523
3526
3532
3549
3555
3558
3567
3571
3576
3603
3607
3614
3618
3631
3638
3646
3647
3653
3671
3674
3681
3705
3710
3716
3722
3724
3742
3752
3753
3761
3780
3782
3786
3788
3817
3818
3822
3826
3839
3860
3890
3895
3908
3925
3959
3983
4012
4019
4026
4037
4059
4081
4089
4098
4099
4137
4139
4151
4156
4162
4228
4248
4270
4275
4281
4302
4324
4343
4376
4401
4440
4478
4575
4595
4602
4628
4650
4736
4801
4841
4875
4931
4943
4990
5001
5197
5309
5473
5540
5573
5613
5694
