216
10000
2002
2004
2028
2040
2043
2056
2096
2107
2130
2140
2147
2150
2159
2180
2192
2212
2217
2218
2228
2230
2234
2235
2236
2252
2255
2285
2287
2289
2301
2327
2348
2364
2369
2388
2391
2396
2412
2414
2436
2472
2477
2480
2492
2495
2497
2500
2501
2502
2503
2504
2530
2540
2560
2564
2567
2568
2581
2596
2597
2604
2607
2608
2614
2617
2619
2629
2634
2637
2655
2666
2686
2697
2706
2721
2736
2768
2770
2772
2778
2780
2781
2801
2805
2832
2834
2845
2860
2869
2878
2889
2919
2963
2974
2981
2991
3001
3008
3026
3043
3045
3059
3066
3088
3089
3101
3121
3143
3145
3159
3169
3174
3179
3184
3220
3227
3261
3271
3272
3292
3347
3361
3376
3378
3380
3385
3393
3410
3424
3442
3443
3450
3455
3508
3517
3524
3532
3550
3587
3654
3675
3679
3684
3703
3704
3711
3716
3718
3729
3749
3751
3795
3822
3840
3847
3888
3933
3936
3950
3955
3988
3991
4005
4020
4044
4060
4071
4118
4144
4153
4166
4169
4172
4232
4269
4300
4330
4335
4339
4352
4353
4388
4389
4408
4409
4412
4435
4515
4534
4545
4582
4586
4602
4635
4675
4710
4737
4866
4873
4901
4903
4931
5017
5018
5036
5047
5068
5104
5180
5182
5198
5222
5293
5371
5424
5494
5605
