200 100
22
99
52
55
22
99
74
71
57
93
84
68
91
51
86
55
79
37
24
84
66
43
75
34
47
41
86
31
32
27
42
87
94
30
71
84
33
32
54
99
33
35
79
53
62
76
49
76
40
57
38
56
29
88
99
70
58
27
22
41
34
58
97
45
84
62
28
27
20
27
100
48
60
28
52
30
46
92
74
78
87
40
49
50
26
62
58
99
54
60
94
59
23
81
61
72
70
89
83
60
99
40
37
57
84
31
46
52
71
56
81
37
43
75
73
72
20
63
54
89
36
61
20
63
87
32
68
83
74
50
26
21
62
42
31
74
40
92
61
94
47
79
37
46
95
73
39
57
88
64
73
70
38
40
38
37
45
25
52
69
70
91
50
28
39
34
65
53
94
53
48
26
57
85
97
65
41
34
40
75
37
46
47
26
65
75
20
93
77
79
55
42
51
24
96
51
83
70
54
54
