200 100
79
40
66
62
94
88
45
95
33
42
46
84
74
97
69
37
77
77
77
33
36
58
76
86
54
100
25
55
64
55
63
88
41
33
25
70
41
76
98
48
65
93
92
30
71
59
23
85
36
72
30
35
39
95
38
33
42
33
86
64
25
99
31
37
23
56
77
21
24
93
73
90
41
34
52
44
42
74
64
49
50
95
75
40
86
53
54
36
23
78
86
77
97
45
92
59
59
41
66
98
29
51
55
35
78
86
87
72
76
97
30
21
57
53
33
54
84
87
81
72
46
85
96
51
22
53
44
60
33
87
83
90
49
97
37
20
75
29
62
37
23
95
96
41
58
30
47
52
80
48
95
56
71
77
30
26
48
66
36
96
27
84
48
42
95
73
21
42
88
85
46
27
30
61
95
67
46
60
62
26
29
83
51
67
77
37
29
100
48
46
71
59
63
51
86
45
46
80
63
93
