180 90
92
24
63
95
40
30
62
86
22
33
57
21
52
91
45
28
49
89
99
99
45
34
86
44
23
22
90
37
75
34
23
48
29
100
37
22
40
75
37
31
44
43
38
40
61
99
70
81
41
69
46
23
55
88
89
36
52
43
94
91
47
57
86
40
64
51
96
59
59
80
99
44
65
88
43
67
82
67
70
33
50
61
58
77
55
31
80
23
30
26
37
41
94
21
40
54
92
90
33
65
25
24
97
70
89
52
72
74
30
51
91
23
69
85
23
51
84
76
91
27
80
52
33
67
64
60
57
33
55
31
29
42
95
62
36
75
43
37
20
73
99
97
25
38
27
49
45
84
92
25
64
32
90
94
37
47
40
29
61
92
21
89
74
64
39
21
71
69
60
97
75
20
100
66
28
38
100
93
83
74
