200 100
87
94
89
90
63
86
76
77
27
69
56
85
94
24
81
36
93
42
39
79
27
71
49
50
62
89
70
47
51
63
30
85
26
83
54
91
61
68
92
32
46
70
97
55
70
88
48
58
66
22
95
97
40
48
44
21
56
62
88
56
96
26
27
71
55
28
69
22
77
25
49
78
62
66
51
46
24
78
27
78
29
88
52
24
45
84
69
68
41
54
60
20
86
29
72
73
54
81
93
61
25
48
21
35
40
51
20
84
80
81
40
24
46
86
84
60
35
25
63
42
34
61
37
56
23
98
37
72
80
75
32
39
32
22
25
62
89
61
60
86
66
48
62
97
49
29
39
20
28
64
32
62
40
75
82
85
27
65
100
85
57
83
83
30
25
83
94
44
68
59
26
57
45
67
60
48
76
56
51
93
65
85
39
84
50
21
38
79
74
31
44
77
60
57
72
50
63
76
31
82
