200 100
97
82
88
23
50
90
35
57
72
56
83
34
96
86
72
96
37
98
84
98
97
79
33
45
24
34
23
80
47
98
20
42
48
53
93
87
81
89
85
55
52
91
52
91
20
37
65
67
84
68
59
26
77
75
92
95
74
55
29
71
47
33
66
55
99
52
45
55
20
59
30
53
87
93
37
79
71
93
49
85
22
96
43
66
83
60
97
92
40
33
69
32
59
30
94
82
49
82
23
60
87
54
41
40
88
86
71
35
48
70
64
75
28
61
80
37
28
61
96
85
58
91
72
100
39
92
26
35
46
72
60
43
50
29
96
44
95
87
23
77
73
43
89
58
99
92
33
45
75
83
82
34
94
69
86
58
82
46
26
24
27
26
69
40
23
43
31
84
74
77
40
20
83
29
86
100
26
78
60
58
74
39
57
55
99
48
39
71
77
62
79
100
70
71
79
59
28
60
22
49
