180 60
111
66
76
60
82
102
102
113
117
115
92
109
102
86
140
101
123
94
132
90
105
93
112
94
73
83
71
143
90
80
89
72
90
83
106
78
142
95
122
82
125
113
92
80
106
138
102
71
72
102
104
77
87
110
121
133
112
58
105
120
89
116
146
85
111
101
118
112
83
123
73
103
126
93
97
96
99
100
99
95
95
111
114
123
136
125
110
86
95
70
119
102
96
135
126
87
115
96
80
139
102
88
118
105
117
57
141
90
109
120
95
42
89
96
90
106
66
109
96
82
107
65
71
88
64
117
96
86
55
138
109
99
139
95
91
104
119
87
71
115
91
93
87
69
80
60
93
114
122
72
133
105
95
77
98
103
88
88
78
105
117
111
123
76
104
103
84
104
110
93
131
96
41
98
90
131
86
59
117
91
