162 54
120
91
83
112
136
88
86
119
102
103
98
77
106
87
94
102
102
86
101
94
114
90
109
62
93
62
77
87
89
73
119
83
86
109
123
106
76
90
149
137
119
95
152
124
100
93
130
109
119
115
104
77
69
77
127
145
88
67
126
107
122
93
109
124
101
135
112
109
125
78
77
116
132
105
74
114
92
101
99
94
96
102
65
89
129
105
99
90
137
117
94
61
105
104
140
143
109
109
109
102
82
130
92
75
82
97
118
105
99
115
101
113
69
66
121
81
91
108
102
106
69
131
81
103
128
113
83
113
100
107
75
136
64
120
78
141
110
111
93
112
89
77
128
74
85
77
99
105
124
159
80
91
99
133
110
99
111
102
75
83
124
66
