162 54
90
97
108
77
112
107
99
109
93
101
122
108
100
108
136
103
83
107
126
87
89
97
109
63
95
77
152
137
116
74
86
114
144
139
90
86
96
97
103
84
104
141
79
105
108
112
104
81
140
103
107
102
108
93
103
95
103
107
79
54
104
90
114
112
93
131
118
55
86
93
126
80
99
120
97
112
109
66
83
96
112
95
81
104
131
120
126
98
125
82
87
118
64
129
74
104
84
120
101
106
119
105
113
101
110
135
126
83
94
123
79
96
73
101
91
86
118
109
88
122
104
112
60
84
80
70
120
123
99
94
122
87
83
95
101
79
92
119
107
103
112
110
76
98
118
81
122
93
101
57
83
90
94
78
114
81
119
90
121
109
104
122
