198 66
103
109
97
69
100
92
76
83
109
72
99
89
104
133
109
109
103
83
129
103
125
87
94
81
98
99
133
95
96
95
77
111
105
102
60
111
100
121
85
49
125
81
136
73
91
80
106
88
79
110
93
114
70
81
95
112
91
101
130
112
97
84
132
110
88
113
121
112
91
67
94
116
65
126
122
137
63
100
136
95
134
129
112
114
70
124
120
93
119
114
75
65
91
100
90
102
90
116
83
111
102
82
74
104
123
92
98
74
91
115
103
113
91
107
70
80
89
81
107
88
100
80
113
108
100
100
97
72
96
115
41
86
100
96
107
105
107
114
114
111
129
92
130
127
90
128
119
129
72
92
109
144
74
124
128
137
96
65
111
100
111
73
88
97
107
136
106
89
75
105
112
76
66
90
111
132
109
106
89
95
122
121
74
77
102
102
90
113
84
107
99
97
121
144
93
69
141
65
