180 60
90
113
112
77
98
120
99
105
94
88
91
119
124
96
70
92
115
99
70
109
96
104
100
98
125
109
110
91
101
88
116
116
96
94
122
116
119
93
133
82
92
79
102
65
106
107
127
96
110
86
99
100
116
91
83
112
134
95
93
93
114
110
110
79
106
121
103
68
120
99
128
108
99
110
80
133
118
140
117
120
122
108
85
94
124
136
80
85
121
75
75
113
96
108
103
123
86
116
101
107
114
114
99
113
125
104
101
81
147
108
120
89
89
86
111
69
82
90
111
72
96
134
105
144
116
92
122
81
97
99
101
104
80
90
134
94
107
114
77
117
82
124
90
69
82
92
75
101
116
78
88
96
106
96
84
60
108
92
91
102
80
115
76
97
87
100
87
93
80
77
122
108
117
110
85
102
111
99
128
106
