648
20000
4001	1
4015	1
4017	1
4021	1
4023	1
4026	1
4057	1
4066	1
4074	1
4078	1
4104	1
4109	1
4110	1
4112	1
4117	1
4123	1
4129	1
4135	1
4138	1
4143	1
4153	1
4155	1
4161	1
4173	1
4188	1
4194	1
4202	1
4207	1
4212	1
4218	1
4239	1
4242	1
4247	1
4250	1
4262	1
4280	1
4281	1
4282	1
4291	1
4293	1
4296	1
4299	1
4301	1
4313	1
4316	1
4320	1
4325	1
4326	1
4333	1
4339	1
4348	1
4355	1
4360	1
4369	1
4371	1
4377	1
4381	1
4385	1
4388	1
4437	1
4440	1
4452	1
4468	1
4473	1
4475	1
4478	1
4492	1
4506	1
4517	1
4520	1
4526	1
4534	1
4550	1
4553	1
4555	1
4557	1
4576	1
4578	1
4588	1
4594	1
4596	1
4603	1
4609	1
4610	1
4611	1
4620	1
4624	1
4632	1
4636	1
4640	1
4642	1
4646	1
4664	1
4666	1
4672	1
4675	1
4685	1
4703	1
4708	1
4721	1
4724	1
4725	1
4761	1
4767	1
4769	1
4773	1
4786	1
4787	1
4804	1
4824	1
4832	1
4840	1
4844	1
4854	1
4865	1
4867	1
4876	1
4880	1
4881	1
4882	1
4887	1
4898	1
4904	1
4912	1
4913	1
4916	1
4921	1
4924	1
4929	1
4931	1
4932	1
4951	1
4953	1
4954	1
4972	1
4992	1
4994	1
4995	1
5010	1
5015	1
5019	1
5023	1
5035	1
5036	1
5039	1
5042	1
5043	1
5047	1
5055	1
5060	1
5070	1
5075	1
5076	1
5084	1
5089	1
5091	1
5095	1
5103	1
5107	1
5112	1
5116	1
5122	1
5134	1
5137	1
5142	1
5146	1
5163	1
5182	1
5185	1
5189	1
5205	1
5207	1
5215	1
5226	1
5230	1
5235	1
5245	1
5257	1
5267	1
5274	1
5280	1
5282	1
5288	1
5297	1
5302	1
5305	1
5307	1
5316	1
5320	1
5332	1
5344	1
5348	1
5349	1
5380	1
5386	1
5396	1
5399	1
5402	1
5408	1
5419	1
5424	1
5430	1
5433	1
5436	1
5440	1
5445	1
5450	1
5451	1
5459	1
5461	1
5485	1
5486	1
5487	1
5500	1
5502	1
5504	1
5514	1
5515	1
5545	1
5550	1
5552	1
5562	1
5565	1
5574	1
5576	1
5586	1
5589	1
5594	1
5597	1
5598	1
5610	1
5611	1
5614	1
5621	1
5624	1
5633	1
5656	1
5663	1
5666	1
5675	1
5679	1
5704	1
5725	1
5731	1
5732	1
5733	1
5749	1
5751	1
5754	1
5756	1
5758	1
5764	1
5771	1
5777	1
5784	1
5786	1
5798	1
5800	1
5804	1
5821	1
5842	1
5866	1
5867	1
5871	1
5879	1
5882	1
5901	1
5909	1
5915	1
5921	1
5939	1
5940	1
5956	1
5960	1
5969	1
5975	1
5991	1
6008	1
6014	1
6029	1
6035	1
6045	1
6049	1
6063	1
6066	1
6067	1
6074	1
6080	1
6084	1
6094	1
6100	1
6104	1
6112	1
6116	1
6129	1
6133	1
6146	1
6152	1
6159	1
6171	1
6176	1
6187	1
6191	1
6202	1
6206	1
6211	1
6213	1
6217	1
6221	1
6224	1
6227	1
6234	1
6242	1
6245	1
6248	1
6253	1
6261	1
6265	1
6268	1
6269	1
6273	1
6276	1
6278	1
6280	1
6282	1
6283	1
6288	1
6313	1
6320	1
6333	1
6340	1
6354	1
6363	1
6372	1
6388	1
6393	1
6394	1
6396	1
6400	1
6411	1
6423	1
6450	1
6457	1
6463	1
6475	1
6481	1
6484	1
6491	1
6493	1
6510	1
6531	1
6540	1
6558	1
6590	1
6598	1
6606	1
6608	1
6633	1
6637	1
6640	1
6670	1
6678	1
6700	1
6705	1
6706	1
6716	1
6720	1
6737	1
6741	1
6764	1
6767	1
6789	1
6802	1
6808	1
6811	1
6813	1
6814	1
6815	1
6818	1
6819	1
6828	1
6830	1
6842	1
6856	1
6859	1
6879	1
6880	1
6881	1
6901	1
6905	1
6928	1
6949	1
6953	1
6968	1
6974	1
6979	1
6995	1
7006	1
7011	1
7026	1
7062	1
7073	1
7076	1
7119	1
7124	1
7125	1
7132	1
7162	1
7165	1
7168	1
7169	1
7174	1
7186	1
7204	1
7207	1
7208	1
7218	1
7222	1
7235	1
7239	1
7244	1
7248	1
7250	1
7253	1
7261	1
7282	1
7291	1
7314	1
7317	1
7337	1
7338	1
7340	1
7343	1
7398	1
7408	1
7416	1
7436	1
7438	1
7441	1
7442	1
7453	1
7455	1
7460	1
7494	1
7506	1
7521	1
7525	1
7537	1
7548	1
7564	1
7565	1
7584	1
7587	1
7603	1
7641	1
7664	1
7682	1
7690	1
7693	1
7695	1
7700	1
7705	1
7708	1
7742	1
7752	1
7769	1
7808	1
7810	1
7812	1
7827	1
7836	1
7853	1
7854	1
7870	1
7878	1
7882	1
7883	1
7886	1
7893	1
7898	1
7915	1
7917	1
7928	1
7951	1
7955	1
7969	1
7987	1
7998	1
8004	1
8014	1
8024	1
8027	1
8046	1
8065	1
8100	1
8108	1
8146	1
8147	1
8160	1
8163	1
8171	1
8173	1
8184	1
8192	1
8213	1
8257	1
8267	1
8290	1
8321	1
8326	1
8357	1
8362	1
8367	1
8370	1
8378	1
8386	1
8402	1
8415	1
8422	1
8427	1
8448	1
8455	1
8463	1
8469	1
8479	1
8497	1
8502	1
8510	1
8512	1
8513	1
8536	1
8566	1
8586	1
8627	1
8634	1
8645	1
8649	1
8658	1
8672	1
8677	1
8690	1
8694	1
8712	1
8736	1
8742	1
8746	1
8769	1
8782	1
8799	1
8803	1
8837	1
8847	1
8858	1
8870	1
8881	1
8890	1
8916	1
8922	1
8935	1
8993	1
8996	1
8998	1
9008	1
9015	1
9019	1
9021	1
9027	1
9034	1
9049	1
9054	1
9064	1
9065	1
9136	1
9139	1
9144	1
9146	1
9152	1
9179	1
9203	1
9224	1
9265	1
9266	1
9277	1
9332	1
9333	1
9345	1
9361	1
9374	1
9440	1
9444	1
9456	1
9465	1
9477	1
9494	1
9538	1
9543	1
9615	1
9639	1
9675	1
9686	1
9689	1
9765	1
9814	1
9841	1
9843	1
9859	1
9862	1
9917	1
9939	1
9969	1
10032	1
10042	1
10076	1
10099	1
10201	1
10237	1
10261	1
10273	1
10277	1
10283	1
10301	1
10310	1
10313	1
10317	1
10343	1
10344	1
10359	1
10363	1
10469	1
10482	1
10518	1
10529	1
10599	1
10608	1
10618	1
10622	1
10628	1
10731	1
10748	1
10764	1
10901	1
10933	1
11061	1
11215	1
11355	1
11363	1
11378	1
11704	1
