648
20000
4028	1
4029	1
4031	1
4044	1
4045	1
4047	1
4062	1
4069	1
4076	1
4081	1
4115	1
4116	1
4117	1
4125	1
4127	1
4148	1
4149	1
4167	1
4173	1
4176	1
4182	1
4185	1
4186	1
4189	1
4193	1
4206	1
4213	1
4217	1
4219	1
4252	1
4253	1
4262	1
4268	1
4276	1
4286	1
4300	1
4307	1
4311	1
4313	1
4314	1
4320	1
4325	1
4328	1
4344	1
4348	1
4350	1
4355	1
4359	1
4362	1
4371	1
4375	1
4390	1
4392	1
4418	1
4419	1
4442	1
4460	1
4462	1
4464	1
4481	1
4482	1
4500	1
4502	1
4505	1
4512	1
4514	1
4515	1
4522	1
4525	1
4533	1
4546	1
4554	1
4563	1
4586	1
4594	1
4607	1
4609	1
4619	1
4620	1
4623	1
4626	1
4631	1
4636	1
4643	1
4654	1
4657	1
4662	1
4669	1
4682	1
4684	1
4686	1
4703	1
4704	1
4710	1
4728	1
4730	1
4743	1
4746	1
4748	1
4749	1
4752	1
4761	1
4764	1
4766	1
4767	1
4768	1
4769	1
4785	1
4789	1
4799	1
4800	1
4803	1
4808	1
4816	1
4836	1
4838	1
4846	1
4882	1
4883	1
4889	1
4891	1
4900	1
4902	1
4904	1
4917	1
4923	1
4926	1
4931	1
4935	1
4939	1
4942	1
4943	1
4949	1
4963	1
4964	1
4968	1
4971	1
4972	1
4974	1
4979	1
4987	1
5020	1
5025	1
5029	1
5031	1
5046	1
5056	1
5076	1
5098	1
5108	1
5117	1
5133	1
5143	1
5166	1
5169	1
5183	1
5191	1
5197	1
5198	1
5200	1
5222	1
5234	1
5237	1
5252	1
5267	1
5269	1
5271	1
5273	1
5286	1
5298	1
5351	1
5359	1
5365	1
5373	1
5378	1
5380	1
5385	1
5403	1
5404	1
5423	1
5454	1
5458	1
5464	1
5466	1
5485	1
5520	1
5521	1
5523	1
5525	1
5529	1
5534	1
5536	1
5541	1
5542	1
5545	1
5548	1
5576	1
5597	1
5600	1
5606	1
5614	1
5622	1
5627	1
5632	1
5649	1
5650	1
5658	1
5676	1
5679	1
5680	1
5694	1
5699	1
5701	1
5704	1
5706	1
5716	1
5734	1
5746	1
5749	1
5752	1
5768	1
5770	1
5779	1
5780	1
5781	1
5788	1
5789	1
5803	1
5809	1
5812	1
5813	1
5819	1
5823	1
5829	1
5833	1
5847	1
5858	1
5875	1
5880	1
5887	1
5893	1
5897	1
5904	1
5910	1
5912	1
5926	1
5933	1
5962	1
5963	1
5965	1
5966	1
5974	1
5981	1
5982	1
5984	1
5995	1
6003	1
6012	1
6022	1
6032	1
6038	1
6042	1
6048	1
6052	1
6056	1
6060	1
6072	1
6073	1
6096	1
6097	1
6101	1
6104	1
6118	1
6123	1
6133	1
6139	1
6144	1
6147	1
6150	1
6160	1
6165	1
6170	1
6177	1
6198	1
6200	1
6203	1
6212	1
6234	1
6238	1
6240	1
6242	1
6248	1
6249	1
6255	1
6261	1
6267	1
6271	1
6272	1
6277	1
6279	1
6282	1
6289	1
6291	1
6303	1
6313	1
6328	1
6332	1
6354	1
6356	1
6361	1
6363	1
6364	1
6387	1
6392	1
6406	1
6414	1
6420	1
6441	1
6450	1
6453	1
6454	1
6456	1
6457	1
6465	1
6468	1
6474	1
6478	1
6481	1
6482	1
6494	1
6507	1
6515	1
6524	1
6546	1
6552	1
6554	1
6560	1
6563	1
6577	1
6589	1
6595	1
6632	1
6646	1
6673	1
6689	1
6690	1
6693	1
6713	1
6725	1
6733	1
6744	1
6759	1
6763	1
6769	1
6775	1
6799	1
6804	1
6807	1
6810	1
6812	1
6815	1
6821	1
6828	1
6832	1
6862	1
6875	1
6879	1
6883	1
6887	1
6895	1
6901	1
6906	1
6908	1
6912	1
6914	1
6919	1
6926	1
6928	1
6929	1
6952	1
6957	1
6958	1
6976	1
6990	1
7005	1
7011	1
7012	1
7014	1
7040	1
7049	1
7050	1
7056	1
7067	1
7075	1
7083	1
7084	1
7089	1
7096	1
7109	1
7113	1
7122	1
7125	1
7133	1
7148	1
7150	1
7168	1
7176	1
7181	1
7205	1
7206	1
7208	1
7214	1
7216	1
7219	1
7225	1
7237	1
7248	1
7251	1
7255	1
7257	1
7274	1
7311	1
7325	1
7331	1
7335	1
7343	1
7344	1
7353	1
7359	1
7362	1
7370	1
7373	1
7382	1
7393	1
7413	1
7426	1
7437	1
7439	1
7445	1
7454	1
7455	1
7456	1
7457	1
7460	1
7474	1
7476	1
7479	1
7482	1
7492	1
7511	1
7521	1
7530	1
7531	1
7536	1
7546	1
7547	1
7550	1
7556	1
7557	1
7563	1
7586	1
7591	1
7592	1
7607	1
7614	1
7618	1
7626	1
7645	1
7649	1
7654	1
7657	1
7658	1
7669	1
7670	1
7675	1
7686	1
7703	1
7727	1
7777	1
7801	1
7804	1
7807	1
7814	1
7818	1
7820	1
7827	1
7833	1
7839	1
7841	1
7852	1
7888	1
7908	1
7909	1
7913	1
7915	1
7930	1
7936	1
7946	1
7948	1
7952	1
7972	1
7974	1
7984	1
7988	1
7994	1
7999	1
8005	1
8031	1
8051	1
8052	1
8058	1
8061	1
8065	1
8066	1
8083	1
8105	1
8112	1
8126	1
8142	1
8151	1
8174	1
8188	1
8189	1
8190	1
8199	1
8227	1
8232	1
8268	1
8274	1
8275	1
8283	1
8293	1
8331	1
8344	1
8351	1
8354	1
8361	1
8374	1
8375	1
8379	1
8418	1
8428	1
8447	1
8453	1
8470	1
8477	1
8486	1
8490	1
8520	1
8539	1
8540	1
8545	1
8558	1
8564	1
8567	1
8568	1
8581	1
8605	1
8617	1
8632	1
8654	1
8657	1
8679	1
8699	1
8716	1
8726	1
8756	1
8763	1
8768	1
8790	1
8813	1
8817	1
8840	1
8885	1
8893	1
8913	1
8936	1
8941	1
8964	1
8994	1
9009	1
9015	1
9030	1
9093	1
9121	1
9135	1
9140	1
9143	1
9192	1
9193	1
9194	1
9264	1
9280	1
9303	1
9328	1
9350	1
9363	1
9368	1
9394	1
9417	1
9469	1
9484	1
9499	1
9500	1
9506	1
9509	1
9514	1
9519	1
9526	1
9529	1
9589	1
9593	1
9619	1
9784	1
9828	1
9882	1
9883	1
9887	1
9900	1
9956	1
9971	1
10001	1
10002	1
10038	1
10045	1
10127	1
10135	1
10157	1
10309	1
10319	1
10334	1
10338	1
10348	1
10368	1
10461	1
10482	1
10624	1
10784	1
10921	1
11015	1
11038	1
11060	1
11174	1
11175	1
11305	1
11376	1
11451	1
11527	1
