648
20000
4001	1
4004	1
4007	1
4018	1
4020	1
4033	1
4038	1
4041	1
4051	1
4053	1
4054	1
4082	1
4084	1
4085	1
4111	1
4119	1
4124	1
4151	1
4153	1
4160	1
4176	1
4188	1
4196	1
4198	1
4202	1
4220	1
4222	1
4224	1
4227	1
4239	1
4271	1
4290	1
4295	1
4296	1
4303	1
4310	1
4321	1
4328	1
4349	1
4360	1
4365	1
4385	1
4399	1
4406	1
4407	1
4416	1
4418	1
4424	1
4437	1
4440	1
4443	1
4454	1
4460	1
4469	1
4477	1
4478	1
4482	1
4497	1
4498	1
4501	1
4509	1
4524	1
4548	1
4550	1
4562	1
4563	1
4566	1
4567	1
4568	1
4569	1
4571	1
4582	1
4583	1
4590	1
4593	1
4607	1
4615	1
4626	1
4641	1
4652	1
4663	1
4667	1
4669	1
4671	1
4672	1
4673	1
4679	1
4688	1
4689	1
4693	1
4697	1
4702	1
4712	1
4716	1
4727	1
4731	1
4735	1
4745	1
4757	1
4760	1
4767	1
4768	1
4773	1
4780	1
4789	1
4791	1
4810	1
4811	1
4823	1
4829	1
4830	1
4831	1
4836	1
4837	1
4838	1
4846	1
4849	1
4852	1
4874	1
4877	1
4887	1
4894	1
4900	1
4905	1
4916	1
4923	1
4939	1
4943	1
4955	1
4957	1
4969	1
4971	1
4985	1
4988	1
4993	1
5000	1
5006	1
5016	1
5019	1
5027	1
5045	1
5065	1
5071	1
5072	1
5077	1
5082	1
5084	1
5093	1
5095	1
5115	1
5116	1
5121	1
5126	1
5141	1
5143	1
5154	1
5158	1
5161	1
5164	1
5184	1
5205	1
5209	1
5213	1
5221	1
5223	1
5227	1
5228	1
5240	1
5241	1
5247	1
5250	1
5254	1
5264	1
5268	1
5272	1
5273	1
5283	1
5289	1
5290	1
5293	1
5308	1
5323	1
5326	1
5327	1
5328	1
5333	1
5336	1
5337	1
5348	1
5352	1
5353	1
5371	1
5373	1
5377	1
5390	1
5406	1
5410	1
5413	1
5416	1
5426	1
5445	1
5454	1
5465	1
5472	1
5494	1
5497	1
5499	1
5500	1
5520	1
5522	1
5536	1
5539	1
5560	1
5563	1
5565	1
5569	1
5577	1
5580	1
5582	1
5584	1
5596	1
5598	1
5599	1
5606	1
5608	1
5612	1
5615	1
5643	1
5654	1
5657	1
5676	1
5679	1
5683	1
5692	1
5696	1
5704	1
5708	1
5730	1
5734	1
5735	1
5736	1
5737	1
5742	1
5744	1
5746	1
5750	1
5758	1
5766	1
5768	1
5769	1
5771	1
5774	1
5775	1
5786	1
5787	1
5805	1
5822	1
5831	1
5833	1
5848	1
5855	1
5857	1
5860	1
5861	1
5882	1
5889	1
5898	1
5910	1
5918	1
5924	1
5929	1
5932	1
5947	1
5948	1
5966	1
5976	1
5980	1
5990	1
5994	1
6000	1
6008	1
6015	1
6026	1
6031	1
6037	1
6039	1
6043	1
6049	1
6055	1
6059	1
6061	1
6075	1
6077	1
6080	1
6084	1
6089	1
6091	1
6103	1
6104	1
6105	1
6107	1
6115	1
6119	1
6126	1
6127	1
6137	1
6142	1
6146	1
6147	1
6151	1
6152	1
6153	1
6158	1
6161	1
6166	1
6169	1
6179	1
6188	1
6199	1
6203	1
6211	1
6213	1
6230	1
6249	1
6258	1
6263	1
6270	1
6272	1
6285	1
6295	1
6305	1
6314	1
6330	1
6332	1
6335	1
6337	1
6339	1
6344	1
6348	1
6350	1
6358	1
6367	1
6387	1
6389	1
6391	1
6411	1
6417	1
6419	1
6428	1
6460	1
6461	1
6483	1
6485	1
6488	1
6492	1
6503	1
6531	1
6537	1
6546	1
6556	1
6559	1
6565	1
6566	1
6568	1
6585	1
6590	1
6596	1
6624	1
6644	1
6650	1
6653	1
6670	1
6675	1
6687	1
6725	1
6735	1
6768	1
6783	1
6787	1
6800	1
6802	1
6807	1
6815	1
6817	1
6822	1
6824	1
6837	1
6845	1
6847	1
6854	1
6859	1
6870	1
6871	1
6880	1
6901	1
6907	1
6908	1
6911	1
6928	1
6940	1
6981	1
6986	1
7006	1
7008	1
7065	1
7081	1
7087	1
7109	1
7110	1
7119	1
7121	1
7159	1
7174	1
7182	1
7187	1
7220	1
7264	1
7268	1
7271	1
7274	1
7284	1
7315	1
7325	1
7328	1
7336	1
7346	1
7350	1
7357	1
7375	1
7379	1
7386	1
7396	1
7400	1
7408	1
7416	1
7427	1
7432	1
7435	1
7454	1
7461	1
7466	1
7468	1
7474	1
7475	1
7477	1
7485	1
7504	1
7514	1
7515	1
7519	1
7520	1
7521	1
7523	1
7525	1
7533	1
7561	1
7565	1
7578	1
7586	1
7589	1
7595	1
7610	1
7625	1
7627	1
7646	1
7658	1
7676	1
7686	1
7695	1
7700	1
7723	1
7731	1
7752	1
7761	1
7781	1
7784	1
7787	1
7792	1
7799	1
7805	1
7811	1
7832	1
7840	1
7861	1
7863	1
7883	1
7891	1
7897	1
7915	1
7917	1
7934	1
7959	1
7972	1
7973	1
8012	1
8049	1
8090	1
8115	1
8124	1
8128	1
8153	1
8201	1
8218	1
8222	1
8229	1
8235	1
8242	1
8248	1
8260	1
8262	1
8278	1
8279	1
8292	1
8293	1
8336	1
8348	1
8357	1
8363	1
8386	1
8401	1
8417	1
8440	1
8454	1
8457	1
8476	1
8484	1
8485	1
8489	1
8517	1
8520	1
8530	1
8541	1
8554	1
8563	1
8580	1
8598	1
8604	1
8621	1
8639	1
8650	1
8651	1
8658	1
8672	1
8702	1
8717	1
8747	1
8801	1
8820	1
8877	1
8878	1
8880	1
8881	1
8900	1
8909	1
8947	1
9002	1
9009	1
9036	1
9065	1
9067	1
9070	1
9078	1
9116	1
9121	1
9127	1
9132	1
9139	1
9155	1
9164	1
9179	1
9182	1
9205	1
9271	1
9274	1
9285	1
9287	1
9331	1
9356	1
9383	1
9385	1
9389	1
9412	1
9442	1
9443	1
9447	1
9453	1
9456	1
9459	1
9473	1
9479	1
9525	1
9543	1
9569	1
9583	1
9601	1
9642	1
9646	1
9670	1
9675	1
9692	1
9697	1
9717	1
9730	1
9732	1
9743	1
9774	1
9854	1
9860	1
9871	1
9872	1
9918	1
9921	1
9956	1
9972	1
10026	1
10073	1
10094	1
10110	1
10150	1
10159	1
10216	1
10310	1
10347	1
10352	1
10378	1
10391	1
10396	1
10397	1
10409	1
10449	1
10482	1
10577	1
10620	1
10636	1
10641	1
10651	1
10788	1
10847	1
10873	1
10888	1
10899	1
11016	1
11133	1
11142	1
11416	1
11437	1
11518	1
11545	1
