648
20000
4001	1
4002	1
4004	1
4013	1
4026	1
4032	1
4044	1
4072	1
4078	1
4082	1
4083	1
4084	1
4100	1
4104	1
4106	1
4112	1
4121	1
4129	1
4132	1
4136	1
4144	1
4148	1
4152	1
4164	1
4171	1
4184	1
4189	1
4204	1
4219	1
4223	1
4226	1
4230	1
4238	1
4246	1
4265	1
4279	1
4298	1
4302	1
4305	1
4307	1
4312	1
4326	1
4354	1
4359	1
4360	1
4368	1
4371	1
4373	1
4374	1
4379	1
4380	1
4391	1
4392	1
4401	1
4402	1
4409	1
4419	1
4420	1
4428	1
4435	1
4438	1
4453	1
4455	1
4458	1
4460	1
4463	1
4477	1
4489	1
4492	1
4500	1
4501	1
4513	1
4518	1
4519	1
4520	1
4531	1
4532	1
4536	1
4542	1
4568	1
4571	1
4583	1
4603	1
4607	1
4609	1
4613	1
4618	1
4622	1
4629	1
4639	1
4649	1
4653	1
4660	1
4664	1
4666	1
4671	1
4674	1
4675	1
4676	1
4691	1
4698	1
4702	1
4712	1
4740	1
4747	1
4750	1
4767	1
4771	1
4788	1
4789	1
4800	1
4806	1
4813	1
4833	1
4837	1
4848	1
4869	1
4880	1
4886	1
4890	1
4908	1
4918	1
4920	1
4921	1
4926	1
4939	1
4945	1
4956	1
4957	1
4960	1
4965	1
4992	1
4993	1
5001	1
5004	1
5014	1
5030	1
5031	1
5042	1
5048	1
5052	1
5058	1
5068	1
5069	1
5070	1
5072	1
5080	1
5086	1
5091	1
5115	1
5119	1
5141	1
5155	1
5162	1
5164	1
5167	1
5170	1
5171	1
5184	1
5192	1
5193	1
5196	1
5203	1
5216	1
5217	1
5220	1
5221	1
5225	1
5235	1
5245	1
5250	1
5260	1
5265	1
5269	1
5273	1
5290	1
5297	1
5313	1
5315	1
5316	1
5319	1
5336	1
5342	1
5347	1
5350	1
5363	1
5366	1
5371	1
5372	1
5390	1
5392	1
5401	1
5402	1
5404	1
5409	1
5413	1
5414	1
5423	1
5439	1
5449	1
5454	1
5455	1
5468	1
5469	1
5472	1
5476	1
5478	1
5485	1
5487	1
5493	1
5494	1
5501	1
5519	1
5523	1
5538	1
5544	1
5558	1
5562	1
5570	1
5587	1
5601	1
5602	1
5604	1
5610	1
5612	1
5616	1
5618	1
5629	1
5643	1
5652	1
5667	1
5670	1
5678	1
5679	1
5684	1
5688	1
5695	1
5696	1
5722	1
5725	1
5748	1
5749	1
5755	1
5766	1
5771	1
5778	1
5785	1
5797	1
5807	1
5808	1
5822	1
5831	1
5837	1
5840	1
5843	1
5845	1
5849	1
5851	1
5854	1
5869	1
5871	1
5872	1
5878	1
5880	1
5894	1
5912	1
5913	1
5932	1
5933	1
5934	1
5943	1
5958	1
5962	1
5967	1
5985	1
5992	1
6027	1
6033	1
6038	1
6051	1
6053	1
6064	1
6069	1
6078	1
6079	1
6091	1
6092	1
6093	1
6117	1
6119	1
6124	1
6138	1
6145	1
6148	1
6155	1
6160	1
6162	1
6169	1
6178	1
6228	1
6229	1
6239	1
6241	1
6250	1
6264	1
6265	1
6267	1
6274	1
6278	1
6312	1
6314	1
6323	1
6325	1
6334	1
6341	1
6344	1
6349	1
6353	1
6373	1
6381	1
6384	1
6401	1
6402	1
6406	1
6424	1
6429	1
6436	1
6439	1
6460	1
6462	1
6478	1
6484	1
6489	1
6491	1
6499	1
6502	1
6511	1
6521	1
6526	1
6540	1
6553	1
6566	1
6574	1
6578	1
6579	1
6591	1
6602	1
6606	1
6617	1
6624	1
6642	1
6644	1
6645	1
6663	1
6669	1
6670	1
6695	1
6712	1
6737	1
6744	1
6750	1
6757	1
6762	1
6775	1
6788	1
6790	1
6809	1
6818	1
6849	1
6850	1
6875	1
6886	1
6890	1
6891	1
6895	1
6900	1
6903	1
6915	1
6919	1
6923	1
6926	1
6934	1
6952	1
7013	1
7015	1
7020	1
7033	1
7034	1
7037	1
7063	1
7065	1
7071	1
7095	1
7098	1
7099	1
7150	1
7168	1
7172	1
7179	1
7185	1
7213	1
7215	1
7238	1
7240	1
7245	1
7246	1
7248	1
7252	1
7255	1
7257	1
7277	1
7284	1
7292	1
7294	1
7299	1
7303	1
7308	1
7330	1
7336	1
7340	1
7344	1
7347	1
7353	1
7354	1
7360	1
7386	1
7396	1
7400	1
7402	1
7405	1
7410	1
7414	1
7439	1
7464	1
7470	1
7472	1
7473	1
7475	1
7479	1
7496	1
7500	1
7502	1
7503	1
7514	1
7526	1
7532	1
7564	1
7573	1
7577	1
7585	1
7590	1
7612	1
7634	1
7635	1
7649	1
7683	1
7701	1
7704	1
7712	1
7718	1
7722	1
7724	1
7725	1
7732	1
7737	1
7738	1
7739	1
7743	1
7771	1
7780	1
7788	1
7825	1
7843	1
7867	1
7880	1
7883	1
7886	1
7898	1
7919	1
7922	1
7925	1
7926	1
7928	1
7930	1
7942	1
7965	1
8001	1
8004	1
8020	1
8021	1
8060	1
8067	1
8096	1
8107	1
8112	1
8118	1
8122	1
8131	1
8151	1
8185	1
8206	1
8210	1
8218	1
8262	1
8264	1
8285	1
8286	1
8287	1
8288	1
8290	1
8312	1
8313	1
8318	1
8333	1
8337	1
8352	1
8356	1
8378	1
8402	1
8420	1
8422	1
8423	1
8430	1
8434	1
8439	1
8448	1
8460	1
8461	1
8514	1
8539	1
8607	1
8611	1
8623	1
8635	1
8639	1
8645	1
8658	1
8671	1
8678	1
8708	1
8710	1
8736	1
8741	1
8748	1
8751	1
8754	1
8757	1
8766	1
8797	1
8801	1
8803	1
8811	1
8819	1
8830	1
8841	1
8842	1
8863	1
8879	1
8895	1
8916	1
8918	1
8920	1
8932	1
8937	1
8940	1
8941	1
8955	1
8963	1
8997	1
9012	1
9043	1
9048	1
9053	1
9060	1
9098	1
9101	1
9137	1
9143	1
9148	1
9180	1
9191	1
9203	1
9206	1
9207	1
9230	1
9235	1
9236	1
9244	1
9275	1
9282	1
9290	1
9293	1
9313	1
9341	1
9342	1
9354	1
9365	1
9368	1
9385	1
9387	1
9398	1
9429	1
9470	1
9473	1
9475	1
9507	1
9538	1
9547	1
9552	1
9594	1
9605	1
9610	1
9631	1
9694	1
9697	1
9733	1
9739	1
9743	1
9774	1
9781	1
9804	1
9837	1
9893	1
9920	1
9930	1
9987	1
9998	1
10011	1
10015	1
10128	1
10154	1
10243	1
10256	1
10302	1
10311	1
10349	1
10408	1
10461	1
10504	1
10602	1
10626	1
10875	1
10898	1
10950	1
11185	1
11308	1
11352	1
11430	1
