648
20000
4006	1
4011	1
4022	1
4025	1
4028	1
4030	1
4056	1
4081	1
4082	1
4085	1
4089	1
4091	1
4093	1
4095	1
4098	1
4102	1
4105	1
4112	1
4114	1
4120	1
4121	1
4124	1
4128	1
4141	1
4143	1
4145	1
4158	1
4167	1
4177	1
4191	1
4198	1
4201	1
4205	1
4212	1
4215	1
4222	1
4223	1
4227	1
4231	1
4235	1
4237	1
4256	1
4260	1
4268	1
4273	1
4275	1
4277	1
4278	1
4281	1
4282	1
4288	1
4303	1
4307	1
4314	1
4322	1
4326	1
4330	1
4334	1
4337	1
4338	1
4342	1
4346	1
4348	1
4354	1
4359	1
4367	1
4369	1
4375	1
4380	1
4422	1
4425	1
4439	1
4451	1
4455	1
4469	1
4488	1
4500	1
4504	1
4505	1
4512	1
4516	1
4517	1
4521	1
4530	1
4532	1
4536	1
4544	1
4552	1
4567	1
4568	1
4571	1
4573	1
4575	1
4583	1
4590	1
4606	1
4610	1
4618	1
4623	1
4629	1
4637	1
4649	1
4652	1
4653	1
4655	1
4676	1
4683	1
4684	1
4686	1
4717	1
4721	1
4722	1
4733	1
4736	1
4740	1
4758	1
4768	1
4779	1
4785	1
4788	1
4790	1
4792	1
4829	1
4834	1
4838	1
4855	1
4872	1
4875	1
4877	1
4889	1
4895	1
4905	1
4907	1
4911	1
4915	1
4926	1
4927	1
4928	1
4938	1
4939	1
4955	1
4961	1
4969	1
4980	1
4988	1
4989	1
4990	1
4992	1
4993	1
4997	1
5014	1
5045	1
5050	1
5052	1
5056	1
5058	1
5060	1
5065	1
5070	1
5073	1
5075	1
5086	1
5087	1
5097	1
5098	1
5110	1
5124	1
5138	1
5145	1
5164	1
5165	1
5181	1
5187	1
5195	1
5217	1
5226	1
5229	1
5231	1
5235	1
5253	1
5259	1
5265	1
5270	1
5295	1
5296	1
5312	1
5335	1
5339	1
5347	1
5363	1
5367	1
5380	1
5382	1
5390	1
5396	1
5398	1
5404	1
5408	1
5411	1
5434	1
5438	1
5439	1
5443	1
5454	1
5455	1
5457	1
5460	1
5466	1
5472	1
5474	1
5486	1
5511	1
5512	1
5526	1
5534	1
5542	1
5544	1
5551	1
5555	1
5562	1
5568	1
5575	1
5584	1
5588	1
5591	1
5596	1
5630	1
5631	1
5645	1
5674	1
5701	1
5703	1
5707	1
5715	1
5722	1
5739	1
5741	1
5752	1
5754	1
5764	1
5767	1
5769	1
5775	1
5797	1
5799	1
5800	1
5808	1
5832	1
5834	1
5837	1
5859	1
5869	1
5876	1
5878	1
5882	1
5890	1
5893	1
5894	1
5896	1
5898	1
5905	1
5906	1
5908	1
5910	1
5920	1
5947	1
5948	1
5955	1
5962	1
5963	1
5983	1
5989	1
5991	1
5996	1
6003	1
6021	1
6026	1
6028	1
6030	1
6041	1
6051	1
6059	1
6093	1
6104	1
6112	1
6119	1
6131	1
6133	1
6141	1
6172	1
6174	1
6187	1
6191	1
6198	1
6212	1
6216	1
6218	1
6222	1
6230	1
6231	1
6245	1
6251	1
6256	1
6261	1
6266	1
6280	1
6289	1
6324	1
6339	1
6348	1
6354	1
6370	1
6377	1
6399	1
6451	1
6474	1
6482	1
6484	1
6490	1
6507	1
6518	1
6523	1
6526	1
6532	1
6536	1
6539	1
6543	1
6549	1
6555	1
6556	1
6563	1
6565	1
6568	1
6597	1
6600	1
6604	1
6630	1
6641	1
6642	1
6645	1
6646	1
6649	1
6651	1
6653	1
6654	1
6661	1
6676	1
6678	1
6686	1
6696	1
6704	1
6712	1
6731	1
6742	1
6749	1
6752	1
6757	1
6771	1
6773	1
6777	1
6778	1
6780	1
6788	1
6792	1
6823	1
6837	1
6841	1
6849	1
6854	1
6863	1
6872	1
6877	1
6887	1
6889	1
6893	1
6901	1
6909	1
6917	1
6918	1
6922	1
6927	1
6965	1
6966	1
6967	1
6979	1
6989	1
6993	1
6997	1
7005	1
7014	1
7026	1
7032	1
7038	1
7041	1
7057	1
7083	1
7091	1
7095	1
7097	1
7104	1
7108	1
7124	1
7130	1
7133	1
7135	1
7149	1
7152	1
7153	1
7157	1
7174	1
7208	1
7214	1
7218	1
7220	1
7235	1
7269	1
7280	1
7282	1
7286	1
7304	1
7320	1
7324	1
7327	1
7329	1
7331	1
7337	1
7345	1
7355	1
7357	1
7376	1
7379	1
7383	1
7389	1
7402	1
7421	1
7428	1
7430	1
7433	1
7441	1
7443	1
7444	1
7449	1
7452	1
7471	1
7484	1
7509	1
7519	1
7522	1
7525	1
7530	1
7532	1
7542	1
7556	1
7565	1
7568	1
7584	1
7596	1
7605	1
7619	1
7622	1
7641	1
7667	1
7688	1
7689	1
7693	1
7696	1
7705	1
7725	1
7726	1
7738	1
7741	1
7742	1
7768	1
7771	1
7775	1
7799	1
7800	1
7804	1
7824	1
7883	1
7884	1
7894	1
7896	1
7906	1
7927	1
7934	1
7936	1
7938	1
7945	1
7946	1
7954	1
7965	1
7975	1
7990	1
7992	1
8025	1
8043	1
8047	1
8056	1
8062	1
8089	1
8106	1
8107	1
8115	1
8120	1
8143	1
8166	1
8168	1
8169	1
8198	1
8209	1
8211	1
8234	1
8239	1
8269	1
8282	1
8290	1
8304	1
8335	1
8337	1
8341	1
8399	1
8411	1
8418	1
8426	1
8431	1
8449	1
8463	1
8464	1
8468	1
8488	1
8492	1
8520	1
8578	1
8583	1
8595	1
8618	1
8651	1
8652	1
8667	1
8680	1
8688	1
8699	1
8708	1
8730	1
8748	1
8762	1
8775	1
8780	1
8796	1
8806	1
8808	1
8819	1
8862	1
8864	1
8868	1
8875	1
8899	1
8909	1
8929	1
8961	1
8962	1
8977	1
8987	1
8990	1
8992	1
9022	1
9032	1
9046	1
9098	1
9103	1
9111	1
9121	1
9131	1
9153	1
9160	1
9203	1
9204	1
9211	1
9223	1
9225	1
9242	1
9244	1
9256	1
9300	1
9307	1
9316	1
9319	1
9351	1
9357	1
9359	1
9380	1
9387	1
9393	1
9424	1
9429	1
9441	1
9443	1
9449	1
9452	1
9469	1
9500	1
9519	1
9550	1
9572	1
9599	1
9601	1
9605	1
9615	1
9666	1
9690	1
9700	1
9701	1
9731	1
9741	1
9743	1
9793	1
10011	1
10051	1
10107	1
10239	1
10266	1
10365	1
10369	1
10387	1
10402	1
10406	1
10413	1
10427	1
10435	1
10499	1
10520	1
10651	1
10707	1
10718	1
10883	1
10955	1
11040	1
11178	1
11205	1
11210	1
11377	1
11473	1
11558	1
11621	1
11622	1
11649	1
11651	1
