648
20000
4004	1
4012	1
4028	1
4031	1
4035	1
4036	1
4045	1
4048	1
4050	1
4053	1
4057	1
4062	1
4064	1
4066	1
4067	1
4083	1
4092	1
4096	1
4097	1
4101	1
4104	1
4123	1
4132	1
4139	1
4148	1
4154	1
4158	1
4172	1
4182	1
4191	1
4205	1
4210	1
4213	1
4230	1
4234	1
4236	1
4247	1
4253	1
4261	1
4268	1
4275	1
4284	1
4294	1
4295	1
4299	1
4305	1
4306	1
4316	1
4317	1
4322	1
4323	1
4328	1
4338	1
4339	1
4340	1
4345	1
4361	1
4376	1
4384	1
4395	1
4398	1
4399	1
4408	1
4412	1
4427	1
4432	1
4453	1
4480	1
4490	1
4491	1
4498	1
4501	1
4508	1
4517	1
4523	1
4526	1
4537	1
4538	1
4545	1
4557	1
4578	1
4580	1
4591	1
4598	1
4601	1
4614	1
4637	1
4640	1
4650	1
4653	1
4665	1
4678	1
4685	1
4691	1
4696	1
4697	1
4715	1
4722	1
4746	1
4756	1
4762	1
4768	1
4769	1
4773	1
4793	1
4806	1
4823	1
4831	1
4833	1
4844	1
4846	1
4867	1
4874	1
4895	1
4897	1
4904	1
4907	1
4908	1
4928	1
4947	1
4949	1
4959	1
4973	1
4974	1
4982	1
4991	1
4992	1
4995	1
5001	1
5003	1
5009	1
5013	1
5017	1
5029	1
5037	1
5040	1
5042	1
5053	1
5058	1
5070	1
5072	1
5081	1
5089	1
5096	1
5103	1
5106	1
5109	1
5110	1
5114	1
5123	1
5134	1
5135	1
5143	1
5154	1
5162	1
5164	1
5175	1
5176	1
5179	1
5192	1
5212	1
5227	1
5238	1
5244	1
5247	1
5266	1
5268	1
5270	1
5271	1
5279	1
5283	1
5284	1
5287	1
5288	1
5297	1
5301	1
5312	1
5313	1
5317	1
5321	1
5333	1
5371	1
5382	1
5388	1
5391	1
5396	1
5401	1
5404	1
5423	1
5426	1
5437	1
5438	1
5448	1
5460	1
5472	1
5478	1
5479	1
5483	1
5501	1
5509	1
5530	1
5534	1
5535	1
5546	1
5547	1
5550	1
5560	1
5561	1
5562	1
5563	1
5574	1
5576	1
5582	1
5595	1
5596	1
5609	1
5611	1
5615	1
5623	1
5634	1
5636	1
5637	1
5656	1
5659	1
5670	1
5677	1
5679	1
5682	1
5695	1
5696	1
5702	1
5716	1
5718	1
5727	1
5728	1
5744	1
5749	1
5765	1
5772	1
5781	1
5788	1
5794	1
5800	1
5803	1
5808	1
5841	1
5857	1
5859	1
5877	1
5881	1
5882	1
5907	1
5917	1
5921	1
5933	1
5939	1
5949	1
5958	1
5963	1
5964	1
5970	1
5976	1
5982	1
5986	1
5992	1
5994	1
5997	1
6005	1
6012	1
6029	1
6033	1
6034	1
6042	1
6049	1
6059	1
6061	1
6069	1
6073	1
6089	1
6105	1
6134	1
6154	1
6159	1
6164	1
6167	1
6194	1
6199	1
6216	1
6222	1
6223	1
6224	1
6250	1
6260	1
6261	1
6270	1
6279	1
6291	1
6294	1
6295	1
6304	1
6307	1
6308	1
6311	1
6315	1
6321	1
6344	1
6346	1
6349	1
6359	1
6360	1
6367	1
6369	1
6407	1
6408	1
6419	1
6425	1
6440	1
6443	1
6452	1
6453	1
6460	1
6464	1
6469	1
6471	1
6483	1
6484	1
6488	1
6489	1
6490	1
6494	1
6509	1
6515	1
6519	1
6520	1
6550	1
6553	1
6573	1
6575	1
6580	1
6589	1
6595	1
6614	1
6615	1
6628	1
6642	1
6647	1
6650	1
6665	1
6681	1
6684	1
6687	1
6691	1
6705	1
6709	1
6711	1
6716	1
6719	1
6739	1
6758	1
6760	1
6768	1
6772	1
6782	1
6794	1
6802	1
6808	1
6814	1
6815	1
6828	1
6829	1
6833	1
6840	1
6847	1
6862	1
6865	1
6892	1
6895	1
6899	1
6900	1
6905	1
6917	1
6920	1
6926	1
6932	1
6936	1
6940	1
6942	1
6962	1
6964	1
6967	1
6971	1
6986	1
6999	1
7002	1
7004	1
7007	1
7017	1
7018	1
7031	1
7041	1
7043	1
7044	1
7066	1
7072	1
7076	1
7080	1
7081	1
7109	1
7114	1
7118	1
7128	1
7132	1
7139	1
7141	1
7143	1
7162	1
7179	1
7197	1
7199	1
7201	1
7213	1
7214	1
7222	1
7225	1
7241	1
7250	1
7269	1
7286	1
7303	1
7306	1
7314	1
7317	1
7326	1
7331	1
7348	1
7358	1
7369	1
7371	1
7387	1
7410	1
7422	1
7425	1
7430	1
7441	1
7445	1
7446	1
7447	1
7471	1
7473	1
7477	1
7508	1
7512	1
7513	1
7519	1
7523	1
7526	1
7530	1
7538	1
7544	1
7548	1
7550	1
7565	1
7566	1
7575	1
7582	1
7588	1
7592	1
7593	1
7618	1
7648	1
7657	1
7695	1
7700	1
7701	1
7730	1
7772	1
7795	1
7824	1
7826	1
7828	1
7836	1
7847	1
7853	1
7874	1
7879	1
7881	1
7891	1
7897	1
7909	1
7922	1
7926	1
7933	1
7949	1
7961	1
7972	1
8006	1
8010	1
8017	1
8022	1
8036	1
8049	1
8050	1
8054	1
8072	1
8089	1
8092	1
8095	1
8100	1
8108	1
8129	1
8134	1
8135	1
8152	1
8160	1
8182	1
8189	1
8195	1
8202	1
8204	1
8246	1
8248	1
8251	1
8274	1
8280	1
8316	1
8320	1
8326	1
8330	1
8355	1
8380	1
8391	1
8434	1
8442	1
8453	1
8474	1
8475	1
8503	1
8527	1
8580	1
8583	1
8594	1
8642	1
8649	1
8660	1
8663	1
8670	1
8671	1
8688	1
8689	1
8690	1
8697	1
8701	1
8711	1
8713	1
8729	1
8750	1
8754	1
8758	1
8766	1
8769	1
8785	1
8810	1
8818	1
8820	1
8822	1
8830	1
8849	1
8856	1
8870	1
8888	1
8892	1
8935	1
8945	1
8959	1
8971	1
8990	1
8991	1
9015	1
9023	1
9038	1
9042	1
9048	1
9075	1
9086	1
9109	1
9159	1
9170	1
9185	1
9198	1
9265	1
9308	1
9318	1
9336	1
9339	1
9340	1
9341	1
9381	1
9449	1
9463	1
9515	1
9537	1
9554	1
9588	1
9630	1
9707	1
9723	1
9724	1
9743	1
9770	1
9772	1
9826	1
9848	1
9882	1
9885	1
9901	1
9927	1
10037	1
10044	1
10068	1
10148	1
10150	1
10164	1
10168	1
10170	1
10186	1
10247	1
10249	1
10250	1
10256	1
10471	1
10533	1
10558	1
10561	1
10613	1
10624	1
10627	1
10632	1
10642	1
10815	1
11218	1
11234	1
11253	1
11279	1
11501	1
11548	1
11655	1
11874	1
11921	1
