648
20000
4002	1
4004	1
4011	1
4015	1
4020	1
4031	1
4042	1
4043	1
4053	1
4054	1
4057	1
4068	1
4085	1
4086	1
4096	1
4102	1
4109	1
4114	1
4143	1
4164	1
4167	1
4170	1
4174	1
4181	1
4183	1
4186	1
4201	1
4205	1
4228	1
4232	1
4242	1
4250	1
4254	1
4256	1
4257	1
4273	1
4274	1
4279	1
4287	1
4290	1
4292	1
4294	1
4296	1
4302	1
4307	1
4311	1
4319	1
4335	1
4347	1
4348	1
4368	1
4369	1
4373	1
4378	1
4389	1
4395	1
4415	1
4429	1
4447	1
4461	1
4481	1
4485	1
4488	1
4496	1
4539	1
4561	1
4575	1
4577	1
4592	1
4596	1
4604	1
4619	1
4625	1
4640	1
4641	1
4643	1
4647	1
4655	1
4677	1
4698	1
4705	1
4709	1
4713	1
4717	1
4733	1
4737	1
4748	1
4749	1
4762	1
4766	1
4789	1
4791	1
4794	1
4796	1
4799	1
4801	1
4806	1
4811	1
4814	1
4821	1
4831	1
4832	1
4847	1
4851	1
4855	1
4862	1
4863	1
4864	1
4871	1
4887	1
4888	1
4893	1
4900	1
4906	1
4909	1
4914	1
4919	1
4921	1
4928	1
4929	1
4941	1
4942	1
4952	1
4955	1
4958	1
4962	1
4968	1
4983	1
4986	1
5000	1
5009	1
5010	1
5012	1
5014	1
5026	1
5035	1
5037	1
5044	1
5045	1
5060	1
5063	1
5071	1
5077	1
5099	1
5102	1
5104	1
5109	1
5130	1
5142	1
5157	1
5169	1
5191	1
5206	1
5240	1
5248	1
5281	1
5286	1
5295	1
5299	1
5320	1
5341	1
5344	1
5349	1
5351	1
5352	1
5360	1
5362	1
5389	1
5391	1
5399	1
5402	1
5408	1
5418	1
5435	1
5438	1
5462	1
5466	1
5475	1
5493	1
5515	1
5518	1
5519	1
5531	1
5534	1
5535	1
5538	1
5540	1
5542	1
5544	1
5545	1
5547	1
5549	1
5552	1
5555	1
5577	1
5583	1
5585	1
5589	1
5601	1
5603	1
5605	1
5613	1
5621	1
5622	1
5625	1
5630	1
5643	1
5679	1
5702	1
5703	1
5704	1
5711	1
5725	1
5729	1
5737	1
5740	1
5752	1
5756	1
5760	1
5761	1
5765	1
5771	1
5773	1
5784	1
5788	1
5797	1
5804	1
5806	1
5808	1
5814	1
5815	1
5818	1
5819	1
5826	1
5832	1
5849	1
5868	1
5873	1
5877	1
5882	1
5884	1
5894	1
5895	1
5898	1
5903	1
5912	1
5923	1
5926	1
5930	1
5932	1
5936	1
5940	1
5947	1
5962	1
5963	1
5976	1
5978	1
5992	1
6005	1
6011	1
6014	1
6018	1
6021	1
6029	1
6041	1
6044	1
6047	1
6054	1
6059	1
6060	1
6065	1
6072	1
6075	1
6078	1
6080	1
6107	1
6109	1
6114	1
6117	1
6119	1
6121	1
6125	1
6126	1
6131	1
6138	1
6145	1
6151	1
6154	1
6155	1
6163	1
6164	1
6167	1
6171	1
6179	1
6181	1
6184	1
6188	1
6196	1
6203	1
6214	1
6215	1
6225	1
6229	1
6242	1
6244	1
6253	1
6257	1
6264	1
6270	1
6274	1
6278	1
6280	1
6283	1
6305	1
6326	1
6327	1
6341	1
6343	1
6346	1
6347	1
6348	1
6353	1
6367	1
6377	1
6387	1
6389	1
6402	1
6405	1
6407	1
6423	1
6424	1
6433	1
6439	1
6448	1
6459	1
6467	1
6471	1
6493	1
6498	1
6500	1
6511	1
6515	1
6519	1
6539	1
6550	1
6558	1
6579	1
6588	1
6590	1
6594	1
6601	1
6616	1
6618	1
6633	1
6634	1
6640	1
6644	1
6647	1
6650	1
6657	1
6663	1
6685	1
6686	1
6690	1
6694	1
6704	1
6712	1
6723	1
6726	1
6735	1
6746	1
6754	1
6758	1
6765	1
6774	1
6780	1
6796	1
6798	1
6808	1
6818	1
6819	1
6824	1
6830	1
6838	1
6843	1
6852	1
6853	1
6863	1
6865	1
6872	1
6880	1
6896	1
6919	1
6923	1
6948	1
6954	1
6962	1
6967	1
6989	1
6995	1
6996	1
7001	1
7002	1
7017	1
7021	1
7028	1
7032	1
7057	1
7058	1
7060	1
7061	1
7075	1
7076	1
7077	1
7080	1
7093	1
7100	1
7106	1
7127	1
7130	1
7136	1
7145	1
7148	1
7155	1
7170	1
7171	1
7189	1
7192	1
7194	1
7205	1
7236	1
7241	1
7270	1
7287	1
7294	1
7303	1
7320	1
7323	1
7327	1
7330	1
7344	1
7347	1
7367	1
7373	1
7387	1
7443	1
7459	1
7466	1
7473	1
7478	1
7479	1
7486	1
7495	1
7496	1
7499	1
7507	1
7512	1
7513	1
7517	1
7520	1
7521	1
7531	1
7533	1
7539	1
7560	1
7562	1
7581	1
7595	1
7599	1
7601	1
7609	1
7613	1
7614	1
7620	1
7638	1
7652	1
7655	1
7689	1
7691	1
7699	1
7707	1
7726	1
7728	1
7746	1
7768	1
7780	1
7790	1
7807	1
7822	1
7827	1
7839	1
7844	1
7852	1
7854	1
7855	1
7894	1
7895	1
7906	1
7919	1
7944	1
7956	1
7960	1
7962	1
7982	1
7990	1
7991	1
7994	1
8012	1
8017	1
8025	1
8032	1
8033	1
8044	1
8045	1
8059	1
8085	1
8092	1
8093	1
8094	1
8095	1
8134	1
8138	1
8144	1
8145	1
8150	1
8159	1
8177	1
8195	1
8224	1
8232	1
8255	1
8283	1
8302	1
8337	1
8346	1
8355	1
8356	1
8409	1
8415	1
8427	1
8447	1
8490	1
8545	1
8575	1
8614	1
8656	1
8672	1
8675	1
8685	1
8712	1
8722	1
8743	1
8746	1
8758	1
8765	1
8792	1
8807	1
8830	1
8848	1
8863	1
8867	1
8880	1
8884	1
8895	1
8896	1
8900	1
8901	1
8923	1
8936	1
8944	1
8968	1
8979	1
9014	1
9043	1
9048	1
9066	1
9077	1
9084	1
9110	1
9114	1
9160	1
9206	1
9216	1
9255	1
9319	1
9342	1
9367	1
9414	1
9435	1
9477	1
9490	1
9509	1
9526	1
9538	1
9549	1
9572	1
9593	1
9609	1
9638	1
9641	1
9654	1
9655	1
9686	1
9752	1
9790	1
9798	1
9815	1
9824	1
9834	1
9841	1
9890	1
9910	1
9962	1
10006	1
10035	1
10076	1
10077	1
10091	1
10115	1
10118	1
10125	1
10129	1
10137	1
10141	1
10147	1
10152	1
10170	1
10194	1
10288	1
10370	1
10373	1
10380	1
10530	1
10578	1
10593	1
10594	1
10770	1
10788	1
10851	1
10858	1
10882	1
10951	1
10994	1
11087	1
11101	1
11258	1
11280	1
11677	1
