648
20000
4002	1
4009	1
4010	1
4016	1
4020	1
4022	1
4032	1
4034	1
4037	1
4039	1
4043	1
4056	1
4059	1
4063	1
4073	1
4074	1
4098	1
4112	1
4114	1
4119	1
4126	1
4132	1
4149	1
4155	1
4190	1
4193	1
4201	1
4207	1
4225	1
4230	1
4232	1
4236	1
4245	1
4258	1
4259	1
4272	1
4273	1
4287	1
4292	1
4297	1
4298	1
4315	1
4319	1
4336	1
4337	1
4339	1
4347	1
4357	1
4361	1
4366	1
4374	1
4377	1
4378	1
4380	1
4394	1
4403	1
4416	1
4422	1
4434	1
4439	1
4443	1
4450	1
4452	1
4453	1
4462	1
4463	1
4471	1
4488	1
4519	1
4526	1
4529	1
4538	1
4539	1
4544	1
4546	1
4558	1
4560	1
4573	1
4581	1
4600	1
4618	1
4623	1
4629	1
4630	1
4633	1
4634	1
4636	1
4650	1
4651	1
4653	1
4657	1
4670	1
4678	1
4691	1
4714	1
4726	1
4729	1
4735	1
4743	1
4746	1
4764	1
4790	1
4794	1
4817	1
4819	1
4842	1
4847	1
4873	1
4875	1
4888	1
4889	1
4892	1
4894	1
4907	1
4923	1
4926	1
4947	1
4952	1
4956	1
4960	1
4965	1
4966	1
4971	1
4982	1
4988	1
4990	1
4991	1
5005	1
5014	1
5016	1
5018	1
5020	1
5024	1
5030	1
5045	1
5046	1
5050	1
5051	1
5055	1
5059	1
5063	1
5064	1
5083	1
5085	1
5086	1
5091	1
5092	1
5093	1
5096	1
5102	1
5120	1
5122	1
5123	1
5126	1
5127	1
5141	1
5146	1
5161	1
5162	1
5167	1
5176	1
5177	1
5186	1
5190	1
5198	1
5202	1
5206	1
5211	1
5231	1
5246	1
5249	1
5263	1
5267	1
5268	1
5283	1
5297	1
5306	1
5310	1
5315	1
5316	1
5325	1
5326	1
5327	1
5343	1
5345	1
5347	1
5364	1
5369	1
5381	1
5384	1
5410	1
5420	1
5427	1
5432	1
5440	1
5445	1
5468	1
5479	1
5499	1
5508	1
5511	1
5530	1
5534	1
5540	1
5545	1
5548	1
5549	1
5563	1
5573	1
5579	1
5584	1
5587	1
5588	1
5590	1
5592	1
5596	1
5598	1
5602	1
5610	1
5621	1
5632	1
5636	1
5656	1
5659	1
5668	1
5671	1
5690	1
5691	1
5711	1
5715	1
5718	1
5742	1
5754	1
5757	1
5758	1
5764	1
5771	1
5773	1
5775	1
5780	1
5781	1
5789	1
5801	1
5802	1
5805	1
5815	1
5818	1
5819	1
5827	1
5831	1
5833	1
5834	1
5847	1
5857	1
5863	1
5867	1
5880	1
5897	1
5898	1
5902	1
5908	1
5919	1
5928	1
5932	1
5934	1
5945	1
5958	1
5960	1
5963	1
5968	1
5976	1
5996	1
5999	1
6010	1
6011	1
6031	1
6032	1
6035	1
6046	1
6056	1
6064	1
6065	1
6073	1
6102	1
6109	1
6110	1
6113	1
6115	1
6121	1
6134	1
6138	1
6145	1
6164	1
6169	1
6176	1
6185	1
6199	1
6209	1
6211	1
6230	1
6237	1
6238	1
6239	1
6241	1
6246	1
6250	1
6252	1
6263	1
6268	1
6292	1
6304	1
6305	1
6312	1
6313	1
6319	1
6320	1
6330	1
6332	1
6339	1
6342	1
6348	1
6350	1
6351	1
6356	1
6359	1
6381	1
6402	1
6403	1
6404	1
6434	1
6438	1
6453	1
6456	1
6457	1
6459	1
6460	1
6466	1
6478	1
6485	1
6486	1
6503	1
6508	1
6515	1
6536	1
6546	1
6548	1
6553	1
6554	1
6563	1
6565	1
6573	1
6593	1
6595	1
6604	1
6607	1
6624	1
6629	1
6646	1
6650	1
6662	1
6672	1
6673	1
6682	1
6683	1
6690	1
6692	1
6695	1
6722	1
6723	1
6766	1
6798	1
6800	1
6809	1
6818	1
6821	1
6841	1
6848	1
6857	1
6869	1
6870	1
6872	1
6900	1
6908	1
6919	1
6951	1
6952	1
6955	1
6971	1
6978	1
6996	1
7003	1
7041	1
7050	1
7061	1
7064	1
7078	1
7082	1
7086	1
7092	1
7101	1
7106	1
7107	1
7118	1
7122	1
7124	1
7128	1
7132	1
7135	1
7143	1
7149	1
7155	1
7176	1
7183	1
7185	1
7187	1
7201	1
7215	1
7221	1
7228	1
7242	1
7244	1
7245	1
7254	1
7260	1
7286	1
7290	1
7296	1
7322	1
7330	1
7341	1
7347	1
7352	1
7355	1
7361	1
7367	1
7386	1
7391	1
7395	1
7399	1
7430	1
7437	1
7441	1
7444	1
7446	1
7448	1
7456	1
7463	1
7475	1
7476	1
7503	1
7505	1
7510	1
7514	1
7519	1
7532	1
7548	1
7568	1
7574	1
7586	1
7609	1
7615	1
7619	1
7631	1
7646	1
7664	1
7671	1
7673	1
7681	1
7720	1
7722	1
7727	1
7728	1
7731	1
7732	1
7734	1
7756	1
7764	1
7790	1
7815	1
7820	1
7830	1
7847	1
7860	1
7863	1
7866	1
7867	1
7875	1
7890	1
7910	1
7913	1
7924	1
7959	1
7965	1
7969	1
7974	1
7983	1
7994	1
8003	1
8005	1
8030	1
8035	1
8051	1
8075	1
8078	1
8085	1
8088	1
8097	1
8107	1
8124	1
8141	1
8172	1
8177	1
8191	1
8205	1
8211	1
8220	1
8222	1
8228	1
8232	1
8245	1
8254	1
8255	1
8259	1
8265	1
8284	1
8316	1
8320	1
8332	1
8347	1
8349	1
8379	1
8380	1
8387	1
8414	1
8442	1
8463	1
8476	1
8479	1
8525	1
8538	1
8614	1
8616	1
8639	1
8650	1
8669	1
8705	1
8708	1
8731	1
8732	1
8765	1
8780	1
8790	1
8804	1
8817	1
8822	1
8832	1
8842	1
8862	1
8879	1
8905	1
8944	1
8945	1
8949	1
8956	1
8964	1
8987	1
9000	1
9004	1
9025	1
9062	1
9078	1
9140	1
9145	1
9162	1
9177	1
9205	1
9226	1
9239	1
9247	1
9259	1
9270	1
9281	1
9284	1
9307	1
9309	1
9327	1
9346	1
9354	1
9388	1
9414	1
9443	1
9445	1
9450	1
9476	1
9515	1
9523	1
9544	1
9553	1
9600	1
9635	1
9650	1
9654	1
9665	1
9666	1
9690	1
9703	1
9763	1
9764	1
9768	1
9792	1
9815	1
9842	1
9850	1
9886	1
9939	1
9949	1
9984	1
9988	1
10114	1
10155	1
10177	1
10264	1
10270	1
10274	1
10287	1
10305	1
10319	1
10377	1
10418	1
10445	1
10464	1
10471	1
10505	1
10517	1
10560	1
10613	1
10615	1
10764	1
10811	1
10832	1
10899	1
11001	1
11013	1
11109	1
11232	1
11290	1
11418	1
11849	1
