648
20000
4004	1
4009	1
4014	1
4016	1
4051	1
4053	1
4069	1
4074	1
4081	1
4087	1
4094	1
4099	1
4110	1
4112	1
4116	1
4118	1
4130	1
4133	1
4134	1
4135	1
4139	1
4151	1
4152	1
4168	1
4176	1
4178	1
4188	1
4192	1
4200	1
4213	1
4226	1
4230	1
4231	1
4238	1
4245	1
4258	1
4259	1
4278	1
4286	1
4291	1
4311	1
4312	1
4327	1
4329	1
4332	1
4333	1
4334	1
4341	1
4345	1
4358	1
4363	1
4367	1
4369	1
4380	1
4387	1
4389	1
4396	1
4399	1
4404	1
4406	1
4412	1
4413	1
4414	1
4415	1
4425	1
4430	1
4438	1
4439	1
4441	1
4442	1
4447	1
4450	1
4452	1
4454	1
4455	1
4468	1
4475	1
4483	1
4495	1
4496	1
4500	1
4506	1
4515	1
4517	1
4530	1
4542	1
4550	1
4552	1
4579	1
4588	1
4593	1
4594	1
4602	1
4603	1
4606	1
4607	1
4610	1
4617	1
4623	1
4624	1
4627	1
4637	1
4643	1
4645	1
4658	1
4663	1
4685	1
4686	1
4690	1
4697	1
4714	1
4723	1
4728	1
4729	1
4730	1
4735	1
4736	1
4737	1
4746	1
4757	1
4787	1
4788	1
4791	1
4794	1
4803	1
4813	1
4816	1
4826	1
4829	1
4837	1
4840	1
4841	1
4845	1
4849	1
4857	1
4859	1
4864	1
4866	1
4871	1
4873	1
4876	1
4878	1
4887	1
4892	1
4893	1
4902	1
4904	1
4907	1
4911	1
4916	1
4918	1
4919	1
4927	1
4938	1
4944	1
4961	1
4962	1
4965	1
4966	1
4971	1
4974	1
4987	1
4990	1
4994	1
5003	1
5004	1
5017	1
5019	1
5037	1
5052	1
5060	1
5064	1
5067	1
5072	1
5076	1
5090	1
5093	1
5095	1
5098	1
5112	1
5121	1
5125	1
5128	1
5130	1
5131	1
5137	1
5143	1
5144	1
5158	1
5162	1
5174	1
5190	1
5198	1
5219	1
5220	1
5225	1
5231	1
5235	1
5244	1
5249	1
5253	1
5259	1
5261	1
5267	1
5286	1
5297	1
5304	1
5305	1
5310	1
5316	1
5321	1
5336	1
5345	1
5346	1
5347	1
5350	1
5365	1
5374	1
5375	1
5379	1
5400	1
5401	1
5408	1
5411	1
5412	1
5413	1
5421	1
5430	1
5441	1
5454	1
5460	1
5465	1
5478	1
5488	1
5493	1
5496	1
5503	1
5507	1
5513	1
5517	1
5522	1
5530	1
5537	1
5541	1
5583	1
5589	1
5598	1
5603	1
5611	1
5616	1
5621	1
5632	1
5643	1
5661	1
5665	1
5667	1
5673	1
5675	1
5676	1
5677	1
5690	1
5693	1
5696	1
5698	1
5711	1
5738	1
5742	1
5746	1
5747	1
5755	1
5758	1
5760	1
5768	1
5777	1
5784	1
5788	1
5806	1
5812	1
5813	1
5815	1
5825	1
5830	1
5831	1
5834	1
5836	1
5844	1
5860	1
5866	1
5869	1
5891	1
5893	1
5894	1
5906	1
5945	1
5949	1
5950	1
5951	1
5980	1
6002	1
6010	1
6011	1
6015	1
6032	1
6039	1
6046	1
6059	1
6066	1
6072	1
6083	1
6084	1
6108	1
6133	1
6136	1
6148	1
6189	1
6197	1
6199	1
6203	1
6204	1
6206	1
6231	1
6237	1
6257	1
6268	1
6271	1
6282	1
6294	1
6296	1
6329	1
6335	1
6339	1
6340	1
6346	1
6370	1
6375	1
6377	1
6382	1
6392	1
6393	1
6410	1
6412	1
6416	1
6419	1
6427	1
6454	1
6455	1
6478	1
6480	1
6490	1
6545	1
6548	1
6560	1
6562	1
6566	1
6610	1
6621	1
6623	1
6626	1
6633	1
6636	1
6641	1
6643	1
6655	1
6690	1
6716	1
6722	1
6738	1
6745	1
6752	1
6753	1
6773	1
6780	1
6784	1
6789	1
6791	1
6809	1
6813	1
6832	1
6845	1
6846	1
6855	1
6856	1
6866	1
6886	1
6894	1
6906	1
6914	1
6915	1
6937	1
6939	1
6941	1
6959	1
6960	1
6968	1
6997	1
7013	1
7037	1
7039	1
7063	1
7066	1
7074	1
7075	1
7090	1
7099	1
7107	1
7148	1
7162	1
7163	1
7171	1
7176	1
7180	1
7202	1
7226	1
7227	1
7235	1
7252	1
7256	1
7259	1
7260	1
7263	1
7270	1
7274	1
7279	1
7280	1
7287	1
7289	1
7299	1
7311	1
7339	1
7346	1
7347	1
7350	1
7357	1
7369	1
7387	1
7393	1
7394	1
7414	1
7418	1
7421	1
7499	1
7515	1
7520	1
7535	1
7539	1
7549	1
7559	1
7568	1
7571	1
7591	1
7608	1
7611	1
7620	1
7630	1
7648	1
7659	1
7662	1
7679	1
7680	1
7690	1
7699	1
7725	1
7727	1
7732	1
7803	1
7807	1
7812	1
7819	1
7822	1
7831	1
7840	1
7842	1
7875	1
7889	1
7897	1
7900	1
7911	1
7914	1
7922	1
7958	1
7972	1
7992	1
8013	1
8017	1
8026	1
8027	1
8036	1
8080	1
8140	1
8150	1
8180	1
8195	1
8216	1
8220	1
8246	1
8273	1
8276	1
8289	1
8292	1
8293	1
8318	1
8331	1
8335	1
8342	1
8349	1
8373	1
8375	1
8376	1
8383	1
8392	1
8419	1
8429	1
8436	1
8441	1
8457	1
8462	1
8508	1
8520	1
8521	1
8527	1
8534	1
8543	1
8574	1
8585	1
8607	1
8615	1
8629	1
8644	1
8657	1
8671	1
8717	1
8742	1
8759	1
8763	1
8789	1
8808	1
8812	1
8817	1
8857	1
8861	1
8880	1
8883	1
8887	1
8900	1
8908	1
8909	1
8914	1
8917	1
8947	1
8953	1
8960	1
8965	1
8990	1
9002	1
9038	1
9039	1
9071	1
9085	1
9097	1
9099	1
9104	1
9143	1
9148	1
9167	1
9177	1
9182	1
9190	1
9231	1
9237	1
9318	1
9351	1
9379	1
9397	1
9403	1
9427	1
9428	1
9474	1
9498	1
9516	1
9558	1
9602	1
9640	1
9680	1
9695	1
9737	1
9751	1
9773	1
9786	1
9795	1
9810	1
9860	1
9864	1
9875	1
9907	1
9916	1
9959	1
9974	1
10019	1
10076	1
10085	1
10090	1
10091	1
10124	1
10195	1
10201	1
10214	1
10237	1
10251	1
10258	1
10262	1
10292	1
10315	1
10338	1
10340	1
10347	1
10353	1
10378	1
10396	1
10404	1
10434	1
10585	1
10597	1
10621	1
10650	1
10655	1
10658	1
10679	1
10688	1
10697	1
10707	1
10708	1
10745	1
10747	1
10832	1
10853	1
10957	1
11003	1
11010	1
11044	1
11059	1
11105	1
11175	1
11220	1
11302	1
11323	1
11443	1
11556	1
11592	1
