648
20000
4006	1
4012	1
4018	1
4022	1
4024	1
4027	1
4030	1
4031	1
4066	1
4071	1
4082	1
4091	1
4119	1
4143	1
4145	1
4151	1
4154	1
4158	1
4160	1
4163	1
4167	1
4186	1
4187	1
4203	1
4205	1
4215	1
4216	1
4217	1
4218	1
4225	1
4234	1
4251	1
4267	1
4270	1
4278	1
4284	1
4299	1
4303	1
4306	1
4316	1
4318	1
4322	1
4326	1
4371	1
4374	1
4387	1
4398	1
4401	1
4409	1
4413	1
4435	1
4439	1
4442	1
4443	1
4448	1
4460	1
4481	1
4498	1
4500	1
4506	1
4510	1
4519	1
4539	1
4541	1
4551	1
4555	1
4556	1
4557	1
4597	1
4604	1
4610	1
4626	1
4631	1
4638	1
4642	1
4649	1
4658	1
4663	1
4676	1
4677	1
4696	1
4708	1
4709	1
4715	1
4719	1
4744	1
4756	1
4762	1
4765	1
4771	1
4785	1
4791	1
4794	1
4795	1
4800	1
4808	1
4813	1
4824	1
4827	1
4842	1
4847	1
4850	1
4861	1
4871	1
4874	1
4876	1
4880	1
4887	1
4889	1
4895	1
4901	1
4916	1
4924	1
4932	1
4934	1
4937	1
4938	1
4942	1
4946	1
4948	1
4957	1
4959	1
4968	1
4983	1
4984	1
4989	1
4992	1
5016	1
5022	1
5023	1
5030	1
5039	1
5041	1
5043	1
5062	1
5084	1
5104	1
5113	1
5116	1
5117	1
5123	1
5126	1
5142	1
5144	1
5150	1
5153	1
5160	1
5165	1
5172	1
5176	1
5182	1
5185	1
5189	1
5193	1
5196	1
5200	1
5241	1
5244	1
5248	1
5249	1
5261	1
5271	1
5282	1
5284	1
5286	1
5287	1
5288	1
5291	1
5303	1
5305	1
5306	1
5307	1
5328	1
5340	1
5342	1
5343	1
5351	1
5358	1
5362	1
5375	1
5377	1
5384	1
5387	1
5399	1
5427	1
5429	1
5437	1
5438	1
5443	1
5457	1
5460	1
5470	1
5471	1
5472	1
5478	1
5479	1
5491	1
5492	1
5497	1
5516	1
5521	1
5526	1
5532	1
5535	1
5537	1
5545	1
5546	1
5549	1
5551	1
5560	1
5561	1
5567	1
5575	1
5578	1
5588	1
5593	1
5595	1
5608	1
5616	1
5630	1
5638	1
5655	1
5658	1
5659	1
5660	1
5661	1
5662	1
5677	1
5678	1
5683	1
5685	1
5696	1
5710	1
5719	1
5724	1
5726	1
5727	1
5728	1
5730	1
5731	1
5743	1
5747	1
5762	1
5769	1
5780	1
5785	1
5813	1
5823	1
5829	1
5830	1
5834	1
5837	1
5851	1
5855	1
5856	1
5896	1
5910	1
5915	1
5927	1
5928	1
5932	1
5933	1
5936	1
5950	1
5959	1
5961	1
5964	1
5970	1
5973	1
5980	1
5981	1
6000	1
6008	1
6015	1
6026	1
6035	1
6036	1
6038	1
6044	1
6046	1
6058	1
6075	1
6077	1
6108	1
6115	1
6117	1
6132	1
6147	1
6149	1
6152	1
6160	1
6170	1
6185	1
6189	1
6196	1
6209	1
6213	1
6214	1
6217	1
6223	1
6225	1
6237	1
6243	1
6251	1
6252	1
6263	1
6274	1
6276	1
6298	1
6301	1
6309	1
6315	1
6318	1
6325	1
6336	1
6349	1
6361	1
6363	1
6372	1
6381	1
6388	1
6398	1
6406	1
6408	1
6414	1
6416	1
6421	1
6423	1
6446	1
6451	1
6462	1
6473	1
6485	1
6494	1
6510	1
6526	1
6530	1
6544	1
6545	1
6547	1
6548	1
6556	1
6557	1
6561	1
6571	1
6578	1
6591	1
6596	1
6603	1
6604	1
6607	1
6621	1
6634	1
6636	1
6655	1
6666	1
6676	1
6677	1
6687	1
6692	1
6705	1
6717	1
6718	1
6732	1
6740	1
6741	1
6759	1
6767	1
6769	1
6772	1
6804	1
6805	1
6807	1
6817	1
6822	1
6831	1
6843	1
6863	1
6864	1
6865	1
6866	1
6868	1
6894	1
6900	1
6904	1
6915	1
6916	1
6919	1
6923	1
6932	1
6937	1
6945	1
6946	1
6960	1
6973	1
7010	1
7033	1
7036	1
7043	1
7046	1
7054	1
7068	1
7071	1
7082	1
7085	1
7096	1
7102	1
7103	1
7110	1
7139	1
7145	1
7149	1
7155	1
7168	1
7170	1
7171	1
7181	1
7186	1
7203	1
7206	1
7246	1
7263	1
7266	1
7269	1
7279	1
7280	1
7297	1
7302	1
7311	1
7314	1
7325	1
7337	1
7375	1
7380	1
7381	1
7383	1
7384	1
7387	1
7413	1
7417	1
7418	1
7428	1
7451	1
7454	1
7460	1
7468	1
7477	1
7483	1
7486	1
7506	1
7519	1
7520	1
7526	1
7535	1
7563	1
7588	1
7602	1
7608	1
7610	1
7611	1
7612	1
7621	1
7625	1
7628	1
7641	1
7653	1
7667	1
7683	1
7692	1
7704	1
7722	1
7726	1
7738	1
7746	1
7777	1
7779	1
7789	1
7792	1
7794	1
7807	1
7809	1
7817	1
7825	1
7845	1
7848	1
7860	1
7898	1
7907	1
7908	1
7918	1
7929	1
7938	1
7939	1
7948	1
7953	1
7961	1
7993	1
7996	1
7997	1
8002	1
8006	1
8012	1
8019	1
8022	1
8034	1
8068	1
8072	1
8085	1
8091	1
8099	1
8138	1
8159	1
8219	1
8220	1
8243	1
8247	1
8251	1
8261	1
8269	1
8307	1
8329	1
8348	1
8366	1
8397	1
8427	1
8433	1
8436	1
8440	1
8461	1
8468	1
8481	1
8494	1
8500	1
8522	1
8529	1
8533	1
8540	1
8549	1
8559	1
8573	1
8578	1
8598	1
8602	1
8631	1
8653	1
8658	1
8660	1
8698	1
8727	1
8731	1
8746	1
8778	1
8779	1
8785	1
8796	1
8817	1
8832	1
8841	1
8843	1
8844	1
8848	1
8855	1
8857	1
8881	1
8914	1
8930	1
8943	1
8949	1
8950	1
8962	1
8970	1
8976	1
8979	1
8987	1
8990	1
8992	1
9036	1
9041	1
9051	1
9097	1
9100	1
9113	1
9114	1
9117	1
9118	1
9131	1
9134	1
9159	1
9170	1
9210	1
9270	1
9306	1
9336	1
9371	1
9389	1
9390	1
9411	1
9428	1
9449	1
9474	1
9508	1
9561	1
9566	1
9579	1
9584	1
9597	1
9609	1
9628	1
9654	1
9655	1
9656	1
9714	1
9717	1
9733	1
9735	1
9771	1
9815	1
9822	1
9864	1
9875	1
9930	1
9933	1
9958	1
10028	1
10045	1
10190	1
10192	1
10237	1
10304	1
10341	1
10378	1
10394	1
10515	1
10588	1
10597	1
10631	1
10635	1
10736	1
10746	1
10748	1
10752	1
10907	1
10939	1
11022	1
11183	1
11218	1
11414	1
11563	1
