648
20000
4003	1
4007	1
4008	1
4011	1
4012	1
4027	1
4033	1
4061	1
4083	1
4099	1
4111	1
4112	1
4118	1
4125	1
4134	1
4142	1
4147	1
4159	1
4163	1
4176	1
4179	1
4196	1
4197	1
4200	1
4218	1
4227	1
4238	1
4252	1
4269	1
4272	1
4276	1
4283	1
4284	1
4294	1
4304	1
4307	1
4319	1
4320	1
4323	1
4335	1
4340	1
4359	1
4363	1
4369	1
4379	1
4386	1
4389	1
4406	1
4409	1
4414	1
4418	1
4421	1
4424	1
4430	1
4432	1
4436	1
4439	1
4440	1
4446	1
4449	1
4450	1
4460	1
4475	1
4478	1
4482	1
4486	1
4502	1
4521	1
4532	1
4533	1
4537	1
4546	1
4554	1
4556	1
4557	1
4571	1
4572	1
4586	1
4594	1
4602	1
4608	1
4629	1
4631	1
4648	1
4657	1
4667	1
4668	1
4670	1
4693	1
4697	1
4698	1
4716	1
4720	1
4721	1
4723	1
4724	1
4735	1
4745	1
4758	1
4764	1
4768	1
4784	1
4790	1
4819	1
4826	1
4830	1
4837	1
4841	1
4851	1
4854	1
4864	1
4868	1
4870	1
4874	1
4875	1
4903	1
4917	1
4919	1
4934	1
4941	1
4945	1
4964	1
4978	1
4982	1
4994	1
5005	1
5025	1
5027	1
5040	1
5057	1
5059	1
5060	1
5067	1
5070	1
5076	1
5077	1
5078	1
5081	1
5086	1
5088	1
5106	1
5109	1
5113	1
5120	1
5127	1
5137	1
5143	1
5148	1
5149	1
5170	1
5181	1
5190	1
5210	1
5212	1
5218	1
5224	1
5227	1
5235	1
5243	1
5247	1
5249	1
5253	1
5256	1
5263	1
5266	1
5268	1
5284	1
5295	1
5301	1
5302	1
5305	1
5310	1
5313	1
5314	1
5320	1
5322	1
5340	1
5344	1
5346	1
5359	1
5368	1
5370	1
5371	1
5380	1
5388	1
5389	1
5394	1
5405	1
5427	1
5428	1
5432	1
5440	1
5452	1
5453	1
5454	1
5457	1
5469	1
5479	1
5485	1
5487	1
5500	1
5501	1
5504	1
5505	1
5515	1
5522	1
5540	1
5542	1
5551	1
5576	1
5577	1
5580	1
5593	1
5597	1
5607	1
5613	1
5615	1
5618	1
5640	1
5645	1
5650	1
5652	1
5655	1
5660	1
5671	1
5678	1
5706	1
5711	1
5722	1
5729	1
5732	1
5733	1
5740	1
5744	1
5751	1
5761	1
5763	1
5769	1
5785	1
5798	1
5803	1
5805	1
5810	1
5819	1
5829	1
5830	1
5836	1
5840	1
5849	1
5864	1
5889	1
5895	1
5898	1
5910	1
5916	1
5931	1
5949	1
5950	1
5959	1
5960	1
5965	1
5968	1
5975	1
5978	1
5996	1
6001	1
6006	1
6023	1
6026	1
6029	1
6031	1
6057	1
6058	1
6070	1
6078	1
6093	1
6094	1
6100	1
6102	1
6104	1
6107	1
6121	1
6132	1
6138	1
6141	1
6159	1
6176	1
6180	1
6188	1
6189	1
6204	1
6205	1
6212	1
6218	1
6226	1
6229	1
6233	1
6241	1
6242	1
6255	1
6260	1
6270	1
6271	1
6281	1
6282	1
6291	1
6300	1
6304	1
6309	1
6317	1
6336	1
6347	1
6351	1
6366	1
6386	1
6404	1
6406	1
6414	1
6432	1
6438	1
6439	1
6444	1
6449	1
6455	1
6456	1
6464	1
6470	1
6471	1
6473	1
6474	1
6476	1
6480	1
6488	1
6498	1
6500	1
6519	1
6526	1
6527	1
6531	1
6537	1
6589	1
6599	1
6605	1
6626	1
6627	1
6632	1
6643	1
6663	1
6666	1
6668	1
6675	1
6679	1
6682	1
6683	1
6706	1
6719	1
6722	1
6725	1
6740	1
6742	1
6746	1
6760	1
6766	1
6788	1
6813	1
6822	1
6827	1
6836	1
6837	1
6847	1
6848	1
6857	1
6864	1
6866	1
6878	1
6911	1
6912	1
6921	1
6933	1
6938	1
6946	1
6956	1
6957	1
6958	1
6964	1
6984	1
6991	1
7005	1
7009	1
7023	1
7029	1
7032	1
7045	1
7046	1
7053	1
7057	1
7065	1
7070	1
7080	1
7084	1
7087	1
7088	1
7091	1
7093	1
7095	1
7104	1
7116	1
7117	1
7142	1
7145	1
7151	1
7155	1
7158	1
7163	1
7164	1
7173	1
7187	1
7200	1
7202	1
7211	1
7234	1
7261	1
7288	1
7292	1
7293	1
7299	1
7301	1
7306	1
7325	1
7340	1
7352	1
7355	1
7358	1
7379	1
7411	1
7421	1
7435	1
7437	1
7457	1
7462	1
7478	1
7483	1
7519	1
7528	1
7531	1
7532	1
7552	1
7557	1
7558	1
7561	1
7563	1
7567	1
7569	1
7581	1
7588	1
7592	1
7596	1
7597	1
7602	1
7614	1
7615	1
7637	1
7652	1
7654	1
7674	1
7688	1
7703	1
7704	1
7706	1
7715	1
7723	1
7748	1
7752	1
7756	1
7763	1
7767	1
7774	1
7779	1
7787	1
7788	1
7813	1
7818	1
7822	1
7826	1
7831	1
7834	1
7839	1
7843	1
7845	1
7846	1
7850	1
7863	1
7872	1
7904	1
7905	1
7907	1
7918	1
7923	1
7942	1
7946	1
7953	1
7954	1
7979	1
7983	1
7993	1
8002	1
8003	1
8006	1
8023	1
8051	1
8059	1
8068	1
8087	1
8109	1
8142	1
8153	1
8158	1
8183	1
8185	1
8191	1
8200	1
8207	1
8215	1
8216	1
8225	1
8231	1
8241	1
8263	1
8270	1
8278	1
8285	1
8315	1
8321	1
8322	1
8340	1
8356	1
8371	1
8397	1
8407	1
8418	1
8420	1
8438	1
8451	1
8453	1
8456	1
8468	1
8469	1
8472	1
8484	1
8546	1
8548	1
8550	1
8556	1
8568	1
8601	1
8611	1
8617	1
8632	1
8647	1
8663	1
8792	1
8795	1
8798	1
8804	1
8809	1
8825	1
8830	1
8833	1
8838	1
8844	1
8853	1
8859	1
8886	1
8901	1
8902	1
8916	1
8917	1
8938	1
8948	1
8973	1
9037	1
9060	1
9093	1
9129	1
9161	1
9202	1
9214	1
9225	1
9228	1
9263	1
9270	1
9288	1
9289	1
9296	1
9302	1
9313	1
9393	1
9511	1
9530	1
9543	1
9558	1
9574	1
9625	1
9652	1
9654	1
9687	1
9692	1
9731	1
9748	1
9749	1
9804	1
9854	1
9864	1
9867	1
9892	1
9894	1
10008	1
10121	1
10183	1
10184	1
10223	1
10225	1
10250	1
10251	1
10290	1
10301	1
10455	1
10526	1
10527	1
10575	1
10625	1
10696	1
10707	1
10714	1
10765	1
10771	1
10818	1
10828	1
10848	1
10859	1
10861	1
10896	1
10942	1
10960	1
10998	1
11120	1
11140	1
11712	1
