648
20000
4013	1
4032	1
4047	1
4052	1
4058	1
4100	1
4107	1
4112	1
4117	1
4120	1
4122	1
4145	1
4160	1
4201	1
4223	1
4224	1
4225	1
4228	1
4230	1
4236	1
4238	1
4254	1
4260	1
4270	1
4278	1
4286	1
4287	1
4290	1
4295	1
4303	1
4309	1
4313	1
4316	1
4319	1
4330	1
4332	1
4333	1
4351	1
4356	1
4366	1
4379	1
4412	1
4426	1
4441	1
4442	1
4444	1
4454	1
4462	1
4467	1
4468	1
4471	1
4476	1
4480	1
4481	1
4492	1
4495	1
4498	1
4500	1
4504	1
4518	1
4519	1
4538	1
4541	1
4545	1
4552	1
4556	1
4557	1
4558	1
4575	1
4577	1
4579	1
4581	1
4586	1
4591	1
4605	1
4608	1
4610	1
4611	1
4613	1
4615	1
4621	1
4623	1
4624	1
4627	1
4630	1
4634	1
4650	1
4655	1
4663	1
4675	1
4682	1
4684	1
4685	1
4695	1
4698	1
4703	1
4704	1
4705	1
4709	1
4720	1
4738	1
4741	1
4759	1
4761	1
4769	1
4770	1
4777	1
4783	1
4799	1
4816	1
4821	1
4832	1
4842	1
4848	1
4858	1
4865	1
4866	1
4877	1
4894	1
4900	1
4918	1
4923	1
4931	1
4936	1
4951	1
4961	1
4963	1
4969	1
4971	1
4973	1
4974	1
4975	1
4978	1
4985	1
4986	1
4995	1
5021	1
5026	1
5028	1
5051	1
5053	1
5054	1
5062	1
5070	1
5075	1
5078	1
5086	1
5091	1
5093	1
5100	1
5105	1
5108	1
5111	1
5119	1
5122	1
5124	1
5126	1
5130	1
5133	1
5149	1
5153	1
5163	1
5196	1
5203	1
5208	1
5211	1
5214	1
5215	1
5226	1
5230	1
5234	1
5239	1
5246	1
5250	1
5253	1
5254	1
5262	1
5267	1
5272	1
5282	1
5291	1
5304	1
5308	1
5309	1
5312	1
5316	1
5319	1
5329	1
5333	1
5336	1
5351	1
5352	1
5356	1
5368	1
5371	1
5380	1
5392	1
5398	1
5402	1
5423	1
5441	1
5442	1
5451	1
5466	1
5467	1
5472	1
5480	1
5481	1
5486	1
5503	1
5504	1
5541	1
5557	1
5560	1
5573	1
5574	1
5579	1
5581	1
5590	1
5593	1
5596	1
5600	1
5621	1
5623	1
5624	1
5625	1
5632	1
5651	1
5657	1
5667	1
5669	1
5677	1
5682	1
5690	1
5705	1
5721	1
5722	1
5731	1
5736	1
5742	1
5753	1
5761	1
5764	1
5773	1
5782	1
5784	1
5814	1
5836	1
5839	1
5841	1
5846	1
5848	1
5870	1
5873	1
5874	1
5891	1
5892	1
5893	1
5913	1
5915	1
5922	1
5940	1
5955	1
5968	1
5973	1
5981	1
5983	1
5988	1
5991	1
5995	1
6008	1
6013	1
6015	1
6027	1
6046	1
6048	1
6051	1
6057	1
6061	1
6063	1
6069	1
6081	1
6104	1
6110	1
6113	1
6114	1
6116	1
6124	1
6127	1
6134	1
6145	1
6150	1
6157	1
6164	1
6169	1
6186	1
6192	1
6215	1
6227	1
6249	1
6253	1
6258	1
6263	1
6288	1
6289	1
6293	1
6298	1
6300	1
6304	1
6312	1
6313	1
6318	1
6321	1
6341	1
6347	1
6348	1
6351	1
6358	1
6369	1
6382	1
6393	1
6397	1
6411	1
6427	1
6430	1
6435	1
6438	1
6441	1
6444	1
6445	1
6453	1
6457	1
6462	1
6465	1
6474	1
6477	1
6489	1
6497	1
6562	1
6567	1
6572	1
6578	1
6586	1
6593	1
6598	1
6602	1
6608	1
6615	1
6618	1
6640	1
6645	1
6659	1
6667	1
6672	1
6690	1
6695	1
6703	1
6709	1
6717	1
6727	1
6738	1
6760	1
6763	1
6770	1
6778	1
6787	1
6796	1
6807	1
6808	1
6810	1
6820	1
6821	1
6822	1
6826	1
6848	1
6850	1
6862	1
6878	1
6881	1
6882	1
6885	1
6892	1
6923	1
6931	1
6937	1
6959	1
6972	1
6979	1
6999	1
7013	1
7024	1
7025	1
7029	1
7030	1
7037	1
7057	1
7064	1
7066	1
7069	1
7084	1
7095	1
7098	1
7100	1
7102	1
7115	1
7132	1
7133	1
7140	1
7150	1
7152	1
7169	1
7178	1
7180	1
7183	1
7191	1
7210	1
7230	1
7236	1
7238	1
7242	1
7245	1
7247	1
7257	1
7266	1
7268	1
7279	1
7286	1
7289	1
7301	1
7318	1
7334	1
7342	1
7367	1
7370	1
7375	1
7386	1
7403	1
7414	1
7421	1
7425	1
7426	1
7428	1
7448	1
7452	1
7455	1
7460	1
7468	1
7479	1
7491	1
7492	1
7496	1
7497	1
7507	1
7521	1
7541	1
7549	1
7571	1
7574	1
7578	1
7584	1
7617	1
7629	1
7631	1
7663	1
7674	1
7678	1
7688	1
7691	1
7705	1
7708	1
7709	1
7716	1
7729	1
7730	1
7737	1
7752	1
7768	1
7780	1
7781	1
7784	1
7805	1
7807	1
7814	1
7819	1
7836	1
7847	1
7857	1
7868	1
7871	1
7898	1
7911	1
7912	1
7915	1
7918	1
7930	1
7955	1
7969	1
7972	1
7992	1
8057	1
8088	1
8089	1
8099	1
8103	1
8106	1
8107	1
8130	1
8137	1
8148	1
8173	1
8183	1
8210	1
8236	1
8239	1
8261	1
8262	1
8270	1
8271	1
8281	1
8300	1
8301	1
8305	1
8320	1
8365	1
8371	1
8401	1
8409	1
8418	1
8440	1
8446	1
8456	1
8463	1
8486	1
8504	1
8508	1
8516	1
8525	1
8533	1
8547	1
8573	1
8592	1
8605	1
8615	1
8621	1
8626	1
8638	1
8643	1
8645	1
8647	1
8653	1
8669	1
8671	1
8673	1
8698	1
8721	1
8725	1
8739	1
8756	1
8779	1
8792	1
8800	1
8801	1
8803	1
8815	1
8879	1
8888	1
8898	1
8909	1
8930	1
8969	1
8975	1
8979	1
9003	1
9034	1
9055	1
9062	1
9081	1
9087	1
9099	1
9104	1
9122	1
9131	1
9210	1
9211	1
9232	1
9261	1
9293	1
9300	1
9318	1
9320	1
9346	1
9359	1
9367	1
9398	1
9434	1
9456	1
9477	1
9481	1
9505	1
9546	1
9552	1
9583	1
9589	1
9595	1
9603	1
9637	1
9686	1
9709	1
9717	1
9744	1
9764	1
9768	1
9784	1
9872	1
9950	1
9953	1
9971	1
10014	1
10027	1
10035	1
10078	1
10166	1
10188	1
10211	1
10284	1
10341	1
10403	1
10458	1
10465	1
10510	1
10512	1
10537	1
10566	1
10602	1
10629	1
10682	1
10716	1
10801	1
10804	1
10979	1
10993	1
11083	1
11195	1
11244	1
11314	1
11315	1
11344	1
11443	1
