648
20000
4013	1
4016	1
4018	1
4021	1
4023	1
4032	1
4034	1
4040	1
4048	1
4049	1
4051	1
4054	1
4055	1
4060	1
4066	1
4087	1
4089	1
4090	1
4105	1
4122	1
4130	1
4139	1
4149	1
4154	1
4158	1
4163	1
4168	1
4171	1
4176	1
4184	1
4189	1
4207	1
4215	1
4217	1
4223	1
4240	1
4249	1
4251	1
4264	1
4270	1
4285	1
4292	1
4300	1
4302	1
4305	1
4313	1
4316	1
4317	1
4319	1
4327	1
4333	1
4334	1
4335	1
4350	1
4359	1
4365	1
4367	1
4368	1
4376	1
4386	1
4390	1
4408	1
4412	1
4441	1
4448	1
4449	1
4457	1
4458	1
4489	1
4490	1
4513	1
4523	1
4537	1
4539	1
4544	1
4547	1
4551	1
4558	1
4559	1
4564	1
4571	1
4581	1
4598	1
4601	1
4604	1
4619	1
4622	1
4629	1
4633	1
4637	1
4641	1
4644	1
4646	1
4648	1
4656	1
4674	1
4677	1
4697	1
4701	1
4708	1
4717	1
4723	1
4732	1
4738	1
4744	1
4747	1
4748	1
4753	1
4758	1
4778	1
4781	1
4785	1
4794	1
4799	1
4806	1
4807	1
4811	1
4822	1
4830	1
4835	1
4840	1
4847	1
4868	1
4875	1
4878	1
4880	1
4886	1
4895	1
4900	1
4906	1
4910	1
4924	1
4930	1
4932	1
4933	1
4940	1
4949	1
4958	1
4962	1
4972	1
4980	1
4982	1
4986	1
4991	1
5007	1
5020	1
5021	1
5025	1
5027	1
5029	1
5039	1
5051	1
5069	1
5080	1
5093	1
5094	1
5095	1
5098	1
5110	1
5112	1
5116	1
5122	1
5124	1
5125	1
5133	1
5145	1
5170	1
5172	1
5175	1
5181	1
5187	1
5189	1
5190	1
5201	1
5210	1
5217	1
5221	1
5226	1
5244	1
5252	1
5253	1
5268	1
5271	1
5273	1
5275	1
5279	1
5281	1
5286	1
5289	1
5299	1
5303	1
5305	1
5327	1
5332	1
5347	1
5350	1
5352	1
5364	1
5366	1
5369	1
5383	1
5388	1
5394	1
5395	1
5406	1
5410	1
5421	1
5422	1
5423	1
5424	1
5429	1
5431	1
5443	1
5446	1
5456	1
5457	1
5463	1
5480	1
5490	1
5500	1
5502	1
5504	1
5533	1
5545	1
5549	1
5560	1
5567	1
5587	1
5596	1
5619	1
5621	1
5625	1
5646	1
5647	1
5665	1
5674	1
5675	1
5689	1
5690	1
5693	1
5708	1
5710	1
5716	1
5718	1
5732	1
5737	1
5746	1
5759	1
5762	1
5766	1
5767	1
5770	1
5773	1
5783	1
5784	1
5791	1
5796	1
5802	1
5804	1
5811	1
5821	1
5836	1
5841	1
5845	1
5848	1
5855	1
5860	1
5887	1
5893	1
5898	1
5906	1
5909	1
5914	1
5923	1
5931	1
5933	1
5948	1
5950	1
5953	1
5957	1
5959	1
5964	1
5992	1
5998	1
6031	1
6035	1
6080	1
6114	1
6134	1
6139	1
6141	1
6142	1
6146	1
6153	1
6160	1
6170	1
6185	1
6192	1
6194	1
6207	1
6221	1
6223	1
6224	1
6240	1
6257	1
6260	1
6269	1
6270	1
6274	1
6280	1
6299	1
6300	1
6306	1
6319	1
6328	1
6351	1
6353	1
6358	1
6363	1
6380	1
6392	1
6396	1
6403	1
6406	1
6419	1
6425	1
6434	1
6443	1
6468	1
6470	1
6487	1
6521	1
6530	1
6540	1
6546	1
6568	1
6569	1
6570	1
6574	1
6575	1
6577	1
6578	1
6583	1
6603	1
6605	1
6608	1
6611	1
6635	1
6641	1
6642	1
6671	1
6674	1
6682	1
6700	1
6703	1
6715	1
6723	1
6729	1
6731	1
6752	1
6754	1
6755	1
6775	1
6781	1
6789	1
6792	1
6795	1
6797	1
6806	1
6812	1
6816	1
6822	1
6831	1
6832	1
6833	1
6842	1
6843	1
6852	1
6856	1
6860	1
6861	1
6874	1
6880	1
6885	1
6900	1
6917	1
6919	1
6921	1
6934	1
6944	1
6948	1
6954	1
6955	1
6957	1
6960	1
6963	1
7002	1
7009	1
7032	1
7039	1
7040	1
7046	1
7079	1
7085	1
7094	1
7106	1
7123	1
7124	1
7125	1
7140	1
7144	1
7147	1
7174	1
7211	1
7221	1
7224	1
7238	1
7239	1
7240	1
7246	1
7252	1
7255	1
7282	1
7289	1
7291	1
7305	1
7308	1
7317	1
7326	1
7332	1
7336	1
7342	1
7353	1
7364	1
7375	1
7392	1
7410	1
7423	1
7436	1
7443	1
7450	1
7461	1
7465	1
7474	1
7486	1
7495	1
7500	1
7503	1
7516	1
7521	1
7526	1
7537	1
7541	1
7548	1
7550	1
7556	1
7558	1
7564	1
7601	1
7615	1
7622	1
7649	1
7657	1
7658	1
7699	1
7719	1
7763	1
7764	1
7771	1
7773	1
7783	1
7790	1
7798	1
7799	1
7800	1
7805	1
7815	1
7818	1
7827	1
7831	1
7842	1
7878	1
7916	1
7921	1
7946	1
7950	1
7951	1
7962	1
7970	1
8007	1
8061	1
8069	1
8078	1
8090	1
8096	1
8103	1
8113	1
8128	1
8129	1
8137	1
8141	1
8157	1
8163	1
8199	1
8201	1
8208	1
8220	1
8233	1
8249	1
8250	1
8252	1
8258	1
8287	1
8303	1
8308	1
8314	1
8354	1
8365	1
8380	1
8404	1
8410	1
8419	1
8421	1
8426	1
8432	1
8446	1
8448	1
8455	1
8471	1
8483	1
8522	1
8537	1
8573	1
8581	1
8620	1
8626	1
8631	1
8644	1
8674	1
8686	1
8698	1
8720	1
8726	1
8732	1
8746	1
8754	1
8756	1
8760	1
8762	1
8788	1
8790	1
8807	1
8817	1
8824	1
8831	1
8852	1
8861	1
8864	1
8902	1
8921	1
8923	1
8929	1
8935	1
8943	1
8950	1
8956	1
8967	1
8997	1
9004	1
9031	1
9061	1
9068	1
9069	1
9081	1
9085	1
9089	1
9090	1
9124	1
9125	1
9158	1
9169	1
9213	1
9238	1
9277	1
9307	1
9316	1
9322	1
9347	1
9376	1
9403	1
9433	1
9532	1
9555	1
9562	1
9588	1
9620	1
9630	1
9643	1
9649	1
9682	1
9697	1
9708	1
9749	1
9750	1
9767	1
9770	1
9805	1
9838	1
9861	1
9877	1
9900	1
9997	1
10007	1
10046	1
10105	1
10137	1
10259	1
10264	1
10279	1
10347	1
10359	1
10367	1
10386	1
10402	1
10555	1
10565	1
10568	1
10591	1
10592	1
10602	1
10680	1
10692	1
10838	1
10893	1
10904	1
10970	1
10991	1
11002	1
11005	1
11012	1
11043	1
11117	1
11192	1
11227	1
11333	1
11560	1
11803	1
11955	1
