648
20000
4016	1
4024	1
4026	1
4041	1
4043	1
4046	1
4047	1
4052	1
4058	1
4067	1
4071	1
4078	1
4080	1
4087	1
4089	1
4098	1
4099	1
4101	1
4116	1
4124	1
4128	1
4129	1
4144	1
4154	1
4184	1
4186	1
4187	1
4191	1
4204	1
4205	1
4207	1
4208	1
4213	1
4242	1
4252	1
4268	1
4272	1
4274	1
4277	1
4287	1
4290	1
4291	1
4299	1
4304	1
4313	1
4322	1
4326	1
4334	1
4341	1
4350	1
4358	1
4360	1
4383	1
4392	1
4394	1
4401	1
4403	1
4406	1
4422	1
4433	1
4443	1
4474	1
4475	1
4476	1
4482	1
4508	1
4511	1
4521	1
4522	1
4536	1
4541	1
4542	1
4553	1
4571	1
4581	1
4600	1
4603	1
4611	1
4616	1
4617	1
4618	1
4623	1
4625	1
4629	1
4631	1
4636	1
4637	1
4638	1
4652	1
4653	1
4665	1
4667	1
4672	1
4674	1
4687	1
4705	1
4713	1
4721	1
4723	1
4729	1
4732	1
4739	1
4749	1
4751	1
4756	1
4762	1
4765	1
4767	1
4775	1
4781	1
4790	1
4796	1
4797	1
4800	1
4822	1
4827	1
4833	1
4848	1
4853	1
4867	1
4869	1
4873	1
4888	1
4890	1
4894	1
4898	1
4922	1
4927	1
4931	1
4947	1
4953	1
4963	1
4964	1
4966	1
4968	1
4969	1
4971	1
4974	1
4975	1
4976	1
4984	1
4985	1
4997	1
5001	1
5002	1
5006	1
5012	1
5016	1
5024	1
5028	1
5045	1
5047	1
5058	1
5063	1
5066	1
5068	1
5070	1
5073	1
5079	1
5093	1
5108	1
5109	1
5113	1
5122	1
5127	1
5128	1
5129	1
5132	1
5138	1
5156	1
5158	1
5160	1
5169	1
5189	1
5191	1
5194	1
5208	1
5222	1
5224	1
5228	1
5229	1
5232	1
5238	1
5247	1
5251	1
5252	1
5258	1
5261	1
5270	1
5271	1
5272	1
5276	1
5281	1
5293	1
5297	1
5299	1
5318	1
5321	1
5323	1
5337	1
5340	1
5352	1
5354	1
5359	1
5362	1
5369	1
5376	1
5400	1
5409	1
5433	1
5436	1
5443	1
5446	1
5452	1
5454	1
5457	1
5460	1
5472	1
5478	1
5492	1
5495	1
5517	1
5520	1
5524	1
5536	1
5537	1
5552	1
5553	1
5554	1
5570	1
5572	1
5576	1
5581	1
5583	1
5585	1
5592	1
5609	1
5616	1
5620	1
5628	1
5632	1
5639	1
5681	1
5688	1
5691	1
5694	1
5698	1
5704	1
5707	1
5721	1
5731	1
5750	1
5760	1
5762	1
5780	1
5808	1
5827	1
5828	1
5835	1
5846	1
5847	1
5860	1
5870	1
5877	1
5889	1
5897	1
5904	1
5934	1
5940	1
5948	1
5956	1
5970	1
5973	1
5985	1
5988	1
5997	1
6008	1
6017	1
6027	1
6047	1
6058	1
6074	1
6075	1
6076	1
6085	1
6088	1
6094	1
6095	1
6096	1
6098	1
6102	1
6105	1
6117	1
6122	1
6133	1
6142	1
6149	1
6151	1
6153	1
6157	1
6160	1
6183	1
6189	1
6190	1
6200	1
6208	1
6211	1
6213	1
6214	1
6232	1
6244	1
6252	1
6259	1
6264	1
6267	1
6271	1
6280	1
6281	1
6294	1
6306	1
6316	1
6327	1
6328	1
6330	1
6332	1
6333	1
6336	1
6341	1
6346	1
6348	1
6368	1
6373	1
6385	1
6393	1
6400	1
6403	1
6406	1
6411	1
6420	1
6421	1
6432	1
6445	1
6452	1
6453	1
6455	1
6458	1
6460	1
6469	1
6475	1
6496	1
6504	1
6508	1
6515	1
6516	1
6520	1
6522	1
6526	1
6528	1
6551	1
6565	1
6583	1
6590	1
6603	1
6612	1
6623	1
6624	1
6632	1
6640	1
6645	1
6648	1
6655	1
6684	1
6690	1
6708	1
6745	1
6747	1
6748	1
6751	1
6774	1
6778	1
6784	1
6798	1
6808	1
6822	1
6835	1
6853	1
6859	1
6860	1
6865	1
6873	1
6899	1
6911	1
6934	1
6944	1
6956	1
6957	1
6964	1
6978	1
6986	1
6992	1
7005	1
7012	1
7023	1
7037	1
7046	1
7059	1
7063	1
7071	1
7086	1
7096	1
7121	1
7131	1
7141	1
7148	1
7173	1
7178	1
7180	1
7186	1
7203	1
7210	1
7221	1
7226	1
7243	1
7258	1
7291	1
7298	1
7304	1
7331	1
7344	1
7349	1
7357	1
7359	1
7368	1
7380	1
7385	1
7387	1
7388	1
7396	1
7402	1
7411	1
7423	1
7440	1
7457	1
7461	1
7468	1
7486	1
7515	1
7520	1
7534	1
7548	1
7554	1
7574	1
7580	1
7597	1
7635	1
7639	1
7645	1
7647	1
7648	1
7654	1
7662	1
7680	1
7690	1
7695	1
7700	1
7723	1
7734	1
7745	1
7754	1
7761	1
7797	1
7798	1
7799	1
7824	1
7853	1
7864	1
7872	1
7884	1
7915	1
7927	1
7943	1
7956	1
7962	1
7966	1
7969	1
7978	1
7979	1
8003	1
8037	1
8047	1
8049	1
8058	1
8064	1
8087	1
8092	1
8144	1
8145	1
8148	1
8149	1
8170	1
8197	1
8210	1
8212	1
8261	1
8265	1
8293	1
8295	1
8330	1
8346	1
8349	1
8374	1
8376	1
8395	1
8401	1
8422	1
8446	1
8463	1
8483	1
8516	1
8523	1
8535	1
8547	1
8562	1
8578	1
8580	1
8581	1
8638	1
8641	1
8644	1
8645	1
8654	1
8663	1
8678	1
8683	1
8684	1
8687	1
8688	1
8743	1
8748	1
8765	1
8769	1
8777	1
8794	1
8815	1
8817	1
8884	1
8887	1
8924	1
8941	1
8947	1
8953	1
8957	1
8991	1
8996	1
9002	1
9077	1
9079	1
9098	1
9099	1
9109	1
9131	1
9145	1
9158	1
9165	1
9174	1
9184	1
9185	1
9214	1
9219	1
9246	1
9262	1
9281	1
9283	1
9316	1
9319	1
9340	1
9348	1
9358	1
9373	1
9401	1
9407	1
9426	1
9442	1
9474	1
9483	1
9512	1
9517	1
9526	1
9539	1
9545	1
9560	1
9578	1
9608	1
9624	1
9632	1
9647	1
9658	1
9687	1
9716	1
9727	1
9746	1
9752	1
9753	1
9790	1
9805	1
9866	1
9868	1
9876	1
9888	1
9926	1
9963	1
9987	1
9990	1
9997	1
10001	1
10029	1
10101	1
10124	1
10181	1
10194	1
10233	1
10254	1
10256	1
10263	1
10266	1
10314	1
10342	1
10359	1
10361	1
10372	1
10381	1
10452	1
10454	1
10557	1
10575	1
10580	1
10603	1
10649	1
10829	1
10883	1
10967	1
11090	1
11174	1
11260	1
11358	1
11413	1
11659	1
11770	1
