648
20000
4000	1
4005	1
4006	1
4007	1
4011	1
4013	1
4019	1
4035	1
4046	1
4047	1
4048	1
4069	1
4073	1
4074	1
4077	1
4078	1
4084	1
4085	1
4092	1
4115	1
4127	1
4129	1
4140	1
4142	1
4156	1
4162	1
4165	1
4185	1
4191	1
4212	1
4222	1
4223	1
4224	1
4236	1
4241	1
4253	1
4261	1
4268	1
4290	1
4292	1
4297	1
4302	1
4303	1
4305	1
4315	1
4319	1
4322	1
4323	1
4325	1
4330	1
4331	1
4337	1
4338	1
4361	1
4366	1
4396	1
4404	1
4405	1
4406	1
4409	1
4417	1
4428	1
4431	1
4466	1
4475	1
4477	1
4478	1
4487	1
4511	1
4512	1
4519	1
4531	1
4538	1
4542	1
4543	1
4553	1
4558	1
4563	1
4564	1
4566	1
4567	1
4578	1
4583	1
4593	1
4594	1
4601	1
4609	1
4622	1
4626	1
4632	1
4637	1
4644	1
4655	1
4659	1
4676	1
4687	1
4694	1
4708	1
4709	1
4717	1
4718	1
4721	1
4731	1
4736	1
4751	1
4755	1
4757	1
4760	1
4766	1
4767	1
4776	1
4780	1
4799	1
4805	1
4823	1
4824	1
4831	1
4844	1
4864	1
4873	1
4879	1
4892	1
4894	1
4898	1
4903	1
4911	1
4916	1
4923	1
4925	1
4930	1
4946	1
4952	1
4958	1
4961	1
4964	1
4987	1
4995	1
4997	1
5003	1
5007	1
5008	1
5014	1
5027	1
5031	1
5038	1
5040	1
5042	1
5043	1
5048	1
5050	1
5053	1
5060	1
5076	1
5087	1
5092	1
5093	1
5098	1
5102	1
5104	1
5116	1
5135	1
5142	1
5156	1
5164	1
5167	1
5172	1
5179	1
5180	1
5181	1
5190	1
5196	1
5200	1
5201	1
5202	1
5212	1
5236	1
5244	1
5259	1
5263	1
5268	1
5271	1
5273	1
5283	1
5285	1
5286	1
5287	1
5297	1
5311	1
5312	1
5318	1
5319	1
5329	1
5330	1
5336	1
5338	1
5339	1
5340	1
5345	1
5346	1
5350	1
5357	1
5360	1
5363	1
5366	1
5375	1
5379	1
5391	1
5392	1
5396	1
5398	1
5416	1
5422	1
5427	1
5432	1
5452	1
5456	1
5463	1
5468	1
5475	1
5477	1
5517	1
5528	1
5534	1
5540	1
5542	1
5543	1
5547	1
5566	1
5569	1
5575	1
5584	1
5586	1
5589	1
5596	1
5602	1
5616	1
5639	1
5656	1
5666	1
5668	1
5675	1
5678	1
5699	1
5703	1
5707	1
5721	1
5722	1
5729	1
5731	1
5733	1
5746	1
5754	1
5770	1
5777	1
5784	1
5793	1
5796	1
5813	1
5825	1
5830	1
5840	1
5860	1
5868	1
5881	1
5905	1
5906	1
5908	1
5918	1
5920	1
5921	1
5925	1
5937	1
5948	1
5949	1
5955	1
5960	1
5966	1
5975	1
5986	1
5993	1
5998	1
6000	1
6022	1
6025	1
6026	1
6028	1
6033	1
6042	1
6053	1
6056	1
6057	1
6058	1
6067	1
6070	1
6077	1
6086	1
6091	1
6093	1
6109	1
6116	1
6120	1
6130	1
6148	1
6149	1
6150	1
6151	1
6154	1
6155	1
6160	1
6165	1
6167	1
6168	1
6189	1
6196	1
6202	1
6210	1
6212	1
6220	1
6222	1
6228	1
6233	1
6238	1
6263	1
6264	1
6282	1
6286	1
6308	1
6312	1
6318	1
6322	1
6328	1
6332	1
6350	1
6377	1
6389	1
6394	1
6398	1
6400	1
6414	1
6418	1
6432	1
6444	1
6446	1
6458	1
6461	1
6471	1
6484	1
6485	1
6496	1
6498	1
6499	1
6508	1
6509	1
6532	1
6541	1
6545	1
6548	1
6550	1
6556	1
6592	1
6601	1
6612	1
6624	1
6625	1
6656	1
6667	1
6670	1
6676	1
6687	1
6690	1
6699	1
6723	1
6738	1
6739	1
6744	1
6749	1
6758	1
6770	1
6777	1
6778	1
6786	1
6801	1
6810	1
6815	1
6832	1
6840	1
6867	1
6868	1
6877	1
6879	1
6891	1
6896	1
6907	1
6924	1
6925	1
6948	1
6956	1
6970	1
6975	1
6980	1
6993	1
6998	1
7007	1
7039	1
7056	1
7069	1
7092	1
7100	1
7102	1
7112	1
7114	1
7116	1
7160	1
7168	1
7176	1
7191	1
7228	1
7229	1
7233	1
7239	1
7248	1
7282	1
7284	1
7304	1
7332	1
7355	1
7381	1
7382	1
7388	1
7398	1
7401	1
7406	1
7447	1
7451	1
7473	1
7518	1
7531	1
7544	1
7553	1
7559	1
7567	1
7573	1
7588	1
7589	1
7628	1
7674	1
7680	1
7681	1
7682	1
7696	1
7701	1
7711	1
7722	1
7751	1
7758	1
7760	1
7762	1
7776	1
7798	1
7801	1
7814	1
7829	1
7850	1
7862	1
7863	1
7869	1
7877	1
7901	1
7931	1
7932	1
7960	1
7977	1
7978	1
7986	1
8016	1
8027	1
8042	1
8053	1
8078	1
8079	1
8102	1
8117	1
8118	1
8121	1
8136	1
8149	1
8162	1
8172	1
8186	1
8203	1
8220	1
8222	1
8224	1
8230	1
8249	1
8257	1
8268	1
8284	1
8292	1
8293	1
8295	1
8298	1
8305	1
8309	1
8328	1
8331	1
8338	1
8340	1
8346	1
8356	1
8363	1
8380	1
8382	1
8400	1
8407	1
8414	1
8419	1
8420	1
8427	1
8463	1
8488	1
8489	1
8492	1
8497	1
8502	1
8504	1
8519	1
8530	1
8532	1
8556	1
8557	1
8566	1
8568	1
8589	1
8593	1
8621	1
8625	1
8634	1
8645	1
8676	1
8686	1
8691	1
8693	1
8725	1
8731	1
8748	1
8756	1
8759	1
8771	1
8829	1
8855	1
8868	1
8886	1
8893	1
8896	1
8936	1
8940	1
8951	1
8953	1
8956	1
8960	1
8973	1
8982	1
9004	1
9017	1
9043	1
9059	1
9115	1
9134	1
9136	1
9143	1
9145	1
9150	1
9157	1
9190	1
9206	1
9210	1
9226	1
9240	1
9243	1
9296	1
9309	1
9311	1
9338	1
9395	1
9406	1
9418	1
9428	1
9438	1
9451	1
9456	1
9502	1
9520	1
9522	1
9526	1
9529	1
9549	1
9550	1
9621	1
9663	1
9673	1
9684	1
9710	1
9732	1
9737	1
9760	1
9777	1
9790	1
9826	1
9849	1
9872	1
9891	1
9928	1
9950	1
9952	1
9996	1
9997	1
10033	1
10046	1
10151	1
10159	1
10173	1
10237	1
10251	1
10343	1
10358	1
10360	1
10404	1
10441	1
10447	1
10470	1
10527	1
10537	1
10544	1
10649	1
10650	1
10702	1
10914	1
11037	1
11054	1
11084	1
11114	1
11123	1
11266	1
11294	1
11661	1
11679	1
11712	1
