648
20000
4005	1
4018	1
4028	1
4030	1
4044	1
4054	1
4055	1
4056	1
4069	1
4081	1
4092	1
4095	1
4103	1
4108	1
4118	1
4124	1
4127	1
4130	1
4132	1
4133	1
4139	1
4144	1
4148	1
4151	1
4153	1
4158	1
4168	1
4171	1
4185	1
4186	1
4193	1
4197	1
4202	1
4203	1
4205	1
4206	1
4208	1
4223	1
4226	1
4232	1
4234	1
4241	1
4251	1
4262	1
4269	1
4270	1
4277	1
4287	1
4293	1
4304	1
4305	1
4315	1
4333	1
4344	1
4356	1
4362	1
4365	1
4374	1
4375	1
4380	1
4394	1
4399	1
4414	1
4421	1
4424	1
4425	1
4429	1
4443	1
4446	1
4448	1
4450	1
4461	1
4487	1
4510	1
4512	1
4514	1
4519	1
4521	1
4527	1
4534	1
4548	1
4564	1
4565	1
4582	1
4592	1
4595	1
4600	1
4602	1
4605	1
4610	1
4611	1
4615	1
4619	1
4623	1
4625	1
4642	1
4644	1
4651	1
4653	1
4655	1
4665	1
4679	1
4690	1
4704	1
4720	1
4729	1
4747	1
4753	1
4755	1
4757	1
4781	1
4782	1
4790	1
4797	1
4798	1
4799	1
4804	1
4809	1
4810	1
4811	1
4814	1
4818	1
4825	1
4834	1
4835	1
4846	1
4847	1
4854	1
4862	1
4865	1
4873	1
4895	1
4915	1
4922	1
4926	1
4933	1
4940	1
4947	1
4963	1
4966	1
4967	1
4969	1
4997	1
5003	1
5013	1
5032	1
5036	1
5051	1
5054	1
5055	1
5067	1
5075	1
5076	1
5083	1
5089	1
5096	1
5101	1
5104	1
5108	1
5117	1
5132	1
5140	1
5142	1
5143	1
5145	1
5148	1
5163	1
5166	1
5175	1
5185	1
5190	1
5193	1
5195	1
5198	1
5203	1
5214	1
5226	1
5230	1
5233	1
5246	1
5257	1
5269	1
5271	1
5275	1
5278	1
5280	1
5281	1
5295	1
5297	1
5299	1
5303	1
5305	1
5308	1
5310	1
5317	1
5333	1
5343	1
5345	1
5348	1
5351	1
5356	1
5361	1
5363	1
5372	1
5375	1
5378	1
5384	1
5385	1
5399	1
5402	1
5408	1
5409	1
5415	1
5417	1
5435	1
5440	1
5446	1
5449	1
5451	1
5463	1
5474	1
5492	1
5506	1
5517	1
5518	1
5543	1
5552	1
5557	1
5561	1
5566	1
5569	1
5590	1
5602	1
5604	1
5608	1
5613	1
5624	1
5634	1
5637	1
5639	1
5660	1
5680	1
5692	1
5701	1
5708	1
5741	1
5745	1
5765	1
5772	1
5777	1
5800	1
5802	1
5818	1
5819	1
5835	1
5836	1
5837	1
5851	1
5852	1
5858	1
5870	1
5874	1
5875	1
5905	1
5909	1
5910	1
5924	1
5926	1
5954	1
5959	1
5969	1
5970	1
5971	1
5973	1
5992	1
6007	1
6010	1
6012	1
6014	1
6016	1
6018	1
6024	1
6031	1
6038	1
6044	1
6049	1
6054	1
6079	1
6093	1
6099	1
6101	1
6102	1
6106	1
6126	1
6127	1
6133	1
6142	1
6145	1
6152	1
6156	1
6165	1
6166	1
6171	1
6179	1
6181	1
6183	1
6188	1
6190	1
6209	1
6214	1
6221	1
6242	1
6256	1
6275	1
6289	1
6291	1
6300	1
6320	1
6347	1
6358	1
6359	1
6360	1
6362	1
6374	1
6375	1
6378	1
6384	1
6386	1
6392	1
6394	1
6395	1
6399	1
6405	1
6407	1
6414	1
6438	1
6448	1
6450	1
6457	1
6460	1
6464	1
6470	1
6483	1
6490	1
6497	1
6516	1
6533	1
6541	1
6555	1
6558	1
6567	1
6573	1
6580	1
6597	1
6601	1
6611	1
6620	1
6631	1
6649	1
6697	1
6698	1
6703	1
6705	1
6707	1
6708	1
6727	1
6729	1
6732	1
6733	1
6754	1
6766	1
6772	1
6773	1
6779	1
6816	1
6830	1
6841	1
6863	1
6906	1
6907	1
6914	1
6923	1
6931	1
6947	1
6951	1
6961	1
6966	1
6969	1
6980	1
6986	1
6987	1
6988	1
7004	1
7005	1
7019	1
7021	1
7033	1
7042	1
7043	1
7056	1
7065	1
7089	1
7092	1
7102	1
7108	1
7145	1
7149	1
7160	1
7171	1
7187	1
7189	1
7193	1
7213	1
7216	1
7220	1
7231	1
7234	1
7240	1
7244	1
7246	1
7249	1
7254	1
7259	1
7262	1
7268	1
7269	1
7277	1
7280	1
7329	1
7334	1
7355	1
7356	1
7371	1
7387	1
7402	1
7408	1
7422	1
7424	1
7430	1
7436	1
7437	1
7440	1
7441	1
7448	1
7516	1
7523	1
7527	1
7557	1
7558	1
7560	1
7561	1
7564	1
7577	1
7586	1
7592	1
7600	1
7602	1
7603	1
7637	1
7647	1
7655	1
7663	1
7668	1
7669	1
7670	1
7676	1
7694	1
7701	1
7723	1
7754	1
7762	1
7773	1
7780	1
7799	1
7825	1
7829	1
7847	1
7855	1
7869	1
7880	1
7889	1
7891	1
7903	1
7941	1
7948	1
7953	1
7994	1
8036	1
8037	1
8049	1
8063	1
8066	1
8070	1
8074	1
8083	1
8088	1
8099	1
8104	1
8105	1
8108	1
8128	1
8131	1
8132	1
8152	1
8155	1
8166	1
8187	1
8215	1
8225	1
8237	1
8255	1
8262	1
8326	1
8333	1
8345	1
8365	1
8377	1
8381	1
8414	1
8434	1
8448	1
8455	1
8462	1
8475	1
8495	1
8497	1
8510	1
8512	1
8534	1
8550	1
8560	1
8562	1
8568	1
8582	1
8646	1
8656	1
8677	1
8696	1
8701	1
8729	1
8747	1
8758	1
8779	1
8795	1
8796	1
8807	1
8814	1
8822	1
8823	1
8855	1
8894	1
8900	1
8907	1
8935	1
8960	1
8970	1
8990	1
8993	1
9013	1
9016	1
9027	1
9036	1
9063	1
9080	1
9091	1
9132	1
9141	1
9165	1
9172	1
9176	1
9179	1
9186	1
9219	1
9223	1
9240	1
9318	1
9347	1
9355	1
9364	1
9395	1
9436	1
9443	1
9445	1
9455	1
9456	1
9469	1
9496	1
9506	1
9531	1
9540	1
9557	1
9558	1
9584	1
9593	1
9599	1
9604	1
9642	1
9649	1
9655	1
9684	1
9696	1
9704	1
9743	1
9756	1
9771	1
9803	1
9807	1
9822	1
9838	1
9941	1
9989	1
9991	1
10001	1
10059	1
10089	1
10099	1
10105	1
10131	1
10144	1
10170	1
10227	1
10250	1
10275	1
10318	1
10384	1
10399	1
10437	1
10466	1
10531	1
10653	1
10661	1
10693	1
10712	1
10765	1
10777	1
10876	1
10912	1
10913	1
11044	1
11138	1
11147	1
11163	1
11265	1
11308	1
11339	1
11655	1
11725	1
11780	1
