648
20000
4002	1
4009	1
4010	1
4014	1
4020	1
4022	1
4072	1
4074	1
4083	1
4092	1
4093	1
4094	1
4095	1
4101	1
4103	1
4108	1
4111	1
4118	1
4122	1
4125	1
4140	1
4142	1
4147	1
4151	1
4162	1
4165	1
4167	1
4172	1
4185	1
4188	1
4195	1
4199	1
4212	1
4214	1
4220	1
4224	1
4229	1
4231	1
4241	1
4245	1
4248	1
4249	1
4266	1
4268	1
4276	1
4281	1
4284	1
4288	1
4289	1
4292	1
4293	1
4299	1
4306	1
4315	1
4323	1
4334	1
4335	1
4342	1
4355	1
4358	1
4365	1
4372	1
4374	1
4377	1
4383	1
4398	1
4408	1
4413	1
4422	1
4439	1
4444	1
4448	1
4461	1
4469	1
4471	1
4480	1
4482	1
4483	1
4484	1
4485	1
4488	1
4489	1
4497	1
4509	1
4512	1
4513	1
4520	1
4521	1
4524	1
4525	1
4527	1
4547	1
4548	1
4554	1
4577	1
4594	1
4595	1
4604	1
4607	1
4618	1
4620	1
4623	1
4624	1
4625	1
4627	1
4628	1
4629	1
4630	1
4633	1
4640	1
4642	1
4645	1
4648	1
4656	1
4689	1
4721	1
4723	1
4724	1
4729	1
4731	1
4736	1
4740	1
4750	1
4768	1
4769	1
4779	1
4783	1
4800	1
4806	1
4809	1
4817	1
4818	1
4829	1
4833	1
4836	1
4840	1
4842	1
4845	1
4857	1
4862	1
4868	1
4870	1
4874	1
4878	1
4880	1
4884	1
4885	1
4890	1
4942	1
4943	1
4945	1
4946	1
4951	1
4957	1
4983	1
4984	1
5006	1
5007	1
5009	1
5015	1
5018	1
5028	1
5034	1
5050	1
5069	1
5081	1
5083	1
5118	1
5134	1
5135	1
5145	1
5150	1
5161	1
5169	1
5175	1
5179	1
5181	1
5207	1
5210	1
5213	1
5236	1
5239	1
5244	1
5245	1
5252	1
5253	1
5261	1
5262	1
5264	1
5270	1
5272	1
5273	1
5279	1
5287	1
5296	1
5303	1
5322	1
5324	1
5329	1
5340	1
5343	1
5347	1
5357	1
5359	1
5362	1
5387	1
5393	1
5395	1
5397	1
5405	1
5406	1
5423	1
5431	1
5435	1
5438	1
5452	1
5471	1
5478	1
5483	1
5498	1
5504	1
5513	1
5524	1
5528	1
5534	1
5556	1
5557	1
5560	1
5564	1
5568	1
5573	1
5584	1
5601	1
5611	1
5618	1
5623	1
5633	1
5648	1
5661	1
5684	1
5688	1
5693	1
5707	1
5713	1
5723	1
5728	1
5737	1
5741	1
5742	1
5747	1
5760	1
5761	1
5764	1
5768	1
5770	1
5773	1
5790	1
5821	1
5832	1
5833	1
5836	1
5841	1
5844	1
5849	1
5851	1
5862	1
5865	1
5874	1
5876	1
5880	1
5887	1
5889	1
5897	1
5906	1
5915	1
5924	1
5928	1
5929	1
5932	1
5935	1
5949	1
5966	1
6001	1
6008	1
6022	1
6028	1
6034	1
6036	1
6042	1
6047	1
6051	1
6052	1
6056	1
6096	1
6107	1
6128	1
6132	1
6136	1
6145	1
6158	1
6159	1
6185	1
6190	1
6194	1
6196	1
6210	1
6227	1
6247	1
6270	1
6274	1
6281	1
6291	1
6325	1
6344	1
6347	1
6356	1
6359	1
6362	1
6365	1
6377	1
6382	1
6385	1
6402	1
6403	1
6405	1
6438	1
6447	1
6474	1
6477	1
6478	1
6482	1
6485	1
6486	1
6487	1
6500	1
6507	1
6514	1
6519	1
6531	1
6537	1
6543	1
6544	1
6549	1
6568	1
6572	1
6577	1
6580	1
6587	1
6600	1
6601	1
6606	1
6610	1
6614	1
6623	1
6636	1
6645	1
6694	1
6702	1
6723	1
6741	1
6746	1
6763	1
6767	1
6769	1
6770	1
6776	1
6786	1
6802	1
6820	1
6822	1
6837	1
6854	1
6856	1
6858	1
6860	1
6868	1
6880	1
6901	1
6905	1
6920	1
6932	1
6935	1
6945	1
6946	1
6949	1
6965	1
6972	1
6985	1
6993	1
6994	1
6999	1
7007	1
7013	1
7014	1
7024	1
7026	1
7037	1
7039	1
7043	1
7047	1
7048	1
7054	1
7058	1
7073	1
7074	1
7078	1
7092	1
7100	1
7104	1
7107	1
7112	1
7122	1
7142	1
7147	1
7149	1
7154	1
7161	1
7170	1
7172	1
7210	1
7215	1
7219	1
7225	1
7228	1
7230	1
7251	1
7273	1
7283	1
7297	1
7319	1
7321	1
7329	1
7346	1
7348	1
7352	1
7357	1
7364	1
7384	1
7386	1
7394	1
7395	1
7401	1
7411	1
7413	1
7442	1
7448	1
7470	1
7475	1
7504	1
7524	1
7528	1
7549	1
7554	1
7561	1
7563	1
7589	1
7593	1
7604	1
7637	1
7642	1
7645	1
7646	1
7648	1
7649	1
7657	1
7684	1
7727	1
7736	1
7748	1
7764	1
7771	1
7777	1
7779	1
7780	1
7785	1
7806	1
7808	1
7818	1
7840	1
7845	1
7868	1
7900	1
7902	1
7907	1
7913	1
7919	1
7927	1
7931	1
7932	1
7945	1
7966	1
7968	1
7969	1
7981	1
7998	1
8028	1
8059	1
8060	1
8106	1
8113	1
8114	1
8122	1
8131	1
8134	1
8135	1
8146	1
8172	1
8188	1
8222	1
8230	1
8235	1
8242	1
8275	1
8290	1
8294	1
8307	1
8308	1
8312	1
8315	1
8347	1
8356	1
8357	1
8369	1
8376	1
8385	1
8406	1
8420	1
8442	1
8465	1
8468	1
8543	1
8556	1
8579	1
8582	1
8696	1
8703	1
8743	1
8759	1
8775	1
8795	1
8806	1
8866	1
8882	1
8889	1
8901	1
8922	1
8944	1
8959	1
8985	1
8998	1
9009	1
9023	1
9045	1
9057	1
9080	1
9086	1
9088	1
9093	1
9099	1
9131	1
9144	1
9159	1
9181	1
9222	1
9239	1
9248	1
9255	1
9267	1
9316	1
9322	1
9329	1
9330	1
9356	1
9368	1
9373	1
9377	1
9381	1
9395	1
9399	1
9431	1
9461	1
9483	1
9506	1
9538	1
9540	1
9544	1
9602	1
9621	1
9622	1
9629	1
9647	1
9658	1
9737	1
9822	1
9864	1
9880	1
9881	1
9888	1
9909	1
9928	1
9932	1
9965	1
9999	1
10018	1
10040	1
10088	1
10091	1
10115	1
10117	1
10118	1
10124	1
10126	1
10127	1
10148	1
10167	1
10186	1
10187	1
10236	1
10317	1
10383	1
10384	1
10393	1
10403	1
10430	1
10463	1
10507	1
10508	1
10518	1
10542	1
10573	1
10597	1
10709	1
10715	1
10731	1
10821	1
10881	1
10925	1
10957	1
11045	1
11081	1
11105	1
11212	1
11263	1
11353	1
11616	1
11618	1
11730	1
11885	1
