648
20000
4010	1
4011	1
4014	1
4016	1
4030	1
4037	1
4055	1
4059	1
4060	1
4064	1
4067	1
4068	1
4083	1
4102	1
4109	1
4115	1
4119	1
4132	1
4139	1
4147	1
4151	1
4171	1
4174	1
4193	1
4194	1
4203	1
4209	1
4213	1
4218	1
4220	1
4226	1
4227	1
4231	1
4235	1
4237	1
4255	1
4261	1
4263	1
4265	1
4276	1
4278	1
4286	1
4321	1
4322	1
4327	1
4331	1
4332	1
4340	1
4342	1
4344	1
4345	1
4346	1
4352	1
4360	1
4361	1
4363	1
4371	1
4384	1
4391	1
4394	1
4401	1
4408	1
4414	1
4415	1
4449	1
4450	1
4455	1
4460	1
4463	1
4465	1
4475	1
4478	1
4483	1
4494	1
4516	1
4519	1
4522	1
4525	1
4533	1
4539	1
4540	1
4543	1
4547	1
4550	1
4557	1
4575	1
4577	1
4586	1
4595	1
4600	1
4601	1
4607	1
4627	1
4632	1
4636	1
4645	1
4655	1
4657	1
4659	1
4661	1
4663	1
4680	1
4684	1
4686	1
4690	1
4694	1
4698	1
4704	1
4710	1
4711	1
4727	1
4731	1
4734	1
4769	1
4771	1
4782	1
4783	1
4787	1
4809	1
4811	1
4819	1
4827	1
4828	1
4830	1
4831	1
4833	1
4838	1
4850	1
4855	1
4856	1
4859	1
4863	1
4867	1
4868	1
4874	1
4877	1
4882	1
4897	1
4898	1
4909	1
4919	1
4920	1
4924	1
4925	1
4929	1
4931	1
4932	1
4934	1
4955	1
4959	1
4960	1
4976	1
4979	1
4983	1
4998	1
5004	1
5009	1
5011	1
5013	1
5018	1
5019	1
5021	1
5039	1
5046	1
5047	1
5060	1
5064	1
5070	1
5085	1
5086	1
5104	1
5105	1
5125	1
5133	1
5134	1
5143	1
5145	1
5150	1
5151	1
5153	1
5174	1
5178	1
5189	1
5198	1
5201	1
5203	1
5204	1
5207	1
5217	1
5222	1
5230	1
5236	1
5237	1
5244	1
5245	1
5250	1
5265	1
5269	1
5276	1
5286	1
5291	1
5293	1
5301	1
5327	1
5331	1
5332	1
5343	1
5350	1
5351	1
5362	1
5366	1
5369	1
5373	1
5375	1
5377	1
5395	1
5409	1
5413	1
5419	1
5429	1
5436	1
5437	1
5447	1
5462	1
5466	1
5468	1
5479	1
5486	1
5494	1
5497	1
5515	1
5517	1
5527	1
5547	1
5552	1
5563	1
5577	1
5579	1
5584	1
5587	1
5605	1
5606	1
5612	1
5617	1
5640	1
5655	1
5658	1
5659	1
5670	1
5674	1
5696	1
5706	1
5733	1
5736	1
5740	1
5748	1
5753	1
5760	1
5764	1
5767	1
5786	1
5790	1
5791	1
5797	1
5798	1
5821	1
5838	1
5844	1
5869	1
5874	1
5878	1
5885	1
5892	1
5899	1
5900	1
5906	1
5917	1
5934	1
5935	1
5937	1
5946	1
5959	1
5974	1
5975	1
5977	1
5979	1
6039	1
6044	1
6047	1
6048	1
6056	1
6075	1
6077	1
6082	1
6088	1
6104	1
6128	1
6129	1
6138	1
6141	1
6144	1
6150	1
6152	1
6156	1
6157	1
6159	1
6176	1
6195	1
6199	1
6211	1
6212	1
6217	1
6222	1
6223	1
6240	1
6242	1
6246	1
6249	1
6256	1
6257	1
6265	1
6281	1
6283	1
6289	1
6308	1
6318	1
6320	1
6321	1
6325	1
6331	1
6373	1
6382	1
6433	1
6437	1
6446	1
6450	1
6458	1
6476	1
6477	1
6479	1
6487	1
6493	1
6497	1
6502	1
6520	1
6532	1
6549	1
6568	1
6569	1
6571	1
6605	1
6616	1
6617	1
6618	1
6621	1
6629	1
6636	1
6640	1
6644	1
6656	1
6666	1
6670	1
6671	1
6678	1
6696	1
6698	1
6708	1
6725	1
6729	1
6733	1
6737	1
6742	1
6743	1
6746	1
6751	1
6765	1
6766	1
6775	1
6779	1
6780	1
6781	1
6794	1
6811	1
6827	1
6838	1
6841	1
6850	1
6859	1
6881	1
6901	1
6916	1
6928	1
6940	1
6955	1
6957	1
6958	1
6964	1
6976	1
7009	1
7048	1
7050	1
7057	1
7063	1
7085	1
7092	1
7118	1
7123	1
7139	1
7162	1
7171	1
7191	1
7214	1
7227	1
7256	1
7274	1
7280	1
7290	1
7298	1
7303	1
7318	1
7327	1
7352	1
7357	1
7359	1
7362	1
7363	1
7373	1
7376	1
7387	1
7393	1
7395	1
7407	1
7409	1
7412	1
7436	1
7448	1
7474	1
7488	1
7509	1
7532	1
7534	1
7567	1
7569	1
7599	1
7602	1
7624	1
7644	1
7649	1
7650	1
7683	1
7688	1
7693	1
7696	1
7723	1
7732	1
7734	1
7743	1
7774	1
7775	1
7784	1
7795	1
7804	1
7818	1
7821	1
7832	1
7840	1
7843	1
7856	1
7883	1
7894	1
7906	1
7911	1
7923	1
7943	1
7944	1
7947	1
7951	1
7953	1
7955	1
7957	1
7975	1
7986	1
7987	1
7990	1
7993	1
7996	1
7999	1
8006	1
8021	1
8034	1
8064	1
8066	1
8129	1
8135	1
8153	1
8180	1
8229	1
8235	1
8280	1
8311	1
8340	1
8345	1
8349	1
8368	1
8379	1
8382	1
8388	1
8389	1
8428	1
8446	1
8455	1
8468	1
8469	1
8474	1
8500	1
8503	1
8531	1
8538	1
8561	1
8568	1
8594	1
8608	1
8612	1
8621	1
8625	1
8643	1
8671	1
8711	1
8795	1
8796	1
8798	1
8823	1
8827	1
8839	1
8843	1
8848	1
8863	1
8874	1
8913	1
8933	1
8949	1
8952	1
8958	1
8964	1
8967	1
8981	1
9002	1
9017	1
9018	1
9019	1
9024	1
9041	1
9049	1
9057	1
9061	1
9073	1
9078	1
9095	1
9119	1
9129	1
9159	1
9196	1
9203	1
9225	1
9230	1
9249	1
9263	1
9265	1
9280	1
9286	1
9291	1
9295	1
9305	1
9312	1
9314	1
9316	1
9326	1
9335	1
9393	1
9397	1
9411	1
9430	1
9465	1
9469	1
9480	1
9481	1
9496	1
9502	1
9527	1
9533	1
9545	1
9546	1
9563	1
9575	1
9621	1
9655	1
9656	1
9675	1
9694	1
9729	1
9740	1
9741	1
9743	1
9749	1
9784	1
9809	1
9838	1
9906	1
9916	1
9919	1
9936	1
9943	1
9988	1
10019	1
10022	1
10025	1
10168	1
10185	1
10203	1
10213	1
10239	1
10249	1
10278	1
10283	1
10313	1
10330	1
10334	1
10352	1
10355	1
10372	1
10487	1
10496	1
10527	1
10548	1
10563	1
10574	1
10595	1
10693	1
10724	1
10812	1
10909	1
10923	1
10935	1
11051	1
11078	1
11162	1
11247	1
11545	1
