648
20000
4002	1
4003	1
4013	1
4019	1
4020	1
4024	1
4025	1
4046	1
4049	1
4050	1
4054	1
4065	1
4066	1
4067	1
4077	1
4079	1
4080	1
4082	1
4088	1
4093	1
4102	1
4106	1
4117	1
4121	1
4127	1
4130	1
4142	1
4158	1
4162	1
4167	1
4176	1
4180	1
4181	1
4182	1
4193	1
4209	1
4211	1
4214	1
4217	1
4229	1
4239	1
4241	1
4243	1
4244	1
4246	1
4295	1
4298	1
4317	1
4319	1
4330	1
4336	1
4339	1
4340	1
4353	1
4357	1
4362	1
4363	1
4364	1
4366	1
4376	1
4377	1
4384	1
4385	1
4388	1
4390	1
4393	1
4398	1
4403	1
4407	1
4408	1
4411	1
4413	1
4422	1
4425	1
4427	1
4446	1
4451	1
4454	1
4457	1
4465	1
4470	1
4487	1
4489	1
4495	1
4505	1
4506	1
4518	1
4522	1
4541	1
4555	1
4564	1
4565	1
4571	1
4577	1
4581	1
4582	1
4585	1
4593	1
4598	1
4600	1
4601	1
4602	1
4603	1
4607	1
4611	1
4612	1
4615	1
4621	1
4627	1
4630	1
4631	1
4639	1
4643	1
4645	1
4662	1
4665	1
4691	1
4709	1
4717	1
4721	1
4723	1
4725	1
4729	1
4735	1
4737	1
4746	1
4749	1
4754	1
4765	1
4774	1
4782	1
4789	1
4794	1
4798	1
4804	1
4810	1
4818	1
4834	1
4843	1
4845	1
4848	1
4890	1
4892	1
4906	1
4907	1
4919	1
4933	1
4948	1
4958	1
4959	1
4960	1
4965	1
4966	1
4967	1
4970	1
4973	1
4986	1
4988	1
4993	1
4995	1
5001	1
5003	1
5008	1
5014	1
5017	1
5023	1
5028	1
5029	1
5030	1
5035	1
5037	1
5038	1
5040	1
5046	1
5047	1
5049	1
5053	1
5056	1
5062	1
5070	1
5088	1
5105	1
5112	1
5132	1
5133	1
5137	1
5142	1
5151	1
5157	1
5171	1
5177	1
5180	1
5185	1
5202	1
5206	1
5208	1
5234	1
5235	1
5262	1
5270	1
5277	1
5290	1
5311	1
5312	1
5330	1
5334	1
5336	1
5339	1
5347	1
5358	1
5364	1
5367	1
5377	1
5379	1
5414	1
5445	1
5451	1
5452	1
5454	1
5458	1
5470	1
5475	1
5478	1
5480	1
5483	1
5521	1
5524	1
5525	1
5529	1
5533	1
5536	1
5554	1
5559	1
5568	1
5579	1
5583	1
5587	1
5604	1
5611	1
5634	1
5640	1
5643	1
5644	1
5646	1
5661	1
5671	1
5681	1
5683	1
5684	1
5686	1
5689	1
5696	1
5700	1
5706	1
5708	1
5715	1
5739	1
5745	1
5758	1
5785	1
5787	1
5789	1
5790	1
5795	1
5796	1
5803	1
5808	1
5815	1
5817	1
5827	1
5869	1
5884	1
5885	1
5890	1
5893	1
5894	1
5907	1
5914	1
5919	1
5932	1
5940	1
5943	1
5944	1
5952	1
5958	1
5962	1
5965	1
5975	1
5981	1
5984	1
6005	1
6009	1
6011	1
6017	1
6028	1
6036	1
6037	1
6039	1
6048	1
6052	1
6076	1
6091	1
6108	1
6124	1
6127	1
6136	1
6141	1
6164	1
6167	1
6170	1
6187	1
6193	1
6205	1
6218	1
6219	1
6230	1
6258	1
6270	1
6274	1
6284	1
6297	1
6300	1
6312	1
6313	1
6315	1
6331	1
6343	1
6345	1
6359	1
6380	1
6383	1
6384	1
6385	1
6391	1
6415	1
6416	1
6432	1
6436	1
6446	1
6449	1
6459	1
6465	1
6472	1
6481	1
6492	1
6548	1
6567	1
6579	1
6594	1
6609	1
6614	1
6616	1
6621	1
6624	1
6639	1
6640	1
6648	1
6649	1
6653	1
6675	1
6681	1
6683	1
6706	1
6710	1
6711	1
6718	1
6733	1
6747	1
6749	1
6756	1
6774	1
6782	1
6784	1
6785	1
6790	1
6797	1
6822	1
6835	1
6838	1
6842	1
6856	1
6865	1
6870	1
6877	1
6894	1
6902	1
6910	1
6913	1
6927	1
6929	1
6936	1
6940	1
6954	1
6959	1
6978	1
6993	1
7012	1
7036	1
7047	1
7079	1
7092	1
7093	1
7112	1
7129	1
7148	1
7155	1
7156	1
7167	1
7169	1
7173	1
7174	1
7177	1
7190	1
7203	1
7240	1
7282	1
7283	1
7300	1
7309	1
7313	1
7326	1
7367	1
7392	1
7401	1
7407	1
7422	1
7424	1
7427	1
7434	1
7441	1
7464	1
7477	1
7491	1
7497	1
7509	1
7512	1
7520	1
7522	1
7533	1
7538	1
7540	1
7542	1
7548	1
7554	1
7565	1
7567	1
7592	1
7610	1
7618	1
7619	1
7626	1
7628	1
7631	1
7638	1
7652	1
7653	1
7704	1
7707	1
7727	1
7733	1
7737	1
7740	1
7750	1
7751	1
7774	1
7784	1
7787	1
7806	1
7819	1
7829	1
7837	1
7838	1
7841	1
7856	1
7862	1
7864	1
7868	1
7870	1
7892	1
7903	1
7914	1
7929	1
7941	1
7979	1
8001	1
8009	1
8023	1
8027	1
8029	1
8047	1
8056	1
8060	1
8070	1
8109	1
8122	1
8127	1
8133	1
8141	1
8151	1
8152	1
8156	1
8175	1
8187	1
8188	1
8201	1
8204	1
8206	1
8214	1
8235	1
8242	1
8250	1
8296	1
8303	1
8314	1
8345	1
8352	1
8377	1
8388	1
8403	1
8412	1
8415	1
8441	1
8454	1
8463	1
8478	1
8489	1
8516	1
8532	1
8543	1
8585	1
8605	1
8631	1
8680	1
8684	1
8685	1
8705	1
8730	1
8739	1
8751	1
8759	1
8781	1
8784	1
8821	1
8871	1
8878	1
8892	1
8894	1
8906	1
8951	1
8992	1
9036	1
9054	1
9055	1
9058	1
9062	1
9073	1
9082	1
9116	1
9142	1
9177	1
9197	1
9230	1
9272	1
9274	1
9291	1
9292	1
9327	1
9337	1
9364	1
9366	1
9393	1
9413	1
9449	1
9520	1
9534	1
9539	1
9543	1
9576	1
9577	1
9578	1
9582	1
9590	1
9599	1
9604	1
9621	1
9633	1
9647	1
9652	1
9659	1
9675	1
9679	1
9680	1
9711	1
9729	1
9740	1
9749	1
9753	1
9809	1
9823	1
9884	1
9919	1
9928	1
9929	1
9932	1
9939	1
9966	1
9997	1
10071	1
10088	1
10209	1
10346	1
10378	1
10390	1
10391	1
10426	1
10452	1
10486	1
10518	1
10526	1
10531	1
10554	1
10557	1
10582	1
10586	1
10604	1
10669	1
10738	1
10787	1
10791	1
10796	1
10799	1
10823	1
10838	1
10870	1
10968	1
10981	1
10994	1
11008	1
11009	1
11016	1
11075	1
11138	1
11185	1
11243	1
11292	1
11488	1
11523	1
11753	1
