648
20000
4013	1
4014	1
4024	1
4029	1
4034	1
4036	1
4051	1
4056	1
4065	1
4079	1
4081	1
4110	1
4118	1
4119	1
4120	1
4127	1
4129	1
4136	1
4139	1
4142	1
4149	1
4150	1
4160	1
4173	1
4174	1
4176	1
4177	1
4186	1
4189	1
4204	1
4218	1
4220	1
4227	1
4229	1
4233	1
4239	1
4240	1
4241	1
4254	1
4259	1
4260	1
4264	1
4267	1
4274	1
4275	1
4278	1
4280	1
4283	1
4290	1
4313	1
4318	1
4330	1
4333	1
4348	1
4353	1
4360	1
4379	1
4388	1
4394	1
4402	1
4404	1
4407	1
4409	1
4419	1
4424	1
4439	1
4441	1
4450	1
4457	1
4459	1
4477	1
4488	1
4500	1
4501	1
4510	1
4515	1
4516	1
4521	1
4523	1
4530	1
4531	1
4535	1
4537	1
4540	1
4553	1
4556	1
4557	1
4565	1
4566	1
4568	1
4601	1
4618	1
4619	1
4634	1
4635	1
4637	1
4642	1
4649	1
4650	1
4655	1
4656	1
4657	1
4661	1
4678	1
4712	1
4713	1
4719	1
4724	1
4728	1
4749	1
4750	1
4760	1
4767	1
4783	1
4799	1
4808	1
4818	1
4845	1
4861	1
4863	1
4864	1
4870	1
4873	1
4887	1
4889	1
4894	1
4909	1
4911	1
4914	1
4917	1
4919	1
4920	1
4934	1
4950	1
4957	1
4965	1
4967	1
4976	1
4982	1
4986	1
4987	1
4989	1
5000	1
5001	1
5002	1
5009	1
5013	1
5018	1
5019	1
5024	1
5044	1
5052	1
5053	1
5065	1
5066	1
5075	1
5079	1
5088	1
5089	1
5105	1
5113	1
5119	1
5127	1
5132	1
5143	1
5153	1
5164	1
5187	1
5205	1
5209	1
5210	1
5213	1
5216	1
5217	1
5228	1
5233	1
5236	1
5237	1
5239	1
5242	1
5245	1
5254	1
5255	1
5257	1
5263	1
5272	1
5277	1
5279	1
5293	1
5297	1
5315	1
5325	1
5329	1
5331	1
5340	1
5343	1
5345	1
5352	1
5360	1
5373	1
5377	1
5378	1
5382	1
5387	1
5402	1
5404	1
5412	1
5416	1
5420	1
5441	1
5451	1
5459	1
5466	1
5474	1
5491	1
5497	1
5500	1
5514	1
5518	1
5521	1
5532	1
5536	1
5537	1
5541	1
5547	1
5548	1
5552	1
5558	1
5563	1
5571	1
5600	1
5603	1
5605	1
5619	1
5620	1
5635	1
5636	1
5646	1
5663	1
5672	1
5678	1
5690	1
5700	1
5701	1
5703	1
5710	1
5726	1
5750	1
5751	1
5756	1
5767	1
5770	1
5778	1
5779	1
5796	1
5814	1
5818	1
5822	1
5825	1
5826	1
5827	1
5830	1
5835	1
5839	1
5843	1
5844	1
5861	1
5862	1
5864	1
5870	1
5871	1
5873	1
5876	1
5880	1
5930	1
5947	1
5951	1
5965	1
5974	1
5977	1
5979	1
6002	1
6009	1
6037	1
6061	1
6065	1
6067	1
6074	1
6079	1
6087	1
6090	1
6106	1
6113	1
6131	1
6152	1
6156	1
6195	1
6198	1
6200	1
6232	1
6239	1
6243	1
6245	1
6259	1
6266	1
6267	1
6283	1
6286	1
6300	1
6302	1
6329	1
6335	1
6338	1
6345	1
6352	1
6363	1
6366	1
6369	1
6372	1
6385	1
6389	1
6391	1
6395	1
6410	1
6444	1
6446	1
6448	1
6454	1
6456	1
6460	1
6468	1
6482	1
6483	1
6487	1
6493	1
6505	1
6521	1
6537	1
6552	1
6565	1
6577	1
6580	1
6588	1
6606	1
6615	1
6623	1
6624	1
6627	1
6628	1
6634	1
6635	1
6642	1
6673	1
6677	1
6684	1
6715	1
6729	1
6733	1
6738	1
6752	1
6764	1
6787	1
6788	1
6794	1
6810	1
6816	1
6825	1
6833	1
6841	1
6846	1
6858	1
6859	1
6863	1
6866	1
6869	1
6872	1
6875	1
6904	1
6924	1
6932	1
6938	1
6950	1
6978	1
6985	1
6998	1
7015	1
7021	1
7023	1
7030	1
7059	1
7062	1
7085	1
7087	1
7094	1
7115	1
7133	1
7151	1
7153	1
7175	1
7178	1
7181	1
7205	1
7210	1
7221	1
7230	1
7232	1
7234	1
7236	1
7249	1
7252	1
7254	1
7256	1
7262	1
7263	1
7267	1
7284	1
7292	1
7298	1
7301	1
7313	1
7329	1
7332	1
7345	1
7358	1
7361	1
7370	1
7371	1
7376	1
7396	1
7397	1
7408	1
7414	1
7417	1
7420	1
7434	1
7443	1
7464	1
7467	1
7472	1
7487	1
7516	1
7521	1
7544	1
7548	1
7550	1
7563	1
7582	1
7590	1
7598	1
7600	1
7612	1
7627	1
7641	1
7659	1
7664	1
7670	1
7681	1
7728	1
7745	1
7748	1
7766	1
7770	1
7785	1
7788	1
7815	1
7818	1
7824	1
7833	1
7844	1
7849	1
7865	1
7879	1
7883	1
7896	1
7900	1
7911	1
7941	1
7946	1
7953	1
7954	1
7971	1
7975	1
7977	1
7978	1
7986	1
8000	1
8006	1
8027	1
8031	1
8045	1
8053	1
8058	1
8069	1
8092	1
8100	1
8103	1
8106	1
8116	1
8118	1
8153	1
8154	1
8177	1
8183	1
8198	1
8199	1
8202	1
8209	1
8223	1
8225	1
8229	1
8235	1
8248	1
8251	1
8252	1
8261	1
8263	1
8287	1
8297	1
8306	1
8325	1
8328	1
8345	1
8346	1
8350	1
8363	1
8371	1
8383	1
8385	1
8396	1
8399	1
8417	1
8418	1
8444	1
8451	1
8453	1
8461	1
8468	1
8475	1
8480	1
8483	1
8503	1
8507	1
8516	1
8527	1
8561	1
8568	1
8575	1
8610	1
8629	1
8633	1
8642	1
8647	1
8682	1
8687	1
8688	1
8705	1
8714	1
8753	1
8760	1
8761	1
8762	1
8828	1
8846	1
8866	1
8879	1
8880	1
8891	1
8931	1
9002	1
9024	1
9046	1
9080	1
9094	1
9108	1
9143	1
9176	1
9188	1
9252	1
9264	1
9310	1
9321	1
9376	1
9379	1
9422	1
9435	1
9460	1
9483	1
9491	1
9509	1
9519	1
9524	1
9536	1
9539	1
9571	1
9584	1
9594	1
9596	1
9637	1
9647	1
9659	1
9700	1
9711	1
9746	1
9793	1
9799	1
9841	1
9876	1
9897	1
9907	1
9927	1
9950	1
10022	1
10080	1
10110	1
10146	1
10150	1
10244	1
10270	1
10286	1
10287	1
10290	1
10293	1
10328	1
10342	1
10361	1
10367	1
10374	1
10377	1
10382	1
10425	1
10530	1
10577	1
10628	1
10663	1
10708	1
10734	1
10745	1
10750	1
10808	1
10834	1
10897	1
10901	1
10944	1
11017	1
11161	1
11202	1
11653	1
11775	1
