198 66
79
31
49
22
49
24
57
74
92
48
50
83
67
42
51
53
46
37
29
96
96
60
27
45
80
44
76
92
28
98
42
99
36
92
60
75
50
32
86
97
49
46
82
53
72
82
96
68
73
87
22
63
58
22
26
99
87
44
64
69
83
32
25
85
59
46
65
49
69
35
57
43
97
77
21
49
86
41
64
41
97
93
64
63
52
53
53
93
56
91
66
99
30
28
71
69
24
70
23
38
55
99
43
87
98
58
79
98
45
82
59
34
58
60
24
28
30
63
50
67
67
37
88
36
70
61
79
54
30
78
96
89
26
87
94
36
62
26
42
99
82
87
71
41
45
22
100
46
45
79
80
63
98
50
37
37
34
48
88
39
75
57
92
54
38
44
91
26
49
84
97
43
48
32
53
52
82
45
100
87
33
71
55
38
51
50
88
38
34
71
53
35
41
74
73
62
26
55
