180 60
88
97
56
48
25
28
24
23
39
26
99
95
100
42
26
60
68
47
77
57
22
44
76
40
69
35
91
90
65
76
53
77
43
55
56
52
60
38
32
53
39
59
43
100
64
92
92
79
38
90
23
23
49
35
73
56
80
53
47
91
68
63
54
62
36
58
81
24
24
55
91
36
57
89
86
26
61
23
70
43
82
68
87
82
28
74
51
27
51
91
40
62
98
34
38
86
31
21
22
56
26
34
48
93
79
22
20
37
22
88
55
98
88
96
72
33
46
79
21
80
65
69
42
64
79
71
33
61
37
80
33
21
49
56
46
75
84
72
76
76
22
99
52
55
22
99
74
71
57
93
84
68
91
51
86
55
79
37
24
84
66
43
75
34
47
41
86
31
32
27
42
87
94
30
71
84
33
32
54
99
