250
5000
997
993
992
987
985
984
984
980
977
965
962
960
959
959
957
956
956
954
947
942
940
933
930
925
922
916
914
911
910
905
904
903
903
899
897
894
894
885
885
881
874
864
859
859
852
850
849
844
842
835
834
827
827
824
821
818
818
815
814
810
810
809
809
804
801
794
792
787
781
770
768
766
755
746
745
736
733
724
722
716
702
694
693
690
688
686
685
682
681
677
673
670
670
661
655
653
646
645
644
642
639
634
628
625
623
621
620
616
615
611
610
608
608
606
605
601
596
593
590
590
590
588
581
575
574
571
567
567
566
560
559
549
545
545
543
536
529
524
523
522
517
517
514
514
513
510
507
505
491
479
475
475
474
462
460
460
458
449
447
445
445
438
412
410
403
402
393
391
382
373
370
369
369
367
364
363
351
350
348
342
341
336
336
327
323
322
312
308
297
287
287
286
282
280
279
268
266
263
262
250
247
245
245
228
227
220
218
209
201
199
199
197
190
187
186
178
174
163
162
161
139
139
135
134
113
107
105
99
95
88
85
85
76
74
72
70
65
63
56
56
52
51
49
48
47
45
40
24
8
5
