250
1000
995
995
989
989
986
986
983
983
979
979
975
974
973
972
970
962
958
956
952
949
949
948
939
938
927
926
925
922
921
920
917
911
906
900
894
894
884
875
872
872
869
869
866
864
862
861
857
849
845
844
839
839
837
833
831
829
827
815
811
810
809
806
806
803
799
797
796
796
796
794
794
786
781
776
776
776
775
765
763
761
758
754
754
749
746
744
744
744
738
736
731
730
727
725
724
720
720
717
717
714
712
710
705
686
684
682
681
675
668
660
659
657
656
651
649
640
639
614
613
604
604
603
598
595
587
585
583
578
577
574
571
567
564
564
563
558
555
552
545
544
540
538
537
532
531
531
531
528
527
523
521
513
512
508
505
503
502
488
484
483
482
479
478
475
475
473
472
471
463
458
457
456
451
450
449
448
448
444
442
434
429
428
426
419
411
411
405
403
400
395
389
388
386
378
375
375
371
369
369
367
366
363
356
349
348
347
346
346
345
343
341
338
338
329
322
321
318
317
316
313
305
305
300
300
289
282
281
278
274
271
267
265
264
263
261
257
249
241
240
239
234
230
229
226
224
217
217
216
215
204
