250
1200
998
996
993
990
977
972
970
968
960
948
947
940
936
933
932
928
925
908
893
891
884
875
873
871
867
865
865
865
864
859
856
855
853
852
848
848
845
840
840
840
836
831
831
827
826
825
816
813
808
796
788
788
784
776
776
772
772
769
769
768
766
765
761
759
758
754
754
747
741
731
721
720
716
708
705
701
700
700
689
688
685
678
676
670
670
663
656
654
651
650
643
638
627
626
626
625
624
624
623
619
616
604
600
594
589
589
588
584
570
565
561
559
552
540
533
529
527
525
521
520
514
512
512
505
502
500
498
496
489
469
468
460
456
452
452
450
443
438
438
431
430
421
419
406
405
396
393
389
389
387
387
380
380
378
376
371
363
358
355
352
347
344
344
337
331
330
317
311
308
295
294
288
286
286
277
275
270
267
265
260
246
245
245
243
234
232
229
219
212
211
201
200
198
195
190
185
182
178
173
172
170
169
166
165
160
160
156
154
154
153
147
141
140
125
120
120
120
119
112
112
110
109
108
100
99
83
83
82
77
74
72
71
70
66
66
65
64
60
57
57
55
50
49
36
32
13
12
11
10
3
