250
3000
989
982
982
979
977
977
972
971
969
968
965
965
961
950
937
930
930
925
923
919
916
914
910
910
909
909
909
907
904
897
896
890
884
883
882
881
879
877
873
873
871
868
864
861
857
855
854
850
846
842
836
834
834
825
825
824
821
820
818
807
803
803
791
788
787
783
780
779
775
775
767
766
762
756
753
753
745
740
738
738
737
735
725
710
709
709
703
703
700
695
679
670
668
667
665
664
663
658
649
645
640
640
632
629
615
614
613
613
609
604
601
601
598
596
594
585
582
580
572
572
570
566
561
558
557
555
553
547
543
543
542
542
538
535
535
531
514
509
506
502
501
497
477
469
465
464
455
446
446
444
441
438
437
431
419
415
405
403
402
401
400
397
396
395
393
377
372
359
349
346
345
332
324
311
292
289
288
285
283
270
258
245
244
240
237
234
231
228
222
222
218
215
212
207
206
205
205
205
205
204
201
197
188
186
179
167
163
163
156
154
149
146
144
141
137
136
132
132
125
114
113
104
102
90
89
79
78
74
74
69
64
56
53
51
46
46
44
41
40
27
24
18
17
13
10
8
5
5
5
4
