250
3000
999
992
991
989
986
982
970
960
958
935
929
928
923
922
919
916
916
915
912
911
910
910
909
896
892
882
881
879
878
869
865
848
846
839
838
833
830
828
823
820
816
814
805
805
803
801
797
787
783
782
781
773
771
758
750
748
745
726
721
721
718
706
705
692
691
690
689
688
683
679
675
674
671
665
665
647
642
640
639
636
631
629
626
625
619
618
616
615
610
608
594
594
593
592
589
585
582
581
576
575
574
568
567
563
559
552
551
539
534
525
524
522
520
519
504
502
501
500
499
495
493
490
486
481
478
478
477
473
473
471
470
467
467
466
464
459
449
448
444
441
440
432
430
420
419
404
399
398
397
393
388
385
384
383
381
369
363
362
361
355
355
352
348
345
339
335
332
330
324
319
318
316
296
295
293
288
287
285
276
266
264
259
257
256
254
252
250
246
246
232
230
229
223
220
216
214
211
210
206
203
202
202
202
197
190
190
186
184
181
174
159
157
153
140
136
134
130
125
118
108
105
102
100
100
100
98
92
87
84
80
77
73
64
60
56
55
50
47
45
44
38
31
22
20
18
18
14
10
9
9
