250
4000
998
996
990
985
983
979
975
969
968
964
962
962
961
953
948
947
945
936
935
934
931
929
923
918
914
909
907
897
897
895
892
889
887
884
879
878
877
870
870
867
864
864
862
861
860
857
852
843
839
837
834
822
821
820
809
807
806
804
804
797
795
791
789
787
786
785
785
782
782
775
770
768
764
764
759
751
750
749
749
749
748
743
739
731
729
728
728
724
721
719
718
715
714
710
700
698
693
693
684
683
680
680
667
656
654
654
654
646
642
640
638
637
630
625
620
618
616
613
612
611
609
601
600
600
591
587
585
584
582
577
575
573
572
569
562
556
553
549
549
546
545
545
541
540
538
538
537
534
533
526
519
512
510
509
509
502
501
500
494
493
488
482
477
477
469
468
463
459
449
449
444
443
443
438
438
433
427
421
418
414
414
407
406
405
404
403
401
399
390
387
386
386
385
383
383
382
381
375
373
372
370
365
363
355
353
352
352
352
348
347
344
341
337
337
335
335
334
333
329
328
322
322
317
313
309
309
308
308
307
307
307
303
302
299
297
292
290
285
276
268
250
232
231
230
221
219
217
216
207
204
