250
1000
998
997
995
992
990
989
988
979
971
969
968
961
960
959
957
957
955
945
935
934
933
929
928
927
927
921
920
918
918
912
909
907
905
903
898
897
895
893
891
890
889
887
885
880
880
878
876
872
867
864
863
862
859
858
857
857
855
850
844
842
842
835
833
831
829
819
818
817
812
812
812
811
805
796
795
794
788
772
770
766
757
756
753
748
735
730
725
721
721
719
718
718
716
708
704
702
700
698
698
697
697
693
692
690
685
684
677
670
667
662
654
653
641
635
629
628
624
622
620
618
617
614
614
612
610
607
605
603
603
600
598
597
597
594
583
579
571
570
569
567
557
555
553
550
544
542
535
520
518
514
514
512
512
511
507
497
494
493
492
490
484
484
480
480
480
476
475
474
469
468
463
463
462
460
460
451
439
438
437
436
436
428
425
413
413
406
403
402
400
390
390
388
385
381
376
375
367
364
363
361
361
358
355
353
352
352
346
340
336
333
332
331
328
328
326
316
316
312
307
298
296
295
294
293
292
284
283
282
279
269
261
259
259
258
256
250
248
246
243
242
241
240
239
233
232
231
230
215
208
200
