250
1200
999
999
995
987
978
976
970
970
965
958
954
950
946
945
937
925
922
907
900
896
891
891
889
885
880
869
868
865
848
846
842
838
832
829
828
822
821
819
818
812
812
812
810
807
806
806
799
798
797
794
791
783
783
774
773
770
768
764
762
757
742
737
736
734
731
725
722
719
717
712
707
703
696
693
693
692
692
678
676
667
661
657
650
649
643
635
628
622
618
615
613
612
604
596
586
583
572
570
570
564
560
557
553
552
551
550
542
537
535
529
529
528
510
510
509
509
502
496
492
490
489
488
482
477
475
474
464
462
462
457
457
451
451
445
440
440
433
432
426
425
422
422
422
413
406
401
401
400
399
392
389
388
385
383
381
378
366
366
365
363
361
358
354
351
348
331
324
324
302
297
297
295
290
289
284
280
279
278
277
271
266
260
258
258
255
253
252
252
249
246
239
239
237
236
229
224
218
214
214
213
212
198
192
189
188
187
186
183
183
177
176
159
157
156
155
154
151
148
147
143
138
137
135
130
125
124
119
117
116
108
90
89
88
78
71
70
69
69
68
68
63
60
46
45
44
41
36
19
12
8
