250
5000
996
996
992
989
988
986
985
978
976
972
969
969
966
963
960
954
954
953
945
938
925
924
923
922
921
920
916
916
915
911
908
903
902
897
896
886
884
877
876
858
852
850
848
847
846
845
841
840
832
831
830
828
824
813
813
812
812
810
804
804
803
802
801
799
796
795
794
789
788
779
779
778
778
778
771
766
762
760
758
757
749
747
746
743
743
740
739
738
713
699
696
695
694
692
691
689
689
689
688
688
672
671
666
663
659
655
654
653
650
647
644
642
641
632
631
630
629
624
618
614
614
611
608
606
606
606
603
594
591
585
581
581
580
571
569
566
564
564
559
552
551
543
538
532
530
527
526
512
509
504
504
501
500
494
491
490
490
485
484
483
480
478
476
472
471
468
465
460
456
455
450
448
446
438
437
436
436
430
426
425
425
422
421
420
420
413
412
403
389
388
388
386
385
382
381
380
376
374
371
366
365
359
356
349
347
343
342
339
338
336
335
333
321
320
316
314
312
310
306
305
304
299
299
298
298
297
293
281
268
267
245
242
242
238
236
233
232
226
220
220
218
215
215
214
209
208
206
206
203
202
