250
3000
998
994
993
992
991
990
984
984
970
969
957
956
946
945
945
943
943
942
940
935
929
928
924
922
919
901
899
897
896
896
891
891
891
890
889
888
887
886
885
877
871
866
860
858
839
839
836
832
829
822
821
820
820
819
810
804
803
797
795
793
792
780
778
778
776
772
771
768
764
764
759
757
756
755
754
744
740
739
737
736
736
735
731
729
723
721
716
715
714
711
708
704
703
701
700
698
698
698
698
698
697
695
690
685
684
677
673
671
670
669
667
663
662
662
660
657
653
652
650
648
630
630
630
628
628
628
613
609
603
602
599
599
579
578
578
577
577
567
556
550
545
543
540
535
530
529
523
518
513
512
505
504
498
496
492
490
487
486
485
483
482
477
475
470
467
463
453
453
451
451
450
447
444
443
437
435
431
430
422
421
419
419
418
416
416
414
405
402
399
398
394
392
385
385
381
381
374
365
363
360
360
358
355
355
354
348
346
345
343
335
334
332
325
320
317
316
311
311
305
305
303
296
292
290
290
289
284
281
280
277
270
270
261
260
253
252
251
243
239
237
233
221
221
220
214
213
210
207
205
202
