250
1500
995
989
984
982
979
978
971
963
960
959
951
946
944
940
940
934
930
928
923
912
910
909
908
907
907
905
896
896
889
886
875
872
869
867
864
864
862
861
859
859
855
854
854
848
848
844
843
835
835
834
832
828
823
820
819
818
818
810
806
802
795
794
784
781
779
778
773
766
762
756
754
748
747
744
744
743
743
733
719
716
707
705
702
699
698
697
697
693
690
682
678
676
674
674
672
670
670
664
660
655
653
652
652
640
639
637
637
629
625
624
622
622
618
615
608
606
605
603
603
583
583
579
578
577
576
575
565
560
557
556
552
541
536
523
521
519
508
507
505
504
502
496
495
493
479
475
475
473
469
458
455
448
447
446
443
437
437
429
429
424
418
418
414
404
403
403
399
395
391
389
383
382
377
377
376
368
367
366
357
337
337
337
332
331
319
314
313
312
311
310
309
308
308
305
298
282
271
266
264
264
260
229
227
224
221
220
218
215
211
207
201
200
187
177
171
169
167
166
158
155
153
147
146
145
138
138
126
124
118
118
111
109
104
103
98
97
96
85
63
60
55
54
50
47
36
35
34
33
21
8
