250
1200
992
991
990
989
989
987
987
985
985
985
984
983
983
978
978
977
977
974
973
966
965
963
956
955
954
951
946
946
944
941
940
940
940
936
935
934
933
927
925
924
923
923
921
918
916
915
912
912
912
907
906
905
904
904
902
899
897
895
891
890
887
887
885
884
884
884
880
880
879
877
875
872
872
871
869
869
868
864
863
861
861
859
859
857
856
855
850
849
845
841
838
833
832
830
827
825
821
821
819
818
816
815
811
807
806
804
803
802
801
800
800
799
794
793
786
784
783
779
778
774
771
771
769
768
768
763
763
757
755
754
754
747
745
743
742
741
740
740
739
737
735
734
732
732
731
731
729
728
726
726
726
725
724
722
721
718
718
716
715
713
711
706
705
704
701
700
699
695
694
694
687
681
681
679
676
674
673
671
669
668
664
663
662
661
656
645
645
641
639
639
635
634
629
629
623
623
621
620
619
617
617
614
613
609
606
604
603
595
595
587
586
585
583
581
579
579
575
575
565
565
559
559
555
552
550
547
544
544
543
543
542
536
532
532
530
527
527
524
521
516
516
515
515
515
510
506
506
505
503
500
