250
1200
999
995
993
991
990
984
980
976
975
974
963
958
957
956
952
947
946
942
938
935
931
929
925
921
916
914
913
907
907
900
899
896
880
878
873
872
871
870
869
868
866
860
849
848
847
844
844
842
842
841
839
838
835
832
830
826
823
820
819
816
816
814
810
809
809
807
806
804
804
800
800
794
793
789
786
784
783
770
765
764
760
757
756
754
749
747
746
744
740
736
735
731
730
730
712
711
708
706
703
695
693
689
688
688
687
681
680
675
666
665
665
660
656
650
636
633
633
631
631
629
626
623
618
616
609
602
599
591
590
589
579
575
569
562
552
551
546
546
546
544
538
525
521
512
512
509
509
508
500
490
489
488
485
483
477
464
463
463
463
460
458
457
456
456
453
449
446
441
433
430
424
423
422
420
416
414
412
408
401
397
395
391
388
387
386
383
382
381
380
376
371
367
366
366
365
364
353
352
347
345
344
343
340
335
334
331
328
325
323
321
315
311
307
306
305
300
298
298
298
295
294
292
286
284
280
274
268
265
256
255
252
251
251
250
246
245
241
240
239
237
233
231
227
222
222
220
219
206
204
200
