250
1000
999
995
994
994
993
986
984
974
973
967
966
962
953
951
942
939
938
932
929
929
922
920
916
912
911
908
907
905
904
899
893
890
882
880
880
880
871
870
868
865
865
860
859
856
855
851
845
838
833
833
829
829
825
823
822
821
820
819
819
818
818
811
811
810
808
806
805
798
794
794
793
791
785
783
777
776
774
773
763
751
751
745
744
733
730
730
730
729
723
718
715
714
710
707
703
702
701
699
699
695
695
691
690
686
684
682
673
673
670
667
664
663
654
650
639
631
626
625
625
622
621
613
606
601
601
601
600
590
588
588
584
583
582
578
575
573
571
562
562
558
557
553
553
551
551
548
541
539
530
526
517
512
509
508
507
502
500
500
499
493
486
478
466
464
463
460
454
454
452
448
441
440
438
434
421
419
416
416
415
413
412
411
411
409
392
389
388
384
378
376
376
375
360
359
357
356
353
352
349
348
344
343
343
341
337
333
330
330
329
328
325
325
315
307
306
304
303
299
298
298
290
286
283
274
271
267
264
259
259
258
257
253
250
242
240
237
232
228
224
220
218
217
215
214
211
209
208
207
206
201
