250
1000
998
996
995
990
986
985
984
975
975
972
970
967
960
959
957
956
951
949
948
946
941
939
934
927
924
923
922
921
918
914
913
911
899
898
897
893
883
881
867
866
866
861
860
860
859
858
852
841
836
834
833
830
825
824
822
815
813
810
808
808
807
807
806
802
800
800
799
799
792
790
785
784
784
783
777
777
776
775
770
767
766
759
757
754
753
751
739
728
728
727
711
707
691
686
686
682
679
673
667
664
662
657
656
656
647
646
642
638
638
630
628
627
626
625
623
620
619
617
609
607
603
594
590
587
587
586
585
583
578
570
565
564
552
547
547
544
543
541
537
535
534
530
527
527
522
522
519
517
514
511
510
507
502
496
494
492
490
489
488
486
482
480
477
477
475
470
467
462
461
459
456
455
454
453
449
448
447
437
433
428
424
421
421
421
420
419
416
411
410
410
409
404
401
399
398
394
391
380
379
377
375
370
369
365
356
353
353
349
346
345
344
341
336
335
335
331
328
324
309
305
301
294
293
291
281
276
275
274
273
270
270
268
266
263
259
257
253
250
247
245
243
237
235
226
222
219
217
216
214
206
