250
2000
998
997
996
995
994
994
991
988
988
987
986
985
985
985
985
983
981
979
976
974
974
973
972
968
964
955
953
946
942
940
940
938
936
933
932
930
929
929
922
921
919
916
908
905
903
903
903
903
902
901
898
896
892
891
890
887
886
882
881
881
880
877
876
876
875
875
871
868
866
866
860
856
855
852
852
852
852
851
849
841
841
839
838
837
837
836
836
834
829
826
825
824
823
821
820
818
817
815
814
812
812
811
810
806
806
804
802
802
802
802
801
797
792
789
789
779
771
769
766
761
761
758
753
752
752
751
750
748
741
738
738
737
737
733
729
728
727
724
723
722
722
721
718
716
716
715
712
709
708
707
698
696
696
694
693
693
688
688
686
683
678
676
676
675
672
664
663
663
662
660
658
655
653
646
644
640
638
634
633
631
631
630
630
630
628
626
626
625
624
623
622
621
613
612
610
608
602
597
593
593
592
591
591
587
583
583
582
581
575
574
574
571
570
569
569
564
562
561
557
550
549
545
544
544
544
542
540
539
538
538
538
536
534
532
527
527
526
525
524
522
521
521
520
519
519
517
513
508
503
500
