250
1500
999
998
997
997
997
989
982
981
981
976
972
969
968
965
963
962
959
958
957
954
952
952
952
951
946
945
935
927
927
925
920
917
917
914
913
913
913
912
911
909
906
905
905
905
904
901
900
899
898
897
895
894
888
885
884
883
882
878
876
876
876
874
873
873
872
870
868
866
866
866
858
844
843
841
839
838
837
835
834
832
829
825
823
822
819
818
818
817
816
816
814
814
810
808
807
807
806
805
800
800
799
797
795
794
793
792
790
790
787
780
779
778
777
773
773
771
771
769
766
765
764
761
761
759
759
757
755
746
745
740
738
737
732
730
728
721
720
720
720
719
716
713
712
712
711
709
709
707
706
706
704
703
696
693
690
688
688
688
685
682
682
681
672
671
669
668
667
667
664
662
662
660
656
656
653
651
644
641
639
637
636
634
633
624
622
621
621
620
614
613
611
609
608
606
605
603
603
601
600
598
598
597
592
589
586
586
586
576
567
565
564
564
561
559
556
554
554
554
553
552
548
547
542
542
537
535
535
533
532
531
530
529
529
527
526
524
524
523
523
521
521
519
517
517
516
514
512
509
507
500
