250
5000
997
988
982
981
980
967
965
963
962
951
949
938
937
934
929
923
920
916
916
913
907
899
896
892
889
887
879
866
865
860
859
856
844
844
841
841
829
824
823
822
807
794
789
788
783
780
779
777
776
774
772
770
768
758
755
752
748
746
743
742
737
733
732
730
728
727
724
724
719
719
718
714
709
703
703
693
691
688
684
681
677
673
669
668
667
663
659
659
651
650
650
632
626
623
623
616
614
614
609
607
605
604
596
584
584
583
582
581
579
570
568
563
561
561
559
551
547
545
539
536
533
531
528
525
521
517
517
510
493
492
492
491
490
487
480
475
471
469
465
464
447
434
426
425
423
422
414
409
407
406
403
396
394
394
390
378
370
368
368
365
364
362
362
360
358
341
337
333
332
322
314
314
312
310
308
305
304
293
289
288
284
280
270
264
259
248
246
245
241
241
240
240
237
237
236
235
231
229
224
220
218
212
201
196
185
181
180
176
175
170
161
150
138
135
133
132
132
118
117
115
114
112
108
104
98
97
94
82
78
70
66
65
64
60
57
51
46
42
30
29
27
22
19
17
13
13
11
7
7
4
