250
4000
999
996
994
989
985
983
981
980
976
974
969
968
967
967
962
960
955
955
939
939
936
936
935
930
925
922
920
919
917
907
904
903
900
898
891
880
879
877
874
873
871
871
871
871
861
858
853
851
848
848
839
837
830
819
819
809
795
795
790
786
783
768
759
753
750
747
747
732
730
728
727
723
708
707
700
697
696
691
690
684
678
660
656
652
651
642
640
632
632
626
625
623
616
608
606
599
594
593
585
572
569
567
563
556
545
545
542
541
538
531
530
524
521
520
519
519
514
512
506
505
503
496
483
462
456
451
443
434
432
430
429
425
425
418
415
407
405
404
404
403
401
399
389
387
381
381
376
369
368
361
356
353
353
350
348
347
345
345
343
342
339
336
334
332
331
329
322
322
321
320
317
315
301
297
287
270
270
267
267
258
258
256
255
254
243
242
241
240
237
235
234
229
212
208
207
205
187
186
185
180
180
175
175
165
163
162
159
158
156
156
154
151
150
133
129
127
120
120
119
117
113
112
107
106
104
102
99
97
92
89
89
87
87
79
79
71
70
69
60
47
43
40
36
34
34
25
11
8
2
1
