250
2000
999
999
998
998
995
995
992
988
987
985
985
984
968
966
965
961
961
959
955
953
947
940
939
937
937
936
934
931
930
927
926
926
925
924
919
918
916
911
907
906
903
902
902
902
899
898
895
895
892
889
889
887
886
885
884
880
878
873
873
871
865
865
865
865
864
864
862
857
857
854
853
852
851
849
846
846
845
842
840
839
833
831
830
824
823
822
820
819
819
812
809
805
804
804
803
803
801
799
797
796
795
793
791
790
788
786
784
782
780
779
777
775
774
771
770
769
768
768
762
758
758
756
754
751
740
736
736
735
734
731
730
728
728
722
720
720
719
716
710
704
699
699
698
697
696
696
692
692
692
690
688
688
687
684
682
682
681
681
679
677
676
672
670
670
668
666
665
657
655
654
652
648
648
647
644
641
637
637
634
633
632
631
630
629
627
624
621
617
614
612
612
611
610
610
609
608
605
605
603
601
601
597
594
592
592
591
589
588
588
582
582
581
577
572
571
564
563
563
563
561
560
559
559
557
557
557
554
553
547
547
547
543
542
539
534
531
530
528
526
524
524
523
523
521
519
516
514
506
501
500
