250
3000
999
995
994
993
992
986
984
982
976
963
958
949
944
942
940
938
929
924
920
919
916
914
911
908
906
906
905
904
904
898
897
897
896
889
885
883
878
878
872
869
867
858
857
855
851
848
848
842
841
838
834
834
830
826
825
821
819
818
816
814
813
813
803
803
802
798
797
796
793
793
786
783
780
778
776
776
776
770
769
768
764
761
759
753
745
743
742
730
717
714
711
711
708
705
693
685
678
677
675
665
664
662
661
659
655
653
649
644
643
639
630
624
621
621
618
618
617
616
615
609
605
604
599
594
586
585
584
580
573
565
565
559
557
554
549
543
532
531
528
527
524
517
512
511
510
509
500
497
495
495
492
485
483
482
480
476
470
467
457
452
451
449
446
442
438
437
429
422
420
419
418
416
407
407
403
402
400
393
385
384
382
381
380
376
373
367
363
362
353
351
342
339
337
329
327
327
325
322
318
317
316
313
311
310
309
300
297
295
293
292
292
291
290
282
282
280
266
266
266
265
261
261
259
259
258
258
257
255
255
253
253
250
249
249
244
236
236
234
231
230
230
230
227
226
221
217
205
202
202
201
