250
1500
997
997
993
984
976
973
962
962
961
948
946
945
943
942
939
933
928
922
917
915
913
912
912
911
910
909
907
903
898
890
886
886
884
880
878
864
849
846
839
837
834
832
830
824
824
820
817
817
815
813
810
802
801
798
797
797
796
794
794
792
790
783
780
778
777
776
776
758
757
746
744
742
740
736
721
719
718
718
706
705
701
677
676
675
674
673
669
668
667
660
658
658
652
652
647
645
644
642
641
640
633
628
626
625
625
624
623
620
619
617
617
611
610
609
608
608
604
596
592
590
587
586
583
576
573
569
564
560
560
559
559
556
552
551
549
529
523
523
515
509
508
507
502
499
494
488
486
483
480
479
477
474
474
471
470
468
466
462
457
456
449
443
439
432
429
427
423
422
422
418
418
412
407
405
402
402
396
388
387
382
381
378
374
373
371
370
362
361
360
360
359
355
350
348
348
347
344
342
340
339
336
335
328
324
321
321
320
318
311
310
308
304
303
301
298
297
293
289
285
284
279
279
277
275
274
272
265
264
264
259
257
257
254
253
251
251
241
237
224
221
219
219
219
213
212
211
205
203
202
202
