250
5000
999
996
990
990
990
984
984
979
979
978
971
954
951
943
942
937
936
920
913
911
911
904
903
902
900
897
885
865
862
862
859
855
854
852
851
851
849
838
830
817
816
810
808
805
802
802
797
797
788
785
783
775
775
773
772
770
762
757
754
749
749
746
744
742
739
734
730
728
719
705
705
699
698
696
694
689
682
676
671
668
665
660
658
655
653
652
648
643
642
642
642
641
640
639
637
636
636
634
631
619
614
613
612
607
605
605
598
597
590
582
582
581
579
579
570
566
558
557
556
554
552
552
551
551
546
540
526
523
520
517
515
508
506
505
505
497
495
493
485
480
479
475
475
471
471
466
466
465
455
448
444
437
430
429
427
422
416
413
404
404
402
402
400
399
399
391
391
387
387
380
374
371
367
361
357
354
343
343
339
332
328
325
323
317
315
313
311
305
304
298
292
291
287
284
280
277
273
273
269
264
262
261
257
255
246
243
242
228
222
205
203
203
202
199
194
175
175
169
167
164
163
159
152
143
139
136
125
104
101
98
94
70
63
61
61
61
60
54
50
49
46
37
36
29
27
16
15
13
7
3
