250
2000
996
988
986
983
980
976
975
975
968
968
966
966
964
960
958
955
950
947
945
945
943
937
933
932
932
932
930
930
929
927
924
922
921
920
919
918
916
916
915
912
904
902
902
894
888
887
887
879
878
877
877
874
871
868
868
868
866
866
865
861
859
858
858
857
849
848
845
843
841
839
837
836
836
836
836
834
832
832
831
830
830
823
823
822
819
817
817
815
814
811
810
808
808
807
807
797
796
792
791
785
781
778
776
775
774
773
772
770
769
769
768
767
764
764
763
758
757
757
756
753
753
752
752
750
747
743
742
740
736
736
735
733
731
729
725
724
723
722
721
720
715
707
707
707
706
699
694
694
693
693
690
690
689
687
687
679
677
676
673
673
659
657
657
656
654
653
650
648
648
646
643
637
636
633
626
621
619
619
618
617
617
616
612
609
608
606
601
599
599
598
597
594
593
590
588
587
586
585
584
583
582
578
575
575
572
572
570
569
562
560
555
555
553
553
551
549
547
545
545
542
540
540
538
538
536
535
534
533
532
532
530
530
529
527
525
524
519
518
518
517
516
515
515
511
510
509
508
506
501
500
