250
5000
985
981
980
977
975
964
956
955
949
944
940
939
937
936
936
928
926
919
914
913
911
909
888
884
882
878
876
876
870
867
861
850
848
847
847
843
839
838
837
821
818
814
811
790
785
785
785
780
778
775
770
769
761
759
754
752
747
738
733
730
726
712
710
708
702
699
699
696
696
692
689
688
685
680
676
668
663
659
659
654
649
648
645
641
621
619
619
602
584
580
575
571
561
555
552
546
545
543
539
536
531
528
521
518
517
511
511
508
508
508
507
507
496
489
489
486
484
484
470
467
466
459
456
446
438
429
427
419
406
403
402
386
382
380
378
377
374
362
360
359
358
357
355
344
344
344
340
337
331
326
326
325
324
322
322
321
319
318
313
305
302
297
294
293
291
286
274
265
264
263
259
258
256
253
247
243
242
240
237
236
236
235
234
232
227
226
219
218
218
210
209
206
204
201
199
198
196
196
195
193
192
192
186
186
168
167
167
166
165
164
151
145
132
127
126
125
125
123
119
115
112
111
106
100
100
95
84
83
82
75
73
72
68
59
58
55
54
50
47
44
37
30
29
27
22
22
18
15
6
3
