250
1500
991
990
990
984
984
982
978
975
958
957
951
949
945
945
943
935
935
933
920
900
898
897
896
894
892
888
886
885
885
884
877
874
873
870
867
866
865
859
859
858
858
858
850
848
848
840
840
840
839
838
830
829
828
824
821
818
806
803
803
799
799
796
791
788
784
784
783
780
769
768
767
764
763
756
741
740
739
738
734
731
724
723
721
719
714
707
706
699
695
693
691
689
687
685
681
678
673
670
668
666
666
665
662
660
659
653
651
648
643
637
634
633
631
629
628
627
625
624
623
620
620
617
613
605
599
598
596
595
592
587
580
577
577
574
573
573
572
567
564
563
563
557
556
551
549
549
540
534
529
528
528
521
517
514
505
501
498
492
492
490
485
473
469
468
464
464
463
463
454
447
440
439
438
438
434
424
421
419
413
413
408
407
402
402
400
397
395
395
391
388
388
386
386
381
380
379
379
377
376
373
370
366
365
364
362
361
361
361
354
350
348
348
348
340
339
338
333
330
325
323
319
318
313
312
309
294
286
278
276
273
270
263
261
260
246
241
240
237
234
224
222
222
220
215
212
210
208
203
202
201
