250
3000
994
988
982
974
961
960
959
956
954
953
949
943
939
931
928
927
922
917
913
913
912
910
906
902
901
900
894
891
884
866
865
861
860
857
852
850
848
846
844
835
833
825
822
817
810
791
789
786
776
776
772
768
768
765
763
758
756
756
751
736
732
730
728
726
720
719
714
714
714
712
702
700
691
680
677
675
671
669
656
654
650
633
633
633
629
625
616
614
610
605
603
592
587
568
567
560
557
557
555
552
548
544
543
535
524
523
523
522
519
514
510
504
498
496
496
493
492
491
483
482
479
474
474
466
464
462
461
457
453
446
445
441
426
423
422
418
413
408
407
405
404
402
401
400
399
398
386
385
378
376
367
365
365
354
353
351
340
338
336
325
325
325
322
314
313
313
312
307
298
295
294
293
291
286
282
277
275
274
267
266
266
261
256
254
231
228
227
225
224
223
219
218
208
207
199
199
187
187
185
185
178
176
170
168
162
158
154
154
149
139
139
136
132
128
122
122
118
118
109
107
106
101
99
96
92
86
84
79
79
77
68
67
60
60
54
53
50
50
45
44
41
24
24
19
14
10
10
7
6
2
