250
1200
996
992
988
987
980
974
973
972
964
961
959
953
949
948
944
937
936
934
933
931
930
929
923
921
919
919
916
913
911
905
904
903
902
899
896
892
887
875
872
860
859
851
850
850
849
838
838
835
835
833
830
828
828
826
823
822
822
819
816
814
811
809
805
805
804
800
794
792
791
790
786
784
784
781
777
776
770
766
765
764
761
753
750
747
740
739
739
738
736
734
731
716
711
709
709
708
704
702
701
700
696
694
681
672
663
661
660
658
655
647
642
641
626
624
621
619
615
615
609
608
606
604
602
601
600
598
598
597
596
590
586
575
575
571
571
566
559
554
550
545
539
538
536
535
534
533
528
528
526
514
512
504
499
497
497
489
486
482
480
479
476
476
474
468
463
459
456
456
455
454
451
450
446
439
430
430
423
416
409
408
405
404
403
402
400
396
395
393
393
392
392
381
376
373
372
371
368
367
366
366
365
360
356
341
341
340
331
326
321
321
314
313
295
293
292
291
288
288
287
283
279
266
266
266
265
261
257
256
256
254
250
249
246
244
239
236
233
233
232
230
228
227
226
220
214
213
209
207
203
202
