250
1500
998
997
992
991
985
984
984
981
977
974
959
953
951
950
948
944
943
939
924
922
911
905
903
901
901
892
885
883
876
875
872
867
867
860
858
858
848
838
827
822
819
815
809
806
801
792
792
790
788
786
784
772
764
764
760
758
756
753
749
747
744
741
719
719
718
714
701
699
696
695
692
690
689
686
686
677
677
677
675
674
673
669
663
659
651
651
651
639
637
635
631
621
619
614
605
603
595
592
589
583
582
581
574
567
566
562
553
552
550
549
545
539
530
521
517
514
507
505
500
500
499
497
497
489
488
481
479
474
463
463
459
459
444
444
442
440
437
433
430
423
415
415
411
393
388
385
377
373
373
366
362
360
359
351
341
341
338
336
334
328
324
322
321
318
316
315
314
312
310
308
302
301
284
281
269
260
256
253
248
244
243
242
239
234
222
222
218
212
210
209
208
206
201
201
198
198
197
197
182
181
173
171
170
168
159
134
130
126
124
123
120
118
118
113
112
108
107
107
107
103
102
102
99
93
92
92
90
87
87
83
78
76
74
63
62
60
58
57
52
48
46
39
38
36
34
29
27
25
6
2
