250
1200
998
990
987
986
985
980
977
977
975
975
963
962
962
955
955
953
952
949
931
930
929
928
927
921
888
879
877
875
872
871
869
862
860
860
857
856
853
853
851
849
845
844
842
839
839
836
836
834
834
819
819
818
810
810
802
801
801
800
796
796
795
795
794
794
787
780
780
779
770
768
760
757
747
744
744
735
732
732
732
721
715
714
711
710
709
704
701
698
695
694
692
682
681
676
675
670
665
663
660
658
657
643
632
632
625
617
611
606
599
596
595
593
584
583
570
557
555
550
533
530
525
516
516
511
509
508
508
507
505
495
494
493
493
488
479
478
474
472
464
455
447
447
447
442
441
430
429
428
424
423
407
403
397
396
393
390
389
388
386
384
381
377
375
374
366
357
356
356
356
355
355
354
346
344
341
326
324
320
316
315
313
310
309
307
304
295
283
269
267
266
261
252
249
249
245
243
243
233
233
231
225
225
222
222
222
222
220
214
206
203
203
192
190
185
178
178
170
170
159
153
146
146
141
131
130
129
123
115
111
104
101
101
96
89
84
67
62
59
55
51
47
42
41
31
29
26
23
18
12
5
