250
1200
993
993
991
989
989
989
988
986
977
976
962
957
957
954
951
946
938
933
932
931
919
913
909
905
899
896
896
886
881
879
877
867
865
858
858
850
845
839
838
836
822
822
818
813
804
803
800
794
789
786
785
778
778
776
776
765
764
761
759
756
756
754
751
749
737
737
731
730
713
711
710
699
694
690
689
687
679
674
668
665
664
662
658
653
648
646
646
640
630
630
629
629
625
624
605
603
603
601
601
599
599
593
584
583
582
576
574
573
572
570
564
555
552
540
539
538
532
529
527
526
519
509
505
504
497
495
493
488
483
478
476
476
475
469
462
446
446
442
440
435
434
433
427
423
422
419
419
418
409
401
400
399
397
396
387
386
385
383
377
374
374
361
355
349
348
346
328
318
315
314
309
306
302
300
300
297
294
291
289
285
264
259
258
254
253
251
250
248
238
238
235
219
213
212
201
198
198
190
188
186
185
185
183
180
177
167
163
163
157
153
151
149
146
142
139
139
138
138
137
135
132
125
124
120
109
109
106
105
105
103
102
97
91
83
76
68
67
58
56
51
45
42
40
34
32
17
11
6
5
4
