250
1500
991
973
973
968
967
964
953
948
943
938
937
930
929
928
927
920
919
918
915
914
903
902
901
896
893
892
892
890
886
886
885
883
881
872
867
854
846
837
837
837
835
829
824
823
823
821
818
817
815
806
803
801
798
797
797
796
796
786
785
783
770
769
763
761
759
759
752
743
727
723
720
719
717
715
708
705
698
697
694
693
690
687
686
686
682
677
676
667
665
651
648
648
645
638
633
628
627
622
621
619
618
616
608
606
603
600
597
596
579
578
564
544
543
542
533
530
529
525
508
505
483
477
477
475
461
459
458
452
450
447
446
445
441
439
432
429
426
424
421
421
420
419
415
409
406
395
386
384
373
364
360
360
360
359
356
341
325
325
319
316
315
313
307
305
305
305
302
299
298
298
291
291
288
287
285
285
284
274
273
271
267
265
256
254
249
249
243
240
239
239
238
228
214
212
209
204
204
203
202
202
201
195
184
177
172
171
163
158
157
157
156
153
141
141
139
134
128
126
124
121
117
116
110
109
102
100
95
92
90
89
86
84
84
77
74
62
55
55
53
49
47
45
40
38
31
22
16
14
14
4
