250
5000
996
992
991
990
988
987
983
982
982
982
975
974
972
970
967
964
962
961
952
951
949
946
944
939
938
928
926
924
923
921
911
903
901
897
897
896
893
892
887
882
881
875
874
865
855
853
852
851
851
851
845
844
834
829
828
825
823
816
816
815
815
811
811
807
802
792
791
789
784
782
782
777
772
767
765
759
758
750
749
745
744
743
740
731
731
730
728
727
722
718
714
714
712
712
710
709
708
703
701
698
696
696
696
696
693
690
680
678
669
664
664
661
660
659
658
654
648
648
639
635
627
626
626
624
619
616
613
613
609
602
601
598
595
593
590
584
581
580
580
578
576
575
574
572
568
563
561
560
557
557
554
553
553
550
528
528
525
523
517
511
504
493
489
485
480
479
477
477
476
468
468
465
464
463
463
459
457
454
454
447
447
446
442
441
439
433
429
424
423
423
419
417
417
416
415
412
412
411
411
406
391
390
389
388
387
382
378
375
364
360
354
352
352
349
343
337
336
323
319
318
317
314
313
310
301
299
297
291
284
283
283
277
275
273
266
261
252
247
243
241
234
230
229
226
224
219
216
211
204
200
