250
4000
994
985
978
968
966
965
964
963
960
959
956
953
950
950
944
939
938
938
934
933
932
927
923
922
922
922
911
911
904
900
891
887
885
883
878
874
871
871
870
869
868
863
863
861
857
855
851
845
844
839
835
831
830
826
816
813
807
802
801
799
799
796
796
795
790
789
784
779
779
777
774
772
770
768
764
747
746
746
736
733
721
720
716
716
709
704
696
695
690
681
680
677
671
670
666
660
658
658
657
649
645
620
613
608
608
608
608
593
590
589
588
588
585
584
582
576
565
564
559
550
545
540
533
525
521
519
517
505
494
489
485
469
467
465
460
444
441
438
433
432
428
422
410
409
393
391
383
377
370
369
357
354
349
345
343
336
334
333
332
327
324
324
313
313
311
302
301
299
296
293
292
290
285
278
277
271
271
266
260
259
259
259
259
250
242
241
238
236
226
222
217
215
204
197
192
188
185
182
179
176
176
173
167
162
160
160
159
156
150
146
142
140
139
136
135
132
131
127
125
124
124
123
113
113
109
108
105
105
101
99
98
95
91
88
84
80
79
79
72
64
61
57
52
50
49
47
39
28
20
10
