250
2000
998
991
978
969
967
966
960
956
947
942
941
936
932
925
925
923
921
920
917
902
902
893
891
882
881
872
870
864
859
859
858
851
850
848
846
843
840
838
827
823
819
818
816
812
812
808
799
794
788
786
785
784
774
768
764
760
753
752
745
733
728
727
723
716
713
712
705
705
704
699
690
681
679
678
675
672
666
654
652
651
650
649
646
645
642
641
640
635
631
631
630
623
623
623
622
618
612
606
605
599
583
577
558
551
550
548
547
547
546
543
542
541
533
532
528
527
527
524
523
522
513
512
511
511
507
506
505
504
499
494
491
486
479
474
469
468
466
458
450
449
449
447
441
439
436
431
425
420
418
417
415
415
414
413
409
403
400
394
394
392
389
383
375
372
371
367
358
354
352
351
343
342
330
325
324
317
317
309
306
300
293
288
286
286
278
270
266
250
235
232
228
219
219
216
214
210
204
199
193
189
186
185
183
178
173
172
171
163
160
159
155
154
153
143
138
134
125
123
118
118
109
105
104
103
99
95
95
91
83
68
61
60
59
58
53
46
45
42
31
31
31
30
21
21
20
17
11
5
2
2
