250
3000
994
990
988
987
987
986
982
980
979
978
973
971
970
969
968
967
967
967
965
963
960
960
958
957
957
956
953
951
948
944
943
941
941
940
935
935
934
930
930
929
928
925
923
921
915
913
912
910
908
901
899
899
898
894
893
888
884
877
875
875
874
872
870
866
864
861
858
856
856
856
854
854
853
851
851
849
849
843
841
836
831
830
828
827
827
826
824
824
824
820
818
817
815
811
811
809
809
808
805
805
805
804
803
800
799
798
797
794
793
792
791
790
789
789
787
784
782
781
781
779
778
776
776
772
771
770
767
767
763
761
761
758
757
757
757
756
755
754
751
750
750
748
747
743
742
741
736
736
732
731
731
726
724
722
719
717
713
713
713
712
708
707
704
701
694
692
692
691
690
689
686
685
682
681
679
676
675
670
667
667
666
663
659
658
658
658
656
654
647
644
641
639
637
637
630
629
628
627
626
623
621
618
618
617
612
607
605
605
603
603
602
601
601
598
596
595
593
589
589
586
586
584
583
581
579
577
576
575
571
568
554
552
547
547
543
542
539
532
531
524
523
523
517
516
513
512
509
506
506
504
