250
1500
996
994
994
994
989
988
987
987
986
985
984
972
965
960
958
954
952
945
925
920
914
914
914
911
899
888
885
885
879
876
875
875
874
858
857
852
850
849
848
845
845
845
844
840
840
836
835
831
826
818
816
814
810
807
805
804
802
796
795
789
786
772
767
767
766
760
758
758
753
752
750
746
741
739
738
737
736
728
728
712
710
703
701
696
683
681
681
679
678
674
671
667
666
660
659
655
653
647
647
645
642
641
640
639
634
633
626
625
623
621
620
618
616
614
613
612
611
605
602
591
588
587
587
577
576
563
562
554
553
551
550
549
549
547
545
540
533
527
526
525
522
519
515
510
509
507
506
506
501
493
488
488
487
484
476
476
468
468
467
465
465
452
451
445
443
441
439
439
437
435
432
432
428
423
419
416
413
410
408
408
407
405
404
404
401
397
395
392
389
387
387
381
380
379
378
378
372
372
369
369
361
352
351
351
348
336
335
332
328
326
318
314
314
313
312
312
312
306
305
305
298
298
297
293
288
286
274
268
265
264
262
262
259
256
254
252
252
251
246
243
242
237
228
227
225
223
219
213
212
204
