250
4000
997
995
991
980
980
979
979
973
972
967
964
963
959
957
954
953
946
933
931
928
925
925
923
921
917
915
913
912
911
895
895
886
884
882
876
874
865
858
855
854
852
847
837
833
832
826
812
808
793
790
789
779
778
777
773
771
749
748
742
742
740
737
736
733
729
728
728
726
717
714
714
713
710
708
707
693
693
692
691
689
689
688
683
678
674
671
668
667
662
661
646
644
641
640
638
635
635
632
630
630
625
625
619
611
610
609
609
605
602
599
596
591
590
588
587
586
583
573
573
568
563
557
549
543
536
527
515
510
509
508
504
497
496
494
493
489
487
478
476
472
464
448
443
439
439
436
436
426
425
421
418
416
415
414
413
413
412
411
410
409
404
401
400
397
390
388
383
380
372
365
363
359
355
352
351
347
329
327
325
316
314
307
299
292
291
289
285
281
280
279
277
269
261
261
258
252
251
242
229
226
225
224
221
214
212
212
203
202
201
200
196
193
179
164
162
162
158
156
152
150
141
138
136
131
127
126
124
108
108
95
95
88
86
84
71
70
68
63
58
57
44
39
39
39
37
29
28
19
13
9
