250
1200
996
994
994
988
987
983
979
971
970
967
966
958
958
948
943
929
927
927
925
924
921
920
919
918
914
910
891
885
884
884
880
875
873
872
871
871
869
860
859
847
842
827
821
820
814
812
799
790
789
789
787
783
777
777
774
772
764
741
740
737
734
732
723
719
718
693
686
684
678
677
677
675
673
669
662
653
645
643
635
635
633
630
628
621
620
616
615
609
607
595
592
592
589
584
583
581
577
577
575
575
572
569
562
562
558
557
556
543
540
538
538
536
533
532
532
521
518
517
515
511
507
501
499
497
493
490
489
481
478
475
469
468
456
451
448
443
441
437
425
423
419
417
414
412
411
407
406
405
405
402
396
395
394
390
383
374
372
372
371
365
361
361
360
360
357
353
351
348
338
331
325
323
317
310
297
297
293
291
291
284
283
273
266
256
253
251
248
247
244
240
237
232
224
222
218
209
206
206
203
191
188
186
186
182
174
174
171
169
166
159
156
152
149
147
147
146
146
145
129
128
125
123
119
108
90
82
82
80
72
70
64
60
56
55
49
49
25
19
18
17
17
16
12
12
11
10
7
4
2
2
