250
1200
999
990
988
987
986
986
981
981
978
967
964
963
961
959
959
956
955
953
951
940
938
935
934
932
929
923
914
914
913
910
910
907
900
900
899
891
891
887
881
881
879
877
864
863
851
845
838
835
823
820
819
816
812
805
804
800
798
798
798
792
788
788
781
777
772
769
766
753
749
747
741
732
722
717
714
712
711
710
706
698
697
695
695
694
692
691
689
689
685
683
683
680
680
679
679
678
675
666
666
665
664
661
655
651
651
650
648
647
645
644
641
634
631
620
609
599
598
597
596
589
579
577
577
573
572
569
568
568
565
565
562
553
553
549
548
545
544
544
542
542
541
539
534
529
527
524
520
517
508
500
499
497
492
491
489
489
489
488
486
482
481
479
479
478
477
475
470
469
469
468
466
466
465
458
457
444
440
440
435
434
433
430
424
420
419
418
415
415
412
411
403
399
395
388
387
379
373
363
362
359
358
358
356
356
347
341
338
336
333
331
326
321
318
315
309
298
296
295
287
284
281
281
277
275
272
269
265
261
258
256
250
250
242
241
241
238
232
232
229
229
228
225
223
222
222
220
211
211
210
201
