250
3000
999
996
993
992
991
990
989
982
968
966
964
962
949
948
943
940
934
926
925
918
915
915
915
897
895
895
891
888
886
884
882
875
874
860
856
851
850
847
842
839
839
838
835
833
831
827
826
818
816
816
815
799
794
785
779
777
776
767
766
763
756
753
746
743
739
735
734
726
717
704
704
700
698
697
691
684
680
672
671
671
670
660
654
653
652
639
638
637
628
626
624
614
611
609
606
605
603
602
596
589
588
585
579
577
568
563
562
561
554
553
546
545
541
539
534
532
530
524
520
516
510
507
504
504
503
503
502
499
496
494
491
485
476
475
471
470
463
462
461
454
449
447
446
443
436
431
413
409
409
403
394
390
385
377
371
361
350
347
342
342
338
337
337
334
328
324
314
314
300
300
279
278
270
268
265
261
259
258
258
249
248
242
239
236
232
231
231
228
228
218
215
213
212
208
203
199
199
199
196
195
189
186
180
166
166
151
148
138
138
138
122
121
120
120
120
118
117
115
99
96
94
93
92
86
82
80
79
79
74
74
73
63
57
56
54
45
45
42
41
39
36
36
31
24
22
22
20
13
12
11
