250
2000
999
993
992
992
989
985
984
976
970
963
960
959
959
957
949
947
940
939
933
928
927
923
922
912
905
894
889
888
888
883
880
872
861
860
856
849
849
847
844
844
837
837
830
830
829
824
817
809
808
807
807
800
797
796
790
788
787
783
780
778
777
769
764
760
758
754
748
744
740
739
738
734
728
724
721
716
715
710
706
701
698
687
687
684
680
673
665
663
654
653
647
646
645
639
639
638
636
636
618
600
599
596
595
594
593
577
577
575
574
569
563
561
556
553
536
534
527
526
521
513
508
501
500
497
497
496
493
492
490
487
486
482
482
482
479
477
461
460
458
458
454
449
449
448
445
441
441
432
428
425
425
423
421
421
420
420
417
416
409
407
406
401
399
379
371
371
371
365
350
350
348
338
336
332
329
317
313
311
302
294
284
283
282
276
275
264
261
260
253
249
247
238
232
230
229
225
225
224
224
220
189
188
187
178
173
170
158
157
156
155
154
148
145
144
144
143
134
132
131
130
127
121
119
118
101
96
93
87
85
83
82
76
74
53
51
50
49
48
46
42
40
39
26
20
17
12
7
6
4
1
