250
1200
999
997
996
995
992
991
991
989
989
984
982
982
981
980
979
978
971
965
964
957
953
952
952
947
940
934
932
925
924
922
922
921
914
912
909
907
906
902
891
889
885
883
880
877
868
863
860
856
856
852
843
840
840
837
832
823
822
822
812
812
811
807
807
806
806
802
801
800
792
781
772
768
766
765
763
763
761
759
754
748
747
742
737
736
730
729
729
723
716
711
711
709
708
707
705
703
699
695
694
688
683
682
679
678
674
671
666
662
656
654
647
640
638
633
632
630
630
622
614
609
606
602
602
599
598
595
592
591
591
590
580
567
566
561
561
560
560
558
556
552
552
550
541
540
540
537
534
533
532
531
530
524
519
517
514
502
501
491
487
481
480
474
471
465
455
452
451
448
443
436
435
431
427
426
420
416
414
410
410
408
404
403
403
398
397
389
388
385
384
382
381
380
376
372
370
366
363
356
356
356
347
346
344
342
342
341
339
336
326
324
323
320
317
317
314
306
303
301
296
295
286
285
282
282
275
274
274
273
269
265
264
264
262
260
258
254
252
250
245
226
221
220
219
218
214
211
209
209
205
202
