250
4000
999
998
998
997
996
995
994
990
987
987
986
985
985
984
983
978
978
978
977
973
971
970
970
967
966
966
963
962
961
960
957
953
953
951
951
949
945
943
940
935
934
934
934
933
932
931
929
924
920
919
911
908
904
903
902
901
901
900
896
894
889
888
882
881
880
880
879
878
878
876
876
872
871
869
868
867
867
865
857
857
854
850
843
837
833
832
831
831
830
829
828
827
824
822
811
808
804
798
796
795
788
786
785
785
780
778
771
769
767
766
765
763
763
761
756
756
756
748
748
744
744
741
739
739
735
734
733
731
729
727
726
725
724
720
719
715
715
715
711
711
710
709
708
707
703
700
697
695
692
689
684
683
680
677
676
672
672
669
660
656
654
653
652
651
648
647
646
643
642
641
641
640
637
636
635
632
631
629
627
627
627
624
618
615
614
614
613
612
611
610
610
607
606
606
605
601
600
597
596
594
592
592
590
589
587
582
581
579
578
577
575
575
571
570
570
565
563
556
556
556
555
553
549
537
535
533
532
531
531
525
525
524
523
521
521
520
517
514
513
513
512
512
512
511
510
508
507
505
503
500
