250
2000
990
990
985
984
982
978
967
963
960
959
959
955
953
953
946
925
924
920
918
915
904
900
899
898
896
892
888
887
886
884
879
879
875
874
873
868
867
867
862
861
857
855
853
852
848
844
838
835
833
833
823
818
818
812
811
807
805
801
799
794
780
778
774
773
773
766
765
764
762
761
759
750
746
743
742
742
742
734
732
731
727
724
719
717
716
715
713
712
709
709
701
699
699
695
686
686
686
686
681
677
672
669
664
662
658
656
655
655
654
654
650
648
648
644
643
642
631
628
623
621
614
611
604
597
596
595
587
582
579
577
570
569
566
564
564
562
560
559
556
552
550
549
549
543
539
539
537
534
533
532
527
526
522
519
519
510
508
505
504
502
502
492
489
484
483
482
472
471
468
459
458
452
449
448
445
443
443
438
435
433
430
429
420
420
417
408
404
397
396
394
394
392
392
391
389
383
373
373
370
366
366
366
362
359
359
352
333
333
332
332
330
329
327
327
324
320
320
319
317
313
306
304
304
302
301
298
293
293
290
281
279
278
275
273
271
266
263
259
258
257
247
244
240
239
228
221
219
214
205
202
