250
2000
996
995
992
992
990
985
984
982
980
979
979
978
974
972
967
964
964
963
961
960
959
958
957
957
954
953
951
951
949
943
941
939
938
934
930
929
927
924
920
917
915
915
914
911
910
909
908
907
903
903
900
898
897
894
893
890
889
886
884
882
880
875
875
871
870
870
864
862
862
860
858
858
858
857
856
853
849
848
845
835
834
834
832
829
828
825
824
818
817
816
816
816
815
813
806
805
803
803
790
789
789
786
785
784
782
779
777
777
776
776
775
775
774
769
767
765
763
761
757
757
753
753
749
748
746
746
745
742
741
738
736
734
733
731
731
729
729
728
727
723
720
715
711
711
707
706
705
701
701
698
695
683
675
673
673
672
671
670
670
669
668
667
663
660
659
656
650
649
649
645
645
642
641
639
635
635
635
634
626
625
625
625
620
620
620
619
618
617
616
616
613
611
610
610
609
606
605
605
603
601
598
598
595
592
590
587
586
586
586
585
585
580
580
568
568
567
564
563
562
561
560
559
558
553
552
550
550
545
542
542
540
536
535
532
531
525
522
520
518
518
517
510
510
510
509
506
506
505
503
501
