250
5000
998
998
997
988
979
972
967
966
962
955
945
937
937
935
925
922
920
915
904
902
892
892
888
886
874
873
871
869
867
864
862
861
855
849
835
828
828
827
827
825
823
820
820
819
814
809
807
806
806
805
796
788
784
778
775
774
772
769
768
767
748
735
724
715
714
713
712
710
706
699
697
696
694
692
680
677
677
677
674
669
663
652
650
648
643
640
639
637
637
637
637
622
622
615
613
611
610
610
610
607
603
600
598
593
588
587
585
583
575
574
572
569
566
564
561
555
553
551
544
542
541
539
532
520
519
518
515
500
497
496
496
496
485
485
484
483
480
479
478
469
468
466
462
461
461
460
440
439
433
433
432
429
423
422
406
402
402
396
391
391
388
387
381
377
376
373
369
362
358
356
356
354
350
345
332
328
319
315
306
304
300
289
281
280
268
263
262
260
256
255
254
249
245
244
243
236
231
231
223
206
205
200
199
192
188
187
186
186
163
156
139
135
134
129
128
125
124
122
118
115
111
103
102
84
83
78
71
69
68
65
57
48
43
41
41
39
28
27
22
20
18
18
15
14
13
11
7
6
5
1
