250
1000
999
995
986
985
984
977
974
973
973
971
971
969
965
961
961
959
957
940
936
936
935
934
930
927
926
924
923
922
922
918
916
915
913
908
904
903
902
901
901
896
892
891
891
890
889
888
886
885
885
885
885
882
882
881
876
874
873
872
872
870
869
869
864
864
863
854
853
852
851
847
846
844
843
838
837
836
834
830
829
828
827
821
819
817
814
813
809
809
808
805
802
799
797
797
795
790
789
788
787
787
786
786
784
784
780
778
777
777
776
774
772
768
766
764
763
761
759
758
756
756
755
754
753
748
742
738
737
733
730
727
724
724
722
720
715
711
704
703
701
697
695
694
692
691
688
686
684
679
679
677
676
672
671
665
665
663
661
659
659
657
655
651
649
645
644
644
643
643
641
639
637
637
636
634
633
632
632
631
630
629
628
627
627
627
624
622
622
622
622
618
617
614
614
609
607
606
606
604
600
597
595
593
593
593
592
589
589
588
585
585
581
579
579
579
579
576
572
571
571
570
568
567
566
566
562
560
556
553
553
552
551
550
550
548
547
546
536
535
531
529
528
527
524
524
515
515
509
503
503
502
