250
1500
997
990
988
987
984
981
981
980
979
972
967
956
953
949
943
941
926
923
912
907
907
903
891
889
881
877
877
866
862
857
854
850
848
844
840
838
836
834
833
829
827
826
808
807
798
789
789
789
784
783
777
774
773
772
771
764
762
758
752
750
740
730
726
723
718
717
703
693
692
687
686
683
680
679
674
667
663
661
659
652
652
644
630
622
621
613
601
597
587
585
579
574
571
568
563
548
541
536
527
522
519
516
515
514
513
511
505
499
492
488
487
487
486
486
483
481
481
475
475
473
470
469
465
464
462
459
455
440
439
437
436
433
426
425
424
418
409
409
394
391
389
389
388
388
388
381
372
370
368
367
366
363
362
361
359
351
349
345
339
329
323
320
312
312
302
297
297
294
294
291
290
286
272
266
259
258
255
253
251
251
248
247
246
243
237
228
225
223
223
220
218
218
217
216
213
209
205
204
191
188
186
184
178
171
170
170
166
162
159
158
158
155
145
130
123
122
119
117
115
114
105
105
104
103
99
96
91
87
87
81
76
71
69
68
63
61
52
47
46
41
34
32
29
26
24
19
19
8
7
2
