250
5000
992
991
978
975
971
965
961
961
958
956
953
951
940
938
933
924
922
906
903
899
897
895
895
893
893
888
880
880
879
872
865
864
860
858
855
855
852
851
841
841
840
838
837
835
833
832
829
827
818
812
809
809
808
799
794
792
790
785
780
776
776
773
767
767
760
758
756
750
748
746
738
736
734
734
734
733
733
729
726
726
725
722
721
719
717
717
713
704
703
702
699
688
688
686
685
679
676
666
666
665
655
647
647
647
643
642
637
637
630
630
626
626
622
622
620
618
612
608
608
604
604
588
580
571
568
567
566
563
563
556
556
555
550
550
541
541
539
526
525
524
517
517
508
501
497
495
495
491
491
491
485
484
484
483
482
479
467
461
460
458
457
457
456
453
453
451
450
446
443
435
435
429
424
422
420
419
416
414
412
410
409
408
401
400
398
395
394
385
384
382
381
380
376
371
367
364
360
357
353
352
344
323
321
319
319
316
312
307
306
300
297
296
295
294
288
285
283
279
278
274
268
263
263
258
256
255
254
254
253
253
251
247
244
238
235
230
224
224
224
223
223
223
222
221
217
213
212
207
204
201
