250
2000
998
995
988
983
981
977
970
969
967
965
964
964
961
960
959
946
939
927
926
924
919
918
916
913
911
909
907
897
893
874
864
862
861
860
842
841
833
829
828
827
824
822
815
806
806
802
800
798
798
795
792
786
786
784
782
776
774
772
770
754
753
752
749
749
749
748
745
738
735
731
729
728
728
726
720
715
701
694
691
685
679
676
666
663
663
661
651
650
649
649
649
648
644
643
643
634
633
632
629
622
621
621
616
608
597
595
594
588
587
586
580
580
579
574
572
567
565
564
551
549
545
537
536
533
529
519
511
507
506
504
501
494
490
475
474
468
466
464
461
455
454
454
446
439
433
429
426
418
412
409
404
401
395
395
393
391
384
374
370
360
359
343
339
331
325
324
322
313
305
297
296
295
289
274
265
264
262
258
257
253
252
249
247
243
237
235
227
225
225
218
216
214
213
210
205
203
202
193
190
182
169
167
166
166
165
160
159
159
156
151
150
147
143
142
140
139
134
133
132
130
124
111
110
108
108
107
107
102
100
100
99
99
95
81
80
67
65
61
58
58
50
49
44
42
38
33
30
21
16
13
