250
5000
995
995
984
982
981
978
975
968
968
959
957
949
946
940
939
936
935
931
928
926
915
912
902
902
894
891
888
878
874
873
871
866
865
862
861
860
859
855
850
847
840
839
839
838
832
818
812
811
808
806
805
805
805
792
791
788
781
779
771
766
764
762
761
760
755
752
746
740
735
728
727
715
706
700
699
699
698
697
695
685
685
683
674
674
670
669
664
662
656
651
650
644
633
632
626
625
621
618
616
604
595
594
594
593
588
577
576
569
569
562
552
551
549
546
539
531
531
528
517
506
506
505
502
496
493
482
472
469
463
459
449
447
445
444
439
435
425
415
411
409
409
409
404
402
400
395
393
392
392
391
384
383
379
378
378
365
364
362
356
355
353
350
349
348
337
335
335
325
320
318
310
299
297
297
295
295
286
278
277
273
273
272
270
265
261
261
257
256
229
227
225
223
222
222
220
215
214
209
200
199
199
197
195
195
194
193
193
192
192
181
181
162
161
161
160
160
159
154
154
150
141
137
134
124
123
113
112
110
108
104
102
99
90
90
89
66
63
59
54
53
47
42
39
28
26
23
18
16
10
3
