250
1000
996
984
983
979
978
977
972
966
960
954
944
942
939
939
939
938
937
929
924
921
912
908
906
905
904
904
903
902
902
902
901
899
894
887
886
881
878
877
876
871
870
863
859
857
855
854
853
852
848
846
846
842
842
839
835
828
825
824
824
824
819
819
818
816
812
811
809
806
804
794
791
789
782
778
778
773
773
769
768
767
762
762
759
749
749
748
745
743
742
727
727
723
719
715
714
712
712
701
694
690
684
675
672
671
669
665
660
656
656
651
646
644
642
641
632
628
627
625
624
623
608
604
602
598
596
594
591
580
573
563
560
558
553
553
548
548
548
547
534
531
528
527
526
520
517
516
516
514
511
504
503
500
496
494
493
484
483
483
481
478
475
471
471
469
469
466
452
452
448
443
441
428
423
422
422
421
420
418
417
410
408
404
396
395
393
386
377
377
374
372
371
369
357
356
356
356
353
353
347
346
346
344
341
341
340
336
336
335
332
323
321
319
311
306
297
295
293
292
292
283
283
280
273
272
272
270
268
266
262
251
250
249
248
239
237
237
229
219
217
216
216
215
214
213
213
212
211
211
208
200
