250
4000
996
996
993
993
993
991
989
984
979
979
977
971
969
968
967
964
956
955
954
949
947
947
943
943
943
937
936
935
932
930
927
926
925
920
920
919
914
912
912
910
909
905
902
901
895
894
894
891
890
888
887
887
887
887
885
884
883
882
880
878
875
873
870
868
867
866
865
863
861
856
854
848
847
847
846
845
844
844
843
840
840
837
837
837
834
831
831
831
831
831
831
830
829
828
824
822
822
821
821
820
820
819
818
817
814
813
809
806
804
802
800
800
798
798
794
787
782
781
780
776
774
771
764
762
761
756
753
752
750
749
741
740
739
738
737
732
729
728
727
727
725
723
720
720
720
716
709
707
707
702
701
700
699
694
692
691
688
687
686
685
683
680
676
674
673
673
672
669
669
669
668
665
664
661
658
657
656
653
649
649
639
639
637
634
628
623
621
619
613
612
608
603
597
597
597
592
591
590
588
583
580
577
577
576
576
574
574
574
571
571
569
563
562
562
562
561
560
560
558
557
556
553
553
549
540
540
538
531
529
527
526
525
522
519
516
514
514
513
513
512
512
511
511
510
509
509
507
507
505
505
