250
1500
997
997
986
981
980
977
974
965
958
952
952
947
947
942
939
937
928
923
911
907
900
887
872
868
862
859
852
847
833
832
832
830
827
824
819
817
804
801
795
789
788
785
781
779
777
774
772
771
770
766
764
756
747
745
745
742
736
732
728
726
716
712
708
705
702
701
697
693
690
681
676
676
675
673
671
667
659
658
654
652
650
644
644
643
629
629
628
627
627
625
623
622
618
611
611
611
610
610
604
599
596
595
595
592
582
582
579
577
573
572
563
561
561
560
550
549
542
537
537
537
536
535
535
529
528
524
516
513
512
510
504
490
482
474
473
467
460
454
452
448
444
437
430
427
424
410
403
401
397
397
396
387
385
381
370
367
361
359
352
350
345
326
318
316
313
309
309
299
293
293
290
275
253
253
252
251
250
246
245
245
238
235
232
232
230
224
220
214
212
203
202
197
191
188
187
171
171
168
167
166
165
157
156
152
150
150
148
142
137
128
126
123
114
111
97
95
95
95
93
89
88
84
83
81
77
76
75
73
70
64
56
47
47
45
45
45
39
37
36
35
31
30
25
25
24
16
15
12
4
2
