250
5000
997
995
992
986
982
978
976
966
966
961
957
954
953
949
947
945
938
936
934
931
928
928
926
925
925
923
921
919
915
913
912
912
910
908
906
906
905
905
904
902
901
900
894
893
891
890
889
888
887
885
883
881
875
874
871
870
869
865
862
862
861
857
855
855
851
849
848
848
848
844
844
842
840
836
836
834
834
834
829
823
822
820
818
818
813
813
812
811
811
810
805
803
803
802
802
801
801
801
799
794
791
789
788
783
782
780
777
776
776
775
774
768
766
765
764
764
762
761
760
757
756
755
753
752
751
751
749
748
744
742
741
740
739
737
735
731
729
728
727
718
718
717
717
716
716
715
715
712
708
707
705
703
703
701
699
695
693
690
686
685
679
678
678
673
669
667
667
666
666
658
658
658
657
657
656
656
653
652
649
649
642
640
635
631
629
628
626
626
625
624
623
618
618
617
616
611
610
610
609
608
604
603
600
598
598
595
595
591
591
588
587
586
583
582
581
580
579
577
572
572
570
569
566
560
560
560
548
540
540
540
538
535
534
533
530
529
529
526
526
526
521
520
516
513
512
511
508
505
503
500
