250
3000
996
983
981
977
977
975
973
969
968
963
961
958
957
945
936
936
935
935
934
928
927
926
926
924
916
914
904
902
892
883
870
869
862
861
851
847
844
837
834
823
821
816
812
811
809
806
800
794
784
784
783
781
780
774
774
772
758
756
755
754
744
740
739
738
737
736
733
728
723
718
716
714
714
703
695
690
688
682
680
673
670
665
660
656
652
650
644
644
635
631
628
627
627
620
609
607
605
603
602
588
586
585
585
583
579
563
562
557
555
554
549
546
545
531
529
527
524
519
517
512
510
505
500
499
490
490
489
489
487
486
481
477
463
452
450
449
449
444
444
439
435
433
431
425
424
420
416
413
412
407
406
403
398
393
391
380
380
374
372
366
362
361
357
346
346
339
334
332
325
323
314
310
308
294
294
290
277
273
270
260
260
260
258
253
250
250
248
244
221
218
216
210
209
205
204
204
204
204
201
196
196
194
193
192
190
188
187
185
185
176
169
153
151
145
145
143
142
136
132
129
124
119
113
111
107
106
105
104
103
98
96
94
88
85
78
65
63
62
61
56
52
31
30
27
27
19
19
17
11
3
