250
5000
996
995
994
994
992
988
985
985
984
983
978
978
978
974
974
972
970
969
966
966
965
962
961
960
954
954
954
950
950
943
942
940
940
939
938
934
933
932
932
928
928
925
925
922
920
920
919
916
912
911
905
904
903
902
899
897
894
894
894
889
889
889
888
887
885
882
878
865
862
860
859
858
858
854
854
853
852
851
850
847
843
843
841
840
834
834
833
832
830
829
829
826
825
823
821
821
820
816
815
815
814
807
802
797
794
793
792
790
789
787
787
784
781
777
775
771
770
764
762
762
760
758
757
756
754
754
752
752
750
746
744
742
741
739
733
726
726
725
723
722
721
720
720
719
719
718
717
717
717
716
713
711
710
709
705
702
702
698
695
694
689
686
684
681
680
675
674
674
673
673
671
669
669
666
665
663
662
661
659
658
656
652
648
647
646
642
638
638
637
635
634
634
632
629
629
628
627
626
620
620
618
616
615
613
604
603
597
595
594
594
594
592
591
589
585
582
581
572
571
568
568
565
565
562
557
556
556
556
548
544
543
542
541
535
532
530
529
529
529
527
522
521
514
511
508
506
506
506
505
502
