250
1200
998
997
996
991
988
984
983
979
976
976
973
971
970
969
966
966
965
958
948
947
947
947
946
944
944
944
941
940
939
935
935
932
932
932
931
928
926
926
923
922
920
917
917
917
914
913
909
909
904
903
902
900
899
890
887
886
883
882
877
876
876
873
871
871
864
864
861
857
854
854
853
852
849
849
848
848
844
841
841
840
839
838
833
832
829
825
825
822
821
820
817
816
813
812
812
811
811
809
807
806
802
798
797
795
792
792
790
789
788
787
785
785
779
775
773
771
771
770
763
758
755
751
749
748
748
746
746
745
742
742
737
737
735
734
733
732
731
729
727
724
724
723
720
720
720
718
715
715
708
705
703
701
700
700
697
696
693
691
690
689
685
685
684
684
683
683
681
681
679
671
670
667
666
661
660
653
652
643
643
641
640
637
637
635
635
633
629
627
625
621
620
619
617
615
614
614
612
611
607
606
603
602
601
598
597
585
580
579
573
569
567
565
564
564
563
563
561
558
557
551
549
547
540
535
534
534
534
533
532
532
530
528
527
525
522
522
522
521
519
518
517
517
516
513
513
507
506
504
502
501
