250
2000
997
996
993
992
986
984
983
980
980
980
977
973
973
968
968
966
966
965
963
960
959
956
951
950
948
947
943
943
943
941
939
936
934
933
932
931
930
928
926
925
922
921
918
915
914
914
913
913
910
906
906
904
894
893
892
884
882
882
882
881
881
879
876
874
872
871
870
869
867
865
861
849
848
847
845
845
843
837
837
836
835
833
833
831
829
828
827
820
820
819
819
817
814
814
812
812
812
811
811
809
808
808
808
806
802
802
800
798
798
798
797
796
795
793
788
786
786
782
782
780
779
777
777
777
774
773
772
770
769
766
764
760
759
759
758
757
755
753
752
750
747
745
740
737
734
730
729
725
724
720
720
716
715
709
696
692
689
685
684
680
679
679
679
678
676
673
672
667
666
666
666
661
659
658
656
656
653
651
649
644
643
642
640
640
639
631
629
627
627
627
625
621
620
616
615
615
612
609
607
607
604
604
603
602
601
596
595
593
588
587
582
578
577
577
576
576
576
570
563
563
563
562
561
559
559
557
555
552
552
550
543
538
538
536
534
527
526
526
523
514
511
510
510
509
507
507
506
505
503
502
