500
1000
999
995
995
992
988
983
977
976
972
969
965
965
964
962
961
959
957
954
952
951
950
947
946
946
944
942
941
941
941
938
938
938
937
934
933
931
930
929
927
923
922
921
917
916
915
914
912
911
911
910
909
909
905
902
902
901
900
898
896
895
895
894
891
890
888
887
883
881
879
877
874
874
873
873
872
869
869
869
867
867
866
865
864
864
864
861
860
857
856
850
850
847
845
842
838
838
836
836
835
834
833
832
832
829
828
827
823
823
822
822
821
819
819
818
817
815
810
810
809
807
803
798
796
794
793
793
793
791
791
791
790
789
787
786
785
782
782
782
776
774
774
769
768
768
767
767
766
764
761
759
759
755
752
752
751
750
749
747
745
742
741
740
740
740
739
739
738
738
736
736
736
735
734
732
731
728
727
727
727
726
724
721
721
719
718
717
716
714
713
713
712
711
709
708
705
705
705
704
704
702
698
696
696
695
695
694
693
690
690
688
687
687
685
685
684
683
683
682
680
680
679
677
672
671
668
666
665
664
663
663
659
653
652
651
649
649
647
646
643
642
641
639
638
636
636
636
631
625
624
623
622
622
620
620
619
618
618
616
616
615
613
612
612
610
606
603
603
603
600
600
599
599
594
591
588
586
583
583
582
581
580
580
579
575
574
574
570
569
569
568
566
566
566
566
560
553
552
552
551
550
546
545
544
542
540
538
538
538
533
532
531
530
530
528
527
527
526
526
525
525
525
524
524
524
522
518
518
517
516
514
514
513
511
511
510
509
503
503
501
500
500
500
499
499
498
498
491
491
490
490
490
489
487
483
482
482
480
479
475
474
472
468
467
465
464
459
459
459
458
457
456
453
448
447
444
442
437
431
425
424
424
423
420
416
416
416
413
413
400
398
398
397
396
396
395
395
394
394
394
389
388
388
387
381
379
379
376
376
373
367
367
362
360
357
354
353
352
352
350
348
345
344
343
340
337
336
336
334
332
331
330
322
320
318
315
312
312
308
308
306
304
301
298
296
296
296
294
293
288
288
283
283
282
280
276
274
273
273
272
272
271
270
269
267
264
263
262
261
260
253
251
250
249
243
237
235
235
232
232
231
230
230
228
227
225
225
224
222
221
219
219
218
217
215
214
208
206
206
205
200
