500
3000
999
998
997
996
996
995
993
993
989
989
989
988
987
986
986
986
984
979
979
977
974
974
973
971
965
965
961
961
955
955
955
954
951
951
949
945
942
942
940
939
938
937
934
932
931
931
931
925
925
925
923
919
919
916
915
911
911
910
910
908
908
907
907
905
904
903
900
899
899
896
890
890
889
884
884
883
883
881
881
873
871
868
867
866
862
862
858
856
856
854
854
849
848
844
838
837
837
832
830
829
829
826
825
824
823
823
821
818
816
815
814
814
813
809
809
803
801
799
798
797
796
795
794
794
793
792
791
791
791
790
786
786
786
786
783
782
782
780
777
775
771
770
769
768
765
764
761
759
756
753
752
750
750
749
748
747
744
744
743
743
742
740
739
734
733
722
721
720
718
717
717
713
713
710
710
710
707
706
704
702
702
700
699
698
698
694
692
689
689
688
688
687
686
682
680
679
678
677
676
675
674
673
669
669
668
665
665
664
663
663
660
659
657
656
653
653
651
641
641
636
634
634
631
631
630
628
626
625
624
621
619
618
618
617
617
616
612
611
611
608
606
598
596
596
595
595
594
593
589
588
588
586
586
586
584
582
581
581
580
577
575
575
573
573
572
572
571
567
565
564
564
562
559
557
553
550
550
550
547
546
546
545
544
543
542
536
536
536
535
534
532
531
530
530
527
526
524
524
523
521
518
516
515
514
512
509
509
508
508
507
506
506
504
503
502
502
499
498
497
496
494
492
489
487
479
478
477
476
474
474
474
472
472
472
470
469
464
461
461
459
458
457
456
455
455
453
452
451
450
449
446
441
440
438
437
437
437
437
433
433
429
428
427
423
423
422
417
416
416
411
411
410
406
404
402
399
399
397
397
395
392
392
392
392
390
390
389
389
385
383
381
380
380
380
380
379
379
377
377
373
364
363
361
358
357
354
354
354
352
352
349
348
348
346
344
344
342
342
341
337
335
334
331
330
330
326
325
324
324
323
323
320
318
315
314
313
312
310
310
309
309
305
305
303
300
299
291
289
287
285
285
282
281
278
276
276
275
273
271
270
270
270
269
265
259
259
258
257
257
256
249
246
243
243
242
242
239
239
235
232
231
230
228
228
226
225
224
222
222
219
218
216
215
213
211
209
208
204
204
201
