500
3000
991
991
990
989
986
985
983
982
982
980
979
977
976
974
973
973
971
971
970
968
968
967
967
963
962
961
961
958
957
956
955
954
953
953
952
942
941
940
938
936
935
930
929
929
927
925
922
919
911
907
905
899
894
893
891
890
889
888
888
888
883
882
881
881
880
880
878
877
877
877
877
877
876
874
873
872
870
868
866
865
864
860
860
855
851
851
849
849
847
845
842
842
839
839
839
838
837
834
833
831
831
830
829
828
828
827
826
824
819
818
818
812
809
809
808
805
805
803
800
799
795
790
787
784
783
780
777
775
773
772
767
765
763
759
758
758
757
752
750
748
746
746
744
738
734
733
731
730
728
726
726
725
724
723
722
720
719
716
713
710
710
710
709
708
704
703
701
699
696
696
694
694
692
689
689
687
685
680
678
678
675
670
669
664
664
662
658
650
648
644
644
642
640
637
637
636
635
634
633
633
630
629
629
628
626
620
619
619
618
615
612
605
603
602
601
601
600
597
596
596
595
593
586
585
582
578
578
577
577
577
569
562
560
560
558
555
555
551
549
549
549
547
544
543
542
540
535
534
532
530
525
524
522
522
522
522
521
521
521
520
519
518
513
511
511
499
499
489
486
484
481
475
473
472
471
471
470
469
468
457
456
456
454
453
453
452
452
450
445
445
436
427
421
420
418
413
412
412
411
407
407
406
404
402
401
399
399
388
385
383
383
378
378
374
371
370
370
370
369
368
367
365
363
362
360
360
359
359
358
357
356
352
352
350
350
349
348
346
345
343
341
340
336
332
332
331
329
328
325
323
322
311
309
309
308
304
299
298
297
296
296
291
291
290
290
289
282
282
279
278
277
277
272
268
262
262
259
253
252
251
249
248
247
242
239
238
235
232
231
229
227
226
226
223
219
216
213
211
211
210
206
203
203
197
195
189
185
184
180
175
172
172
172
170
169
167
165
163
163
159
159
158
149
147
144
141
141
140
140
139
133
129
126
125
124
124
122
121
117
117
113
108
105
105
93
92
91
90
84
79
79
78
78
74
73
72
71
69
69
68
68
65
64
63
62
59
57
53
53
51
49
45
43
43
41
41
38
38
36
33
33
32
32
31
28
27
25
25
24
22
20
20
16
16
15
14
13
10
6
3
