500
1000
999
999
996
995
991
991
990
989
989
988
987
987
983
983
977
971
969
958
956
956
954
952
950
950
949
947
946
946
945
943
943
942
940
936
934
933
928
920
913
911
904
900
896
896
894
893
892
891
888
886
885
884
884
882
882
880
880
878
877
877
872
872
871
871
866
866
862
857
856
855
855
853
847
841
840
839
836
836
832
832
830
830
827
826
824
824
819
813
811
811
805
804
803
802
802
801
801
800
799
799
796
794
791
791
789
786
783
781
777
776
773
770
770
769
767
766
764
763
763
761
760
760
754
752
745
740
739
738
737
735
732
732
731
729
724
721
721
719
718
715
715
712
712
711
710
710
709
708
708
707
707
703
698
696
694
694
693
691
687
684
684
683
683
674
670
669
669
666
662
654
653
652
652
651
651
650
645
639
639
637
635
635
633
632
629
628
627
623
621
616
616
616
616
611
604
600
600
598
598
594
593
587
585
580
578
577
576
574
573
570
570
569
568
567
567
565
563
563
562
561
558
554
554
553
551
548
546
544
542
541
538
537
535
535
534
524
524
522
521
518
517
516
514
514
513
512
509
506
506
505
505
505
504
499
496
491
486
484
482
481
474
474
473
469
467
464
462
460
458
456
456
455
453
451
450
434
434
433
431
428
428
425
422
414
413
413
413
412
406
401
398
397
397
395
388
388
388
387
385
384
384
381
376
376
373
371
371
368
366
365
363
362
362
361
360
359
356
356
354
352
350
349
349
346
345
345
342
341
340
334
332
330
330
328
328
327
327
323
320
318
318
317
317
308
307
305
304
301
300
290
290
290
290
287
286
286
286
283
281
278
269
268
266
264
264
264
262
261
254
251
250
243
243
241
241
241
238
237
237
237
234
233
233
231
230
230
228
226
225
223
223
223
222
222
221
221
218
218
217
216
212
206
203
200
196
189
188
186
186
181
180
177
175
174
173
172
170
170
169
168
163
162
160
159
157
156
156
156
153
152
150
149
147
143
141
141
139
138
137
137
131
131
116
115
113
113
112
111
107
107
103
103
99
99
91
90
88
88
87
81
80
78
73
72
68
67
66
66
63
59
57
52
49
48
45
44
42
42
41
40
40
33
33
33
29
29
28
28
28
27
27
17
11
10
8
7
6
4
3
2
