500
2000
999
997
997
996
996
996
994
993
991
990
990
989
989
989
988
988
987
986
986
985
985
984
984
984
983
983
981
981
980
978
977
977
977
977
975
974
970
970
970
969
968
967
967
967
966
966
966
966
964
961
960
959
958
956
955
953
952
952
951
951
947
947
946
945
944
940
939
939
938
937
937
935
935
935
934
933
930
930
926
925
925
924
924
923
922
920
919
919
919
915
914
914
907
907
907
906
906
904
903
902
902
901
899
898
898
896
891
891
891
890
890
888
884
884
879
879
878
874
873
873
873
871
870
870
868
868
867
866
866
865
864
863
862
860
860
859
859
854
853
851
851
850
849
849
845
845
844
843
842
839
838
838
838
837
835
835
831
829
829
828
828
827
826
826
825
824
823
823
822
821
821
818
818
818
818
816
815
815
814
812
809
809
807
807
807
805
805
804
803
802
799
798
798
797
797
797
796
795
795
795
795
795
794
794
792
792
792
791
790
790
788
787
787
787
787
785
784
784
782
781
780
779
777
776
776
775
774
773
768
765
764
762
761
757
757
757
757
756
754
754
754
754
752
751
750
749
747
746
746
744
741
741
741
741
740
739
738
737
735
734
733
733
733
732
731
730
729
729
729
729
728
725
725
723
722
722
721
721
720
719
719
717
715
714
714
713
712
712
711
711
709
708
708
706
704
704
704
703
700
700
699
697
696
695
694
694
693
693
693
691
689
687
686
685
685
684
683
681
680
679
678
677
677
676
674
674
673
673
672
671
671
670
667
667
667
667
666
666
662
661
659
659
657
657
656
656
656
655
655
654
649
649
649
647
647
647
646
643
642
642
642
640
638
638
637
637
636
636
636
636
636
635
635
634
634
634
631
631
631
630
630
629
629
627
625
625
625
625
621
620
619
619
617
616
616
615
613
611
608
605
604
602
600
599
598
597
596
596
596
596
593
593
593
591
590
590
589
589
589
588
587
585
585
583
582
581
581
580
580
579
577
575
575
572
572
572
571
571
571
570
570
570
568
568
567
565
565
565
564
564
563
561
558
558
557
557
554
553
549
549
548
545
543
541
538
535
534
533
530
530
529
529
527
526
526
524
524
523
523
520
519
519
519
519
517
517
517
516
516
515
515
514
514
513
509
508
506
506
506
500
