500
2000
996
995
992
989
985
984
982
981
980
980
979
975
971
970
970
969
969
968
967
965
958
957
955
953
952
951
947
943
940
938
937
936
935
934
933
933
931
924
921
920
919
916
911
911
909
907
905
905
904
903
901
899
899
898
897
893
892
888
887
887
886
885
880
880
880
879
873
872
865
864
862
855
853
853
851
848
846
845
840
838
836
836
834
834
832
828
827
825
823
821
819
819
819
818
817
816
811
811
804
801
798
796
795
793
791
790
786
785
783
780
779
777
775
769
768
766
766
761
760
759
758
757
757
756
754
754
753
751
750
750
748
748
740
736
735
732
732
732
723
719
719
718
716
715
715
714
712
711
710
709
708
707
700
690
690
688
686
684
683
679
677
675
674
670
669
668
667
665
665
665
662
659
657
656
655
653
652
650
650
650
648
642
640
639
638
638
637
634
629
629
628
628
628
626
626
624
623
622
622
621
616
615
614
610
610
607
606
605
605
603
596
596
595
593
588
587
577
573
571
570
568
568
564
562
555
551
550
548
548
545
543
540
540
537
536
536
536
535
534
531
527
527
520
519
516
515
510
509
509
508
507
507
506
506
505
505
503
499
498
494
487
486
482
482
482
474
470
470
466
465
464
464
463
457
454
452
448
447
447
446
445
444
443
442
436
434
432
425
425
424
423
421
419
418
415
414
412
411
405
405
405
402
401
399
398
391
387
382
380
380
377
376
371
369
367
365
361
359
359
358
355
353
350
350
349
348
345
340
336
333
331
331
330
327
326
321
320
320
315
315
314
313
312
311
308
305
297
297
294
293
292
292
290
290
289
288
288
286
286
282
282
282
281
280
276
276
275
271
270
266
264
260
259
258
256
256
253
251
250
249
249
247
244
244
244
240
236
228
227
217
216
215
212
212
212
209
203
201
200
200
200
199
196
196
196
194
192
192
191
188
187
186
184
183
178
177
175
175
172
172
172
170
168
168
167
164
161
160
159
159
159
151
150
149
148
147
143
142
141
139
139
132
132
124
122
120
119
117
116
116
113
112
109
108
108
107
101
98
97
97
93
87
85
84
83
82
81
80
77
71
68
67
66
64
60
57
56
53
53
53
51
51
42
34
33
31
28
27
24
23
23
21
21
20
14
5
4
4
2
1
