500
1000
998
994
993
992
992
992
992
991
991
990
988
988
988
987
987
985
983
983
983
980
977
976
973
969
968
967
967
966
966
965
964
964
963
962
961
960
960
958
955
954
954
952
952
949
948
948
944
944
944
943
943
941
940
939
936
935
934
932
931
930
930
928
928
927
927
927
926
926
925
924
922
920
918
917
916
916
915
913
910
910
908
907
907
905
904
901
900
900
898
898
897
895
894
894
893
892
892
891
890
890
889
889
888
887
884
883
882
881
880
880
879
878
877
877
875
875
874
874
873
871
871
871
871
869
869
866
866
865
864
864
863
863
862
860
859
858
858
858
857
856
855
853
852
852
849
847
845
845
844
843
843
842
841
841
840
839
839
838
838
838
837
836
835
835
834
834
834
833
832
832
831
831
830
826
826
825
825
824
823
820
820
819
819
818
818
818
817
816
815
813
811
810
810
807
807
805
805
804
804
803
803
801
801
798
798
798
797
797
796
796
795
795
793
792
791
791
789
788
787
787
786
785
785
785
785
783
783
782
781
781
780
779
779
779
777
775
775
773
772
772
770
770
770
769
769
769
768
768
763
762
762
761
761
760
758
757
757
754
754
753
753
753
749
749
748
747
744
740
740
738
737
737
735
733
731
731
729
728
728
726
723
721
721
721
721
720
719
719
718
718
718
715
713
712
712
712
711
711
709
707
706
706
704
703
702
701
701
700
700
700
699
698
698
697
697
695
694
694
694
694
693
689
689
686
684
683
683
682
682
682
681
677
674
674
672
671
671
669
669
668
667
666
665
665
664
663
659
657
656
656
655
655
654
653
651
651
649
649
647
647
646
646
645
645
644
644
643
642
641
641
641
640
639
637
636
635
634
633
632
630
630
628
627
625
624
622
620
619
618
617
615
614
614
612
612
612
611
608
605
605
605
604
604
604
604
603
603
601
600
599
598
592
592
589
589
588
587
587
586
585
585
585
584
583
581
580
580
580
580
580
578
577
577
575
574
574
573
573
572
570
569
569
569
568
567
567
566
565
565
563
563
561
560
559
558
556
554
551
551
551
550
549
545
542
536
533
533
532
530
529
527
527
527
526
525
522
521
520
520
520
519
518
518
518
517
517
515
514
514
513
512
512
510
509
508
507
507
505
504
503
