500
3000
999
998
997
997
997
995
995
993
991
989
989
989
988
987
987
984
984
984
982
981
981
980
980
978
978
976
976
975
972
972
971
969
968
968
968
967
967
967
964
964
963
963
961
960
958
958
957
957
953
953
952
948
945
945
944
944
944
943
943
942
940
940
940
939
937
937
936
935
935
933
933
933
933
933
931
923
922
922
922
921
918
917
914
912
911
911
910
909
908
907
907
906
906
906
906
905
905
904
904
904
903
903
902
901
899
899
899
897
896
896
895
894
893
893
891
891
891
891
890
890
890
888
888
887
885
885
885
884
881
881
879
879
877
876
874
873
871
869
869
868
867
866
866
866
864
863
863
862
861
860
857
857
856
856
856
854
853
852
850
849
848
846
846
843
843
842
842
840
840
835
835
834
833
828
828
826
825
825
825
824
824
822
822
822
820
819
819
819
818
817
817
816
813
813
812
808
807
805
805
805
804
804
803
802
799
798
797
797
797
792
791
789
789
789
785
784
781
781
780
780
779
776
775
775
773
772
768
767
767
767
767
766
766
765
764
764
763
763
761
760
760
758
756
754
749
749
749
748
747
746
745
745
744
742
742
740
740
737
735
733
732
732
731
731
730
730
730
728
726
724
724
724
723
723
722
722
720
720
718
718
718
717
717
715
715
715
714
712
711
708
707
701
698
698
698
696
696
694
690
690
689
689
688
688
688
687
687
687
686
686
686
685
685
683
683
682
681
681
681
679
677
676
675
675
674
674
673
671
671
670
670
669
669
665
664
664
661
661
661
659
658
657
657
657
657
656
656
656
656
655
654
654
653
651
650
649
648
648
644
640
638
638
636
635
634
633
633
632
632
631
631
631
630
629
627
627
625
625
622
620
620
620
620
619
619
618
618
617
615
615
615
613
613
612
612
612
611
611
611
610
609
609
607
606
606
606
605
603
602
601
600
599
598
596
594
594
593
593
592
592
590
589
589
585
582
581
579
579
578
577
577
574
572
571
571
569
569
569
567
566
565
564
564
564
563
563
560
556
555
555
554
554
554
552
552
552
552
550
549
548
547
547
545
544
544
542
542
540
539
537
537
537
536
536
534
534
534
531
530
529
528
527
526
526
523
523
521
521
519
518
514
514
513
511
510
507
507
506
506
505
