500
1200
999
993
993
992
992
991
990
988
987
985
983
980
980
979
978
978
978
977
977
975
967
966
965
962
962
959
959
958
958
955
950
945
942
940
940
940
939
939
937
932
931
928
928
925
924
922
922
921
919
917
914
914
912
912
911
911
911
911
911
910
909
908
908
904
901
901
901
899
897
897
896
894
890
890
889
886
884
883
882
881
881
876
873
872
870
868
867
862
859
857
856
855
855
854
853
853
851
849
846
844
843
842
841
840
840
835
833
831
830
827
827
825
824
822
821
820
818
816
813
813
811
810
809
809
808
808
807
806
806
806
804
801
798
797
797
796
796
795
794
793
793
791
791
783
782
781
778
778
772
772
771
771
768
767
766
766
766
762
760
757
756
752
745
743
741
740
737
733
732
732
728
726
725
725
723
722
721
721
721
718
718
716
712
712
711
707
703
701
701
699
696
695
694
693
693
692
687
686
686
682
681
679
678
678
678
676
674
672
670
670
669
668
666
657
654
652
652
652
651
650
650
646
646
644
642
642
642
642
641
634
631
628
627
625
625
622
621
620
616
615
613
613
612
612
610
608
607
606
605
604
603
602
599
598
597
594
593
592
585
584
584
584
580
579
578
578
575
572
571
569
568
568
567
567
560
557
551
547
546
544
542
539
536
536
531
531
530
524
523
523
520
520
518
517
517
516
512
511
511
510
510
508
507
504
504
503
503
502
500
499
499
497
496
494
493
490
489
489
486
486
480
480
479
476
474
471
465
465
465
460
460
460
459
457
456
454
451
450
445
443
440
435
432
432
430
429
428
424
424
423
422
420
417
415
415
412
411
410
407
405
405
405
401
397
396
396
396
394
392
391
390
390
390
388
386
386
386
384
384
381
381
381
381
379
379
378
375
373
373
373
372
370
368
368
360
359
359
356
354
354
351
350
349
348
347
345
342
341
340
336
335
335
335
334
330
329
328
327
324
324
323
322
322
319
319
318
317
317
315
313
312
312
310
306
305
295
293
289
285
284
281
279
278
277
277
276
276
275
274
272
271
271
270
268
267
267
265
262
262
262
261
261
259
258
256
253
251
244
243
243
241
241
238
231
230
228
228
227
226
226
225
224
223
223
223
223
222
222
220
219
219
218
216
215
212
210
208
206
204
202
