500
5000
991
988
988
986
983
981
980
978
977
976
971
970
966
965
965
964
958
958
957
956
956
953
951
949
947
945
944
935
932
931
930
929
925
924
922
921
920
920
919
917
915
912
911
902
901
900
899
898
898
898
895
894
891
891
889
888
885
883
880
879
878
874
874
874
872
868
868
868
866
866
862
858
857
857
850
849
849
848
848
847
846
842
838
836
836
835
831
830
829
828
821
815
812
812
811
809
808
804
803
803
803
802
801
800
800
794
791
790
787
783
781
780
780
775
772
772
772
768
768
767
767
767
766
766
763
762
760
759
758
758
758
753
752
752
751
750
747
746
745
745
735
735
735
731
730
729
729
727
720
720
718
716
716
714
714
712
709
707
704
704
702
701
700
699
696
693
690
690
686
684
683
680
680
680
670
670
669
669
667
658
655
655
650
645
642
642
638
635
632
630
623
618
617
617
617
613
610
609
608
608
607
606
604
601
600
596
596
593
591
590
589
588
583
582
575
571
567
567
566
558
554
554
554
549
548
548
545
544
544
541
539
538
537
536
532
532
530
529
526
525
525
524
522
521
520
516
508
507
506
506
502
502
501
499
499
499
495
495
492
491
489
488
486
484
483
481
478
478
474
474
468
466
465
463
461
458
457
456
456
455
453
445
441
441
439
438
434
424
420
420
419
417
416
413
411
411
407
406
404
402
401
401
400
393
388
387
387
387
386
385
384
383
380
380
376
375
374
374
372
372
371
371
370
370
365
365
365
365
360
360
354
352
350
350
350
348
347
346
345
341
341
339
336
335
334
332
330
327
326
323
322
318
316
316
313
313
313
312
308
305
304
298
295
294
293
292
291
290
286
286
286
285
279
273
271
268
266
262
261
260
258
258
258
257
255
253
252
240
240
238
237
230
230
230
228
225
223
223
222
220
220
215
212
207
206
198
197
195
194
191
191
189
186
186
185
182
177
176
175
174
173
170
167
164
156
154
153
152
148
146
141
141
138
138
137
137
135
134
134
125
125
124
123
123
121
120
119
116
115
111
109
107
106
102
98
89
89
85
83
80
79
79
77
68
68
68
67
63
63
62
60
56
55
51
49
43
43
39
37
34
32
32
30
29
28
27
27
25
20
17
16
13
11
10
9
9
8
8
8
8
