500
4000
999
999
999
997
996
991
990
987
983
980
977
977
975
972
969
967
966
962
962
962
961
960
956
951
951
949
949
947
947
945
945
945
943
941
940
939
939
938
935
933
932
929
929
928
928
927
925
925
924
921
917
917
915
914
913
908
903
901
901
901
901
900
898
898
894
891
890
890
889
887
883
882
879
879
872
872
871
870
869
868
868
867
866
865
864
864
860
859
859
856
855
855
855
854
854
852
851
850
848
847
846
846
845
845
844
844
843
842
841
840
836
835
835
831
819
813
813
812
811
811
809
808
808
807
806
806
805
805
804
803
803
802
800
799
799
799
798
797
795
791
790
790
789
788
788
786
785
785
784
783
781
781
780
779
775
769
767
765
764
763
755
755
754
750
749
744
744
741
740
739
736
735
734
733
732
731
730
729
729
723
722
720
719
718
716
716
716
715
715
713
711
708
707
705
702
701
700
700
699
698
698
698
696
695
693
688
686
685
685
685
682
681
678
676
676
674
672
671
671
666
665
662
657
655
649
648
647
647
647
646
645
645
641
638
635
634
633
632
632
632
622
621
619
617
616
616
614
614
614
611
611
608
604
603
603
601
594
587
586
585
584
584
583
581
579
573
572
571
562
561
561
559
554
551
550
549
548
546
542
539
539
538
536
535
533
526
526
526
524
523
522
519
518
517
517
516
513
512
508
508
508
507
503
502
502
501
500
499
499
497
497
496
495
494
492
491
491
488
486
484
484
481
480
479
479
476
475
474
474
472
470
465
463
463
463
452
451
450
448
446
446
446
445
442
440
440
438
437
430
429
425
425
424
424
423
422
421
420
419
411
410
409
406
406
405
405
404
402
398
396
390
389
389
385
384
384
383
381
380
378
377
376
373
373
370
368
367
358
354
351
351
351
350
348
348
346
346
344
344
343
339
337
336
336
335
334
332
331
328
328
328
327
325
325
325
325
323
323
322
322
322
321
320
319
318
310
310
309
309
307
305
302
302
298
298
297
296
295
290
289
289
288
288
287
286
285
281
280
279
278
277
276
275
274
274
273
273
271
271
271
270
269
265
264
263
262
261
260
257
255
249
248
247
244
240
236
233
233
229
229
225
223
223
221
220
219
219
217
215
215
214
212
211
206
206
205
203
203
201
200
