500
4000
999
999
999
996
995
995
994
993
988
987
985
984
983
981
979
977
975
973
967
966
962
961
960
959
959
957
953
952
950
947
945
935
933
931
930
927
926
920
918
917
915
912
910
908
903
901
901
899
896
894
893
889
886
885
883
881
876
874
872
871
870
870
866
865
863
863
861
858
854
852
850
848
848
843
843
843
842
840
839
835
834
834
830
824
823
818
815
805
799
796
795
793
793
792
790
788
785
785
779
776
774
773
772
771
771
770
770
770
768
761
760
757
755
751
751
746
746
744
744
744
743
739
738
738
729
727
721
719
717
715
713
705
705
704
697
695
693
692
690
689
688
685
684
684
683
677
672
672
672
671
669
666
665
664
664
662
662
661
659
655
655
654
652
652
648
646
645
643
643
642
642
639
635
634
633
632
629
628
628
627
626
625
625
623
623
618
618
618
614
612
612
601
600
592
586
578
570
569
569
568
566
564
563
561
561
561
559
559
559
559
557
552
546
546
544
544
544
544
542
539
536
534
533
533
531
530
530
523
523
523
522
515
515
514
513
513
510
509
508
502
500
500
499
499
496
495
494
494
494
493
491
491
490
483
477
476
476
475
471
469
468
467
467
465
465
460
460
459
459
455
455
451
450
449
448
447
438
434
432
432
430
430
426
425
424
424
420
416
413
412
412
410
409
404
403
394
394
393
393
392
391
391
390
390
388
387
384
384
375
374
373
373
371
369
368
362
357
353
352
349
340
340
338
330
329
329
329
326
326
324
323
323
321
320
319
318
316
316
316
314
314
313
311
310
306
297
296
293
290
288
288
287
286
285
281
280
280
275
271
270
269
268
264
263
263
257
251
246
241
238
238
237
236
233
226
224
221
221
218
212
211
210
210
209
209
209
207
204
204
203
201
199
198
198
197
197
196
196
195
194
193
193
190
189
187
180
178
178
178
177
177
177
175
172
172
170
170
165
165
159
157
156
155
151
148
146
145
143
141
141
139
129
127
126
116
116
115
112
112
110
108
108
105
104
104
103
102
100
98
98
97
97
96
95
92
92
89
88
81
81
80
69
69
64
61
61
60
59
59
56
55
53
53
50
49
47
44
44
34
31
31
27
25
25
23
22
22
19
19
16
14
14
11
10
9
9
7
6
5
3
