500
5000
997
996
994
992
991
990
988
988
987
985
984
983
981
981
980
980
979
977
977
976
974
973
972
971
969
966
966
961
961
959
955
955
954
948
948
946
940
940
939
938
934
933
933
932
931
930
930
924
924
923
922
922
922
922
921
919
918
915
915
915
914
912
911
907
906
902
898
898
897
895
893
892
891
891
889
888
886
884
882
882
881
880
880
876
872
869
869
869
865
864
863
862
860
849
849
848
848
846
846
842
840
840
838
837
837
836
835
829
828
826
826
824
821
820
816
816
813
805
803
802
801
796
789
788
785
784
781
781
781
779
778
777
776
775
775
771
770
767
767
762
757
754
754
753
751
751
748
747
742
742
742
738
736
735
735
732
727
727
723
723
722
719
719
717
712
709
704
703
703
703
699
698
697
693
691
688
688
684
680
671
670
665
665
663
656
654
652
649
648
648
646
644
643
641
639
637
637
633
632
631
616
616
614
614
614
613
610
609
608
607
603
602
601
597
596
596
595
595
595
593
592
591
590
588
585
581
579
578
578
577
572
570
569
564
564
564
561
553
552
544
543
542
542
541
541
537
532
531
529
525
525
524
524
523
520
519
518
518
514
514
506
505
504
503
502
500
497
493
492
487
486
483
483
478
477
477
476
474
474
472
471
470
470
468
465
463
460
458
453
453
450
449
447
446
436
434
431
430
428
427
424
423
422
421
419
407
407
405
405
402
402
396
395
395
395
393
389
388
386
386
385
382
379
378
378
378
377
375
373
372
372
366
365
363
360
348
348
345
345
343
340
340
336
335
333
332
327
325
324
321
320
320
316
315
313
309
308
306
299
299
298
297
296
295
295
291
291
291
288
287
285
282
280
274
271
270
269
267
266
259
259
258
253
248
247
241
236
235
233
229
226
226
221
215
215
214
211
211
207
206
205
201
200
200
199
197
195
190
185
182
181
179
172
170
165
164
163
159
155
153
145
145
143
143
137
134
128
127
127
126
123
123
123
121
120
118
118
118
118
116
113
113
112
106
105
104
101
100
99
99
97
94
93
92
89
88
87
86
86
85
85
84
84
73
72
70
68
68
67
65
64
61
59
57
57
54
54
52
50
47
44
42
41
41
39
37
36
32
31
26
25
21
17
17
14
8
8
5
3
3
