500
4000
999
999
998
998
997
995
995
993
992
992
991
989
985
985
984
984
984
983
983
983
981
977
976
974
973
972
967
966
964
962
961
959
959
959
957
955
955
954
953
952
948
946
945
945
944
944
942
934
931
931
931
931
928
926
926
922
920
920
918
917
915
914
914
912
909
908
905
904
904
896
896
895
891
890
885
885
885
881
880
878
878
873
873
871
870
870
870
870
866
863
863
860
859
858
857
855
851
850
848
845
845
844
842
839
838
837
836
835
835
831
830
829
828
826
824
822
822
822
817
817
815
809
806
803
802
801
801
793
793
792
791
791
790
790
790
787
784
783
781
777
769
769
769
765
762
759
757
757
755
753
751
746
743
742
741
741
738
735
730
728
727
723
722
720
717
715
713
713
710
710
710
709
705
705
700
699
698
697
697
696
688
686
683
681
680
677
672
672
670
669
667
665
661
655
654
654
649
648
648
645
644
638
636
632
625
614
612
612
611
609
608
605
604
604
603
601
600
598
598
597
596
594
593
592
592
589
588
587
585
585
582
580
579
578
576
574
570
568
561
558
557
556
548
543
541
537
537
537
536
534
530
526
526
523
521
520
518
518
512
504
499
498
496
496
493
492
482
482
482
480
480
479
478
474
471
469
459
459
458
453
448
445
443
439
439
439
437
437
435
433
429
427
427
425
423
423
418
418
417
413
413
412
410
408
406
406
403
400
398
396
395
391
389
386
385
385
381
377
375
375
375
375
372
369
367
366
366
365
364
364
363
361
360
359
347
344
343
342
342
340
339
333
321
316
315
311
308
306
304
304
304
304
300
297
297
294
292
291
290
289
285
284
280
273
270
267
266
262
258
257
256
256
253
251
250
248
246
246
245
243
243
241
232
231
228
228
227
224
219
218
216
216
209
206
204
204
204
201
201
200
197
194
191
191
190
189
187
185
184
184
183
182
180
180
179
175
169
167
166
162
161
160
153
152
148
148
147
147
144
144
139
138
137
133
127
126
124
120
120
119
115
114
114
110
109
104
104
97
93
91
88
88
88
86
86
84
84
83
82
82
80
77
76
75
75
68
67
67
65
59
58
54
51
50
49
48
46
46
45
45
45
42
42
41
41
32
32
29
29
27
20
16
14
13
10
9
7
7
4
3
