500
5000
999
999
997
996
991
991
990
989
989
987
983
983
982
982
982
981
977
974
974
973
970
966
964
964
963
960
954
954
953
953
951
941
941
939
937
936
935
932
931
930
927
926
925
924
924
923
922
916
915
914
913
911
909
908
907
906
896
894
893
891
888
884
884
882
881
879
878
876
873
868
867
866
865
861
858
857
856
855
853
853
851
849
848
844
844
843
841
841
841
837
835
833
832
831
828
826
824
823
821
819
817
814
811
809
809
807
807
806
806
805
804
791
790
789
787
786
784
784
783
783
782
781
781
781
777
777
777
776
772
772
771
771
770
769
766
766
766
765
765
764
763
761
759
758
758
757
755
754
754
752
751
748
748
747
746
743
740
740
736
735
734
728
728
727
724
722
722
721
720
719
719
715
713
711
711
709
709
708
708
707
707
707
706
703
700
700
699
699
698
697
695
694
694
686
684
682
679
679
677
676
676
675
672
670
668
666
664
664
660
657
657
657
654
652
649
649
648
647
644
643
642
642
641
633
630
627
626
626
625
619
617
616
616
614
611
611
609
608
605
605
604
603
601
600
598
596
591
591
590
587
585
583
581
580
576
576
576
574
574
574
571
570
569
566
565
564
564
563
563
561
560
559
557
556
555
554
550
550
549
549
547
547
546
545
545
542
542
542
540
536
536
535
534
532
529
525
524
519
518
516
515
515
510
508
505
503
501
498
498
497
493
490
490
490
487
484
482
482
481
476
475
475
473
473
473
473
470
470
469
466
465
463
459
459
458
456
453
452
450
449
449
447
445
443
441
440
437
436
434
432
430
429
428
428
427
426
426
422
422
420
420
419
416
416
415
415
414
414
408
406
402
401
398
397
394
393
389
389
389
387
386
385
383
381
379
378
378
377
376
375
373
372
372
367
367
366
363
358
357
356
355
352
347
347
345
344
340
336
333
332
332
330
328
328
327
322
321
321
320
318
317
316
316
315
313
313
313
313
311
309
309
308
307
305
305
305
302
300
299
297
292
291
290
289
289
288
284
281
280
280
279
277
277
276
276
275
275
274
272
272
271
269
269
267
266
263
261
257
257
256
254
250
250
248
247
245
243
242
242
238
235
235
235
234
230
228
224
224
223
222
221
217
214
213
213
213
212
210
206
202
