500
1200
999
998
997
996
995
994
993
992
987
985
983
982
974
973
972
972
970
970
967
967
967
963
961
960
958
956
955
955
950
950
949
945
942
930
929
929
924
922
921
921
916
915
912
909
902
901
897
893
892
892
889
886
886
883
882
880
878
877
875
873
872
871
870
868
867
866
866
859
859
857
855
850
850
849
849
847
846
846
845
844
843
843
841
840
839
835
834
834
832
831
830
830
828
824
823
822
819
819
814
811
810
807
807
806
803
802
801
800
800
800
799
797
795
788
788
786
786
784
781
780
779
771
768
766
763
762
759
757
755
754
753
752
751
749
748
746
744
742
741
738
736
733
731
730
728
723
722
718
714
710
707
706
704
703
703
699
694
694
694
693
692
689
686
685
683
680
680
678
675
675
674
672
665
658
657
654
653
651
647
647
646
644
633
632
631
631
630
627
623
623
620
615
615
614
614
613
607
606
605
605
603
600
598
597
597
597
597
595
594
593
591
590
590
589
585
583
582
582
581
580
579
579
579
579
576
575
573
570
567
567
561
561
561
553
551
550
547
547
543
540
540
537
532
531
530
527
524
520
516
515
515
514
512
511
508
507
498
497
494
489
488
487
485
484
484
483
476
475
474
474
472
472
471
470
467
465
454
453
453
448
445
445
440
438
436
436
434
433
432
430
424
424
423
421
421
421
420
417
417
415
411
408
406
400
399
398
392
391
389
383
383
383
382
382
381
376
375
374
374
372
371
368
367
365
364
360
357
356
356
356
355
351
350
349
349
345
344
343
342
339
333
330
329
329
323
322
321
307
303
294
294
292
289
285
282
282
282
277
268
265
261
260
260
260
256
256
246
243
242
241
235
229
227
224
223
222
222
219
218
217
215
214
211
211
210
209
208
205
203
202
201
197
193
191
190
190
189
189
188
188
186
185
185
185
177
177
175
175
173
171
170
169
165
165
164
164
161
160
159
157
156
154
154
154
150
150
149
147
145
144
142
142
142
141
140
135
134
133
132
129
128
124
119
117
115
115
115
111
106
103
97
90
90
89
89
85
77
72
70
69
69
67
67
65
63
61
57
52
49
49
46
40
40
40
40
39
36
34
29
28
28
27
24
21
19
16
15
15
15
14
14
13
12
10
8
6
5
5
3
1
