500
3000
999
998
997
997
994
991
989
986
983
978
973
972
970
967
965
963
951
951
950
945
943
940
938
937
935
934
932
928
926
921
918
918
916
915
914
913
911
911
911
907
906
905
903
903
901
900
899
897
896
896
895
895
895
894
891
888
887
886
886
884
879
878
877
875
875
875
874
872
872
870
870
869
861
853
851
851
850
849
847
847
846
843
843
841
838
837
836
834
834
830
830
830
830
829
829
828
825
825
822
819
818
817
816
813
812
810
806
805
803
801
800
797
796
795
795
791
789
787
784
780
772
771
768
766
762
759
757
750
750
750
749
748
745
745
744
743
742
739
738
737
734
731
729
727
726
724
721
721
719
718
715
714
714
713
710
708
707
706
704
702
700
699
698
697
696
696
695
693
692
689
682
681
678
675
675
675
674
674
673
672
672
670
668
668
667
665
664
663
662
662
661
661
660
659
659
658
655
654
654
651
649
649
647
643
643
642
642
641
631
630
628
625
624
619
618
617
615
614
613
613
612
612
611
610
610
605
602
602
601
598
597
596
596
595
593
593
592
592
591
591
591
590
589
585
585
584
581
580
579
579
578
575
575
573
573
572
569
569
568
566
566
564
564
562
561
559
557
556
556
554
553
552
552
550
550
550
549
548
545
541
537
537
535
534
533
529
524
522
522
519
517
516
512
511
510
509
509
509
506
506
505
503
502
497
497
495
491
489
488
488
486
484
484
482
474
470
466
465
463
462
461
460
459
457
456
455
451
449
448
446
444
444
443
442
440
439
437
437
434
432
426
426
425
421
421
421
420
416
415
415
415
414
414
411
409
408
408
408
407
407
403
401
396
396
393
392
391
391
389
388
387
386
386
381
380
379
378
378
378
377
375
373
373
367
367
365
364
356
355
353
353
351
351
350
350
349
344
344
342
341
340
338
337
337
336
335
335
335
331
330
329
329
328
327
324
322
319
318
318
313
310
308
304
301
300
299
299
290
290
289
289
288
288
285
285
283
277
277
275
274
273
273
272
270
267
266
265
265
265
263
263
262
259
259
259
259
258
256
256
255
255
254
253
253
252
250
249
249
248
244
243
240
238
238
236
235
232
231
226
223
223
222
220
219
218
218
217
216
215
212
211
211
209
209
208
208
203
202
201
201
