500
1500
991
990
989
988
986
984
980
979
978
978
975
974
971
970
970
969
968
966
966
964
963
957
955
953
953
952
951
950
950
949
949
949
948
946
945
943
939
936
935
928
927
925
924
923
923
922
919
919
917
913
912
912
910
908
904
901
900
898
898
896
895
893
891
889
887
887
886
884
883
883
882
882
882
881
880
880
880
876
873
872
869
866
863
862
860
860
859
858
855
851
851
850
848
847
845
844
844
844
843
842
842
841
840
839
838
837
833
832
830
830
828
828
827
824
823
822
821
816
815
814
811
810
809
809
809
807
807
806
805
804
802
801
800
800
798
798
794
793
793
791
787
787
782
775
774
774
774
773
773
772
772
771
770
769
768
763
762
760
759
757
757
756
753
752
750
748
744
740
740
739
738
735
735
735
728
727
727
725
725
723
722
722
722
720
720
719
718
718
717
714
712
712
711
709
707
707
706
705
704
701
701
700
699
698
696
693
693
691
691
691
691
690
689
686
683
683
680
676
675
674
672
670
669
667
662
662
662
661
660
659
659
658
657
657
656
655
648
644
643
642
642
642
642
642
640
638
636
634
633
633
633
632
631
622
614
611
611
609
608
608
607
605
602
595
594
588
587
586
581
581
581
579
578
577
576
574
574
573
573
566
561
559
556
554
553
552
552
550
549
549
546
544
542
538
536
536
535
534
529
525
521
520
520
520
518
514
514
513
503
501
497
497
496
494
493
493
492
491
491
488
488
486
484
481
476
476
470
470
470
468
467
467
466
465
465
465
464
463
460
459
459
455
455
453
453
452
452
451
450
449
449
449
448
447
446
443
441
438
433
430
429
425
423
422
421
420
419
417
417
415
413
413
411
410
409
408
407
407
406
406
406
405
405
403
402
398
398
397
391
389
387
383
382
382
380
379
378
375
373
373
373
371
371
369
368
367
364
363
363
362
361
360
360
359
354
353
352
350
348
345
344
341
340
340
338
338
338
336
334
334
334
332
331
329
328
327
327
327
325
323
321
321
319
319
316
316
314
304
302
301
301
295
293
293
291
289
289
288
286
277
273
270
269
268
268
267
263
262
260
260
259
259
258
258
255
249
246
246
245
244
237
224
223
221
218
218
218
216
216
214
212
212
211
210
210
210
208
206
204
203
