500
1000
999
998
997
996
996
995
995
994
993
989
989
988
988
986
986
986
983
983
980
980
979
977
977
975
972
971
971
970
970
970
969
969
969
965
963
961
959
958
957
957
956
955
955
955
954
954
952
952
950
949
948
946
944
943
943
941
940
940
939
939
938
937
937
935
933
932
931
931
931
930
929
928
927
927
926
924
924
923
923
923
922
922
921
920
917
916
916
915
915
914
913
911
910
910
909
908
908
907
907
907
907
907
906
904
903
899
898
898
898
897
896
896
896
896
895
895
895
894
892
890
890
888
887
886
886
884
883
882
882
881
881
880
877
876
876
874
873
872
872
872
871
871
870
869
869
868
862
862
861
861
858
858
856
856
854
853
852
851
851
851
849
848
848
848
847
847
847
847
846
844
843
841
840
840
840
840
839
835
833
832
832
831
831
829
828
827
827
826
824
824
822
822
819
818
816
816
815
815
813
813
813
812
812
812
812
809
808
807
807
806
806
803
802
802
801
800
799
799
797
795
794
793
793
792
790
785
785
784
784
780
778
777
776
776
775
775
775
775
773
773
771
770
769
767
764
760
760
754
754
754
754
752
752
751
750
748
748
747
746
746
745
745
745
744
744
743
743
742
742
742
742
738
738
737
736
736
734
733
732
732
731
731
730
727
726
726
725
725
724
724
723
723
722
720
720
718
717
716
716
715
715
714
713
713
713
707
706
703
703
702
701
699
699
699
699
695
692
692
692
688
688
686
685
684
683
682
681
680
680
679
679
678
678
678
677
677
677
675
675
675
670
670
669
669
666
664
664
662
660
660
659
658
658
657
656
656
651
651
651
649
647
643
642
640
640
639
639
639
638
637
636
635
632
632
629
628
628
627
626
626
625
622
622
621
620
619
619
618
615
614
614
613
612
612
609
609
607
606
604
603
602
600
600
599
594
594
592
592
590
590
589
589
588
588
587
585
583
582
582
582
582
581
579
578
578
573
573
572
572
571
570
568
566
566
566
563
560
558
557
555
551
551
550
549
549
548
547
545
545
538
538
536
536
536
534
534
533
533
531
531
530
530
529
529
529
527
527
527
525
525
525
524
524
524
524
522
520
520
518
517
517
517
517
514
513
511
511
511
511
507
506
506
504
503
503
503
503
501
501
500
