500
1500
998
998
996
995
994
993
991
991
991
990
989
988
987
987
987
983
983
982
982
980
979
979
978
976
976
975
972
972
972
971
968
967
967
966
966
966
966
965
965
962
960
958
957
957
955
955
955
954
952
952
952
947
946
946
945
945
944
943
943
941
940
940
940
939
938
938
938
938
937
937
937
934
933
932
932
932
931
930
930
928
928
927
925
924
924
924
924
921
920
919
919
918
917
917
916
916
915
915
915
911
910
908
905
905
898
897
896
895
894
894
891
891
887
886
886
882
882
878
874
872
872
872
871
870
869
868
866
864
863
861
859
859
858
858
857
854
853
852
852
851
850
847
845
844
842
842
841
838
837
835
835
834
829
828
826
826
826
826
825
825
825
824
824
823
822
822
822
821
818
816
814
813
813
812
811
811
810
808
807
806
805
802
800
799
795
795
794
793
791
790
790
789
788
788
787
787
785
781
780
778
776
776
773
773
772
772
769
767
766
765
765
764
763
763
762
761
760
759
758
758
755
755
753
753
753
751
751
750
750
744
743
740
740
738
738
737
736
735
735
733
732
731
731
729
729
728
728
728
727
727
726
725
725
725
724
722
722
722
722
719
715
714
714
713
711
711
710
710
707
705
704
704
703
703
702
701
701
701
699
698
697
697
695
695
694
694
694
693
693
692
691
690
689
689
688
688
686
686
685
685
685
684
683
682
682
682
682
681
681
681
680
680
677
677
677
677
676
676
675
674
673
672
672
671
671
671
670
670
669
669
668
667
666
666
664
664
662
661
661
660
660
660
659
659
656
655
655
654
653
653
652
652
651
651
650
650
650
648
645
645
644
643
642
637
636
634
634
633
633
633
632
632
629
629
628
625
624
623
623
622
622
621
621
620
618
617
616
607
606
606
605
605
603
603
602
602
602
601
600
598
597
596
592
592
591
591
591
590
589
588
584
584
584
582
581
579
579
578
577
576
575
574
573
571
571
570
569
569
569
568
567
567
567
566
566
564
563
562
561
561
561
560
560
559
559
558
557
556
555
555
554
553
553
550
550
549
549
549
548
546
544
544
542
539
539
537
536
534
533
530
529
527
526
526
524
521
519
519
519
518
518
517
515
515
514
514
513
512
512
511
510
509
508
507
507
506
506
505
504
501
