500
1500
998
997
996
996
996
994
993
992
991
991
989
989
988
988
988
988
987
986
986
986
985
985
982
982
981
980
980
977
977
976
976
976
973
972
971
971
971
970
966
965
963
963
962
961
960
959
959
958
957
957
955
953
953
952
952
952
951
950
947
947
944
944
943
941
937
936
936
935
934
934
933
933
931
931
931
928
927
927
927
927
926
925
924
924
923
921
920
917
915
912
912
910
907
907
907
906
905
905
904
904
903
902
901
900
900
900
899
899
899
898
898
897
897
896
896
895
895
889
889
887
887
886
886
885
882
882
881
881
880
879
879
877
876
874
874
873
872
870
870
869
869
867
866
866
865
865
864
864
863
862
861
860
859
858
858
858
858
857
857
853
853
853
852
846
845
845
844
844
843
838
837
835
833
831
831
830
830
829
829
828
828
826
825
825
824
824
823
822
822
822
821
819
818
818
816
815
815
814
813
812
812
809
808
807
806
806
806
805
803
799
799
797
796
793
793
792
792
792
788
787
787
787
786
785
785
784
784
784
782
782
781
781
780
780
779
778
777
777
777
776
772
772
772
771
769
767
767
765
764
757
756
755
755
754
751
749
749
747
744
743
743
742
740
739
738
736
735
735
734
729
729
729
727
726
726
722
721
720
719
719
719
717
716
716
714
714
714
713
711
710
710
708
708
707
706
706
705
705
705
704
704
704
703
701
700
700
698
698
696
694
693
693
692
692
692
688
687
687
686
686
686
685
685
684
682
680
680
679
677
677
676
675
675
674
674
673
673
672
672
671
667
667
666
666
666
666
663
660
660
656
654
654
651
651
651
649
647
647
645
645
644
643
641
637
637
636
636
635
633
632
632
630
630
629
628
627
625
624
624
623
620
620
619
618
618
614
612
611
609
608
607
605
601
600
599
598
597
597
595
595
594
594
594
593
592
592
591
591
590
589
588
587
587
586
585
585
584
583
583
580
580
579
578
577
576
576
574
573
573
572
571
569
565
564
564
562
559
559
559
558
558
558
558
558
556
556
556
556
555
554
554
553
549
549
549
548
545
545
544
540
539
539
538
537
535
534
531
529
528
528
527
525
524
524
523
523
521
520
518
517
517
516
515
514
514
514
513
512
509
508
507
506
505
504
504
502
502
502
500
500
