500
2000
998
997
996
995
987
985
983
981
979
979
978
977
976
975
975
970
967
964
964
962
962
959
959
958
956
955
954
953
950
947
941
936
936
932
932
929
922
921
918
915
912
912
912
911
910
906
905
905
903
899
897
897
897
897
894
894
892
891
889
882
877
877
875
872
871
870
867
865
857
856
856
855
854
853
851
850
846
844
843
842
841
839
838
837
837
835
832
825
824
821
819
818
818
810
807
807
806
805
805
802
797
796
795
794
793
791
791
788
787
784
779
778
778
777
776
775
764
762
758
755
754
750
750
750
749
747
747
744
742
736
736
730
730
727
726
726
725
723
719
719
719
714
714
708
707
706
704
704
700
699
698
688
686
685
685
683
683
681
680
680
676
675
671
670
669
668
667
663
660
659
658
658
656
656
655
651
650
647
645
642
641
638
638
637
635
632
631
630
628
628
627
626
625
625
624
623
621
617
614
608
605
604
603
599
598
595
592
591
590
590
586
586
580
575
573
572
566
564
563
561
560
558
557
554
543
543
537
535
532
531
530
529
526
526
524
521
517
513
513
513
513
509
507
503
502
501
501
501
499
499
499
497
496
491
491
489
487
483
476
474
473
468
466
462
460
460
451
451
450
445
443
443
440
440
440
437
435
434
433
430
424
421
421
419
417
413
412
412
410
406
404
403
403
401
400
397
396
396
390
389
385
382
381
374
374
373
371
371
369
369
366
365
364
359
359
358
356
354
353
351
348
346
346
343
342
337
335
334
330
327
327
326
326
324
323
317
315
315
310
308
300
293
292
291
289
288
288
287
287
287
287
284
283
281
279
275
274
274
273
271
269
269
266
263
263
263
261
256
256
254
251
248
248
248
247
246
244
242
242
240
238
235
234
233
232
230
228
225
221
221
220
219
218
216
216
211
207
207
206
206
206
204
204
202
199
197
195
193
189
189
188
188
187
186
186
185
180
180
177
174
173
167
166
164
162
161
157
155
155
152
142
141
140
140
139
138
136
136
136
135
133
129
127
125
122
122
122
120
119
116
116
115
112
111
108
107
105
104
104
102
102
102
101
96
92
92
91
89
88
83
81
78
68
66
65
63
60
50
47
46
43
41
40
40
39
36
31
23
23
22
20
18
16
16
11
11
11
8
3
1
