500
3000
999
997
997
996
995
993
987
986
985
984
982
980
980
979
976
973
973
972
971
969
968
968
965
964
963
958
957
956
953
953
951
950
949
948
946
945
944
939
937
936
935
933
931
931
929
928
926
926
923
921
920
918
917
913
912
910
909
908
901
896
896
890
888
885
885
883
881
881
880
876
875
873
871
870
869
868
859
859
857
856
856
851
850
850
847
846
845
839
837
836
836
836
834
831
830
826
824
823
823
822
818
815
813
813
810
806
806
804
801
800
800
799
792
790
789
786
783
781
780
780
779
775
775
774
766
764
763
763
759
759
759
756
756
756
754
750
749
749
748
744
743
737
736
727
725
725
725
721
721
720
720
719
717
715
713
710
707
706
706
705
705
697
697
697
696
695
692
691
690
690
687
685
682
681
678
674
674
674
672
672
671
671
669
666
664
664
664
663
659
659
657
656
656
656
654
643
639
639
635
633
632
631
630
630
629
628
628
628
624
622
619
615
615
614
612
611
609
606
605
604
603
603
602
599
596
592
591
591
590
590
589
589
589
587
585
583
582
581
578
578
576
574
574
572
569
567
567
562
562
561
558
554
554
552
549
549
548
541
540
539
537
535
533
532
532
531
531
530
529
525
524
523
522
518
518
515
515
511
509
508
507
506
506
505
503
503
498
497
496
496
496
492
492
488
487
486
482
479
470
462
461
460
460
460
458
456
449
447
438
435
435
433
427
427
426
424
422
420
415
414
410
408
398
396
392
390
389
388
388
386
382
381
380
373
373
372
372
371
366
365
362
361
361
361
360
360
359
350
349
347
346
344
338
332
332
330
327
318
317
315
315
304
304
304
303
303
300
297
294
292
291
290
289
285
285
282
281
280
280
279
276
273
272
272
272
268
265
262
262
262
261
261
259
258
258
257
256
256
253
251
250
248
247
247
246
242
238
237
236
235
234
228
227
227
217
217
217
215
212
211
205
197
197
196
191
188
188
188
185
182
180
179
178
175
174
172
171
171
170
163
160
159
153
151
149
147
145
143
142
142
134
130
127
126
126
121
112
112
111
109
105
104
102
102
102
100
98
84
81
80
80
76
73
72
69
65
65
62
58
48
46
45
38
37
35
34
33
30
28
27
27
26
19
14
14
13
10
10
7
3
