500
4000
998
996
995
995
994
994
993
992
991
986
983
982
982
981
981
979
974
973
972
969
968
967
967
966
963
962
960
955
951
951
947
947
944
944
943
942
942
939
932
931
930
925
924
923
921
921
920
917
914
910
909
906
905
898
890
890
889
888
887
885
884
883
883
882
881
878
876
874
872
872
871
865
861
860
857
857
856
856
853
850
845
842
841
841
839
837
834
834
829
828
828
825
824
823
821
821
819
815
812
810
806
806
804
801
800
798
798
797
797
796
796
795
794
791
789
788
788
787
784
784
784
782
782
780
778
777
772
767
763
763
762
762
761
760
758
758
756
755
755
751
745
745
744
741
740
736
729
725
724
724
722
719
717
717
715
714
714
714
713
711
711
710
709
707
704
704
704
703
702
702
700
699
699
699
696
691
690
686
686
681
679
678
677
675
674
674
671
670
669
666
665
665
664
664
661
660
659
659
659
658
657
656
655
654
654
650
646
642
638
637
635
629
629
628
621
620
620
620
619
618
617
614
610
608
606
605
603
598
598
596
595
593
590
590
590
587
584
583
581
577
577
576
572
569
567
567
562
562
561
560
554
552
550
547
547
546
544
544
544
542
538
536
536
533
533
531
529
528
521
520
519
517
514
514
513
510
507
506
503
500
497
497
496
489
483
481
478
476
468
465
461
459
456
453
452
451
449
448
443
440
433
432
430
429
428
425
420
419
418
417
417
409
409
408
404
404
394
393
392
382
375
372
369
366
364
362
359
358
354
353
353
350
343
343
341
337
334
333
331
330
328
328
324
324
322
322
321
319
317
316
310
310
310
305
302
299
297
295
294
293
288
287
282
277
270
269
269
264
259
253
248
247
246
244
241
239
239
238
237
237
236
233
232
231
231
230
226
224
224
222
222
221
221
221
212
210
210
206
205
199
198
197
194
193
191
186
185
185
184
181
179
178
177
174
173
171
165
164
159
159
156
156
156
153
147
147
145
145
144
143
141
137
136
136
127
126
121
121
120
118
117
117
115
111
110
109
106
103
100
98
96
96
96
94
92
92
88
86
84
82
80
79
75
68
68
67
64
63
60
58
58
54
53
53
51
50
49
45
44
43
35
33
32
31
28
23
23
23
23
19
17
16
14
13
12
12
9
7
5
2
