500
1200
999
998
997
996
993
993
992
990
990
989
987
986
986
985
985
980
977
976
973
972
972
970
968
966
964
963
960
959
956
954
953
953
953
953
953
951
948
947
947
946
946
942
941
941
938
936
936
935
934
933
933
931
928
924
924
920
920
917
916
915
914
914
913
913
908
906
906
906
904
898
897
897
895
895
895
894
888
888
887
886
885
883
883
882
882
880
878
877
877
877
876
871
867
866
866
865
860
852
852
848
845
845
841
838
835
834
833
830
825
824
824
821
821
820
818
818
815
814
813
813
810
809
806
803
801
799
798
797
796
795
794
794
792
791
791
790
790
787
787
784
783
780
779
774
773
772
772
771
769
768
763
761
759
754
753
752
750
750
745
742
742
741
741
738
733
733
732
732
728
727
724
723
723
722
720
720
719
716
715
715
712
711
711
709
709
708
704
703
701
701
699
698
694
694
694
692
690
686
685
683
682
682
682
681
681
680
679
677
675
674
668
668
665
665
665
663
660
658
658
655
653
652
651
651
650
649
648
647
640
639
639
638
638
635
634
634
633
632
631
631
630
630
630
626
625
622
621
618
616
613
610
609
609
608
604
603
601
601
599
598
596
596
596
590
585
585
582
580
579
578
574
572
572
569
568
565
565
561
561
558
557
556
555
551
551
545
545
544
544
543
538
538
536
535
533
532
532
532
532
531
530
526
525
525
523
522
518
517
517
516
510
510
509
508
504
502
501
499
498
498
496
494
492
492
492
488
487
487
486
485
477
475
473
470
469
469
468
468
467
466
466
462
462
459
459
458
456
454
453
452
451
447
446
443
441
440
438
437
437
437
435
433
432
431
431
429
427
426
425
423
423
422
419
415
415
413
411
410
408
408
408
404
400
400
400
398
392
392
390
388
386
385
381
378
376
376
374
371
369
368
368
368
367
366
366
365
364
364
363
362
359
358
357
356
351
351
351
351
349
348
345
344
344
343
340
339
337
337
335
333
330
327
323
321
320
318
314
313
310
310
307
306
305
305
302
296
293
290
289
289
285
281
281
277
277
273
273
272
270
269
268
266
266
265
265
263
254
253
251
249
247
247
247
247
246
246
242
241
241
241
240
240
237
235
232
231
229
224
222
219
217
216
215
210
207
203
202
202
201
200
