500
5000
999
997
993
991
988
988
986
986
986
985
984
980
980
980
979
978
977
977
975
973
972
969
969
969
968
967
965
965
963
962
960
960
959
958
957
957
957
956
955
955
953
950
950
949
946
945
944
943
941
941
940
939
939
939
938
938
937
936
936
935
932
931
930
930
930
928
927
925
924
923
922
921
920
920
919
917
916
915
913
913
913
913
910
910
905
903
903
900
899
899
897
896
896
895
895
894
893
893
892
891
891
891
889
888
887
885
883
883
880
878
877
876
876
875
875
875
875
873
873
872
871
870
869
869
869
869
868
866
866
865
863
863
862
860
859
858
858
856
854
854
853
852
852
851
848
847
845
844
843
843
843
842
840
839
839
839
838
835
834
833
833
833
831
830
827
827
826
826
825
822
822
822
821
821
820
820
820
819
818
818
817
815
814
812
811
810
809
807
807
805
802
801
800
800
800
798
797
795
795
794
794
793
793
787
786
786
785
784
782
782
782
778
778
777
775
772
770
770
770
768
767
766
764
763
763
762
760
760
759
759
756
754
754
754
753
751
751
749
748
747
746
745
745
743
743
743
742
739
738
738
736
735
735
735
735
735
732
731
730
729
729
728
728
726
726
725
725
725
722
721
721
721
720
719
719
718
718
716
715
715
713
713
713
711
710
708
708
708
706
706
704
703
700
700
700
699
697
696
694
694
693
691
690
690
690
687
686
684
684
683
683
683
682
681
680
679
677
677
677
674
674
673
669
665
664
661
660
660
660
660
659
659
658
654
654
653
653
653
653
651
649
649
648
648
646
646
646
646
644
644
643
643
642
639
639
639
638
637
637
636
636
634
632
631
631
630
629
629
629
626
626
625
625
624
624
623
622
622
621
620
619
618
617
615
614
613
612
611
610
609
609
608
607
607
606
604
604
604
603
603
601
600
600
597
597
597
596
595
594
593
588
587
586
586
584
584
584
581
581
580
579
577
576
575
574
573
572
570
566
566
566
565
563
562
561
561
559
557
557
555
554
553
551
549
548
548
545
544
543
543
542
541
538
538
537
535
534
533
533
532
531
531
531
531
530
530
527
527
527
526
526
526
525
525
524
523
523
521
521
519
518
518
518
515
514
513
512
510
509
508
507
506
504
504
503
503
502
502
500
500
