500
1500
999
998
996
991
988
986
986
982
979
976
973
972
972
972
971
969
961
960
955
954
952
952
951
950
949
949
945
943
942
942
941
940
938
935
935
928
927
926
925
923
923
922
919
918
918
918
916
913
909
907
907
902
902
901
899
896
894
894
892
891
888
885
884
884
884
877
871
870
870
869
869
867
866
865
862
862
862
861
858
856
855
854
852
850
847
845
844
840
836
835
834
833
829
827
826
823
818
818
815
812
796
796
795
791
790
788
785
785
785
781
777
770
770
770
767
766
766
765
764
764
760
757
756
755
753
752
751
747
746
745
745
744
742
740
740
740
738
737
734
730
727
727
726
726
724
724
724
720
718
715
715
713
712
710
709
708
706
705
704
702
701
698
698
696
692
692
685
683
682
681
681
680
679
678
675
673
668
664
663
660
656
656
654
653
652
645
643
642
638
634
634
632
631
629
628
623
621
621
620
620
620
619
615
615
608
608
602
602
602
601
599
595
593
589
585
583
578
575
574
572
571
563
562
562
558
555
555
555
554
552
549
544
542
539
538
538
537
531
530
529
525
524
523
522
520
519
519
518
517
516
515
515
514
513
513
512
511
509
506
502
502
501
498
495
495
491
489
482
478
477
476
470
469
465
464
461
461
459
459
457
454
454
454
448
448
447
441
440
439
437
437
435
434
429
424
421
420
416
415
415
408
402
402
400
399
398
398
397
390
389
388
387
383
382
379
379
378
377
377
375
372
372
370
369
368
356
355
350
350
347
342
339
338
336
334
330
328
325
324
322
321
319
316
315
311
308
306
305
305
300
298
295
291
288
283
282
282
281
279
278
278
278
277
276
274
268
268
266
266
262
262
261
260
260
259
259
259
258
257
256
255
254
251
249
247
244
242
240
236
235
234
231
227
225
223
221
221
219
213
212
209
209
204
201
198
194
194
192
190
189
189
188
184
184
183
183
181
179
175
174
173
172
172
167
167
167
165
162
162
157
155
154
152
151
139
136
135
130
130
130
128
125
124
124
114
111
111
108
107
107
103
101
101
101
100
97
93
92
91
89
85
84
81
77
75
75
73
72
70
70
64
61
55
55
55
53
52
48
44
44
40
39
35
34
33
29
27
26
26
26
21
21
17
17
17
13
12
7
3
1
