500
2000
997
996
996
996
991
991
988
988
988
988
986
985
979
975
973
971
970
969
969
967
964
963
962
962
961
961
959
959
955
954
949
948
947
947
939
936
935
935
935
935
934
933
931
929
928
926
926
925
924
921
920
919
918
917
916
915
914
913
912
912
910
908
906
906
904
899
897
895
893
891
888
886
885
882
879
878
875
874
873
873
870
868
867
867
866
865
863
860
860
859
857
856
851
850
847
847
845
844
844
840
838
838
838
833
831
830
828
827
827
827
826
825
823
822
822
821
820
818
816
814
812
812
811
809
808
806
804
804
804
804
801
798
794
794
793
793
792
791
791
786
785
784
780
779
779
777
774
772
771
770
770
770
766
764
759
759
758
756
755
752
750
745
745
741
741
741
740
740
740
739
731
730
728
727
726
723
722
721
721
720
719
719
719
717
715
713
712
712
711
711
709
706
705
703
703
700
700
696
695
693
692
688
686
686
684
683
683
679
678
673
672
671
671
669
669
669
667
663
662
662
662
662
661
659
658
656
656
656
654
645
643
638
634
634
632
632
630
629
627
626
625
625
624
624
622
622
622
618
617
615
614
614
612
611
609
605
602
601
599
598
595
594
592
591
589
588
588
588
588
587
587
587
587
585
584
584
582
582
581
580
579
578
576
575
574
571
569
568
563
562
562
561
558
557
556
556
556
554
548
542
539
537
536
532
530
528
524
523
522
515
514
513
513
513
513
511
511
510
505
502
498
498
493
491
490
488
488
488
487
486
484
480
478
477
476
472
466
465
465
462
453
451
449
446
445
445
444
444
443
442
436
435
433
433
432
431
430
429
427
425
423
422
419
414
412
409
408
406
406
405
401
399
397
395
395
395
393
389
388
384
383
382
381
381
379
377
377
375
375
374
373
371
370
368
365
364
363
363
362
360
359
359
358
358
358
357
353
352
351
350
346
344
341
340
340
340
337
337
329
326
326
321
318
318
317
317
317
316
315
313
307
306
305
305
302
298
297
297
297
296
294
293
292
292
292
292
291
289
286
283
281
280
279
277
275
275
274
274
273
272
268
267
266
263
256
253
252
251
250
249
248
245
242
240
236
235
234
233
224
223
223
221
220
220
220
215
214
212
211
210
209
209
207
207
205
205
204
204
202
200
