500
3000
996
992
989
987
986
986
985
985
981
981
977
974
973
970
965
964
963
958
957
955
955
955
953
951
950
949
948
946
943
942
941
938
938
936
936
936
935
935
934
934
932
930
927
927
926
924
920
919
916
916
915
915
913
912
910
898
896
894
891
890
889
889
884
883
882
880
880
877
876
876
873
870
868
868
867
867
860
859
859
852
852
850
848
848
840
839
838
835
833
830
828
825
823
821
818
812
810
809
808
808
804
802
799
794
794
793
793
792
785
780
780
777
771
768
760
757
757
756
755
754
750
750
749
748
748
744
741
741
739
733
732
731
728
728
728
728
726
726
725
721
720
719
719
716
716
709
708
707
706
706
705
704
699
690
688
686
686
683
683
682
680
676
675
670
670
668
667
664
661
659
652
650
645
640
639
635
634
633
631
626
624
624
622
622
622
619
614
609
608
608
607
607
605
596
594
594
593
590
589
589
588
588
585
584
583
583
582
579
572
571
569
568
566
566
566
564
562
562
561
560
560
557
556
555
554
554
553
552
552
547
543
541
539
539
537
535
532
527
517
516
515
514
507
503
503
500
489
489
483
482
481
479
468
467
464
463
460
454
453
453
452
451
451
447
444
442
442
441
440
438
435
429
426
423
417
415
413
413
411
410
410
408
404
403
403
401
400
398
396
396
394
393
392
390
389
387
386
383
382
380
380
379
379
378
377
371
369
368
365
364
364
363
363
360
355
353
351
350
347
346
345
338
337
337
335
331
331
328
324
321
319
316
316
314
312
310
309
309
307
306
304
300
298
296
296
293
292
287
284
282
278
278
278
277
275
274
272
267
267
265
262
261
261
258
257
255
255
253
252
251
249
249
248
248
244
236
235
235
234
233
233
233
231
228
226
226
224
223
221
216
216
214
206
203
200
198
197
194
193
193
193
192
190
188
187
186
186
179
176
175
173
172
171
170
166
164
159
155
154
152
150
149
147
145
144
142
142
141
139
138
137
133
130
129
128
120
117
116
113
113
111
101
99
96
95
94
91
91
90
90
90
89
88
87
87
86
84
81
80
80
78
75
75
75
71
67
65
64
63
63
62
62
61
60
56
56
55
51
48
46
43
34
30
30
27
23
22
22
21
21
19
18
15
12
12
9
5
5
2
2
