500
1000
994
993
992
991
989
988
985
981
980
979
978
978
974
972
970
969
965
961
958
958
957
954
954
952
948
947
947
945
945
943
941
941
941
939
938
938
934
933
933
933
932
932
929
923
922
921
920
918
916
916
913
912
911
911
910
909
908
905
905
904
902
900
897
896
896
896
890
890
889
889
889
886
885
884
884
883
882
879
879
879
877
876
876
875
875
873
872
870
870
869
865
865
863
861
851
849
847
847
846
846
844
843
843
836
836
835
832
832
831
828
820
817
816
814
814
810
807
805
805
805
803
802
799
798
796
795
795
795
794
793
792
786
784
781
780
777
777
775
775
772
772
768
766
766
764
762
762
762
761
757
754
754
752
750
749
749
745
743
743
742
740
739
738
734
733
733
732
731
728
727
724
716
716
713
709
707
706
703
701
700
698
695
695
694
694
693
693
692
690
687
684
683
683
676
675
675
674
672
665
662
660
659
658
655
654
653
651
651
651
649
646
645
643
639
638
637
635
635
631
628
622
619
616
616
616
615
612
611
609
609
606
603
603
601
597
597
596
593
591
591
590
589
588
588
587
587
586
586
585
579
570
568
567
561
560
557
556
554
553
552
550
543
540
539
535
534
532
532
530
527
526
526
526
523
522
522
518
517
516
512
511
510
510
508
508
507
507
505
505
500
497
494
490
489
489
488
488
488
485
482
481
479
477
476
474
474
473
471
468
465
462
456
456
453
453
450
449
449
447
446
440
435
433
432
431
428
428
427
426
424
424
418
416
414
413
412
410
410
409
408
407
407
406
406
404
402
398
398
398
396
395
395
392
392
391
391
390
390
390
389
385
381
380
380
380
380
378
376
373
373
372
369
364
364
362
361
361
361
360
360
359
358
354
351
350
349
349
347
346
346
346
345
344
343
343
342
340
338
337
336
336
335
334
331
329
327
326
325
319
314
313
313
313
312
312
312
304
303
302
301
300
299
299
299
298
297
296
292
289
288
288
288
286
285
284
284
283
282
279
278
274
274
273
273
272
272
272
271
271
271
271
270
270
265
263
261
259
259
258
256
255
255
253
252
251
248
248
244
244
244
241
241
240
239
238
237
235
234
233
232
231
231
228
228
224
219
218
216
214
214
212
211
211
210
205
205
203
203
202
200
