500
5000
999
998
997
997
996
995
995
994
994
994
993
991
990
990
985
983
983
982
979
978
978
977
977
976
975
971
970
969
968
968
967
966
965
964
962
962
962
958
956
956
956
955
955
952
944
944
944
940
939
938
938
937
936
935
932
932
932
929
927
926
925
924
923
923
922
918
918
916
916
916
916
915
914
914
913
912
911
911
910
909
909
908
906
904
903
901
900
899
898
897
895
891
891
883
882
882
881
881
878
877
876
875
874
873
873
872
872
872
871
870
869
869
869
868
868
866
865
864
863
863
863
862
858
858
856
855
855
853
851
850
849
846
845
844
840
837
834
834
833
832
831
830
829
829
828
828
827
827
826
825
824
823
821
821
819
818
818
818
816
816
814
813
813
811
811
811
810
809
809
808
807
806
806
804
803
803
802
801
801
798
798
797
797
791
790
788
787
787
785
784
784
783
782
781
780
778
778
777
777
776
775
775
775
775
774
773
773
773
772
772
772
772
771
771
770
766
766
765
764
763
763
762
761
758
758
758
756
756
755
752
752
750
747
747
747
747
746
745
743
742
742
741
740
740
740
739
739
738
737
737
736
736
736
735
735
734
734
733
730
729
729
728
726
725
725
724
723
719
718
717
716
715
715
713
713
712
711
711
710
709
709
709
708
707
707
707
705
705
705
703
702
702
701
700
700
699
699
699
699
698
697
697
696
696
696
695
694
694
691
691
688
687
687
687
685
685
685
685
683
681
681
676
675
672
671
670
670
668
667
666
666
665
665
665
664
664
663
663
663
663
662
662
658
656
656
655
654
653
653
653
652
651
649
649
648
647
647
647
644
644
643
643
641
640
640
637
636
636
635
635
635
635
632
631
629
627
626
626
625
625
624
623
622
622
621
621
621
621
620
620
619
619
616
613
613
613
612
611
610
609
609
606
605
604
602
601
600
598
596
596
596
596
595
595
593
590
590
588
587
587
586
581
581
579
579
575
575
574
571
571
570
570
569
568
568
566
564
561
561
560
559
557
557
555
555
554
554
554
553
552
552
550
549
548
548
547
545
545
543
543
542
540
537
536
534
533
532
532
532
531
529
529
529
528
527
524
523
521
520
520
519
519
518
517
517
517
516
516
516
512
508
508
506
506
505
504
504
503
502
501
