500
1500
993
993
992
991
989
988
984
981
979
979
977
976
976
975
975
974
969
969
967
958
952
952
951
951
948
947
945
942
941
935
935
934
929
924
923
922
920
914
912
912
912
911
910
906
906
905
902
901
900
897
895
895
893
893
891
891
890
890
886
885
885
884
881
881
877
876
874
869
867
864
864
861
856
852
852
850
850
846
845
844
839
838
837
834
832
831
821
821
820
816
813
809
806
805
804
801
799
796
796
795
794
794
794
793
790
787
786
785
779
775
774
774
771
768
767
766
762
761
757
754
753
752
751
748
747
746
737
733
730
730
729
728
726
725
722
719
716
713
712
711
710
709
699
698
697
696
691
688
687
683
679
677
676
675
674
673
669
668
665
663
659
657
652
651
647
645
644
637
636
633
633
633
633
630
627
627
626
621
621
620
618
618
618
618
616
612
612
611
609
605
601
600
598
594
585
583
579
579
578
573
572
572
572
571
563
563
558
558
557
556
555
555
555
551
551
547
541
541
539
538
538
535
534
532
530
525
525
520
512
509
508
508
503
501
498
498
498
497
494
493
493
492
488
487
486
480
477
476
475
473
471
465
463
463
459
459
452
451
450
450
449
446
440
439
439
435
433
429
429
425
421
421
416
415
410
405
403
402
402
401
397
396
394
392
392
392
391
389
386
385
385
384
384
380
379
379
378
377
373
373
370
370
366
365
360
360
359
359
358
357
355
352
351
347
345
340
334
333
331
328
326
324
323
317
315
307
307
307
306
306
304
302
295
294
292
287
287
283
283
281
281
281
278
277
277
275
274
274
272
271
269
269
269
268
266
264
264
263
261
260
259
258
247
247
247
246
244
244
243
240
238
238
237
232
232
231
228
226
223
222
222
218
216
215
214
211
210
203
201
199
194
194
191
188
186
186
185
184
182
182
180
172
171
165
163
157
149
149
144
143
141
140
139
139
139
138
138
137
135
132
130
130
128
127
127
123
122
117
114
112
109
107
107
107
106
106
105
101
101
101
99
98
95
92
89
88
86
85
84
84
83
82
80
80
80
79
79
76
76
75
72
67
60
59
59
57
57
57
53
52
51
50
50
49
47
45
43
36
35
34
27
24
24
23
22
20
18
18
18
17
17
16
16
16
16
10
7
7
5
3
