500
1200
996
995
994
992
992
991
990
989
989
989
989
988
988
986
986
986
986
984
984
984
981
981
980
980
979
978
976
976
974
974
970
970
969
969
968
967
965
965
964
963
962
962
962
960
960
959
959
957
956
955
955
954
953
952
952
950
949
948
947
947
947
946
945
945
944
942
942
941
938
937
937
937
934
933
932
932
932
932
931
929
928
927
925
924
924
923
922
921
920
920
920
919
919
919
918
917
916
916
916
916
916
915
914
914
913
912
912
910
910
908
907
907
907
905
905
904
901
898
898
897
897
896
896
893
891
891
891
890
890
889
889
889
888
887
887
887
886
885
885
883
883
882
880
880
878
877
876
875
873
871
867
862
862
862
861
860
857
857
856
853
853
851
850
848
847
845
845
843
841
840
837
837
836
836
835
835
835
832
830
828
827
826
823
822
822
821
820
820
818
818
818
816
816
814
814
812
809
808
806
806
805
804
803
801
797
797
795
795
793
793
792
789
789
788
787
787
787
785
784
784
783
783
781
781
781
781
777
777
773
772
771
770
768
766
763
758
758
757
757
755
755
754
754
754
753
752
752
752
752
751
751
749
749
748
748
748
747
745
741
739
739
738
738
737
737
736
735
734
733
731
730
730
730
729
726
725
725
724
721
718
718
716
716
714
712
711
711
710
708
708
706
704
704
702
701
699
696
695
694
694
691
691
690
686
682
682
681
681
680
680
679
679
679
678
675
675
674
674
671
671
670
669
668
667
667
666
665
665
665
664
664
663
663
663
662
662
661
660
659
659
656
656
653
653
651
651
651
647
647
647
647
647
646
645
644
644
643
642
642
642
642
641
640
639
638
637
636
635
633
632
631
630
629
628
627
627
626
625
624
619
618
617
617
616
614
613
613
612
612
611
609
609
607
606
606
606
601
601
601
600
600
598
598
598
598
598
596
595
593
589
589
588
587
587
587
586
585
584
582
582
582
581
577
575
574
574
573
572
570
570
569
569
567
566
566
565
564
564
563
562
560
559
559
558
557
556
556
556
554
553
553
553
552
551
550
546
546
545
543
541
541
541
540
538
536
536
535
534
533
532
531
530
530
529
529
528
528
528
527
526
524
519
518
518
518
517
517
516
513
511
510
510
509
509
507
507
506
504
504
502
