500
3000
999
999
995
994
993
992
990
989
988
987
987
987
985
983
983
982
980
976
976
976
976
974
974
974
973
972
971
970
970
968
968
967
967
964
963
963
963
957
956
954
952
951
951
951
947
946
945
943
940
939
937
937
936
935
934
931
931
930
930
925
923
920
919
917
913
912
912
910
909
903
902
901
900
897
897
897
896
894
892
891
888
887
887
886
885
884
883
882
882
881
880
875
874
868
867
864
864
863
861
861
861
861
859
857
855
853
851
851
848
846
843
843
842
840
840
835
832
830
827
827
823
822
820
818
818
816
814
814
811
811
809
807
805
805
803
801
798
797
790
789
789
784
780
775
775
774
773
772
769
767
766
766
765
762
762
761
759
758
756
755
750
750
748
747
745
744
742
741
738
734
734
732
732
729
727
726
722
719
719
718
716
715
715
715
714
706
703
702
702
701
700
700
697
697
695
692
690
688
686
685
683
683
682
682
680
680
678
676
676
673
671
667
666
663
662
658
658
657
656
652
650
646
645
642
641
641
641
635
634
633
631
631
631
628
627
619
619
613
613
613
610
610
610
608
608
606
605
605
603
602
601
601
601
600
600
598
598
594
594
593
591
591
591
590
589
588
586
586
582
581
578
577
577
577
576
575
570
569
568
566
565
565
563
563
560
558
557
555
554
553
553
551
549
549
548
546
545
544
543
541
540
540
539
539
536
535
534
532
529
528
528
528
527
526
523
523
522
517
516
515
515
514
513
513
512
511
511
507
507
505
503
501
500
499
496
495
491
489
484
484
483
483
482
479
478
477
473
472
471
465
465
463
462
462
462
461
460
458
453
451
449
448
446
444
439
435
433
432
431
428
424
422
422
422
420
420
419
418
416
415
408
403
400
398
398
396
396
391
390
390
385
378
373
371
368
366
366
365
363
360
357
354
353
351
349
349
347
347
346
345
342
342
341
337
337
336
334
331
331
327
326
321
316
316
313
312
311
311
310
310
308
307
306
305
304
303
302
302
301
297
297
296
294
293
293
292
290
288
285
282
281
281
278
278
277
275
275
274
273
270
268
268
266
266
263
262
260
258
257
256
256
255
255
250
250
246
241
240
237
234
232
231
230
225
225
225
224
223
216
211
211
209
207
206
206
206
203
202
201
200
