500
2000
999
994
992
991
989
989
979
978
973
972
970
969
966
966
964
964
963
961
960
956
954
952
951
950
950
947
946
943
937
936
935
933
932
931
929
924
920
919
918
918
917
916
916
916
914
913
913
911
909
909
907
901
896
894
891
885
876
875
865
862
862
861
861
860
858
857
856
855
855
853
851
851
850
849
847
845
845
845
844
843
843
840
838
838
838
834
832
830
826
823
817
817
813
811
810
809
798
797
791
791
789
786
786
783
777
771
765
764
763
761
757
756
752
750
749
749
749
748
747
743
742
741
740
735
732
732
731
723
723
722
721
720
719
719
717
715
715
714
713
711
711
708
706
700
699
686
685
685
684
681
679
679
675
675
672
669
668
667
666
665
663
661
659
657
655
651
649
647
646
646
644
641
639
638
637
631
628
628
626
625
625
624
622
621
618
616
616
615
610
607
603
603
603
601
600
597
596
596
596
592
592
591
586
585
583
582
575
575
573
571
570
570
566
566
565
559
554
553
553
553
543
539
536
531
528
525
523
520
516
515
510
508
504
502
501
501
501
500
497
496
489
484
483
482
479
479
478
477
477
476
475
473
471
471
470
469
468
461
460
459
456
456
454
453
453
452
452
451
449
448
447
443
442
440
439
437
432
430
429
427
427
426
424
419
418
418
417
416
415
412
411
411
409
408
405
400
398
393
390
389
387
386
385
384
383
379
376
376
375
373
368
367
367
365
362
361
357
356
353
352
351
347
345
340
340
335
331
326
326
325
325
323
319
319
314
314
313
307
307
305
301
300
300
295
294
289
289
289
288
287
283
283
282
282
279
278
278
270
270
269
268
267
263
262
258
256
254
253
253
252
251
247
246
245
243
242
239
235
235
234
231
227
227
226
226
224
223
218
217
217
214
213
211
210
210
207
206
204
203
203
201
198
198
197
196
196
195
194
193
192
191
188
183
183
183
182
181
177
177
173
171
171
169
168
167
167
159
157
156
152
151
150
148
148
148
146
146
143
138
138
136
135
135
133
132
130
128
127
125
123
122
117
114
103
100
100
96
94
92
92
91
87
85
76
74
72
71
69
67
66
65
63
63
61
60
60
52
46
45
44
43
41
41
40
36
35
34
26
25
23
19
18
16
16
15
14
5
4
3
1
