500
3000
997
997
996
994
993
991
991
990
986
986
986
986
981
976
975
974
972
972
969
967
967
965
963
963
961
961
957
955
955
953
952
951
949
948
947
947
944
943
939
938
938
935
933
933
931
926
926
926
926
923
921
921
919
916
915
911
910
910
908
908
906
906
905
904
899
899
898
897
896
895
895
894
894
893
893
890
889
889
887
886
885
881
880
877
876
876
875
875
871
866
865
865
865
864
864
862
859
859
858
857
856
854
847
847
845
844
843
843
842
841
840
838
837
837
835
834
833
831
830
827
825
822
821
820
818
817
816
815
814
814
813
813
811
809
808
808
808
807
805
803
800
797
794
794
793
792
792
791
791
790
788
784
783
782
780
780
778
777
773
772
770
765
758
755
746
745
745
741
739
739
735
734
733
731
731
729
728
727
725
724
722
721
721
720
720
719
716
715
714
712
710
708
708
700
699
698
695
694
693
693
689
686
686
683
682
680
678
676
676
673
671
671
671
668
666
663
660
659
658
656
651
651
650
649
648
647
645
643
641
640
637
637
636
636
635
634
634
633
627
626
625
623
623
620
614
611
607
607
606
606
605
604
602
599
599
598
597
597
591
591
589
584
582
580
578
575
574
569
567
566
566
564
561
561
561
561
558
552
552
551
550
550
549
549
547
546
543
541
539
539
536
534
533
532
523
521
520
518
515
514
507
502
497
495
493
492
491
486
483
483
482
480
476
474
471
468
468
466
465
460
455
453
451
450
450
449
449
443
441
439
436
436
433
433
432
430
430
430
428
427
426
425
425
419
418
416
414
414
414
412
412
411
409
406
405
405
403
401
397
394
393
392
391
391
388
387
386
378
378
376
376
375
373
373
369
368
368
366
366
365
365
365
364
361
360
358
356
353
353
351
350
350
350
349
346
345
344
342
342
338
336
334
333
332
331
327
326
322
321
316
309
309
309
307
307
304
302
300
300
298
297
297
294
292
290
290
282
282
282
282
282
279
276
274
273
273
271
270
269
269
267
267
265
264
264
260
260
259
259
258
257
257
256
256
256
254
252
252
250
250
250
250
247
246
246
246
246
243
243
242
241
241
240
239
238
237
237
234
230
230
230
229
228
226
225
224
224
224
223
222
217
214
214
208
208
206
206
203
202
202
