500
1200
999
999
998
997
997
997
996
996
995
995
993
991
991
988
987
986
985
984
984
984
983
983
983
981
981
980
979
979
976
975
975
974
973
972
972
972
970
970
969
968
966
956
956
956
953
952
950
950
950
950
949
947
946
945
945
944
943
943
941
941
940
940
939
937
936
934
934
933
931
930
928
926
925
924
923
922
922
921
918
918
917
916
913
912
912
910
910
909
909
907
907
906
905
904
902
902
901
900
899
898
897
896
896
895
894
894
890
889
889
889
888
887
886
885
884
883
881
878
878
877
877
876
875
875
873
872
871
871
870
869
868
866
866
865
865
864
863
863
862
862
861
860
858
855
855
849
849
848
848
847
847
845
844
842
841
841
840
839
839
839
839
838
837
835
834
834
834
832
832
827
826
826
825
825
821
819
819
819
818
818
814
813
813
813
813
813
811
810
806
805
805
803
803
800
799
798
796
796
792
792
792
791
790
790
790
787
787
786
785
780
779
778
777
776
775
774
773
773
772
771
769
769
768
768
767
767
765
764
761
760
759
758
758
753
752
750
749
749
748
748
747
746
745
745
745
745
745
743
743
741
740
739
729
727
726
726
724
722
720
719
719
718
718
718
717
717
717
716
716
714
712
711
710
708
708
708
708
707
707
705
702
701
698
697
697
695
694
692
689
688
687
686
686
683
683
681
679
677
677
677
677
676
675
674
672
670
668
668
666
666
666
665
665
664
663
662
661
661
658
657
657
656
656
655
655
654
652
651
650
649
649
649
648
648
647
647
646
645
645
644
644
644
642
641
640
640
639
638
637
637
636
635
634
634
633
632
631
631
628
627
626
626
626
626
626
625
625
623
622
621
621
621
620
619
619
618
618
617
617
616
615
615
612
611
610
610
610
608
607
603
602
601
599
599
598
598
597
597
597
596
595
593
590
588
588
587
587
587
585
584
584
582
582
581
579
578
576
575
575
574
574
574
573
573
572
572
572
571
570
569
568
568
566
564
563
561
561
560
559
559
559
555
554
554
552
551
551
550
549
547
547
547
544
543
543
542
542
542
542
541
541
539
538
537
535
534
533
533
533
530
528
527
526
526
525
524
524
522
521
521
520
519
519
517
516
515
513
509
508
507
506
505
505
504
503
502
501
500
500
500
