500
1200
998
993
993
993
989
987
987
986
980
978
976
975
973
973
971
967
966
965
956
956
955
955
953
953
950
948
947
946
944
944
939
937
933
930
929
924
923
921
921
920
918
915
914
907
907
906
905
896
886
882
882
867
864
862
861
860
859
859
853
851
847
847
846
843
841
841
839
834
830
827
826
826
819
817
816
814
813
811
810
810
800
796
792
791
791
791
789
788
788
787
784
782
780
778
777
774
769
764
761
760
759
758
754
751
750
748
748
747
746
745
744
743
741
739
736
736
735
731
730
726
726
725
723
721
714
714
711
709
707
707
705
701
699
696
696
694
693
692
691
688
687
687
685
685
683
682
681
681
681
678
678
677
674
664
664
662
662
662
658
657
654
652
651
649
649
648
646
645
645
642
641
640
634
627
624
621
618
609
608
602
600
600
596
592
590
590
589
588
587
585
585
580
579
578
576
575
571
570
570
567
566
562
562
561
559
558
557
554
553
549
545
545
544
540
539
538
532
530
530
529
527
527
525
520
520
515
511
511
505
504
503
503
501
501
497
496
496
495
493
491
491
489
487
487
485
482
481
480
479
477
477
475
469
466
465
465
463
456
455
455
453
453
448
445
438
438
436
428
428
422
421
418
414
412
412
411
409
408
408
407
404
402
401
399
398
394
394
393
392
392
391
389
389
388
383
383
382
382
380
379
377
376
372
371
369
368
360
360
358
357
356
355
354
353
352
351
351
348
341
341
339
338
335
331
326
325
324
321
319
314
313
312
311
308
307
306
301
300
298
297
295
293
287
287
283
281
279
276
273
265
265
264
262
259
258
254
253
251
248
248
245
243
243
240
240
239
235
233
232
232
231
230
229
228
226
220
217
215
214
212
211
211
207
206
205
204
204
202
202
197
195
192
191
191
187
186
183
182
180
180
179
176
176
174
173
172
169
166
166
166
164
162
160
160
157
155
155
154
151
149
149
149
147
140
136
135
135
132
132
128
124
122
119
119
118
118
117
117
114
112
108
100
99
96
95
94
93
90
90
87
86
83
82
80
79
79
78
76
76
75
74
74
72
70
70
68
66
65
65
65
65
65
64
54
53
50
50
46
43
43
42
32
31
30
27
27
26
26
21
21
21
19
18
14
11
10
9
5
4
1
