500
1500
999
999
997
997
997
996
996
995
993
993
991
991
990
990
988
988
987
986
983
982
981
978
975
975
975
974
970
967
966
965
965
964
964
964
961
960
959
958
955
953
952
951
951
950
949
949
948
948
947
944
944
944
943
943
943
943
943
943
942
939
939
938
937
936
935
934
934
933
933
932
932
931
931
930
929
928
928
926
924
924
924
923
921
918
917
917
917
916
915
914
913
912
911
910
909
908
903
902
902
901
900
900
899
898
898
896
896
895
892
892
891
890
889
889
888
886
885
883
878
873
872
872
871
871
871
870
868
865
863
863
863
862
862
862
855
855
855
854
854
853
850
849
849
847
846
843
842
842
839
839
838
838
837
837
837
836
836
833
833
833
832
831
830
829
828
828
827
825
825
824
823
819
818
818
815
814
814
813
813
812
810
809
808
808
808
807
806
805
802
800
800
800
798
798
796
795
793
793
793
792
791
788
788
786
785
784
784
783
782
780
774
774
774
774
773
772
771
769
768
767
766
766
766
766
765
765
764
764
763
762
761
761
760
759
758
758
757
753
753
751
751
750
749
748
748
748
747
745
745
742
742
740
738
737
735
734
734
733
732
729
729
728
728
728
728
727
726
726
726
724
723
722
720
720
718
716
716
716
714
713
712
712
711
711
710
709
707
707
707
706
706
705
705
702
701
700
699
699
699
699
698
697
695
694
694
692
691
691
690
689
688
688
687
687
685
685
683
681
681
680
679
677
676
675
675
673
672
670
670
670
668
667
667
667
666
665
665
665
664
662
661
660
659
656
656
656
655
654
653
652
651
651
651
651
651
650
649
648
646
644
644
643
642
641
641
640
639
639
638
637
637
637
637
633
632
632
632
627
625
625
625
625
625
625
623
622
621
619
619
616
615
614
614
611
611
610
610
610
609
609
608
608
608
608
607
606
604
602
602
602
601
601
600
599
598
596
596
593
592
590
589
588
587
586
586
585
584
581
581
580
580
579
578
578
575
574
572
571
569
569
568
568
565
563
561
560
558
558
557
557
556
556
552
552
552
551
550
548
547
547
545
542
542
541
541
540
539
538
538
538
536
536
535
535
534
532
529
528
528
527
525
525
524
522
521
521
521
519
518
516
516
513
512
508
507
506
504
503
500
500
