500
5000
998
996
996
994
994
993
993
992
992
990
989
989
988
988
987
987
986
985
985
982
982
979
978
974
972
971
971
969
969
968
968
968
967
966
962
961
961
960
959
959
959
957
955
954
953
952
951
951
950
948
948
948
948
947
946
946
945
941
941
941
940
940
935
934
934
933
933
932
932
931
931
929
928
928
927
926
926
926
926
926
922
921
921
920
917
916
916
916
916
915
912
911
908
907
905
905
904
902
902
902
902
898
898
897
895
894
894
894
894
893
893
892
892
890
889
886
885
882
880
880
878
878
877
877
876
876
874
874
874
874
873
871
870
870
868
867
867
866
865
865
865
865
861
861
860
859
858
854
854
853
853
852
851
851
850
850
850
849
848
847
846
844
839
838
838
836
836
836
834
833
833
832
831
830
830
829
829
827
827
825
825
825
824
823
823
821
821
816
814
812
812
812
810
807
803
803
802
801
800
798
795
794
790
789
788
788
787
786
784
784
782
781
781
781
780
780
779
778
778
777
775
774
772
770
769
768
768
767
766
762
761
760
760
757
757
757
756
756
755
752
751
750
746
746
744
744
744
741
741
741
740
739
739
738
738
738
735
735
732
731
731
730
730
728
728
728
727
727
727
726
725
725
724
723
723
722
722
722
721
717
717
715
714
713
713
713
712
711
710
709
707
707
703
702
702
700
700
700
697
696
696
695
695
694
693
691
690
689
688
687
686
686
685
684
681
681
681
681
680
680
679
678
677
676
674
673
672
670
667
666
665
664
663
662
661
660
660
657
656
654
653
653
650
650
649
648
647
647
645
645
645
642
642
641
641
640
640
639
639
639
638
637
636
634
633
631
629
629
629
628
627
626
626
625
625
624
622
621
615
615
615
613
613
612
611
611
609
608
607
606
606
605
604
602
602
600
600
598
597
597
594
592
590
590
590
589
587
585
584
584
583
583
582
581
581
580
578
575
575
573
572
572
571
571
570
569
569
568
566
566
565
565
565
564
563
563
562
559
559
557
557
557
557
557
555
554
553
552
551
550
549
548
546
546
546
545
545
543
542
542
540
539
538
537
534
532
532
530
529
528
527
527
526
526
526
526
526
526
520
517
511
511
511
510
510
509
509
507
506
506
505
505
505
504
503
502
501
501
501
500
