500
1500
996
996
995
993
993
992
991
990
987
987
986
986
983
983
982
982
982
978
971
971
971
970
969
969
967
967
966
966
965
964
959
956
955
955
954
954
951
951
950
950
949
946
946
946
944
941
940
940
939
939
938
938
937
934
929
929
928
927
925
924
922
921
921
919
917
916
915
914
912
910
910
910
909
908
906
904
902
901
899
898
896
896
896
896
895
894
893
891
891
883
883
881
879
877
874
869
866
864
861
858
856
850
849
848
847
846
846
842
842
837
835
834
830
830
830
829
829
829
825
825
823
816
815
815
815
813
810
810
809
808
804
803
801
801
800
800
799
798
797
792
789
789
786
782
782
778
777
777
776
775
772
771
771
770
769
767
765
765
761
760
760
759
755
754
754
747
747
746
746
746
745
743
739
737
735
734
733
733
731
730
730
729
729
726
724
723
720
718
716
715
713
712
712
711
711
710
706
706
705
704
700
698
697
695
692
692
690
683
679
679
679
678
678
676
676
674
672
671
668
668
665
664
663
658
656
655
653
651
651
649
648
647
646
646
644
644
643
642
640
639
638
637
635
631
630
630
629
629
629
628
625
623
621
621
620
618
617
613
612
608
607
606
605
603
602
601
601
601
601
600
599
598
597
596
595
592
587
586
585
584
584
580
578
578
574
573
570
568
567
562
562
561
561
560
559
558
555
555
554
552
550
550
549
545
544
542
542
539
539
536
532
530
529
529
529
528
527
525
524
522
520
518
518
516
515
512
511
502
501
500
497
495
494
492
487
486
485
484
482
481
476
471
470
466
465
463
462
462
459
458
457
457
454
453
453
452
451
449
448
447
443
440
440
439
438
438
433
432
430
430
421
419
417
417
416
414
413
411
410
409
408
406
406
405
403
401
400
397
395
394
394
392
390
381
380
376
375
375
374
368
366
364
364
360
358
358
358
355
354
353
351
350
348
348
348
347
343
341
337
336
334
331
330
330
330
327
324
320
320
319
312
310
309
309
308
308
306
303
301
301
300
300
299
296
296
295
291
288
286
281
281
279
278
275
274
274
273
273
271
270
269
266
266
262
262
261
260
259
254
254
252
249
249
249
247
244
243
237
236
233
231
226
223
223
221
219
218
218
218
216
215
215
213
212
209
203
202
202
202
201
