500
5000
999
996
995
994
993
991
991
991
989
988
987
985
984
983
983
980
978
977
977
976
975
974
974
974
973
973
972
972
971
971
971
970
969
969
968
965
964
964
962
961
960
960
959
958
958
954
954
952
947
946
946
946
945
945
943
943
942
941
941
940
939
938
937
936
936
936
935
935
935
933
932
931
931
928
927
926
924
921
921
921
921
921
919
918
918
918
917
914
914
914
914
913
913
911
911
911
910
907
905
904
904
904
903
902
900
900
899
899
898
897
896
896
895
893
892
892
891
890
889
888
888
883
882
880
879
879
879
879
878
878
877
877
875
874
874
873
873
872
871
871
870
870
869
868
867
866
865
865
865
863
863
862
861
861
860
859
858
858
857
857
856
855
853
851
850
850
848
848
847
845
844
844
843
841
839
839
838
837
836
835
835
833
833
830
830
828
824
824
824
823
822
822
821
821
819
818
816
816
815
814
813
813
812
808
807
806
804
803
802
802
801
800
799
797
795
793
793
792
792
792
791
789
788
787
787
786
786
785
785
784
783
783
783
782
781
779
779
777
774
773
773
773
772
769
766
765
762
760
760
759
758
757
754
750
746
746
744
742
741
740
738
738
737
737
734
734
734
733
732
732
732
731
730
729
728
728
725
724
724
724
721
719
717
717
717
715
715
715
715
715
714
714
713
712
711
710
709
708
707
706
704
704
703
703
702
702
702
700
699
696
695
694
693
691
690
690
690
690
689
687
687
687
686
686
685
684
684
683
683
683
683
683
682
681
679
679
678
678
675
674
673
673
672
671
669
668
668
664
664
664
664
661
660
658
658
658
657
657
655
654
654
653
653
652
651
649
649
648
647
645
642
642
639
638
638
638
637
636
636
634
634
632
632
631
631
628
627
624
624
624
623
622
622
620
620
619
615
613
613
612
610
607
607
606
604
603
603
602
602
601
600
599
599
598
598
593
591
590
590
590
589
588
587
587
586
586
579
579
578
576
575
574
573
573
573
572
571
567
564
562
562
561
559
559
559
558
557
557
554
553
553
552
552
552
551
551
549
547
547
547
545
545
541
540
537
536
534
528
528
527
526
525
525
524
523
523
519
519
519
519
518
518
516
515
515
515
512
510
509
509
509
508
504
503
503
502
502
502
500
500
