500
4000
998
998
996
996
996
995
995
995
994
993
993
992
992
991
989
988
988
986
985
985
984
983
983
983
983
981
981
981
980
980
978
978
977
977
977
976
976
976
975
974
974
974
974
972
972
972
971
969
969
968
967
967
966
965
964
964
962
962
961
960
959
957
957
956
954
954
952
950
949
948
947
947
947
946
945
944
942
941
940
937
935
931
930
929
928
928
926
926
925
923
923
922
921
921
919
918
917
917
914
914
914
909
909
908
907
907
906
905
903
901
901
901
901
901
899
898
898
896
896
895
894
894
893
893
893
892
892
892
890
888
884
883
882
881
881
880
880
879
878
877
877
876
876
875
872
872
869
868
866
866
865
865
863
862
861
861
861
860
857
854
854
852
851
851
850
849
849
848
848
847
845
845
843
843
842
841
841
840
840
840
839
839
837
836
833
833
832
831
829
825
823
823
822
818
816
815
814
813
813
812
811
811
809
808
808
808
807
807
806
804
802
801
800
800
800
797
795
795
795
793
792
791
791
790
789
789
788
788
787
786
785
785
784
782
780
777
776
776
776
774
773
773
773
772
772
769
768
768
766
763
763
761
756
755
755
753
752
752
751
750
750
750
747
743
741
740
740
740
738
736
735
735
731
730
730
727
726
726
725
724
724
724
723
718
717
717
715
713
713
712
711
710
709
708
708
707
704
702
702
701
698
697
696
693
691
690
690
689
689
687
687
687
685
684
681
680
680
680
680
678
676
675
675
674
674
674
674
674
670
670
667
667
667
664
664
664
661
660
660
659
657
656
654
653
651
651
650
650
648
648
646
646
646
646
645
642
642
642
641
639
637
637
636
634
633
633
633
632
632
630
629
626
626
626
625
623
623
623
623
622
621
620
620
619
618
618
618
616
614
613
613
613
612
612
609
608
605
605
605
604
602
602
602
600
599
598
596
595
595
593
591
590
589
587
586
584
582
582
581
581
580
579
578
578
578
576
576
575
574
573
572
571
571
569
565
563
563
562
562
562
561
561
560
560
559
558
558
556
556
555
551
549
546
546
546
545
545
544
544
543
542
542
542
542
541
539
538
535
535
535
535
534
532
532
531
531
527
526
525
523
523
523
522
521
521
521
518
518
517
515
515
510
504
504
504
503
502
501
500
500
