500
1500
996
995
994
994
994
993
993
992
991
990
989
988
985
982
982
982
982
981
981
980
979
979
979
976
976
972
972
970
969
969
968
967
967
967
964
964
964
958
956
956
955
952
952
951
948
947
944
942
936
934
929
929
927
927
927
925
924
920
917
916
912
912
907
905
904
899
898
897
896
896
895
894
891
887
886
885
883
881
878
876
871
871
870
869
869
869
869
867
867
866
865
864
862
862
861
858
858
857
857
856
855
854
854
853
851
848
848
847
844
844
843
842
842
838
837
836
836
835
834
831
830
827
827
823
822
812
812
812
810
808
804
800
799
795
794
793
791
791
790
785
783
783
781
777
775
775
775
774
773
773
772
767
767
767
765
765
761
759
758
758
758
757
754
753
749
747
745
745
745
742
741
741
741
738
734
733
732
731
731
731
728
728
726
723
723
723
723
721
721
721
719
718
714
714
713
713
713
710
707
705
705
703
703
702
700
699
697
693
693
692
692
690
689
689
686
683
681
679
679
678
674
673
670
667
667
666
664
663
662
659
658
658
656
655
655
655
654
654
653
652
651
650
649
648
648
648
646
645
644
644
641
641
638
638
633
631
630
629
628
628
625
623
622
617
613
613
612
609
607
603
601
601
600
600
599
597
597
597
596
595
591
590
589
588
587
587
586
585
584
584
583
582
580
579
578
576
575
575
574
572
572
572
567
567
566
565
565
561
560
558
556
555
555
551
550
548
547
545
542
541
541
540
538
538
536
534
533
533
532
532
532
530
526
526
524
523
522
518
516
515
515
513
511
510
509
506
499
498
497
497
496
496
491
487
482
480
479
479
476
475
474
473
473
468
467
467
460
458
454
453
452
451
448
446
444
442
438
438
437
436
435
432
428
428
426
426
424
422
418
418
417
415
415
414
414
413
413
412
409
407
405
404
402
402
402
399
395
394
393
390
388
383
382
382
382
382
378
377
375
375
373
372
369
369
368
365
364
357
350
348
346
344
343
342
340
337
334
333
329
328
328
326
326
324
324
320
318
308
307
303
297
297
297
296
293
289
288
286
284
284
282
281
276
274
274
273
271
269
264
264
260
255
255
254
253
253
253
251
248
247
243
239
238
237
234
225
218
218
215
215
213
213
212
212
209
209
208
207
204
203
