500
1000
999
997
997
996
994
993
992
991
990
989
989
989
988
987
986
986
984
984
983
983
982
981
979
977
977
974
973
973
972
972
971
968
966
965
964
963
963
962
960
958
957
957
956
955
953
953
953
951
950
949
948
948
947
946
946
945
943
940
939
938
938
938
937
937
937
937
934
932
929
927
925
925
924
921
921
920
920
920
920
919
918
916
916
914
910
907
906
904
903
902
901
901
899
898
897
897
896
896
894
894
893
893
891
891
888
887
886
886
885
885
884
884
883
881
877
876
876
876
872
870
869
869
868
868
868
868
867
866
864
864
864
863
862
860
856
855
854
853
853
850
848
847
847
846
844
844
844
841
839
839
836
835
834
834
834
833
833
832
832
830
830
829
828
826
825
825
824
822
821
820
819
819
818
818
818
817
816
816
816
816
815
815
815
812
812
810
810
809
809
807
806
805
803
802
801
799
799
797
794
794
793
793
792
787
784
783
783
781
780
780
780
779
778
778
778
778
777
777
776
776
772
772
770
770
770
770
769
768
767
766
764
763
762
759
759
758
758
758
757
756
755
755
753
750
749
748
748
748
748
747
745
745
744
744
742
741
738
737
735
734
734
733
732
732
732
731
731
730
729
726
724
724
724
724
723
722
722
722
721
720
719
719
717
715
715
714
712
711
710
710
710
710
709
707
707
703
702
702
702
701
699
699
699
698
696
696
695
695
694
691
691
690
689
686
685
683
682
682
682
681
681
679
678
676
675
675
675
675
674
673
671
670
670
669
667
667
667
667
667
666
664
663
662
662
661
660
660
654
654
654
653
651
651
650
650
649
649
649
648
647
647
646
646
645
643
643
642
642
641
640
639
638
638
637
637
637
636
636
635
632
632
631
629
629
629
628
627
627
623
623
623
619
618
618
617
616
615
614
614
613
612
611
611
611
611
609
608
608
608
607
607
606
605
603
602
601
597
596
596
596
595
595
594
593
592
591
590
590
590
589
588
586
586
585
585
584
581
581
580
578
577
574
574
574
572
571
571
570
568
568
567
566
564
563
562
561
560
558
555
554
551
545
544
544
544
543
543
543
542
540
540
539
538
537
536
535
533
529
529
526
525
524
524
523
520
520
519
518
517
514
513
512
510
507
505
505
504
504
501
500
