500
4000
994
993
991
989
987
985
984
982
981
979
979
978
977
976
975
972
971
971
970
969
968
966
962
962
961
961
958
957
956
954
953
952
952
951
949
947
946
943
941
940
940
938
938
938
937
937
936
936
935
935
935
934
930
930
930
929
928
927
927
927
926
924
924
923
923
922
921
921
918
917
916
916
915
912
911
909
909
909
908
908
907
907
906
906
906
904
904
900
899
899
899
898
898
897
896
896
895
895
894
894
893
893
891
890
889
888
888
885
885
884
884
883
883
881
880
879
878
877
875
875
872
871
871
870
870
869
869
868
868
867
867
866
866
865
865
864
862
861
861
860
859
857
854
854
851
851
850
849
848
847
846
846
845
845
843
840
838
837
837
837
836
835
835
832
831
828
827
826
824
821
821
820
817
817
816
816
815
815
813
812
812
812
812
811
811
811
805
804
803
802
801
801
800
800
797
796
795
794
793
793
792
791
791
790
790
790
788
787
786
786
785
784
783
783
781
780
777
775
775
774
773
773
772
770
770
769
768
767
765
762
761
760
758
758
756
754
753
753
752
750
749
746
746
746
745
745
744
738
737
736
736
735
734
733
733
731
730
730
730
728
727
727
727
726
724
724
724
722
720
720
719
719
718
717
717
717
716
714
713
710
710
710
708
708
707
707
704
703
701
700
700
700
700
699
697
697
696
696
692
690
689
688
687
687
683
683
682
681
679
679
678
678
677
677
675
673
672
672
670
670
669
665
665
663
662
662
661
660
660
660
660
659
658
657
657
656
656
653
653
652
650
646
646
644
642
641
640
640
639
639
636
636
635
635
633
631
631
629
629
628
628
627
627
625
624
624
624
623
622
621
620
617
617
617
617
616
615
614
613
612
612
612
611
611
610
609
609
609
608
607
607
604
604
603
603
602
601
600
598
595
594
594
594
593
592
591
591
590
589
588
588
587
586
585
585
584
584
582
581
579
579
579
578
577
577
576
576
576
576
572
572
572
571
570
569
567
567
565
563
561
558
555
555
554
552
552
551
551
547
546
546
546
545
542
541
540
540
539
538
538
537
537
536
536
536
535
532
532
532
530
530
529
529
528
528
527
527
527
525
522
521
520
520
519
517
517
516
516
516
515
515
514
509
509
507
504
504
503
502
501
