500
1200
998
995
994
994
994
993
993
991
990
990
986
985
983
983
981
980
979
977
973
970
969
969
968
968
966
966
962
962
962
960
957
957
955
952
952
952
951
951
950
949
948
946
946
945
943
943
942
941
940
938
938
933
930
930
929
929
928
927
925
925
922
922
919
917
917
916
916
916
915
915
913
910
909
907
906
905
904
903
902
901
901
900
897
897
896
895
893
893
893
892
892
891
889
887
886
885
884
884
884
884
882
879
879
876
875
875
869
868
867
865
864
861
860
859
858
858
858
857
855
854
853
851
850
850
849
849
848
847
847
846
842
842
842
839
838
838
837
837
835
834
834
832
832
831
830
830
829
828
828
828
828
827
826
825
825
824
824
823
821
819
818
818
818
817
816
816
816
812
811
810
810
810
809
807
806
803
803
802
801
801
800
799
796
794
792
791
790
789
789
788
788
787
784
783
781
779
779
779
774
773
770
770
770
770
770
769
768
768
767
767
766
765
765
764
764
763
762
762
762
762
761
760
760
759
759
755
754
753
753
753
752
751
749
748
747
744
744
744
742
741
740
740
738
737
736
736
734
734
733
733
732
731
731
729
728
727
724
722
722
721
721
719
718
717
716
715
715
715
715
714
714
713
711
711
710
709
708
705
704
703
701
700
699
698
697
695
694
693
690
687
684
684
683
677
673
673
673
672
672
671
668
668
668
666
665
664
664
663
662
661
660
658
657
655
655
653
651
649
648
648
647
647
645
644
643
642
642
640
639
638
633
633
633
630
628
627
627
626
624
623
621
621
621
620
620
618
617
616
616
615
615
613
613
612
612
610
610
610
609
608
608
608
607
607
606
606
605
605
604
601
601
600
598
596
596
596
595
595
595
594
594
593
592
592
591
591
590
590
589
589
589
587
587
586
586
585
584
584
584
583
582
580
580
578
577
577
576
576
575
575
573
573
572
571
570
568
568
568
567
567
566
564
563
561
561
561
559
559
559
557
557
557
556
553
553
550
549
549
548
548
548
548
546
546
542
542
542
542
542
539
537
537
537
537
536
535
533
533
532
532
531
530
530
530
530
529
527
526
526
524
521
519
518
517
517
514
514
513
513
513
513
513
512
512
511
511
509
509
508
507
506
505
505
503
501
501
501
501
500
500
