500
3000
999
998
998
997
995
995
995
994
991
991
991
990
989
987
987
986
985
985
984
984
982
980
979
978
977
976
975
973
973
972
969
969
967
967
966
966
965
965
964
963
961
960
953
953
953
952
952
952
951
951
951
947
947
946
946
945
943
942
938
937
937
936
935
934
933
932
931
931
931
931
930
928
928
927
926
926
924
923
923
922
921
919
918
918
917
917
917
916
915
915
914
912
912
911
911
910
910
909
905
905
903
902
898
898
896
895
894
893
893
893
892
891
891
890
890
888
888
886
884
884
883
881
880
879
878
878
878
877
876
874
873
872
872
871
870
869
868
865
864
864
861
860
858
857
853
852
850
850
848
848
847
843
842
842
842
839
838
838
838
837
837
837
837
836
836
833
831
826
824
824
824
823
821
821
821
820
819
817
817
816
815
815
814
814
813
813
812
811
809
808
808
806
805
802
801
800
799
797
796
793
792
791
790
788
787
786
786
786
786
783
782
782
779
777
777
776
776
775
772
770
769
769
768
766
766
765
765
764
763
761
760
759
757
756
756
755
755
755
753
751
750
749
749
748
747
746
745
744
740
739
738
737
737
736
736
736
734
733
733
732
732
731
731
730
729
728
728
727
726
726
725
724
722
721
720
719
719
717
716
716
716
715
715
713
710
710
709
706
705
704
703
702
702
701
700
700
699
699
698
698
698
698
696
696
696
694
694
693
693
691
690
690
689
689
689
688
687
686
685
684
683
683
681
680
680
679
678
676
676
675
675
673
670
668
668
667
665
664
664
664
663
663
662
662
660
660
658
658
657
654
653
653
653
653
649
649
649
648
647
646
646
646
645
645
645
643
643
641
641
641
640
639
637
637
636
635
632
631
631
631
630
629
626
626
625
624
622
620
620
619
618
618
612
610
608
605
604
604
604
603
603
601
600
598
598
596
595
593
591
590
590
590
589
588
587
586
584
584
584
583
582
581
578
578
578
576
574
573
573
573
572
569
569
566
564
564
562
561
558
557
556
556
555
555
554
554
553
551
550
550
548
547
546
546
545
544
543
542
542
541
540
540
539
539
537
537
537
535
534
533
533
532
532
530
528
527
526
526
523
523
522
521
520
517
517
515
515
515
515
512
511
509
509
509
506
505
505
503
500
500
