500
1500
999
999
996
995
995
993
993
992
981
980
978
975
974
973
971
971
963
962
961
956
954
949
946
944
944
943
942
939
932
929
924
922
920
919
918
913
912
909
909
909
909
907
907
901
896
891
890
888
888
884
884
878
876
875
871
870
865
864
862
861
856
856
855
854
852
850
848
845
843
840
840
839
837
836
835
834
828
827
821
821
818
818
816
813
811
809
809
808
807
807
805
805
804
802
800
798
798
795
795
794
793
792
791
787
784
784
782
777
776
776
775
773
773
773
772
772
766
765
765
763
763
760
757
755
753
745
745
745
744
738
737
736
735
731
728
727
725
723
723
721
719
718
717
716
716
714
710
710
705
702
702
701
696
696
696
691
687
687
685
683
679
678
678
677
674
673
673
673
669
661
661
658
657
656
654
653
653
650
650
648
646
646
642
641
641
640
639
639
639
637
637
636
632
627
627
626
625
624
621
618
617
616
614
612
610
609
606
604
603
596
592
592
591
590
587
586
584
579
578
575
573
571
569
568
567
566
562
557
557
557
556
555
553
551
545
544
544
541
535
534
532
531
530
528
527
526
523
518
518
514
509
508
503
500
499
498
497
492
491
491
490
489
486
484
481
480
477
475
475
472
470
468
466
463
463
459
457
456
455
454
452
451
448
446
446
445
442
441
440
440
437
437
436
435
433
433
433
429
427
426
420
417
416
416
415
414
412
410
400
398
398
397
395
395
391
389
389
389
386
380
377
374
370
369
366
365
363
363
357
355
354
352
351
349
349
347
344
334
332
326
325
320
319
317
315
312
311
304
304
302
300
298
297
295
293
292
288
288
287
287
287
287
284
284
282
279
279
278
277
274
274
273
272
270
270
262
261
258
255
247
246
241
241
240
240
235
230
230
229
228
225
224
224
219
217
215
215
210
206
204
201
200
200
198
193
192
188
185
178
175
171
170
170
169
169
166
163
160
157
155
152
152
150
147
146
146
145
145
144
142
142
141
134
131
126
125
121
121
120
117
117
117
109
107
106
103
102
101
100
98
95
93
92
90
85
85
84
83
81
78
76
74
73
71
70
69
69
68
68
65
64
63
60
60
50
50
49
45
38
37
36
36
33
29
27
23
23
22
19
16
16
14
13
13
12
12
5
5
3
1
