500
5000
997
996
995
993
991
986
984
984
980
980
974
973
973
973
973
970
969
969
967
967
965
962
958
957
956
954
953
953
953
951
951
950
950
949
949
949
948
948
947
947
945
944
943
943
943
941
941
937
936
931
930
928
928
926
923
921
919
916
911
910
910
907
906
905
904
902
902
901
897
894
893
892
890
890
880
879
878
878
876
876
876
875
872
872
871
870
870
869
868
863
863
863
861
860
859
858
855
855
850
849
848
847
846
844
842
842
836
833
828
828
824
824
822
821
820
820
819
818
816
812
810
810
808
801
800
799
798
795
793
792
791
789
787
786
785
784
783
782
780
772
768
768
768
767
766
764
764
763
753
753
749
749
748
745
740
740
738
738
737
735
733
732
731
730
730
728
728
725
723
721
721
720
719
719
716
716
716
715
709
704
700
700
699
696
693
693
693
691
688
683
679
676
675
673
672
671
667
665
662
662
661
661
658
657
656
656
653
652
652
649
649
649
648
647
646
644
644
643
641
640
640
640
639
634
632
632
628
627
626
626
622
618
618
616
616
614
614
613
613
612
608
607
606
604
603
601
600
599
598
590
583
581
580
579
578
575
574
574
573
571
570
570
568
566
565
565
564
561
560
559
557
554
553
550
550
549
546
546
543
542
542
542
541
540
540
540
538
538
536
535
534
533
533
531
529
527
523
521
515
514
513
509
507
507
506
504
503
502
501
496
489
486
486
486
483
482
477
476
475
472
472
471
471
466
465
464
464
464
464
463
463
462
457
456
453
453
453
452
451
449
448
448
446
445
445
439
438
437
435
435
434
434
431
430
429
427
426
425
423
423
420
418
413
412
410
410
409
409
408
406
398
397
396
396
395
394
392
390
390
390
389
381
381
379
377
372
371
368
367
366
366
363
363
360
360
359
359
355
353
353
352
346
337
336
334
334
333
332
331
330
329
329
325
324
322
321
319
316
315
314
313
313
312
312
311
308
306
303
303
302
300
300
299
297
297
296
296
295
294
293
293
287
284
284
282
282
281
280
278
277
276
275
274
272
272
270
269
267
265
265
261
257
255
253
252
252
251
250
249
246
244
244
244
244
243
243
242
240
238
236
235
233
233
233
232
230
229
226
224
224
224
224
218
217
213
213
207
205
202
201
