500
2000
999
999
998
991
991
989
988
988
987
986
978
977
973
973
973
972
968
967
967
967
965
961
960
959
957
957
956
956
953
948
947
945
944
940
936
936
935
933
932
929
929
928
927
926
923
923
921
919
919
917
916
914
913
913
913
908
905
902
896
892
891
889
888
888
885
884
884
876
875
873
872
870
870
866
863
863
862
862
860
858
857
856
854
854
852
850
849
846
845
845
844
844
844
843
842
841
841
841
839
832
832
831
830
829
825
824
823
823
820
818
817
816
811
811
809
809
804
801
800
799
791
789
786
780
780
779
777
776
775
774
773
770
769
768
768
767
767
764
763
763
761
760
759
759
758
756
755
755
753
752
749
746
746
744
743
743
735
731
731
731
730
728
728
728
725
724
722
718
717
716
715
714
713
712
709
709
709
708
708
706
703
700
700
699
698
696
695
695
692
692
691
690
688
687
684
684
679
676
675
675
674
674
672
666
666
665
665
664
661
659
657
656
653
650
648
647
644
643
643
639
639
639
637
633
632
630
629
629
629
626
622
622
620
620
619
618
617
617
616
610
610
608
606
605
600
598
596
596
595
591
590
590
587
586
585
584
584
583
582
580
579
578
576
576
571
569
564
563
560
560
558
556
556
556
554
552
545
544
539
538
536
535
534
534
533
532
531
531
530
525
522
517
517
514
511
507
506
504
503
502
501
500
500
498
496
494
492
492
492
490
485
484
481
480
479
476
475
474
473
472
472
469
468
467
467
465
464
463
462
461
460
459
458
457
457
452
450
449
449
447
444
443
438
437
437
436
435
433
432
432
429
428
428
427
427
425
425
423
418
417
415
414
413
412
411
408
407
406
406
406
403
398
396
396
395
395
393
391
391
390
387
384
383
382
377
374
372
372
371
370
369
369
369
363
361
361
360
354
350
350
348
347
345
342
340
339
339
337
337
329
329
325
325
325
323
322
321
316
315
314
312
311
311
310
309
307
306
304
303
302
302
300
299
297
297
296
291
290
289
289
288
288
287
286
285
285
284
283
282
282
282
281
280
277
273
271
271
269
267
263
260
258
258
255
255
255
253
252
251
247
246
244
244
242
241
239
238
236
234
233
231
229
228
227
226
224
223
221
216
215
211
210
208
208
207
206
206
206
206
204
