500
5000
999
998
997
997
995
995
993
988
987
983
982
979
978
978
977
975
974
970
969
968
966
965
964
962
960
959
958
957
956
955
955
950
949
943
943
941
941
939
938
938
938
937
935
933
926
926
919
918
917
916
915
914
912
907
906
902
902
900
899
899
898
895
895
892
890
890
888
885
883
883
883
878
876
872
870
869
867
864
861
859
856
855
850
848
845
844
843
841
840
840
840
838
835
834
830
830
829
824
819
819
818
816
815
814
813
812
811
811
808
808
808
807
805
805
802
798
798
795
794
794
790
784
782
782
778
777
776
774
773
771
770
769
768
765
764
763
762
760
759
759
759
755
754
753
752
746
745
745
743
741
741
740
736
736
735
734
733
730
728
727
727
727
722
721
720
718
718
713
711
708
707
706
704
704
702
699
699
697
697
696
696
695
695
695
693
692
691
686
686
683
681
679
678
676
674
673
671
671
670
669
668
667
667
663
662
660
657
655
655
653
653
651
650
649
649
649
648
646
643
641
638
638
634
632
629
628
627
624
622
620
619
616
615
615
614
611
610
609
607
604
602
602
602
601
600
599
599
598
597
595
593
593
593
592
591
585
582
579
579
576
576
575
575
574
574
573
573
572
572
572
571
565
561
559
558
554
554
554
553
550
544
544
539
536
536
534
534
534
533
533
529
529
527
526
526
522
522
520
516
516
515
513
512
511
509
508
507
503
503
500
499
496
495
486
483
481
477
476
475
474
471
469
469
468
468
467
466
465
464
463
462
457
456
454
453
450
447
446
445
444
444
443
443
440
439
438
436
435
434
432
431
430
429
428
422
422
420
419
411
410
408
408
407
403
403
402
402
402
397
396
391
390
389
389
389
386
382
382
381
379
377
377
376
374
372
371
371
368
365
364
364
362
361
361
359
353
353
352
349
347
346
345
342
338
338
337
337
332
332
327
326
326
323
322
321
321
320
319
318
316
316
314
314
313
311
311
310
310
308
304
303
301
299
296
296
295
295
292
290
288
285
284
283
282
282
281
280
280
279
276
275
274
273
271
269
269
267
261
261
257
256
255
255
254
253
253
253
250
249
247
246
239
237
235
234
232
230
229
228
226
226
225
223
222
220
219
217
216
213
212
209
208
206
205
204
203
203
202
201
201
