500
4000
998
996
995
993
992
991
990
989
988
986
986
984
983
981
979
978
977
977
970
968
963
961
959
954
954
950
950
949
943
943
938
936
933
929
928
927
926
926
925
924
924
923
920
920
920
919
918
917
915
915
915
914
913
911
910
908
906
906
903
901
899
897
893
893
892
887
886
885
883
882
877
873
870
869
868
866
865
862
860
854
849
849
848
848
848
847
845
845
845
840
838
838
837
835
832
832
831
830
825
825
823
822
821
820
820
817
815
814
810
806
803
799
798
796
796
795
794
793
792
792
791
790
789
787
785
785
784
784
780
779
778
778
777
777
776
772
771
770
767
760
759
759
755
752
751
749
748
748
747
744
743
738
738
738
735
734
732
732
732
732
724
722
721
718
715
713
713
713
711
709
709
708
705
703
702
701
701
698
697
696
692
691
689
687
687
685
685
684
683
682
681
679
677
676
676
672
671
669
668
666
666
663
661
658
658
655
654
653
650
645
644
643
639
636
634
633
631
631
630
626
625
624
622
622
617
616
613
612
610
609
609
608
604
604
604
602
602
601
600
599
597
594
593
593
592
592
590
590
589
589
588
585
584
581
580
578
578
572
571
570
567
565
562
562
557
557
555
553
553
552
550
548
543
542
541
540
540
540
539
536
531
528
527
526
526
524
524
524
522
521
521
520
518
518
517
515
514
513
511
510
510
509
509
505
503
502
501
499
499
497
497
494
493
492
491
490
486
485
484
483
482
482
482
481
478
478
475
474
474
473
473
470
469
468
466
465
464
462
461
460
458
457
456
449
447
447
445
445
442
442
440
438
438
437
437
432
430
428
427
427
425
420
420
420
419
417
414
414
413
412
411
408
407
406
404
404
402
401
400
400
400
400
396
389
388
385
385
384
383
381
379
378
377
376
376
373
371
370
368
366
364
362
358
356
355
354
354
354
353
352
351
348
346
346
346
344
337
337
336
335
334
334
333
332
328
325
325
325
320
319
318
318
317
308
304
303
301
300
299
294
294
290
290
289
288
288
287
287
286
280
279
278
277
276
276
276
275
275
273
270
268
267
266
265
261
258
257
256
253
252
251
251
249
247
247
245
244
243
233
232
231
231
228
227
226
226
223
223
222
222
218
215
213
211
208
208
205
204
204
200
