500
3000
999
997
994
994
992
988
987
986
985
983
975
973
970
967
965
965
965
965
961
960
960
957
957
956
950
949
945
944
942
942
941
939
936
935
935
933
930
928
925
925
924
923
922
922
916
911
908
907
906
905
902
902
896
895
895
893
893
893
892
890
887
885
885
881
880
879
876
876
871
869
869
864
862
861
860
857
854
849
848
845
843
836
832
829
828
828
826
825
825
824
822
822
820
818
816
814
813
812
812
809
807
806
804
803
799
798
797
797
796
795
792
792
791
788
788
786
785
780
779
777
772
770
770
768
767
761
756
756
756
753
752
752
747
741
739
739
735
734
732
730
730
729
728
728
728
726
725
725
724
724
722
721
717
716
715
713
711
709
708
700
699
697
694
692
690
688
687
686
685
684
684
683
681
681
676
673
669
668
666
664
662
656
654
651
651
649
647
645
641
641
636
631
630
629
628
625
625
624
622
622
617
616
615
610
608
607
606
605
599
598
595
594
593
590
589
583
582
580
578
575
571
571
570
569
567
566
565
564
556
555
554
551
546
546
534
532
532
532
530
527
525
521
520
520
517
514
512
511
508
500
499
499
497
494
494
493
492
491
491
489
487
486
481
481
480
480
474
471
462
461
459
459
457
456
454
453
450
449
448
448
445
445
443
442
440
440
437
437
434
428
428
428
427
426
425
422
421
421
416
414
413
412
410
409
408
408
407
402
401
400
398
398
397
395
395
393
390
382
380
380
379
375
370
370
366
360
359
359
358
356
355
354
350
347
347
345
344
343
342
340
338
336
335
332
332
331
331
330
327
320
320
317
307
307
304
302
298
297
296
294
294
290
289
289
288
287
274
272
272
271
268
267
261
261
261
261
256
254
254
252
250
247
243
240
239
236
233
230
229
227
224
223
221
221
219
218
215
211
211
208
207
196
196
195
194
190
189
185
182
180
178
175
175
173
172
172
172
171
170
168
164
162
156
155
155
155
155
154
154
153
153
152
150
149
149
146
144
141
140
139
136
136
135
134
133
126
126
124
120
118
117
107
103
101
98
95
94
93
91
87
86
85
83
82
81
77
75
73
73
71
71
70
70
57
52
50
49
49
44
43
41
41
38
35
35
32
29
26
26
25
19
15
8
8
5
4
4
2
2
1
