500
5000
996
996
992
990
985
982
979
977
973
970
970
966
965
962
961
959
949
947
947
946
946
946
943
939
939
936
934
929
925
925
922
919
919
916
915
915
910
909
903
897
896
893
886
884
884
882
878
877
877
877
876
875
875
872
871
871
871
870
869
866
861
860
859
857
857
854
854
851
849
846
846
838
837
836
835
833
827
826
824
822
822
822
821
819
818
816
815
811
808
808
803
801
800
799
794
793
793
791
781
781
777
777
774
770
769
769
767
764
762
758
757
756
752
749
748
746
745
740
740
739
737
737
735
734
730
730
728
726
724
723
715
713
704
702
701
693
692
692
690
686
685
685
684
682
682
681
676
676
676
676
675
674
669
669
669
667
666
664
661
656
655
655
655
654
649
645
642
640
638
637
633
632
631
627
627
622
619
611
610
608
607
606
605
604
603
602
602
596
594
593
592
589
586
586
583
581
575
574
571
571
571
571
569
568
566
566
565
562
562
558
557
555
553
553
552
550
549
548
545
545
545
542
542
541
535
534
532
531
519
519
515
514
511
510
509
506
506
506
506
501
499
498
498
497
494
492
492
491
489
489
488
487
485
484
482
482
481
480
475
473
472
471
469
467
467
466
464
460
458
454
450
450
446
446
444
441
441
440
438
437
435
435
429
429
428
428
427
427
424
423
417
414
413
412
410
410
405
405
404
402
399
395
395
389
388
387
383
383
383
379
378
378
372
371
370
368
365
364
363
360
359
356
355
351
350
346
346
345
344
343
337
333
325
323
321
320
319
318
315
315
315
314
312
309
307
306
303
303
302
298
298
294
293
292
291
289
287
284
284
283
279
278
275
272
271
269
268
268
267
264
263
263
262
259
258
256
254
253
251
250
241
239
238
237
236
236
233
231
228
223
220
218
213
211
210
209
199
197
196
196
189
188
185
181
175
173
172
170
163
163
162
162
162
161
159
158
157
154
153
150
150
146
145
142
140
134
133
129
129
127
126
123
118
116
115
111
111
111
109
109
104
102
99
99
97
96
95
93
93
92
92
90
86
86
86
83
80
80
77
73
70
70
69
68
68
68
67
62
60
58
55
55
55
55
53
48
45
40
35
35
34
34
34
33
32
31
31
25
24
21
20
20
16
15
14
12
9
9
7
5
