500
1000
999
999
998
997
997
997
996
996
995
995
994
992
992
992
992
990
988
988
988
988
987
984
983
983
981
980
980
980
979
979
978
976
976
972
971
970
969
968
967
967
966
964
963
963
962
961
961
960
959
959
958
958
958
957
955
954
953
953
951
948
946
944
944
943
943
942
941
941
941
941
940
940
937
935
934
932
930
929
928
928
926
925
925
922
922
922
921
920
920
919
919
918
916
914
914
913
913
913
911
911
910
910
909
908
907
906
906
906
905
905
904
902
902
900
900
898
898
897
896
896
895
895
893
892
892
891
891
891
890
889
889
888
887
886
885
885
885
884
883
883
883
881
880
879
878
876
876
876
873
872
869
867
867
863
861
861
861
860
859
858
858
858
857
857
857
856
855
853
853
852
852
848
846
845
845
845
845
844
844
840
839
839
837
835
834
832
830
830
830
828
826
823
820
819
818
818
817
817
817
816
813
813
812
812
811
808
806
806
806
805
804
803
803
803
801
801
799
795
794
791
790
790
789
788
785
784
784
783
782
782
782
781
780
780
780
779
778
777
777
777
776
776
776
776
770
770
769
769
767
767
766
764
763
762
761
760
759
756
756
755
755
754
752
751
751
748
748
747
744
743
743
743
742
741
740
737
735
734
734
732
729
726
726
723
723
723
722
721
721
720
720
720
720
719
719
716
714
714
713
712
711
711
711
708
708
707
706
704
702
702
701
700
700
700
700
699
698
698
697
695
693
692
692
691
690
689
689
689
688
688
687
685
685
684
683
681
681
676
675
675
673
673
672
671
671
670
666
665
665
661
657
655
655
654
653
652
651
648
648
647
647
647
644
643
642
641
640
640
638
636
636
635
634
634
634
633
633
632
631
631
631
629
629
629
628
627
626
623
622
622
621
620
616
616
615
614
614
613
612
611
609
607
607
606
606
605
605
604
604
604
603
603
603
603
602
602
601
600
600
598
597
597
596
596
595
591
591
590
589
589
589
587
586
585
584
582
581
578
578
576
575
574
573
571
569
569
569
568
568
566
565
563
560
560
558
555
555
553
551
550
549
545
542
542
541
540
540
539
538
537
533
532
530
528
528
525
525
525
525
524
524
522
522
521
519
519
518
517
516
516
516
514
513
512
510
510
508
506
502
501
