500
5000
999
996
996
996
995
993
992
992
989
989
985
983
983
983
982
980
978
977
977
974
974
973
973
972
971
967
966
965
963
960
960
960
959
957
956
955
953
952
949
949
948
948
944
944
941
941
938
937
935
932
932
930
928
928
927
924
924
921
920
920
919
919
919
917
916
914
913
913
911
910
910
910
909
906
904
899
899
899
899
897
893
892
892
892
892
890
889
889
889
885
884
881
878
876
872
871
869
868
866
865
863
862
862
861
854
849
849
848
846
845
844
843
843
839
836
834
828
828
828
828
827
826
823
823
822
821
817
815
813
811
811
811
810
810
808
807
807
806
804
803
803
797
796
795
794
794
794
793
791
790
788
788
788
787
786
784
780
779
774
774
774
768
767
767
767
766
765
761
758
758
757
754
754
753
744
743
742
740
739
739
737
736
735
735
735
733
728
725
725
721
719
717
717
712
708
707
705
704
703
702
702
702
702
701
695
692
691
691
690
690
690
689
688
688
687
686
686
686
682
679
676
675
674
668
663
661
660
659
659
656
656
649
648
647
647
646
645
643
639
638
638
636
635
633
629
628
627
624
624
623
620
618
617
617
616
616
615
612
612
612
609
606
605
604
603
600
596
595
594
593
593
591
589
587
581
581
580
580
578
577
576
576
575
574
573
566
563
562
560
557
554
554
551
545
542
542
539
539
535
534
534
532
531
531
530
530
528
527
527
526
518
517
517
514
513
513
513
510
508
505
501
499
498
498
497
497
496
495
495
494
494
492
489
489
487
486
484
482
480
478
478
476
472
471
468
468
468
467
465
462
460
458
457
457
456
452
451
451
448
442
441
440
439
438
431
431
431
431
430
428
426
425
422
420
420
418
417
417
416
414
413
412
412
408
408
405
404
402
398
395
395
392
389
389
385
380
380
379
377
376
373
369
367
364
363
361
361
358
357
357
351
349
348
347
346
346
344
344
342
341
338
338
337
336
334
331
330
329
328
326
323
322
320
313
313
313
311
310
305
304
302
299
296
295
294
294
291
288
285
279
277
276
275
273
272
270
270
266
265
261
254
251
250
250
248
245
244
243
242
241
236
236
235
235
234
234
233
232
229
228
227
226
225
223
220
218
217
216
216
215
212
212
210
209
208
207
205
201
200
200
