500
4000
998
996
996
996
995
994
994
992
992
991
990
989
989
989
988
986
985
985
985
984
984
982
978
977
977
976
973
972
970
968
968
968
967
967
966
966
964
963
961
960
959
957
955
952
951
948
946
944
941
941
939
938
937
935
935
934
934
934
933
933
932
932
932
931
930
929
929
927
926
925
925
925
923
921
919
919
919
919
918
917
917
917
917
915
914
911
911
911
911
910
910
909
909
908
907
907
906
905
905
902
902
901
900
900
899
898
897
897
896
895
894
893
890
886
885
883
882
881
880
879
878
877
873
872
872
871
871
870
870
870
869
869
868
868
865
864
864
863
863
863
862
862
861
860
860
860
859
858
857
857
855
853
851
850
850
850
848
847
847
847
843
842
842
841
840
839
835
835
835
834
833
831
831
829
828
825
823
822
822
822
822
822
821
821
819
819
817
817
814
814
814
813
812
807
806
806
805
803
802
802
801
800
800
798
798
798
795
794
794
793
792
791
791
790
789
788
787
785
784
782
781
780
780
779
778
777
777
777
777
775
774
773
773
768
764
764
763
763
763
762
759
759
759
758
757
751
745
743
742
742
741
740
738
737
736
735
735
735
735
733
733
732
730
728
727
726
726
724
723
722
720
719
719
718
718
717
717
716
715
713
713
712
712
712
712
709
707
706
706
705
704
703
700
698
696
696
695
695
693
693
693
692
691
690
690
688
687
684
682
680
679
677
677
676
676
676
676
674
673
673
673
673
671
671
668
668
666
665
665
664
663
663
661
659
659
657
656
653
653
652
651
651
650
650
649
649
647
646
646
645
644
644
643
642
641
641
640
640
639
637
636
635
634
634
634
633
631
629
627
627
625
624
623
623
622
622
621
621
620
620
619
618
617
616
613
613
613
613
612
610
610
607
607
605
605
603
602
600
596
595
595
595
595
595
593
593
592
592
592
591
588
588
582
581
581
580
576
575
575
574
574
572
572
572
571
571
571
571
570
570
569
568
568
565
562
562
561
560
558
556
555
555
554
553
553
551
550
550
550
549
548
546
546
546
544
544
543
543
542
541
541
540
539
538
538
537
535
534
534
532
530
527
527
526
524
524
523
523
522
522
519
519
513
512
511
511
511
511
510
509
508
505
505
505
504
504
504
501
501
500
