500
5000
993
992
990
990
987
985
985
983
980
978
975
972
967
967
964
963
963
960
959
959
958
957
953
952
952
951
949
948
944
943
941
941
940
938
936
931
930
929
923
923
922
922
920
919
915
909
904
904
903
902
899
899
898
895
893
893
893
886
882
882
881
877
877
877
874
873
872
872
871
868
867
865
864
864
862
857
849
848
847
845
845
845
844
844
837
837
834
833
832
827
826
825
824
824
824
823
822
820
820
815
812
812
812
811
809
808
808
806
805
805
804
802
800
799
798
796
793
789
786
785
785
785
785
785
784
782
782
780
780
780
779
778
778
775
775
774
774
772
769
768
766
766
765
763
762
760
759
759
758
749
746
744
743
742
739
734
733
732
729
729
728
726
726
725
724
724
722
722
721
720
719
718
717
717
717
715
713
712
710
710
710
708
707
705
705
705
699
699
698
698
697
697
695
693
692
691
681
679
677
677
675
671
668
665
664
663
663
662
661
661
661
659
658
658
658
658
654
653
652
650
649
643
643
638
637
637
637
637
637
636
634
634
633
633
625
622
618
617
617
615
615
614
614
612
611
611
610
607
607
605
604
599
598
598
597
594
593
589
588
587
579
573
572
571
564
564
562
559
558
557
552
549
547
546
542
534
532
530
530
529
528
528
527
526
526
526
525
521
521
519
519
519
518
514
513
510
510
509
509
507
505
502
500
500
499
498
498
497
497
495
494
493
492
491
491
489
482
482
482
481
479
475
475
473
472
471
468
466
464
464
462
460
452
447
445
445
444
444
443
441
441
440
436
435
435
433
433
432
431
431
424
424
423
417
414
412
411
410
408
407
406
404
404
404
403
402
400
397
397
396
395
395
393
392
387
387
386
384
384
382
380
379
376
375
374
373
372
371
367
366
366
365
364
362
358
354
354
353
349
346
345
343
340
338
337
337
337
334
333
332
329
328
328
327
327
327
325
324
324
324
323
323
321
319
318
317
313
313
313
313
312
310
310
309
309
308
305
302
299
298
297
295
294
293
291
291
290
290
289
289
287
286
286
286
284
283
282
279
277
273
272
271
271
264
261
258
257
257
256
253
251
249
248
243
243
242
240
239
239
238
237
234
232
230
230
228
224
220
219
218
216
215
214
214
214
213
211
209
209
203
