500
4000
999
998
998
997
996
996
994
992
990
989
987
983
983
980
978
978
977
977
976
976
974
971
971
970
969
966
966
966
964
964
962
961
960
957
953
953
951
950
949
945
944
942
941
941
939
938
936
935
935
932
931
929
928
927
925
924
924
921
921
921
916
915
914
913
912
911
909
908
908
907
905
904
901
900
897
891
890
889
888
886
883
877
874
871
870
868
864
864
864
863
862
859
859
857
854
853
851
850
849
849
844
836
834
832
831
830
827
824
822
818
813
811
811
810
810
805
805
804
803
802
801
801
801
799
796
796
796
795
795
795
795
793
792
791
788
786
784
782
781
780
780
779
777
775
775
773
767
764
763
763
761
761
760
759
755
753
752
752
752
752
751
751
750
749
748
748
747
747
745
742
740
738
738
738
736
730
729
728
726
726
724
723
720
717
717
716
714
712
711
710
710
706
702
702
701
700
697
697
696
696
695
695
692
691
690
686
686
685
684
683
666
666
665
663
663
661
660
660
658
656
655
653
653
652
652
651
651
651
649
649
647
644
643
642
642
641
641
641
638
636
635
635
634
631
631
631
627
627
627
626
626
624
623
620
620
619
617
616
616
615
611
611
608
607
604
599
599
597
595
595
593
590
589
588
585
584
583
581
581
576
574
572
571
569
567
566
566
564
557
557
557
556
555
552
550
550
546
546
544
543
542
540
539
539
538
533
532
531
530
530
528
528
525
524
521
517
517
510
504
503
500
497
497
495
495
494
494
494
492
492
491
491
490
490
489
489
488
486
484
482
479
478
478
477
477
476
476
473
473
471
469
469
469
467
466
465
465
464
463
462
461
459
458
452
450
449
448
446
446
445
444
443
442
435
426
425
425
423
421
419
416
410
407
404
404
402
401
401
391
390
389
388
386
383
381
380
378
373
373
372
372
371
366
366
364
363
357
356
356
356
355
353
353
352
351
349
348
344
344
342
341
335
334
333
328
327
327
325
324
321
318
318
314
310
310
307
307
304
302
299
299
296
295
295
292
287
287
286
284
280
278
278
278
275
273
272
272
269
269
264
264
264
262
260
258
258
256
255
254
251
250
249
248
245
243
239
238
235
233
232
231
231
231
230
230
230
228
227
225
225
220
219
219
215
214
211
210
209
204
201
