500
5000
999
999
997
997
997
997
995
995
994
993
992
992
990
989
989
988
987
985
985
984
983
981
980
978
977
975
974
972
972
970
970
969
968
966
965
964
963
963
962
962
961
960
959
958
958
956
955
955
955
953
952
952
952
948
948
947
947
944
942
940
937
936
935
935
934
933
932
932
931
931
928
928
927
926
925
924
923
921
920
919
918
917
915
913
912
912
911
911
911
907
906
905
905
902
902
900
899
898
898
897
895
892
892
892
890
890
889
888
887
886
885
885
885
885
883
881
881
881
880
875
874
873
869
868
867
865
865
865
865
865
863
861
861
858
858
853
853
852
852
852
851
849
848
848
848
848
846
845
844
843
841
841
840
840
837
836
835
833
833
833
829
828
828
827
827
825
823
822
822
822
821
817
817
816
816
816
813
813
811
809
809
808
808
808
807
807
807
805
803
802
799
797
797
795
795
793
792
790
790
790
789
786
786
786
784
784
783
781
780
778
777
777
776
775
775
775
774
774
773
773
772
772
771
771
767
766
765
765
763
763
760
760
755
755
754
754
750
747
746
746
745
745
744
744
743
741
741
740
739
738
737
737
737
737
735
735
734
733
733
733
732
731
731
730
730
729
729
727
723
723
722
721
721
720
720
719
719
718
717
715
714
713
711
710
710
708
708
707
706
704
704
703
703
696
696
695
694
693
692
687
686
686
685
685
684
683
682
681
678
678
677
674
671
670
670
666
666
665
664
663
663
662
660
659
659
658
658
657
656
655
654
654
653
653
652
651
649
648
647
646
646
646
643
643
643
642
642
639
635
634
633
633
633
632
631
630
630
630
629
628
628
626
623
623
622
622
618
618
617
616
616
616
615
615
614
614
612
612
612
611
610
608
607
607
607
607
605
603
603
603
601
600
599
599
599
597
596
596
595
593
593
593
593
593
591
591
589
586
585
585
585
584
583
582
581
581
579
578
576
574
571
570
569
569
568
567
566
566
564
560
559
559
558
558
558
558
557
557
557
556
556
556
553
553
552
552
551
548
548
547
546
546
545
545
545
544
542
541
540
539
538
535
534
532
531
530
530
530
529
528
525
525
523
522
519
517
516
514
514
514
513
513
513
512
511
510
509
509
507
507
507
506
504
503
502
502
502
501
501
501
