500
1000
999
999
998
997
994
994
994
993
992
992
991
991
991
989
988
988
988
986
985
984
983
983
982
981
980
980
979
977
977
976
976
974
973
973
972
972
971
971
970
968
967
967
965
963
962
962
962
962
962
961
960
960
960
958
957
955
953
953
952
951
951
950
948
946
946
946
946
945
945
944
944
944
943
941
939
939
938
938
937
936
936
934
934
932
931
930
930
929
928
928
927
926
926
925
925
922
921
921
921
921
919
918
918
918
918
918
917
916
915
909
908
908
907
905
902
902
901
900
900
899
899
898
897
895
895
894
894
894
894
892
891
890
888
888
888
888
888
887
885
883
883
883
882
880
880
878
877
875
872
871
867
866
866
865
865
865
865
859
856
856
856
854
853
853
852
851
848
847
847
845
845
844
842
842
840
839
839
838
835
834
834
831
830
830
830
830
829
826
825
821
819
819
818
818
816
815
815
812
811
810
810
809
809
807
802
802
799
799
796
796
796
794
790
790
787
786
784
784
783
782
782
782
782
781
781
780
780
775
775
774
774
769
766
765
764
763
762
761
760
760
760
759
758
754
753
749
749
749
747
747
746
746
744
742
742
740
740
739
738
733
732
732
732
731
730
729
729
728
727
726
725
724
724
723
721
717
717
716
716
714
712
712
711
711
710
709
707
706
704
701
699
697
697
696
696
696
696
695
694
693
693
692
692
691
689
688
687
685
683
683
682
682
681
681
679
679
676
673
670
665
664
663
663
662
662
661
661
659
658
658
657
657
656
656
656
656
655
655
655
655
654
654
652
652
651
650
650
649
648
645
644
643
642
640
639
639
638
637
637
637
637
636
635
635
634
633
631
631
630
629
628
625
625
623
623
623
622
621
620
620
620
615
615
614
613
611
611
610
609
609
609
608
608
607
605
604
604
603
603
603
602
600
600
596
596
593
593
593
592
592
589
588
588
587
586
586
585
585
583
582
580
580
580
578
578
573
572
572
571
571
570
568
567
567
567
566
566
566
564
564
563
561
560
559
558
556
556
555
551
551
549
549
548
548
548
544
543
543
543
542
541
541
538
537
535
534
533
533
532
532
532
531
530
529
527
526
526
525
525
524
524
522
520
519
519
518
518
518
518
515
512
510
509
507
506
505
505
505
504
504
