500
1500
994
992
991
990
987
987
987
984
982
982
981
979
978
977
973
973
972
970
968
968
962
962
960
959
958
957
956
955
952
949
946
946
946
943
942
942
940
939
938
938
937
935
932
931
931
930
929
926
926
923
918
915
914
913
913
910
909
907
903
902
901
897
896
895
893
893
893
892
892
889
888
887
886
880
880
879
878
875
874
873
871
871
870
869
869
867
867
865
863
860
858
857
856
855
853
852
851
849
846
843
843
843
840
835
835
835
834
834
834
830
829
829
828
828
827
826
826
820
820
818
815
814
813
809
809
807
806
802
801
798
795
794
793
789
787
787
785
779
779
778
778
768
764
762
754
754
753
753
751
750
750
749
748
747
745
739
739
739
738
736
735
735
734
734
734
731
730
726
726
725
720
718
717
715
713
712
711
711
710
709
709
708
707
704
702
702
702
700
698
698
698
697
696
695
695
693
693
690
689
689
687
687
686
686
685
683
679
673
672
671
670
669
668
668
664
661
661
660
657
657
655
654
651
651
650
650
650
646
645
644
644
643
640
639
637
636
633
633
631
627
625
625
624
624
623
622
619
617
615
614
614
613
610
606
605
604
603
601
600
600
593
588
588
586
581
577
576
571
570
570
568
568
564
564
564
562
561
556
556
556
546
546
542
539
538
537
535
535
535
532
531
529
529
527
524
521
521
520
519
519
517
515
514
514
513
511
510
506
505
505
504
500
500
498
498
496
494
494
493
492
491
490
486
486
486
484
483
480
478
478
477
475
474
473
473
468
468
467
467
463
462
459
459
459
458
456
449
445
443
437
436
433
432
429
428
425
424
420
415
414
413
412
412
411
409
408
408
405
401
401
398
397
396
395
392
392
390
389
389
389
387
386
386
385
381
380
379
378
366
366
363
363
361
358
356
354
354
352
345
345
344
344
344
343
341
339
337
337
336
335
334
334
333
331
329
328
317
316
315
315
313
312
310
308
306
305
305
304
303
301
298
297
295
294
292
290
289
288
288
287
285
285
285
285
280
280
280
278
278
277
276
274
272
272
271
270
268
266
266
265
265
264
260
260
259
255
253
252
251
248
245
244
243
243
240
239
239
239
238
238
237
237
233
231
229
229
228
226
225
218
214
214
214
210
209
207
206
205
202
201
