500
3000
998
995
994
992
990
988
987
987
986
986
984
982
982
978
975
974
974
972
972
969
969
965
965
963
962
961
960
960
959
954
954
953
953
953
953
951
950
944
943
943
942
942
941
940
939
939
939
937
928
927
922
922
921
921
917
915
915
915
914
914
914
913
906
906
903
901
899
899
898
897
895
894
893
891
891
889
888
886
882
882
876
875
875
874
871
869
869
866
866
864
861
861
860
859
859
853
847
847
846
843
840
839
838
836
836
833
831
826
822
821
820
818
818
817
814
814
811
811
810
806
804
803
802
802
802
801
799
799
799
798
798
795
793
791
791
790
789
788
786
785
784
781
780
778
777
777
777
776
776
775
770
769
766
763
761
759
756
755
755
753
751
747
745
744
743
740
739
738
738
737
736
735
731
728
727
727
721
720
720
720
717
715
714
712
711
711
706
705
702
701
701
700
697
696
694
692
682
681
681
680
679
678
678
676
675
671
667
663
662
662
662
661
661
660
660
657
656
656
655
655
655
654
652
652
651
651
648
647
646
645
642
639
638
635
635
635
633
632
632
630
629
627
626
626
625
624
624
623
622
617
616
614
613
610
609
605
603
603
597
595
592
589
587
586
585
585
580
578
577
573
573
572
572
571
568
562
562
562
561
561
560
559
555
553
551
551
550
547
546
544
541
539
537
536
533
532
529
526
526
523
520
520
520
517
516
512
511
509
507
507
506
505
503
503
502
500
495
493
493
493
491
491
490
488
487
487
484
478
478
477
477
473
472
468
468
466
465
462
460
459
458
457
456
454
451
451
451
450
449
447
447
447
444
443
442
441
440
439
439
438
437
434
433
426
421
420
420
420
420
418
418
417
409
404
399
399
398
398
391
390
390
388
387
387
386
386
385
385
384
379
376
376
373
366
365
364
363
363
362
359
356
356
355
351
345
342
340
339
338
338
338
337
336
335
334
333
332
331
330
328
328
328
328
327
325
323
323
320
319
317
317
315
314
313
311
307
303
303
302
301
292
290
288
287
283
283
277
275
274
274
273
272
271
270
268
265
265
263
261
259
256
254
253
251
251
250
247
246
246
245
244
243
242
239
237
235
229
229
227
225
223
223
221
218
218
218
215
215
215
214
213
211
211
208
205
204
204
203
202
201
