500
2000
997
996
995
994
994
994
992
992
992
991
989
985
984
976
975
973
973
973
970
970
970
968
964
961
960
955
949
947
947
946
946
946
945
944
944
944
941
939
939
939
937
936
936
936
934
933
931
927
924
921
920
919
918
917
916
915
913
912
912
905
904
903
902
894
893
890
884
879
878
877
870
870
867
865
861
856
854
854
852
850
850
843
840
838
837
830
829
826
825
824
817
815
811
804
800
800
799
796
792
790
787
786
783
783
775
774
774
773
773
772
768
764
764
759
757
756
755
751
737
735
735
734
732
730
726
725
725
723
717
713
712
711
710
708
708
708
699
694
693
690
690
689
687
686
682
678
674
669
668
662
660
660
659
656
652
649
649
648
645
644
643
641
641
641
639
637
637
633
633
631
627
626
622
621
620
620
619
616
616
615
613
613
611
608
606
605
603
603
603
602
599
597
589
588
587
587
584
584
581
581
580
578
577
577
577
576
569
567
566
564
563
562
562
559
558
555
554
553
552
551
550
550
550
548
548
547
545
544
542
537
536
534
533
533
533
530
529
529
527
526
524
523
522
521
520
519
518
517
516
515
515
512
509
509
509
508
507
506
503
503
502
494
494
493
491
491
486
483
481
479
479
476
474
474
472
470
466
466
466
465
459
459
455
450
446
445
445
445
444
443
441
441
439
438
438
436
430
428
425
425
424
422
422
421
420
419
415
408
407
398
394
388
388
386
385
378
378
377
376
376
375
375
374
369
368
361
354
349
349
349
346
346
344
342
335
329
328
326
321
321
319
319
318
317
317
317
316
315
314
313
312
311
311
308
305
304
303
303
301
299
296
295
294
290
290
289
286
286
285
283
282
281
280
280
278
276
273
271
270
269
269
268
266
265
264
263
263
260
259
256
253
248
246
245
245
244
242
239
238
230
229
228
222
222
222
221
218
215
213
211
209
208
206
201
199
197
197
197
197
192
189
188
182
181
176
175
172
167
165
163
163
161
161
158
153
147
146
146
146
145
143
138
137
135
132
131
129
126
125
124
123
118
112
108
108
107
107
105
103
98
96
93
85
82
79
78
76
72
71
68
68
63
62
61
58
51
49
44
44
41
41
34
33
32
31
26
25
25
25
22
12
9
8
8
7
5
5
4
2
1
