500
1000
994
992
991
991
989
989
988
986
984
983
981
980
979
978
978
967
965
965
961
958
957
956
953
952
951
951
950
949
949
948
946
946
945
945
943
943
942
941
938
938
936
936
934
932
932
928
926
926
924
922
921
920
918
918
917
915
911
907
903
903
903
899
898
897
897
897
894
892
888
888
887
887
885
882
879
877
876
873
872
872
869
868
860
858
857
855
854
850
847
845
844
841
840
834
833
831
831
831
830
828
826
826
819
819
818
816
816
815
814
809
808
807
806
804
796
796
791
790
785
785
785
782
777
774
773
770
768
766
765
765
763
763
759
757
751
744
738
737
737
733
732
732
730
724
723
722
721
720
718
714
712
711
710
709
707
704
703
700
699
699
697
696
695
690
687
684
684
683
681
681
679
677
671
671
669
667
667
667
662
660
658
654
645
639
637
634
632
624
620
617
616
616
614
609
608
608
604
604
603
603
603
602
602
601
600
599
598
595
588
585
582
574
571
568
567
566
564
562
562
562
560
559
557
556
549
548
547
546
546
544
543
541
539
536
534
533
531
530
530
528
528
527
523
520
519
515
512
511
511
509
505
504
504
499
495
494
493
489
483
483
482
480
479
479
479
475
475
474
471
468
462
461
461
461
458
456
455
454
453
450
442
439
435
434
432
429
429
425
424
410
404
402
401
395
394
393
393
392
392
388
386
386
386
386
385
383
380
377
373
371
366
365
365
365
364
364
363
357
357
353
353
350
343
342
329
328
328
325
321
318
316
310
309
303
293
293
293
292
292
292
291
288
288
286
284
283
283
283
282
279
276
275
274
272
271
270
270
269
267
264
262
259
256
255
255
254
252
252
250
250
248
248
247
245
245
243
242
241
240
240
237
233
231
230
230
228
228
228
226
223
222
218
214
213
211
206
204
203
201
201
201
201
200
193
190
188
186
183
182
180
179
175
174
173
172
166
161
159
158
157
157
155
152
150
146
146
144
143
143
143
140
139
138
136
136
136
134
131
127
127
126
124
122
122
118
112
111
111
108
108
101
99
98
96
88
86
83
79
75
75
74
72
71
71
71
70
66
66
62
61
58
54
53
48
45
45
41
38
35
34
32
32
29
27
27
24
21
19
18
16
14
13
10
9
9
8
6
3
3
2
