500
4000
999
999
997
997
995
993
992
990
989
987
986
985
985
984
984
983
983
983
982
980
980
979
978
978
977
975
975
975
973
973
972
968
968
968
966
966
964
964
964
962
962
961
961
961
960
959
957
954
954
952
949
944
943
943
939
939
939
938
938
938
938
937
934
931
930
930
930
930
928
928
928
923
922
920
920
918
918
913
912
911
910
909
906
905
905
903
900
899
899
899
898
897
896
895
895
894
893
889
888
886
886
885
884
883
883
883
883
882
881
880
879
878
877
876
875
875
875
875
874
874
874
874
874
874
872
870
867
867
866
864
864
863
862
862
860
860
859
857
856
856
856
855
854
853
853
853
852
852
851
850
849
848
847
844
844
842
839
839
839
838
836
835
834
833
832
831
830
829
828
827
827
827
827
826
825
825
824
821
818
817
817
816
814
814
813
813
813
813
812
812
811
810
810
810
810
809
809
808
806
800
799
799
797
797
797
795
795
795
794
794
793
793
792
791
790
790
790
788
787
787
786
785
784
784
783
783
783
782
782
781
779
779
775
774
772
771
771
770
770
769
765
764
761
760
759
758
756
756
754
751
751
751
750
748
746
746
744
742
742
741
739
737
736
735
735
734
733
733
733
733
732
731
729
729
728
727
727
725
725
725
724
724
724
724
723
723
723
722
719
719
714
714
713
712
712
711
710
710
708
707
705
704
704
704
704
703
703
703
702
702
700
700
697
693
693
692
691
688
688
686
685
683
683
682
680
680
680
680
677
677
674
673
673
672
671
671
670
669
667
667
667
665
665
664
664
660
660
657
656
655
654
654
653
653
653
651
648
647
647
646
645
643
640
638
637
636
636
634
634
632
629
628
628
626
626
625
624
624
624
624
622
622
621
620
620
619
617
615
612
612
609
609
608
607
607
606
606
605
604
603
603
602
599
594
591
589
587
587
587
585
585
584
583
582
582
581
581
580
578
577
577
575
573
571
571
571
569
569
568
567
566
566
564
564
564
563
561
561
557
556
554
552
551
550
550
547
547
545
545
544
544
543
542
542
542
541
539
539
538
538
538
536
534
533
533
531
531
528
527
525
525
525
524
523
523
523
523
521
520
520
520
520
520
520
518
518
517
516
515
512
512
512
511
511
508
502
502
502
501
500
