500
1500
991
983
983
982
979
978
976
976
974
970
967
966
965
965
964
963
963
961
959
955
954
953
949
949
947
945
944
943
939
939
939
937
936
934
934
933
933
931
928
928
927
924
924
924
920
919
918
917
917
912
912
909
904
902
896
892
891
885
884
881
880
879
876
874
872
869
868
865
862
856
854
853
849
848
834
832
831
831
831
830
829
827
819
819
818
817
816
813
812
809
809
807
806
806
805
804
804
803
799
796
792
790
787
786
785
780
778
777
776
776
775
774
773
772
771
771
770
769
767
766
762
762
761
758
758
758
751
748
745
745
742
741
741
740
740
739
735
734
732
731
728
725
721
717
717
712
706
703
695
691
686
685
684
683
680
679
678
678
677
672
670
664
664
663
658
650
649
646
644
642
640
637
636
635
634
632
629
626
626
624
623
622
618
616
615
614
611
609
605
605
601
600
600
598
598
597
597
595
594
590
587
586
584
582
580
577
575
562
561
561
560
559
558
556
553
551
550
546
541
537
534
529
527
523
520
518
517
515
513
512
511
510
510
510
509
503
500
495
490
490
485
485
484
482
479
476
475
465
460
459
453
450
450
445
442
442
440
440
436
434
434
433
431
429
426
423
419
419
415
411
408
403
399
399
397
396
394
394
392
391
390
388
387
386
386
384
380
379
377
377
376
376
375
375
374
372
370
367
360
356
350
343
341
340
339
338
338
337
336
336
336
330
330
326
325
323
323
322
321
319
314
312
308
306
306
305
304
303
300
299
298
296
295
295
294
290
289
287
287
286
286
286
286
281
277
276
271
271
271
267
264
262
262
257
254
251
250
248
247
246
245
241
239
238
235
235
234
232
231
231
229
229
227
224
221
220
220
220
217
216
213
212
211
211
210
208
208
208
205
204
198
198
198
195
194
193
190
185
183
182
182
180
179
177
177
177
176
171
170
170
168
167
167
163
161
160
159
156
155
152
146
145
144
144
143
142
138
136
136
133
133
132
132
131
128
127
126
122
121
117
115
112
106
99
99
95
94
92
92
90
89
88
88
85
83
82
80
78
78
74
74
72
68
68
67
65
61
59
57
56
51
49
47
47
44
43
41
39
31
31
26
24
24
23
23
21
21
20
19
18
18
14
14
12
12
12
7
6
4
4
