500
4000
996
995
994
994
992
991
987
986
979
978
972
971
970
968
968
966
965
964
964
957
953
952
950
949
949
948
947
947
944
944
943
940
939
937
937
933
933
932
931
930
925
923
920
919
919
917
917
917
917
916
916
915
913
912
909
908
908
907
906
906
906
904
901
901
901
901
894
891
890
890
888
886
885
883
880
879
877
876
875
874
870
867
864
863
859
857
848
847
847
846
844
841
841
841
840
838
838
838
834
833
833
829
829
827
825
822
822
820
811
807
807
803
799
797
795
794
793
790
789
788
785
784
784
784
782
780
779
777
776
776
776
774
772
772
767
766
766
765
764
761
758
750
749
749
749
749
747
747
745
745
744
742
742
739
739
737
737
734
734
733
732
729
728
726
726
723
723
722
718
718
717
716
715
714
713
711
711
710
707
703
702
701
701
700
696
696
693
690
685
683
683
679
675
674
671
669
669
665
665
665
665
664
656
654
652
647
647
647
647
645
645
645
645
642
642
641
639
639
638
638
637
635
634
634
634
631
629
628
626
626
624
623
623
623
622
614
613
613
613
612
611
609
607
607
606
605
602
602
601
601
601
596
595
594
593
593
591
590
590
589
586
585
581
581
580
579
577
576
575
571
568
568
566
562
561
559
557
556
554
554
551
550
548
547
544
543
543
541
540
537
537
534
533
532
529
527
525
525
524
524
524
523
523
518
518
517
516
516
516
514
514
513
513
511
510
509
508
507
506
502
501
500
499
498
496
495
495
491
488
483
481
480
478
475
473
471
468
467
467
464
463
460
460
459
457
453
453
448
448
447
447
447
445
442
442
441
441
440
436
434
434
433
430
429
429
425
423
423
422
421
416
415
413
412
410
410
405
404
403
400
400
397
397
396
395
394
391
390
388
388
387
387
384
383
380
376
375
370
365
364
362
361
361
355
353
351
350
349
348
348
347
345
344
344
343
342
341
341
340
335
333
331
330
329
328
326
322
321
320
317
313
312
311
305
304
301
296
296
289
284
280
277
275
274
273
273
271
270
269
267
267
266
263
262
262
260
260
260
260
258
257
255
253
253
252
250
249
247
246
243
241
240
240
238
237
233
228
227
227
224
222
222
221
220
220
219
218
218
217
216
216
215
213
212
209
209
204
203
201
201
