500
1000
999
999
996
987
986
985
984
980
980
975
975
973
973
965
963
957
955
954
949
948
943
943
942
940
940
937
937
934
933
930
929
926
924
922
922
921
915
915
913
912
910
907
906
904
904
903
901
900
900
899
895
895
894
893
893
891
889
889
887
886
886
885
884
884
882
875
873
870
868
868
863
862
861
857
856
855
852
851
849
849
848
842
841
841
840
834
834
833
828
828
828
827
826
825
825
823
822
820
819
809
807
804
802
799
796
795
791
787
787
784
781
781
779
778
776
776
775
774
773
773
771
769
767
763
763
757
751
751
749
748
747
746
742
740
740
739
738
737
737
736
735
734
733
728
727
725
721
720
720
718
714
710
709
707
704
692
691
690
688
685
684
683
681
679
679
677
677
676
675
672
668
668
665
662
661
659
659
657
657
655
651
651
647
646
646
646
640
639
638
637
635
633
631
630
625
624
622
622
621
614
613
610
606
604
603
600
599
599
598
598
594
593
593
593
588
585
584
575
574
573
573
572
570
570
569
566
565
564
564
563
563
559
558
558
558
556
552
547
546
542
542
541
541
538
538
533
531
531
531
531
526
522
521
514
513
512
511
510
509
505
505
504
504
496
492
487
483
483
482
481
475
473
472
468
467
460
460
457
456
455
455
454
452
451
447
446
446
444
437
436
436
433
432
429
427
425
420
417
411
411
407
404
402
395
385
385
383
381
381
381
379
379
379
377
375
375
369
362
361
360
357
350
350
348
348
347
346
345
343
339
337
334
334
334
333
331
331
326
326
321
317
315
309
309
306
304
300
298
296
292
291
287
280
279
278
275
274
272
271
270
270
268
266
266
261
261
259
259
259
258
254
254
251
251
248
247
246
246
242
240
240
237
234
228
222
221
221
220
218
218
214
213
212
211
210
210
209
206
205
204
201
199
198
195
195
190
190
189
189
188
184
183
183
183
182
179
173
170
169
169
165
165
164
163
163
162
161
156
155
149
149
148
144
143
142
140
139
137
135
133
132
131
130
129
128
128
128
127
126
125
124
117
116
113
112
110
108
104
102
100
95
94
90
88
85
82
77
74
69
67
66
64
63
63
63
62
51
48
45
44
43
39
38
34
28
28
27
23
18
18
16
16
13
12
12
10
10
7
3
3
