500
2000
999
998
997
997
995
995
994
990
987
986
984
981
980
978
978
977
973
969
964
955
947
946
946
945
942
941
940
934
931
928
925
922
920
914
914
913
906
905
904
903
901
899
898
898
896
892
891
890
884
879
877
875
865
865
863
859
858
858
856
856
855
849
848
847
847
845
845
843
842
840
837
836
835
834
831
830
829
829
828
823
821
819
818
815
814
813
811
810
809
807
806
800
797
796
796
795
794
794
793
791
791
790
789
788
786
785
783
782
776
773
772
766
764
761
760
760
756
752
750
744
743
741
737
736
733
732
717
717
716
714
714
714
712
709
708
707
706
701
699
695
692
685
683
682
682
678
675
675
674
674
673
671
667
664
661
655
654
651
650
647
645
642
639
639
637
636
634
633
632
629
628
627
624
622
622
621
620
620
619
619
616
616
613
612
610
606
606
602
602
601
595
593
583
582
582
581
579
579
579
578
573
570
569
566
566
564
562
562
562
560
560
558
557
554
544
539
539
538
538
537
536
535
533
532
532
529
524
523
520
519
517
516
513
511
511
510
505
504
502
501
497
495
495
495
491
490
490
485
484
483
482
480
478
473
472
467
464
463
461
459
456
455
454
454
451
449
448
448
445
444
444
442
438
437
436
432
425
423
419
419
418
418
416
410
406
406
401
401
400
398
395
394
387
386
384
382
381
380
378
376
375
367
367
366
365
364
364
364
363
362
361
357
356
354
352
352
351
351
348
347
340
339
337
336
335
331
331
330
330
329
325
323
321
316
314
307
304
297
297
295
291
290
289
288
288
286
284
280
280
276
269
268
265
263
263
263
261
259
257
257
255
254
254
253
253
251
250
250
250
248
247
241
239
239
239
238
238
234
233
233
230
230
229
223
221
221
220
220
220
219
218
215
213
204
200
198
196
196
194
192
185
185
184
183
183
179
179
178
172
171
171
170
163
160
158
158
156
154
153
152
152
149
149
148
146
145
134
132
129
128
128
128
127
127
125
124
124
123
122
119
117
113
113
110
110
108
108
103
102
102
100
99
98
95
93
93
93
87
85
84
84
84
82
80
79
71
68
67
67
64
63
62
60
56
54
53
52
44
35
35
34
31
27
27
26
23
22
21
19
19
17
13
10
6
5
4
3
3
3
2
