500
1500
998
997
997
994
991
990
988
985
983
972
971
969
968
965
962
960
960
958
957
956
955
954
949
948
948
945
942
941
937
933
930
929
927
925
918
918
918
910
910
907
906
904
903
902
901
899
897
896
891
890
889
885
885
885
885
884
882
877
873
872
871
871
871
870
869
869
867
862
862
860
856
856
850
847
845
845
844
841
838
837
835
835
835
831
827
824
823
823
823
816
816
816
813
813
808
807
806
806
805
804
803
798
796
795
794
793
790
788
784
783
782
782
780
779
773
773
772
771
770
768
768
767
767
767
767
766
766
766
764
763
763
762
760
751
751
744
742
740
739
736
732
731
728
723
722
718
713
713
711
708
708
705
704
704
704
700
699
699
699
696
694
691
687
687
683
683
682
681
677
676
676
675
667
665
663
661
659
658
657
657
656
655
652
649
645
643
639
636
635
635
634
632
632
632
630
623
622
621
619
618
617
615
613
612
611
609
608
607
606
601
595
593
591
591
588
588
588
585
582
582
581
580
579
579
579
578
575
574
573
571
570
570
566
560
557
557
557
556
554
553
552
550
543
541
538
533
531
528
527
525
522
517
509
503
502
502
502
502
491
488
482
471
471
470
469
463
459
455
447
447
447
445
444
444
442
440
436
436
433
433
431
431
430
424
420
420
419
417
416
414
411
411
409
409
409
407
404
401
398
398
395
394
387
384
384
382
381
374
374
372
371
365
364
364
363
363
363
362
361
357
357
356
356
349
348
347
346
345
345
345
344
343
342
341
341
341
340
339
337
335
332
330
329
327
326
326
325
322
319
319
318
318
318
316
312
309
309
305
294
287
286
285
284
283
283
281
281
280
280
279
273
272
271
263
263
263
260
251
248
247
244
243
243
237
233
230
227
225
224
223
219
218
211
211
209
209
207
207
207
206
201
201
201
200
193
191
188
184
183
180
179
179
177
164
159
157
151
149
149
146
144
143
141
135
134
132
132
126
121
117
116
115
109
106
100
98
96
93
92
92
92
92
89
85
82
82
76
74
74
74
73
69
68
67
66
65
64
62
62
60
59
58
54
52
52
49
48
47
46
46
45
43
39
37
37
36
35
32
31
29
28
27
27
21
21
18
18
17
17
14
13
12
11
11
10
10
7
5
4
4
