500
3000
996
994
993
991
988
988
987
987
986
984
983
982
979
977
975
975
974
974
973
971
970
970
967
964
962
962
962
959
954
953
953
949
946
946
945
944
943
941
941
940
939
938
937
935
935
934
932
932
927
926
925
923
922
921
918
918
918
916
914
913
912
910
907
902
901
897
896
892
889
887
883
883
882
882
881
879
875
874
874
874
872
868
867
867
865
864
863
862
861
860
859
858
855
852
851
850
849
848
848
847
844
843
841
839
837
837
836
836
833
832
827
827
825
824
824
822
822
822
821
821
820
817
813
812
809
808
807
802
801
800
798
795
794
793
789
788
784
782
779
778
770
770
768
761
761
760
760
759
757
756
755
753
753
752
751
751
751
746
746
742
740
740
739
735
734
733
723
722
720
719
716
714
713
712
712
711
711
709
706
706
706
705
704
704
703
703
701
700
695
694
694
692
690
690
688
688
686
684
682
681
679
677
677
675
674
674
672
672
665
662
659
654
652
652
651
650
650
649
649
648
647
645
643
639
639
637
633
631
630
629
629
625
619
619
618
614
612
610
609
608
608
604
603
598
595
594
593
592
588
585
583
582
582
582
581
580
576
575
572
570
568
562
562
561
558
555
554
548
548
548
548
547
545
544
544
543
543
543
542
541
539
537
537
536
535
535
535
534
533
531
527
527
524
522
515
509
508
508
508
507
507
506
506
506
504
500
498
496
494
494
491
490
489
488
487
487
486
485
484
481
481
480
477
473
469
467
466
463
463
463
460
460
457
457
454
453
451
448
447
446
446
446
446
445
445
444
443
442
440
440
438
437
434
433
432
430
426
423
423
423
418
417
414
413
410
407
405
404
403
403
402
401
400
399
399
395
394
393
393
391
391
390
388
386
383
382
381
380
376
375
375
371
371
370
366
365
364
361
360
360
358
358
356
355
354
353
352
346
345
343
343
343
342
342
339
339
337
336
335
335
334
334
332
331
329
328
328
328
327
327
323
322
322
322
318
312
311
307
307
305
301
300
297
296
294
292
290
289
289
287
287
287
286
285
284
282
278
278
276
275
273
268
260
260
260
256
256
256
255
252
250
250
247
247
245
243
241
239
238
233
232
232
229
228
220
220
220
220
218
216
215
213
213
212
212
212
209
205
204
202
