500
1200
999
998
996
996
996
996
996
995
994
993
992
990
990
990
990
989
988
983
982
981
981
981
980
980
979
976
976
973
973
973
972
971
970
969
969
969
968
967
966
965
964
964
961
960
959
958
958
957
957
956
955
955
952
952
950
948
948
946
946
944
943
943
942
941
940
940
940
940
938
936
935
935
933
931
931
929
929
928
928
926
922
919
919
919
919
915
913
913
913
911
910
909
908
907
904
904
904
903
902
902
900
899
899
899
897
895
893
893
892
892
891
889
888
888
888
887
887
886
886
885
885
884
884
884
884
883
882
879
879
879
879
878
877
877
877
875
874
874
873
871
871
870
867
866
866
866
865
865
862
861
861
859
857
856
855
853
853
850
849
849
845
845
844
843
842
838
837
834
834
833
833
832
832
831
831
831
830
830
830
829
829
828
828
826
825
823
823
823
821
821
821
817
816
816
816
815
813
811
811
811
810
810
810
810
809
808
805
805
804
803
803
803
802
802
801
800
797
794
794
793
793
793
792
792
790
789
789
789
788
786
784
783
779
778
776
775
773
771
770
769
768
765
763
762
761
759
758
757
754
753
752
750
750
749
749
747
746
746
746
744
739
739
738
737
736
735
732
729
729
727
724
722
721
721
720
718
717
716
716
715
715
714
713
713
711
711
709
706
702
702
701
701
700
696
695
694
691
691
691
690
690
690
688
688
688
688
687
685
685
683
683
683
682
682
681
680
680
680
679
679
678
675
675
675
674
673
673
672
670
670
666
665
664
663
662
661
661
661
659
658
655
654
654
653
653
650
648
647
646
645
644
643
642
641
640
640
639
638
636
636
636
636
634
633
629
629
629
628
628
628
626
626
626
623
623
622
620
620
619
618
618
617
616
615
614
614
614
613
610
608
607
604
603
603
603
601
601
598
598
597
595
595
594
591
589
589
588
588
588
587
587
586
583
583
582
580
579
576
576
575
573
572
569
568
568
567
566
566
566
564
561
559
558
557
557
555
555
554
554
553
551
549
546
546
544
540
540
539
539
539
539
538
538
538
538
537
537
537
535
535
532
532
532
531
531
528
527
523
521
517
517
517
516
516
516
515
515
515
514
514
513
513
511
510
509
507
507
507
507
505
504
504
504
503
503
501
501
500
500
500
