500
3000
999
998
998
996
994
990
990
990
990
989
989
989
989
988
988
987
987
986
986
986
985
985
982
982
981
981
981
981
980
977
977
972
970
969
967
967
965
963
963
963
962
961
960
960
959
955
955
955
954
954
954
952
952
952
943
943
942
941
941
940
940
939
938
938
937
936
936
936
934
933
933
933
931
928
926
926
926
925
925
924
924
923
921
920
919
919
918
918
917
916
915
915
915
915
915
914
913
912
911
911
911
910
909
908
908
906
906
904
902
900
900
897
896
894
893
893
892
892
890
889
887
887
885
883
882
881
881
881
880
880
880
880
879
879
878
878
877
876
875
874
873
873
872
872
871
869
868
868
868
866
866
866
865
865
865
865
863
862
860
859
858
858
856
855
854
853
851
850
849
847
846
845
844
843
843
843
841
840
839
838
838
836
835
831
830
830
829
828
828
828
826
824
824
823
822
821
820
820
819
819
818
818
816
814
814
813
813
813
813
809
808
807
807
806
806
806
805
804
801
801
801
800
800
799
797
794
792
791
791
790
788
786
786
786
785
785
785
783
783
783
783
783
783
782
782
780
779
779
777
776
775
774
772
771
771
771
767
766
765
765
763
762
762
762
761
759
758
758
758
756
756
755
753
751
750
750
746
746
744
743
742
741
741
740
738
738
737
734
733
733
733
733
732
730
728
727
726
723
723
722
722
720
719
718
717
716
715
714
714
713
713
713
711
709
709
708
707
706
704
703
703
702
701
701
701
696
694
693
691
691
690
689
685
682
680
679
676
676
673
673
672
671
669
668
664
663
662
661
661
659
658
657
656
654
653
652
652
650
648
646
641
639
638
638
635
635
634
630
630
629
628
627
626
626
625
624
618
616
614
614
614
612
612
612
612
611
610
610
609
607
607
606
606
606
605
605
604
604
603
602
600
597
596
593
592
591
590
590
588
585
584
584
583
582
582
580
580
578
577
576
576
575
575
572
572
571
569
568
565
563
562
562
561
560
559
558
557
557
556
555
553
551
550
548
548
548
548
546
546
546
545
545
544
543
542
539
538
538
537
536
535
535
532
532
532
531
528
527
525
525
523
523
523
522
521
519
519
518
517
516
515
514
513
513
513
513
512
512
512
512
512
511
511
507
506
505
504
503
502
502
