500
3000
999
998
998
995
994
992
991
991
988
988
983
982
981
981
981
980
979
978
977
976
976
976
976
975
974
974
974
973
973
972
971
970
969
968
968
966
966
966
963
962
961
960
960
958
958
958
957
955
953
951
950
949
947
945
944
943
942
942
941
939
939
936
935
935
934
934
930
928
927
924
924
923
922
922
920
920
917
917
917
915
915
912
911
911
910
908
907
906
905
905
904
900
898
898
898
897
897
895
895
894
893
892
891
890
889
887
887
886
884
884
884
882
881
880
875
875
874
872
872
871
870
869
868
867
867
867
862
861
858
857
857
856
856
855
854
854
852
851
849
849
848
847
847
846
845
845
844
842
842
842
841
841
840
840
839
839
839
838
838
837
837
836
835
834
831
831
830
830
829
828
825
825
825
824
823
823
821
820
819
818
818
818
815
813
813
812
812
808
807
805
804
804
803
802
801
799
799
798
795
795
793
793
792
791
790
790
789
789
787
785
785
785
784
781
781
780
780
779
778
778
778
777
776
776
775
775
774
772
772
770
769
768
768
764
763
763
761
761
759
759
758
758
757
756
755
755
753
753
752
752
750
747
747
746
746
744
743
742
742
742
741
741
740
739
739
738
738
738
737
735
734
733
733
732
730
730
730
730
728
728
727
726
724
724
723
722
721
720
720
719
718
717
716
716
715
715
713
711
711
711
710
709
709
709
708
708
708
707
704
703
703
703
699
694
694
693
693
692
689
689
688
688
688
687
687
684
682
682
681
681
679
676
674
674
672
672
672
670
668
668
666
666
663
663
661
660
660
660
659
658
656
654
650
649
649
649
646
646
641
641
640
640
639
637
636
636
635
634
634
633
632
632
629
629
627
627
627
626
625
624
624
624
624
624
622
622
622
620
620
618
618
617
617
616
615
615
614
613
613
611
611
611
610
603
601
600
599
596
596
590
590
589
586
586
585
585
584
582
581
580
576
574
574
574
573
573
572
572
572
572
571
571
568
568
565
563
562
562
561
560
559
559
558
557
557
555
555
554
553
553
552
552
551
549
549
549
548
544
544
543
540
540
539
537
537
536
535
534
530
529
528
527
527
526
525
524
523
520
520
518
517
516
514
513
511
510
508
508
508
508
506
505
505
504
504
503
503
502
502
500
