500
1200
998
998
997
996
996
994
994
993
993
993
992
989
989
985
985
983
983
981
981
980
979
979
978
978
973
971
971
970
969
960
959
956
956
956
954
953
953
952
950
948
947
946
946
944
943
943
942
942
941
941
941
941
941
941
940
936
935
933
932
932
932
931
930
930
927
927
926
926
926
926
923
922
921
920
919
918
917
916
916
916
913
912
912
909
907
906
902
902
902
901
900
899
897
896
895
895
894
894
892
892
892
890
890
889
888
887
886
883
882
882
882
881
881
879
879
878
877
877
876
875
874
874
873
872
871
871
871
869
869
868
868
868
867
867
866
865
864
863
862
862
862
861
861
861
861
860
859
858
856
856
855
852
852
852
851
851
851
850
850
850
848
848
848
847
847
847
846
846
845
840
840
839
839
838
838
836
833
833
831
830
829
829
826
826
823
823
823
822
821
818
817
817
817
814
812
812
812
810
810
808
808
804
804
804
803
803
800
798
798
797
796
796
795
794
794
794
793
793
792
790
790
789
788
788
786
783
782
781
779
779
778
777
776
776
775
771
768
768
767
766
766
764
760
759
759
759
757
756
755
754
751
749
746
745
741
741
740
740
739
738
737
736
732
731
730
730
728
725
725
724
720
719
719
718
717
717
716
716
715
715
715
714
713
712
712
711
711
709
708
708
707
706
705
705
704
702
701
701
700
699
698
698
697
694
692
692
690
690
689
687
686
685
685
685
685
684
684
684
684
682
682
678
677
676
676
674
674
673
673
672
670
670
669
669
668
668
666
664
663
663
661
660
660
657
656
656
656
655
654
652
652
652
650
650
648
648
647
644
640
639
638
637
636
635
633
631
631
631
630
630
629
628
627
627
627
626
625
623
623
623
621
620
620
619
619
619
618
617
617
616
616
616
615
615
614
613
613
610
609
607
606
605
602
602
601
599
599
599
598
598
596
595
595
592
591
585
585
581
580
580
579
578
576
575
575
574
571
571
571
566
566
565
563
562
560
559
558
558
558
557
557
557
554
554
554
553
553
552
552
551
550
548
547
546
545
544
542
540
540
539
539
539
539
536
536
534
532
532
530
530
529
528
524
522
522
522
519
518
518
517
516
515
515
514
514
514
513
513
511
511
509
509
508
508
506
506
503
503
502
500
