500
3000
998
995
994
993
992
989
988
985
984
977
975
974
974
974
973
972
972
972
971
969
968
967
967
963
963
963
962
961
961
961
959
958
958
957
956
956
953
952
952
951
950
948
947
947
944
944
943
942
940
940
939
938
938
938
938
937
935
935
934
933
933
932
931
931
928
928
927
926
926
926
924
923
922
920
920
919
917
916
911
911
909
908
907
901
900
896
896
895
894
893
892
891
889
888
886
886
885
884
878
878
877
876
875
874
874
873
873
873
873
872
872
869
867
864
863
863
863
862
862
862
861
861
860
859
859
858
858
855
855
853
851
851
851
851
849
846
846
845
845
845
844
843
843
843
841
840
840
839
839
838
838
836
835
834
833
833
830
829
829
827
827
825
825
823
823
821
821
820
820
819
817
816
815
809
809
808
808
808
807
806
806
804
800
798
797
796
795
795
794
792
792
790
790
790
788
788
788
788
787
786
786
784
784
783
782
782
781
779
777
776
774
773
773
772
771
771
769
769
768
767
765
764
762
762
760
759
758
757
757
756
756
756
755
755
755
755
754
754
754
751
748
747
745
744
743
743
740
739
739
739
739
736
736
736
733
732
732
731
731
730
730
728
727
725
724
724
723
721
721
720
720
719
717
716
715
715
714
711
711
709
708
708
707
707
706
706
705
704
703
701
697
697
696
695
695
693
693
691
690
689
688
688
685
683
683
682
681
681
681
681
679
678
677
676
673
672
672
672
671
669
668
667
666
663
663
663
662
661
659
658
657
656
656
654
653
649
648
646
646
645
645
644
642
638
637
637
636
635
631
630
630
627
627
627
626
626
625
624
623
622
622
620
619
619
618
617
616
615
613
613
613
611
611
609
608
607
606
604
603
603
603
602
602
601
601
600
598
595
594
594
591
591
590
590
588
587
586
586
586
585
584
581
580
578
578
578
578
578
576
575
572
571
571
571
570
570
570
570
570
570
568
568
568
567
567
566
565
563
561
560
560
558
557
556
555
555
554
553
553
551
551
550
549
547
547
546
545
545
544
544
544
543
542
541
539
538
538
536
535
535
533
533
533
532
532
531
531
531
530
528
527
526
526
526
526
525
523
522
520
519
517
517
513
513
513
513
513
512
511
509
509
505
504
504
504
503
503
503
501
501
