500
1500
999
998
998
998
998
997
997
997
995
994
993
992
990
989
989
989
988
987
986
985
984
984
983
982
981
981
980
980
979
971
971
971
970
969
968
967
964
964
963
963
963
963
962
962
962
961
960
957
957
957
957
952
951
951
950
949
948
947
946
945
945
945
944
943
943
942
941
941
940
940
940
937
934
934
934
933
933
932
932
932
929
926
925
924
923
923
923
922
922
921
920
920
919
919
918
918
917
916
914
914
912
911
910
910
910
909
909
909
907
907
906
906
906
903
903
899
895
895
894
891
890
890
890
890
887
884
883
883
883
882
882
881
881
880
879
879
877
877
876
874
873
871
871
870
870
870
867
867
866
866
864
864
862
861
861
860
860
859
858
858
856
855
855
854
854
853
852
850
849
848
848
843
842
841
840
837
836
834
834
833
831
831
830
829
828
828
827
827
826
826
824
823
823
821
820
819
819
819
819
818
817
816
814
814
812
811
806
804
804
803
802
802
800
800
800
798
798
798
797
796
793
793
792
792
792
790
790
787
786
786
786
785
785
785
784
783
782
781
781
781
779
777
777
774
770
770
769
769
768
768
768
767
766
766
762
761
760
758
756
755
755
754
752
751
751
750
750
748
747
743
743
743
742
742
742
741
741
741
740
739
738
738
737
737
735
735
733
733
732
732
731
730
730
727
727
725
724
723
722
721
719
717
714
714
714
713
710
710
709
708
708
707
703
700
697
697
695
694
694
693
693
693
691
689
689
689
686
683
683
682
681
679
679
678
678
677
675
675
673
673
672
671
671
671
671
670
670
669
668
667
667
666
665
665
664
664
663
661
659
659
658
658
657
657
656
655
655
654
653
652
651
649
648
648
648
645
643
643
642
641
640
640
638
638
637
636
634
632
631
631
630
630
630
626
626
623
623
620
620
619
619
618
617
613
613
610
605
603
602
598
597
597
596
594
594
592
592
592
591
591
590
589
587
587
585
584
580
580
579
578
575
574
574
573
573
573
572
572
571
571
570
567
567
566
565
563
562
562
561
561
560
559
555
553
552
551
551
550
549
548
547
544
542
538
536
536
536
536
534
533
533
532
532
529
528
526
525
521
521
520
520
519
519
519
516
514
514
513
513
510
510
509
508
508
507
505
503
502
502
500
