180 60
42
14
47
79
28
4
25
87
87
66
98
69
17
19
45
5
64
80
16
73
44
8
18
27
18
81
58
70
37
59
1
23
75
36
29
15
59
100
28
93
22
41
90
37
44
94
47
22
29
95
19
3
44
97
28
18
86
4
73
77
86
12
67
55
55
43
44
1
51
67
10
35
99
1
83
17
86
94
54
25
22
49
12
76
44
4
24
17
24
86
4
13
18
85
70
8
67
5
85
82
66
73
31
61
88
16
46
94
22
43
66
50
59
49
67
71
97
94
4
68
84
61
15
45
16
15
25
62
26
1
68
73
50
18
19
14
59
80
70
87
76
25
47
88
18
83
72
41
2
36
26
74
48
7
89
18
44
39
85
58
40
95
61
32
54
66
38
91
72
28
98
61
85
92
100
92
41
91
7
14
