198 66
9
7
48
7
53
97
72
1
78
57
36
12
88
3
85
24
84
14
33
80
83
1
17
59
44
8
10
16
66
31
73
18
59
82
73
58
58
41
8
12
58
94
72
88
44
69
3
89
99
83
53
78
58
86
94
17
29
95
92
72
8
13
33
10
93
78
28
6
92
92
84
82
71
33
5
19
15
14
75
50
53
28
16
38
89
56
78
52
69
85
78
47
21
7
63
46
46
42
33
59
95
55
95
14
39
99
6
40
52
74
48
20
80
18
46
47
1
99
98
42
26
41
100
10
57
44
93
91
75
59
80
89
74
1
65
55
68
31
27
53
76
78
35
21
94
24
41
60
19
29
77
46
54
36
66
27
71
13
81
27
60
61
78
1
75
84
82
7
88
2
69
93
15
42
6
95
31
31
15
99
40
47
63
68
55
49
29
31
25
93
15
88
61
15
46
65
44
20
