180 60
694
321
568
458
215
681
500
292
590
534
388
504
512
261
493
339
676
233
431
446
421
612
249
266
208
636
306
700
362
442
692
603
376
327
421
286
304
181
594
290
496
278
586
555
246
708
474
298
214
374
625
272
544
451
617
666
573
652
291
651
678
459
571
644
501
303
574
674
506
419
715
375
266
681
365
194
505
553
290
338
208
595
706
428
469
268
437
482
491
641
298
495
686
516
290
360
521
188
669
455
551
359
257
583
478
548
686
557
284
561
422
330
664
267
249
259
705
387
579
421
240
613
368
717
551
345
188
599
297
402
524
715
570
532
180
511
419
634
289
320
609
438
212
472
598
400
240
204
700
460
468
203
198
523
488
199
459
393
463
369
556
460
362
325
716
327
225
700
396
243
407
347
363
525
256
207
520
480
371
493
