162 54
221
625
221
239
471
619
422
405
527
564
356
211
600
259
341
566
542
569
441
644
601
605
253
457
178
250
404
261
566
502
432
632
399
477
423
267
225
319
388
275
627
571
504
596
545
502
236
190
425
642
511
176
412
175
213
633
438
363
353
537
579
475
640
178
508
524
206
215
542
424
583
413
527
257
472
491
449
383
445
415
621
520
383
418
462
345
539
172
460
194
521
305
498
584
393
535
532
313
358
346
195
354
504
365
465
425
549
614
443
605
584
219
214
505
317
361
277
646
323
391
240
499
634
296
197
494
606
403
600
275
194
402
293
517
229
297
615
536
526
251
629
494
223
248
308
533
494
494
325
625
558
170
618
419
269
231
355
444
549
567
360
612
