144 48
477
462
328
337
191
291
462
358
196
325
359
470
485
482
414
525
239
551
343
554
232
447
149
324
378
530
496
344
457
356
210
260
447
332
168
328
373
320
248
509
163
198
295
405
534
317
212
448
405
343
331
263
336
164
393
252
554
549
391
357
539
452
180
263
444
224
315
332
181
459
482
372
427
395
472
558
225
307
272
359
242
281
217
546
541
334
453
553
198
266
368
403
512
438
344
381
170
163
354
390
465
280
207
177
144
554
224
326
201
212
449
251
194
153
180
233
253
258
362
210
299
160
422
334
371
573
459
298
240
414
343
163
333
254
447
554
542
540
197
292
242
512
544
227
