144 48
192
465
312
163
255
389
274
461
222
443
250
484
356
163
250
272
402
421
277
295
232
258
553
170
231
378
212
196
220
261
387
427
506
186
223
470
463
166
537
195
454
331
147
184
234
239
145
460
237
484
428
173
429
491
316
217
413
174
266
530
392
520
315
239
457
519
377
232
361
376
219
506
217
214
538
343
157
224
149
347
168
556
423
472
425
455
431
152
474
273
440
470
561
162
467
177
498
324
378
160
206
528
334
365
155
436
468
165
467
518
346
236
247
277
305
275
475
536
292
427
298
561
453
537
272
531
256
529
152
295
430
461
238
570
405
279
547
285
180
343
485
223
484
410
