126 42
281
421
308
340
336
300
468
498
138
353
232
236
243
290
342
356
408
487
205
443
468
188
149
199
391
192
449
279
503
415
199
308
248
263
155
298
483
444
443
339
341
400
476
198
362
492
322
405
190
341
274
466
264
347
267
265
498
371
396
346
194
306
472
429
207
131
329
504
448
410
204
444
126
430
162
439
294
181
193
470
339
392
310
449
490
317
249
257
426
327
418
351
185
178
254
356
213
384
329
496
483
175
401
264
442
248
218
245
269
372
442
458
163
361
134
180
152
427
478
490
286
449
302
471
271
286
