144 48
342
144
201
208
440
491
563
379
543
289
458
559
205
356
208
566
360
393
344
482
184
394
321
340
292
325
262
411
566
451
311
215
441
363
424
446
173
545
383
423
412
566
311
373
224
415
511
458
161
330
152
222
289
412
497
168
280
474
471
547
567
398
466
262
226
421
480
318
554
185
196
187
568
564
352
384
419
283
293
504
187
421
303
158
341
419
309
400
238
366
503
438
285
544
341
496
254
208
565
383
443
321
546
312
379
569
289
424
532
236
533
150
174
152
418
364
510
177
286
434
208
398
145
384
269
533
540
221
293
400
166
374
288
443
354
390
294
507
294
225
455
430
158
566
