180 90
88
58
79
54
64
55
75
74
72
80
57
75
85
94
88
85
69
95
94
72
94
50
69
51
66
73
54
76
76
65
63
73
66
69
89
65
63
76
50
54
60
70
91
61
78
63
79
58
61
57
68
51
71
81
68
97
85
81
54
97
80
81
59
77
58
81
85
62
62
73
56
82
88
95
89
97
66
57
60
51
95
57
73
52
96
68
89
56
68
90
74
93
81
56
68
97
81
80
69
98
57
71
79
80
72
55
81
97
90
68
62
72
97
68
75
80
80
51
65
60
84
74
98
94
74
64
80
60
74
99
75
81
80
51
76
58
59
99
81
79
73
72
61
97
96
83
74
69
75
84
100
56
77
54
66
56
69
84
57
66
55
67
91
99
50
60
72
96
94
69
59
92
82
80
54
92
99
67
100
59
