140 70
110
77
23
133
61
193
34
104
122
64
239
44
59
13
94
4
69
138
48
152
84
124
183
144
111
27
163
128
91
90
134
81
74
91
67
178
126
63
117
151
153
81
194
127
41
136
97
191
45
147
110
108
97
131
125
66
145
108
143
89
98
11
118
96
144
105
154
58
120
120
147
74
73
63
100
85
98
109
152
159
113
14
63
156
100
74
24
127
99
98
76
152
126
133
12
94
109
143
76
70
157
6
143
156
114
129
81
158
109
169
110
140
232
20
183
180
88
56
70
120
117
62
129
150
47
106
112
50
103
28
127
203
20
118
122
197
114
143
108
126
