180 90
125
138
89
111
23
72
38
37
108
88
50
46
180
34
136
135
151
81
47
98
33
24
188
164
81
111
97
100
135
91
44
76
92
43
36
124
135
88
194
149
104
116
162
187
23
75
107
83
167
1
196
90
185
144
88
73
165
69
68
39
162
100
5
84
99
94
82
67
116
96
127
67
147
137
73
91
112
87
111
121
53
60
57
96
93
190
21
92
120
145
130
50
203
95
77
102
115
112
92
117
80
95
34
144
87
69
45
128
143
46
133
82
32
66
19
97
73
163
101
49
128
31
146
111
134
24
53
162
157
35
90
109
102
113
108
130
87
120
45
140
128
26
62
138
65
141
70
127
57
66
142
92
67
81
6
71
203
169
69
128
112
95
110
173
72
132
64
18
80
30
52
113
44
86
175
138
108
95
138
79
