160 80
97
80
129
112
86
130
117
95
86
130
92
186
159
89
163
81
186
53
124
32
61
117
161
126
65
66
144
53
192
271
213
56
129
10
76
54
124
63
77
44
110
153
141
94
141
90
81
19
39
138
112
132
130
67
48
200
89
60
138
108
37
105
128
36
140
156
77
56
85
101
88
112
100
185
56
123
130
85
123
105
69
179
155
61
140
83
77
201
130
13
102
119
78
60
129
57
106
28
74
148
32
48
41
60
88
171
92
110
74
185
86
122
56
58
57
75
134
171
174
137
130
83
83
71
115
159
131
142
122
51
131
96
180
84
52
133
91
52
90
142
131
130
27
172
16
25
140
122
127
83
10
113
80
107
13
119
90
91
83
173
