8075 500000
67210
67210
67210
67210
67210
67210
67210
67210
67210
67210
67210
67210
67210
67210
67210
67416
67416
68066
68066
68066
68066
68066
68066
68066
68066
68066
68066
68066
68066
68066
68066
68066
68066
68066
68219
68219
68219
68219
68219
68219
68219
68219
68219
68219
68219
68219
68219
68219
68219
68780
68780
68780
68780
68936
68936
68936
68936
68936
68936
68936
68936
69150
69150
69150
69150
69203
69203
69203
69203
69203
69203
69203
69203
69203
69203
69203
69203
69203
69203
69203
69203
69203
69665
69665
69665
69665
69665
69665
70455
70455
70455
70528
70528
70528
70528
70528
70528
70528
70528
70528
70528
70528
70528
70528
70978
70978
70978
70978
70978
70978
71037
71037
71037
71037
71037
71037
71238
71238
71238
71238
71238
71238
71238
71238
71238
71238
71238
71238
71238
71238
71238
71238
71238
71650
71650
71650
71650
71650
71650
71650
71650
71650
71650
71650
71650
71650
71650
71650
71650
71650
71650
72360
72360
72360
72360
72360
72360
72486
72486
72486
72486
72486
72486
72486
72486
72486
72486
73156
73156
73156
73156
73156
73156
73156
73156
73298
73298
73298
73298
73298
73298
73298
73298
73298
73298
73298
73298
73298
73298
73298
73298
73298
73298
73298
73298
73465
73465
73465
73465
73465
73465
73465
73465
73465
73465
73465
73465
73465
73465
73465
73465
73465
73465
73465
73465
73883
73883
73883
73883
73883
73883
73883
73883
73883
73883
73883
73883
73883
73883
73883
73883
73883
74398
74398
74398
74398
74398
74398
74398
74398
74398
74398
74398
74398
74398
74398
74398
74398
74398
74398
74398
74702
75212
75212
75212
75212
75212
75212
75212
75212
75212
75485
75485
75485
75485
75485
75485
75485
75485
75485
75485
75661
75661
75661
75661
75661
75661
75661
75661
75661
75661
75661
75661
75661
75661
75661
75661
75661
75661
75661
75661
75894
75894
76032
76032
76265
76265
76265
76265
76265
76265
76265
76265
76328
76328
76328
76328
76328
76328
76328
76328
76328
76328
76328
76328
76328
76328
76328
76328
76328
76328
76328
76402
76402
76402
76402
76402
76402
76402
76402
76402
76402
77226
77226
77226
77226
77226
77242
77242
77242
77242
77242
77242
77242
77242
77242
77242
77242
77242
77242
77242
77977
77977
77977
77977
77977
77977
77977
77977
77977
77977
77977
77977
77977
77977
77977
77977
77977
77977
77977
77990
77990
77990
77990
77990
77990
77990
78259
78259
78259
78259
78259
78259
78259
78259
78259
78259
78259
78259
78303
78303
78303
78303
78303
78303
78303
78303
78303
78303
78303
78303
78303
78303
78743
78743
78743
78743
78743
78743
78743
78743
78743
78743
78743
78743
78743
78743
78743
78743
78743
78995
78995
78995
78995
78995
78995
78995
78995
78995
78995
78995
78995
78995
78995
78995
78995
78995
78995
78995
79179
79179
79179
79416
79416
79416
79416
79416
79416
79645
79645
79645
79645
79645
79645
79645
79645
79645
79645
79645
79645
79885
79885
79885
79885
79885
79885
79885
80237
80237
80237
80237
80237
80237
80237
80237
80237
80237
80237
80237
80237
80237
80237
80237
80270
80270
80270
80270
80270
80270
80270
80270
80430
80430
80430
80430
80430
80430
80430
80430
80430
80430
80430
80430
80430
80602
80602
80602
80602
80602
80602
80602
80602
80602
80602
80602
80683
80683
80683
80683
80865
80865
80865
80913
80913
80913
80913
80913
80913
80913
81055
81055
81055
81055
81055
81055
81055
81055
81055
81055
81055
81055
81055
81055
81055
81228
81228
81228
81228
81228
81228
81228
81228
81228
81228
81228
81228
81228
81228
81228
81228
81228
81734
81734
81734
81734
82819
82819
82819
82819
82819
82819
82819
82819
82819
82819
82819
82819
83068
83068
83068
83068
83068
83068
83068
83068
83068
83068
83068
83068
83068
83068
83068
83068
83068
83068
83068
83597
83597
83597
83597
83597
83597
83597
83597
83597
83597
83597
83597
83597
83627
83627
83627
83627
83883
83883
83883
83883
83883
83883
83883
83883
83883
83883
83883
83957
83957
83957
83957
83957
83957
83957
83957
84606
84637
84637
84637
85228
85228
85228
85228
85228
85228
85228
85228
86333
86333
86333
86333
86333
86333
86333
86333
86333
86333
86333
86333
86333
86333
86333
86333
87038
87038
87038
87038
87038
87038
87038
87038
87038
87038
87038
87038
87038
87038
87038
87038
87038
87038
87038
87989
87989
87989
87989
87989
87989
87989
88351
88351
88497
88497
88497
88497
88710
88710
88710
88710
88710
89399
89399
89399
89399
89399
89399
89399
89399
89399
89399
89399
89399
89399
89399
89399
89399
89399
90063
90063
90063
90063
90063
90063
90063
90063
90063
90063
90140
90140
90140
90140
90140
90140
90140
90140
90140
90322
90322
90322
90322
90322
90322
90322
90845
90845
90845
90845
90845
90845
90845
90845
90845
90845
90845
90845
90845
90845
90845
90845
90845
90845
90845
91250
91250
91250
91250
91250
91250
91483
91483
91483
91483
91483
91483
91483
91483
91483
91483
91779
91779
91779
91779
91779
91779
91944
91944
91944
91944
91944
91944
92007
92007
92007
92007
92007
92007
92007
92007
92007
92007
92007
92007
92007
92007
92007
92007
92035
92035
92035
92035
92035
92273
92273
92273
92273
92273
92273
92273
92273
92273
92273
92273
92273
92273
92812
92812
92812
92812
92812
92812
92812
92812
92812
92812
92812
92812
92812
92812
92895
92895
93201
93201
93201
93201
93201
93201
93201
93201
93348
93348
93348
93348
93348
93348
93348
93348
93348
93348
93348
93348
93348
93348
94046
94046
94046
94046
94046
94046
94046
94046
94046
94046
94046
94046
94046
94046
94239
94239
94239
94239
94239
94239
94239
94239
94239
94239
94239
94239
94239
94239
94239
94290
94290
94290
94290
94290
94290
94290
94290
94290
94290
94290
94322
94377
94377
94377
94377
94377
94377
94377
94377
94377
94377
94377
94377
94377
94377
94377
94377
94377
94695
94695
94695
94695
94695
94695
94695
94695
94695
94695
94695
94695
94695
94695
94695
94695
94695
94695
94695
94695
95406
95406
95406
95406
95406
95406
95406
95406
95406
95406
95406
95518
95518
95518
95518
95518
95591
95591
95591
95591
95591
95591
95591
95591
95591
95591
95591
95591
95591
95591
95591
95659
95659
95659
95659
95698
95698
95698
95698
96590
96590
96590
96590
96590
96590
96590
96590
96956
96956
96956
96956
96956
96956
96956
96956
96958
96958
96958
96958
96958
96958
96958
96958
96958
96958
96958
96958
97203
97203
97203
97203
97203
97203
97203
97203
97203
97203
97203
97203
97203
97203
97203
97203
97203
97203
97203
97295
97295
97839
97839
97839
97839
97839
97839
97839
97839
97839
98384
98384
98384
98384
98384
98384
98384
98384
98384
98384
98384
98384
98384
98384
98384
98384
98518
98518
98518
98518
98518
98518
98518
98518
98518
98518
98555
98555
98555
98555
98555
98555
98555
98555
98580
98973
98973
98973
98973
98973
98973
98973
98973
98973
98973
98973
98973
98973
98973
99028
99028
99028
99028
99028
99028
99028
99028
99028
99028
99028
99028
99028
99028
99028
99028
99028
99028
99028
99028
99303
99303
99303
99303
99303
99303
99303
99303
99303
99303
99303
99303
99303
99303
99303
99303
99671
99671
99671
99671
99671
99671
99671
99671
99671
99671
99671
99872
99872
99872
99872
99872
99872
99872
99872
99872
99872
99872
100766
100766
100766
100766
100766
100766
100766
100766
100766
100766
100766
100766
100766
100766
100766
100766
101052
101052
101052
101052
101052
101052
101052
101052
101052
101052
101052
101052
101052
101052
101052
101052
101052
101249
101249
101249
101249
101249
101249
101249
101503
101503
101503
101503
101503
101503
101503
101503
102144
102144
102144
102144
102144
102144
102144
102621
102621
102621
102621
102621
102621
102621
102621
102621
102621
102621
102621
102621
102621
102621
102621
102621
102621
102621
103143
103143
103143
103143
103143
103143
103143
103143
103143
103143
103143
103143
103143
103143
103551
103551
103551
103551
103741
103741
103741
103741
103741
103741
103741
103764
103764
103764
104316
104316
104316
104316
104316
104316
104316
104316
104316
104316
104827
104827
104827
104827
104827
104827
104827
105200
105200
105200
105200
105200
105200
105200
105200
105200
105200
105200
105200
105200
105200
105200
105200
105570
105570
105570
105570
105570
105570
105570
105570
105570
105570
105570
105570
105570
105570
105570
105570
105570
105570
105570
105570
105788
105788
105788
105788
105788
105788
105788
105788
105788
105788
105788
105788
106085
106085
106085
106085
106085
106085
106085
106085
106085
106085
106085
106085
106085
106085
106085
106085
106085
106085
106085
106221
106221
106221
106221
106221
106221
106221
107127
107127
107127
107127
107127
107127
107429
107429
107429
107429
107429
107429
107429
107429
107429
107429
107429
107493
107493
107493
107493
108665
108983
108983
108983
108983
108983
108983
108983
108983
108983
108983
108983
108983
108983
108983
108983
108985
108985
108985
108985
108985
108985
108985
108985
108985
108985
108985
109475
109475
109475
109499
109499
109499
109499
109499
109499
109499
109682
109682
109874
109874
109874
109874
109874
109874
109874
109874
109874
109874
109874
109874
109874
109874
109874
109874
109874
109874
109874
110325
110325
110325
110325
110325
110325
110325
110325
110325
110325
110325
110325
110705
110705
110705
110705
110705
110705
110705
110705
110705
110705
110705
110705
110705
110705
110705
110705
110705
110705
110705
110749
110749
110749
110749
111110
111110
111110
111110
111110
111110
111110
111110
111110
111110
111110
111110
111110
111110
111231
111231
111231
111231
111231
111231
111231
111231
111231
111231
111231
111231
111231
111231
111231
111231
111231
111231
112346
112346
112346
112346
112346
112346
112346
112346
112346
112346
112346
112346
112346
112346
112346
112346
112346
112346
112346
112674
112674
112674
112674
112674
112674
112674
112674
112674
112674
112825
112825
112825
113396
113396
113396
113396
113396
113396
113396
113396
113396
113396
113396
113396
113396
113396
113396
113396
113396
113396
113396
114698
114698
114698
114698
114698
115287
115287
115287
115287
115287
115287
115719
115719
115719
115719
115719
115719
115719
115719
115719
115719
115719
115719
115719
115890
115906
115906
115906
115906
115906
115906
115906
115906
115996
116027
116027
116027
116027
116027
116027
116027
116027
116029
116029
116029
116029
116029
116029
116029
116029
116029
116029
116029
116029
116029
116029
116029
116029
116029
116029
116029
116787
116787
116787
116787
116787
116787
116787
116787
116787
116787
116787
116787
116787
117149
117149
117149
117149
117149
117149
117149
117149
117149
117492
117492
117492
117492
117492
117492
117492
117492
117492
117492
117492
117492
117492
117492
117492
117492
117492
117492
117823
117823
117823
117823
117823
117823
117823
117823
117823
117823
117823
117823
117823
117823
117823
117823
117823
118006
118006
118006
118006
118006
118006
118006
118006
118006
118006
118006
118006
118006
118006
118006
118006
118292
118292
118292
118292
118292
118292
118292
118292
118292
118292
118318
118318
118318
118318
118318
118318
118318
118318
118318
118318
118318
118318
118318
118318
118318
118318
118318
118318
118318
118494
118494
119380
119380
119380
119380
119380
119380
119380
119380
119380
119380
119380
119380
119380
119999
119999
119999
119999
119999
119999
119999
119999
119999
119999
119999
119999
120032
120032
120032
120032
120032
120883
121344
121344
121344
121344
121827
121827
121827
121827
121827
121827
121827
121827
121827
121827
121827
122199
122199
123043
123043
123043
123043
123043
123043
123043
123043
123043
123043
123043
123043
123043
123043
123053
123053
123053
123053
123457
123457
123457
123457
123457
123457
123457
123457
123457
123457
123457
123457
123625
123625
123625
123625
124361
124361
124361
124361
124361
124361
124361
124361
124361
124361
124361
124361
124361
124522
124522
124522
124522
124522
124522
124522
124522
124522
124522
124522
124522
124522
124522
124522
124522
124522
124522
124522
124522
125081
125081
125081
125081
125081
125081
125081
125081
125081
125081
125081
125081
125081
125081
125081
125081
125081
125081
125081
125081
126474
126474
126474
126474
126474
126614
126614
126614
126614
126614
126614
126614
126614
126614
126614
126614
126614
126614
126851
126851
126851
126851
126851
126851
126851
126851
126851
126851
126851
126851
126851
126874
126874
126874
126874
126874
126874
126874
126874
126874
126874
127118
127118
127118
127118
127118
127118
127118
127118
127118
127118
127118
127118
127118
127118
127926
127926
127926
127926
128102
128102
128102
128102
128358
128358
128358
128358
128358
128358
128358
128358
128358
128358
128358
128358
128358
128358
128358
128358
128358
128358
129073
129073
129073
129073
129073
129073
129073
130228
130228
130228
130228
130228
130815
130815
130815
130815
130815
130815
130815
130815
130815
130815
130815
130815
130815
130815
130815
130815
130815
130815
130815
130815
130817
130817
130817
130817
130817
130817
130817
130817
130817
130875
130875
130875
130875
130875
130875
131114
131114
131114
131114
131114
131114
131114
131114
131114
131114
131114
131114
131114
131114
131114
131114
131114
131251
131251
131251
131408
131408
131408
131996
131996
131996
133256
133256
133256
133256
133256
133256
133256
133256
133256
133256
133256
133256
133256
133256
133256
134553
134553
134553
135046
135046
135046
135046
135046
135046
135046
135046
135046
135240
135240
135240
135240
135240
135240
135240
135240
135240
135240
135240
135240
135240
135240
135240
135240
135240
135240
135240
135240
135486
135486
135486
135486
135486
135486
135486
135539
135539
135539
135539
135539
135539
135539
135539
135539
135539
135716
135716
135716
135761
135761
135761
135761
135761
135761
135761
135761
135761
135761
135761
135761
135761
135801
135931
135931
135931
135931
135931
135931
135931
135964
135964
135964
135964
135964
135964
135964
135964
135964
136632
136632
137019
137019
137019
137019
137019
137019
137019
137019
137019
137019
137019
137019
137019
137019
137019
137019
137019
137019
137208
137208
137208
137208
137208
137208
137208
137208
137208
137208
137208
137588
137588
137588
137588
137588
137588
137588
137588
137588
137588
137588
137588
137588
137588
137588
137588
138309
138309
138309
138309
138309
138309
138309
138309
138309
138309
138309
138309
138309
138309
138309
138309
138522
138522
138522
138522
138522
138635
138635
138635
139366
139366
139366
139366
139366
139366
139366
139366
139366
139366
139366
139366
139366
139366
139366
139366
139366
139366
139366
139514
139514
139514
139514
139557
139765
139765
140423
140423
140423
140423
140423
140423
140423
140423
140423
140619
140619
140619
140619
140619
140836
141014
141014
141014
141014
142824
142824
142824
142824
142824
142824
142824
142824
142824
142824
142824
142824
142824
142824
142824
142824
142824
142824
143197
143197
143197
143197
143197
143197
143197
143197
143197
143197
143197
143197
143197
143197
143197
143267
143267
143267
143267
143267
143267
143267
143267
143267
143267
143267
143267
143267
143267
143267
143267
143267
143267
143267
143348
143348
143348
143348
143348
143348
143348
143348
143348
143348
143348
143348
143348
143348
143348
143348
143348
143348
144317
144317
144317
144317
144317
144317
144317
144317
144317
145248
145248
145248
145248
145411
145411
145411
145411
145411
145411
145411
145411
145570
145570
145570
145570
145570
145570
145570
145570
145570
145570
145570
145570
145570
145570
145570
145570
145570
145570
145570
145570
145982
145982
145982
145982
146204
146204
146204
146204
146204
146232
146232
146232
146232
146232
146232
146232
146232
146232
146232
146232
146232
146232
146232
146814
146814
146814
146814
146814
146814
146814
146814
146814
146814
147360
147360
147360
147360
147360
147360
147360
147360
147360
147360
147489
147489
147489
147489
147489
147489
147489
147489
147489
147489
147489
147489
147489
148139
148139
148139
148139
148139
148139
148139
148139
148139
148139
148139
148139
148139
148139
148139
148139
148139
148139
148865
148865
148865
148865
148865
148865
148865
148865
148865
148865
148865
148865
148865
148865
148865
149013
149013
149176
149176
149176
149176
149176
149176
149350
149350
149350
149350
149350
149350
149350
149350
149350
149350
149350
149350
149350
149350
149350
149350
149350
149350
149350
149399
149399
149399
149399
149399
149399
149399
149399
149399
150316
150316
150316
150316
150316
150316
150316
150316
150316
150316
150316
150316
150316
150316
150316
150447
150447
150447
150447
150447
150447
150447
150447
150447
150447
150447
150447
150447
150447
150447
150447
150447
150447
150447
150447
150678
150678
150678
150678
150678
150678
150678
150678
150678
150678
150678
150678
151437
151437
151437
151437
151437
151437
151437
151437
151437
151437
151437
151437
151437
151437
151437
151437
151437
151437
151437
151465
151465
151465
151465
151465
151465
151465
151465
151465
151465
151465
151465
151465
151465
151465
151465
151830
151830
151830
151830
151830
151830
151830
151830
151830
151830
151830
151830
151830
151830
151830
151830
152593
152593
152876
152876
152876
152876
152876
152876
152876
152876
152876
153343
153343
153343
153343
153343
153343
153343
153343
153343
153343
153343
153343
153343
153343
153443
153443
153443
153443
153443
153443
153443
153443
153443
153443
153443
153443
153443
153443
153443
153443
154623
154623
154623
154623
154623
154623
154623
154623
154623
154623
154739
154739
154739
154739
154739
154739
154739
154739
154739
154739
154739
154739
154739
154759
154759
154759
154759
154759
154759
154759
154759
154759
155529
155529
155529
155529
155529
155529
155529
155529
155529
155529
155529
155529
155529
155529
155529
155529
155529
155529
156007
156007
156804
156804
156804
156804
156804
156804
156804
156804
156804
156804
156804
156804
156804
156804
156804
156804
156804
156804
156804
156804
156972
156972
156972
156972
156972
156972
156972
156972
156972
156972
156972
156972
156972
156972
156972
156972
156972
157190
157190
157190
157190
157190
157190
157190
157190
157190
157190
157190
157190
157190
157504
157504
157504
157504
157504
157504
157504
157504
157504
157504
157504
157504
158108
158108
158108
158108
158108
158108
158108
158108
158108
158108
158108
158108
158108
158942
158942
158942
158942
158942
158942
158942
158942
158942
158942
158942
158942
158942
158942
159220
159220
159220
159220
159220
159220
159220
159220
159220
159220
159220
159220
159220
159220
159220
159220
159220
159220
159220
159220
159290
159304
159304
159304
159304
159304
159304
159304
159304
161342
161418
161418
161418
161418
161418
161418
161418
161418
161418
161418
161418
161418
161418
161418
161418
161418
161418
161418
161418
161418
161570
161570
161570
161570
161570
161570
161570
161570
161570
161570
161974
161974
161974
161974
161974
161974
163753
163753
163753
163753
163753
163753
163753
163753
163753
163753
163753
163753
163753
163753
163753
163753
163753
163759
163759
163759
163759
163759
163759
163759
163759
163759
163759
163759
163759
163759
163759
163759
163759
163759
163759
163759
163829
163829
163829
163829
163829
163829
163829
163858
163858
163858
163858
163858
163858
163858
163858
163858
163858
163858
163858
163858
163858
163858
163858
164619
164619
164653
164653
164653
164653
164653
164653
164653
164685
164685
164685
164685
164685
164685
164685
164685
164685
164685
164685
164685
164685
164685
164685
164685
164685
164685
164685
164685
164986
164986
164986
164986
164986
164986
164986
164986
165196
165196
165196
165196
165196
165196
165196
165325
165325
165325
165325
165325
165325
165325
165325
165325
165326
165326
165326
165326
165326
165326
165326
165326
165326
165326
165326
165326
165677
165677
165677
165677
165677
165677
165677
165677
165677
165677
165677
166102
166102
166102
166102
166365
166365
166365
166365
166365
166365
166414
166414
166414
166414
166414
166414
166414
166414
166414
166414
167011
167011
167011
167011
167011
167011
167011
167011
167011
167011
167011
167011
167011
167126
167126
167126
167126
167265
167265
167265
167265
167265
167265
167265
167265
167265
167265
167265
167265
167265
167265
167265
167265
167488
167488
167488
167603
167603
167603
167603
167686
167686
167686
167686
167686
167686
167686
167686
167686
167686
167861
167861
167861
167861
167861
167861
168143
168385
168385
168385
168385
168385
168385
168385
168385
168385
168385
168385
168385
168570
168570
168570
168570
168570
168570
168570
169465
169465
169465
169465
169520
169520
169606
169606
169606
169606
169606
169606
169606
169606
169726
169726
169726
169726
169726
169726
169726
169726
169726
170180
170180
170997
170997
170997
170997
170997
170997
170997
170997
170997
170997
170997
170997
170997
170997
171286
171286
171286
171286
171286
171286
171286
171286
171286
171286
171286
171286
171286
171286
171286
171286
171286
171286
171500
171500
171500
171500
171500
171500
171500
171500
171500
171500
171500
171500
171500
171500
171500
171500
171500
171624
171624
171624
171624
171624
171624
171624
171624
171624
171624
171624
171624
171624
171624
171624
171624
171624
171624
171624
171923
171923
171923
171923
171923
171923
171923
173006
173006
173006
173006
173006
173006
173006
173006
173006
174720
174720
174720
174720
174720
174720
174720
174720
174720
174720
175368
175368
175368
175368
175368
175368
175368
175368
175368
175368
175368
175368
175368
175368
175543
175543
175543
175543
175543
175543
175543
175543
175543
175543
175543
175543
175543
175543
175543
175543
175763
175763
175763
175763
175763
175763
175763
175763
175763
175763
176585
176585
176585
176585
176585
176585
176585
176585
176585
176585
176585
176585
176585
176585
176585
176585
176585
176585
176585
176585
176712
176712
176712
176712
176712
176712
176712
176712
176712
176712
176712
176712
176712
176712
177656
177656
177656
177656
177656
177656
177938
177938
177938
177938
177938
177938
178730
178730
178730
178730
178730
178730
178730
178730
178950
178950
178950
178950
178950
178954
179011
179011
179011
179011
179011
179011
179011
179011
179011
179011
179011
179011
179011
179011
179011
180293
180293
180293
180293
180293
180322
180322
180322
180322
180322
180545
180545
180545
180545
180545
180545
180545
180545
180545
180545
180545
180545
180545
180545
180545
180545
180545
180545
180545
180545
180548
180548
180548
180548
180548
180548
180548
180548
180548
180548
180548
180548
180548
180548
180548
180548
180548
180548
180697
180697
180697
180697
180697
180697
180697
180870
180870
180870
180870
180870
180870
180870
180870
180870
180870
180870
180870
180870
180870
180870
180870
180870
180870
181346
181346
181346
181346
181346
181346
181346
181346
181346
181561
181561
181561
181561
181561
181561
181561
181561
181561
181561
181561
181561
181561
181561
181561
181561
181875
181875
181875
181875
181875
181875
181875
181875
181875
181875
181875
181875
181875
181875
181875
181875
181875
181875
181875
181875
182835
182835
182835
182835
182835
182835
182835
182835
182835
182862
182862
182862
182862
182862
183015
183015
183015
183015
183015
183328
183328
183328
183328
183328
183328
183328
183328
183328
183726
183726
183726
183726
183726
183726
183726
183726
183726
183726
183726
183726
183726
183726
183726
183726
183825
183825
183825
183825
183825
183825
183825
183825
183825
183825
183825
183825
183825
183825
183825
183825
183825
183825
183825
183825
184353
184353
184353
185355
185355
185355
185355
185355
185355
185355
185355
185355
185355
185355
185355
185404
185404
185404
185404
185404
185404
185404
185404
185404
185404
185404
185404
185404
185404
185404
185404
185404
185404
185404
185588
185588
185588
185588
185588
185588
185588
185588
185588
185588
185588
185588
185588
185588
185588
185588
185588
185588
185878
185878
185878
185878
185878
185878
185878
185878
185878
185878
185878
185878
185878
185967
185967
185967
185967
185997
185997
185997
186087
186087
186087
186581
186581
186581
186581
186581
186581
186581
186581
186581
186581
186581
186581
186581
186581
186744
186744
186744
186744
186744
186744
186744
186744
186744
186744
186744
186744
186744
186744
186744
186744
186744
186947
186947
186947
186947
186947
186947
186947
186947
186947
186947
186947
186947
186947
186947
186947
186947
186947
187098
187242
187242
187242
187242
187242
187242
187242
187242
187242
187242
187242
187242
187242
187242
187242
187616
187758
187758
187758
187758
187758
187758
187758
187758
187758
187758
187758
187758
187758
187758
187758
188102
188102
188102
188102
188102
188102
188102
188102
188102
188102
188102
188102
188102
188102
188102
188102
188102
188102
188102
188219
188219
188219
188219
188219
188219
188219
188219
188284
188284
188284
188284
188284
188284
188284
188284
188284
188284
188284
188284
188284
188284
188284
188284
188284
188284
188683
188683
188683
188683
188683
188683
188683
188683
188683
188683
188683
188683
188683
189316
189316
189316
189316
189316
189316
189316
189316
189316
189316
189316
189316
189316
189316
189316
189316
189316
189958
189958
189958
189958
189958
189958
189958
189958
189958
189958
189958
189958
189958
189958
189958
189958
189958
189958
190259
190277
190277
190277
190277
190277
190277
190277
190277
190277
190277
190277
190277
191202
191202
191202
191202
191202
191202
191202
191202
191202
191202
191202
191202
191202
191202
191870
191870
191870
191870
191870
192056
192056
192056
192056
192370
192370
192370
192370
192370
192370
192370
192370
192370
192370
192370
192370
192370
192481
192481
192481
192481
192481
192481
192481
192481
192481
192481
192481
192481
192481
192481
192481
192481
192481
192481
192481
192481
193034
193034
193034
193034
193034
193034
193034
193034
193034
193034
193034
193034
193034
193034
193034
193034
193034
193034
193034
193034
193055
193055
193055
193055
193055
193055
193055
193055
193055
193055
193055
193055
193084
193084
193084
193084
193084
193084
193084
193084
193084
193084
193366
193366
193366
193366
193366
193366
193711
193711
193711
193711
193711
193711
193711
194056
194056
196195
196195
196195
196195
196195
196195
196195
196195
196296
196296
196296
196296
196296
196296
196296
196296
196296
196296
196314
196314
196314
196314
196314
196314
196314
196314
196314
196314
196314
196314
196314
196314
196573
196573
196573
196573
196573
196573
196573
196573
196573
196573
196573
196573
196573
196573
196573
196573
196587
196587
196587
196587
196587
196587
196587
196587
196587
196587
196587
196587
196587
196587
196587
196587
196587
197775
197775
197775
197775
197775
197775
197775
197775
197775
197775
197775
197775
197775
197775
197775
197906
197906
197906
197906
197906
197906
198157
198157
198157
198157
198157
198157
198157
198157
198157
198157
198157
198157
198157
198157
198157
198157
198157
198241
198241
198241
198241
198241
198241
198241
198241
198241
198241
198241
198241
198372
198372
198372
198372
198372
198372
198675
198675
198675
198675
198675
198675
198675
198675
198675
199245
199245
199245
199245
199245
199245
199245
199245
199245
199245
199245
199245
200209
200209
200209
200209
200209
200209
200209
200209
200209
200209
200209
200209
200209
200209
200209
200209
200209
200209
200209
200468
200468
200468
200468
200468
200468
200468
200468
201211
201211
201211
201211
201211
201211
201211
201211
201211
201211
201211
201211
201211
201825
201825
201825
201825
201825
201825
201825
201825
201825
201825
201825
201825
201825
201825
201825
201825
201825
201825
201825
201923
201923
201923
201923
201923
201923
201923
201923
202110
202110
202110
202110
202110
202110
202110
202651
202651
202651
202651
202651
202651
202651
202651
202651
202651
202726
202726
202726
202726
202726
202726
202775
202775
202775
202775
202775
202775
202775
202775
202775
202775
202775
202775
202836
202836
202836
202836
202836
202836
202836
202836
202836
202836
202836
202836
204372
205821
205821
205821
205821
205821
205821
205821
205821
205821
205821
205821
205821
205821
205821
205821
205821
207116
207116
207116
207116
207116
207116
207116
207116
207116
207116
207116
207116
207116
207116
207116
207116
207116
207116
207116
207116
207557
207557
207557
207557
207557
207557
207557
207557
207557
207557
207557
207557
207557
207557
207557
207557
207557
208061
208061
208061
208061
208061
208061
208061
208061
208061
208061
208358
208358
208358
208358
208358
208358
208358
208358
208358
208358
208415
208415
208415
208415
208415
208415
208767
208767
208767
208767
208767
208767
208767
209063
209063
209063
209063
209063
209063
209063
209063
209063
209063
209063
209063
209063
209063
209063
209063
209063
209063
209063
209063
209484
209484
209484
209484
209484
209906
209906
209906
209906
209906
209906
210182
210182
210182
210182
210182
210182
210182
210182
210182
210182
210182
210182
210182
210182
210182
210182
210182
210182
210182
210409
210409
210409
210409
210409
210409
210443
210443
210443
210443
210443
210443
210443
210443
210443
210443
210443
210443
210443
210443
210443
210443
210443
210443
210993
210993
210993
210993
210993
210993
210993
211048
211048
211048
211048
211048
211048
211048
211048
211048
211048
211048
211048
211048
211048
211048
211048
211048
211048
211048
211048
211218
211263
211263
211263
211263
211263
211263
211263
211263
211263
211263
211263
211263
211263
211263
211332
211332
211332
211332
211332
211332
211332
211332
211332
211332
211332
211332
211332
211332
211332
211332
211332
211609
211609
211609
211609
211609
211609
211609
211609
211609
211609
212540
212540
212540
212540
212540
212540
212540
212540
212540
212540
212540
212540
212540
212540
212540
212540
212540
212633
212633
212633
212633
212633
212633
212633
212633
212633
212718
212718
212718
212718
212718
212718
212718
212718
212718
212718
212718
212718
213011
213011
213011
213011
213011
213011
213011
213011
213047
213047
213047
213047
213551
213551
213551
213551
213825
213825
213825
213825
214036
214036
214434
214434
214476
214476
214476
214476
214476
214476
214476
214476
214476
214476
214476
214476
214476
214476
214476
214476
214476
214912
214912
214912
214912
214912
214912
214912
214912
214912
214912
214912
214912
214912
214912
214912
214912
214912
215070
215070
215070
215070
215070
215070
215070
215070
215070
215070
215070
215070
215070
215070
215070
215136
215136
215136
215136
215215
215215
215215
215215
215215
215215
215215
215215
215215
215215
215215
215215
215215
215215
215215
215215
216268
216268
216268
216268
216380
216380
216380
216380
216380
216380
216380
216380
216380
216380
216380
216380
216380
216380
216380
216380
216390
216390
216732
216732
216732
217342
217342
217342
217342
217353
217353
217353
217353
217353
217353
217353
217353
217353
217353
217353
218523
218523
218523
218523
218523
218523
218523
218523
218523
218523
218523
218523
218523
218523
218523
218523
218523
218523
218848
218848
218848
218848
218848
218848
218848
218848
218848
218848
218848
218848
218848
218848
218848
218848
218848
218893
218893
218893
218893
218893
218893
218893
218893
218893
218893
218893
218893
218893
218893
218893
218893
218893
218893
218893
218893
218995
219493
219493
219493
219493
219493
219493
219493
219493
219493
219493
219493
219493
219493
219772
219772
219772
219772
219772
219772
219772
219772
219772
219772
219772
219772
219772
219772
219772
219772
219772
219795
219795
219795
219795
219795
219795
219795
219795
219795
219795
219820
219820
219820
219820
219820
219820
219820
219820
219820
219820
219820
219820
220024
220024
220957
220957
220957
220957
220957
220957
220957
220957
220957
220957
220957
220972
220972
220972
220972
220972
220972
220980
220980
220980
220980
220980
220980
220980
220980
220980
220980
220980
220980
220980
220980
220980
220980
220980
221269
221269
221269
221269
221269
221269
221269
221269
221269
221269
221269
221269
221269
221269
221269
221269
221761
221761
221761
221761
221761
221761
221761
221761
221761
221761
221761
221761
221761
221761
222025
222025
222025
222025
222025
222025
222025
222025
222025
222025
222025
222025
222025
222025
222025
222025
222025
222025
222025
222025
222217
222217
222217
222217
222217
222217
222217
222217
222217
222217
222217
222217
222217
222217
222217
222217
222217
222217
222217
222217
222397
222397
222397
222397
222397
222397
222397
222397
222397
222397
222397
222397
222397
222397
222397
222397
222498
222498
222498
222498
222498
222498
222498
222498
222498
222498
222498
222498
223059
223059
223059
223059
223059
223059
223059
223059
223059
223059
223059
223059
223059
223059
223059
223697
223697
223697
224676
224676
224676
224676
224676
224676
224676
224676
224676
224676
224676
224676
224676
224676
224676
224753
224753
224753
224753
224753
224753
224962
224962
224962
224962
224962
224962
224962
224962
224962
224962
225311
225311
225311
225311
225311
225311
225534
225534
225534
225881
225881
225881
225881
225881
226033
226033
226033
226033
226033
226033
226033
226033
226033
226033
226033
226033
226033
226033
226833
226833
226833
226833
226833
226833
226833
226833
226833
226833
226833
226865
226865
226865
226865
226865
226865
226865
226865
226865
226865
226865
226865
226865
227503
227503
227516
227516
227516
227516
227516
227516
227695
228460
228460
228460
228460
228460
228460
228460
228460
228460
228460
228460
228460
228460
228460
228460
228590
228590
228590
228590
228590
228590
228590
228590
228628
228628
228628
228628
228628
228628
228628
228628
228628
228628
228628
228628
228628
229355
229355
229355
229355
229355
229355
229355
229355
229355
229355
229355
229355
229355
229355
229355
229355
229355
229355
229355
229355
229381
229381
229381
229381
229381
229381
229381
229435
229435
229435
229435
229435
229435
229435
229435
229435
229435
229435
229435
229435
229435
229435
229435
229435
229435
230187
230187
230187
230187
230187
230187
230187
230187
230187
230187
230187
230187
230187
230187
230421
230421
230421
230421
230421
230421
230421
230421
230421
230421
230421
230421
230421
230421
231238
231238
231238
231238
231238
231238
231238
231238
231238
231238
231238
231266
231266
231266
231266
231266
231266
231266
231266
231266
231266
231266
231266
232100
232100
232100
232100
232100
232100
232100
232237
232237
232237
232237
232237
232237
232237
232237
232237
232237
232237
232237
232237
232237
232237
232237
232326
232326
232326
232326
232326
232326
232326
232326
232326
232326
232326
232326
232326
232326
232326
232326
232326
232326
232326
232326
232515
232515
232515
232515
232515
232515
232515
232515
232515
232515
232515
232515
232515
232515
232515
232515
233101
233101
233101
233101
233101
233101
233101
233101
233101
233101
233101
233101
233101
233101
233101
233101
233101
233564
233564
233564
233564
233564
233647
233647
233647
233647
233647
233663
233663
233663
233663
233952
233952
233952
233952
233952
233952
233952
233952
233952
233952
233952
233952
233952
233952
234076
234076
234076
234076
234076
234076
234076
234076
234076
234076
234076
234076
234647
234647
234647
234647
234647
234647
234647
234647
234647
234749
234749
234749
234749
234749
234749
234749
234792
234792
234792
234792
234792
234792
234792
234792
234792
234792
234792
234792
234792
234792
234792
234792
234792
235313
235313
235313
235313
235313
235313
235671
235671
235671
235671
235671
235856
235856
235856
235856
235856
235856
235856
236266
236266
236266
236266
236266
236266
236266
236266
236266
236266
236266
236266
236266
236266
236266
236266
236266
236266
236400
236400
236400
236400
236400
237425
237425
237453
237453
237453
237453
237453
237453
237453
237453
237453
237453
237453
237453
237453
237453
237453
237453
237453
237453
237453
237849
237849
237849
237849
237849
237849
237849
237849
237849
237849
237849
237849
237912
237912
237912
237912
237912
237912
237912
237912
237912
237912
237912
237912
237912
237912
238052
238052
238052
238052
238052
238052
238052
238210
238210
238210
238210
238210
238210
238210
238210
238210
238210
238295
238909
238909
238909
238909
238909
238909
238909
238909
238909
238909
238909
238909
238909
238909
238909
238909
238909
238921
238921
238921
238921
238921
238921
238921
238921
238921
238921
238921
238921
238921
238921
238921
238921
238921
238921
238921
238994
238994
238994
238994
238994
238994
238994
238994
238994
238994
238994
238994
238994
238994
238994
239020
239020
239020
239020
239020
239020
240079
240079
240079
240079
240079
240079
240079
240079
240079
240079
240079
240079
240079
240502
240502
240502
240502
240502
240502
240502
240502
240502
240502
241047
241047
241047
241047
241047
241047
241047
241047
241047
241047
241047
241047
241047
241047
241047
241047
242149
242149
242149
242149
242149
242149
242935
242935
242935
242935
242935
242935
242935
242935
242935
242935
242935
242935
242935
242935
242935
242935
242935
243230
243230
243230
243230
243230
243230
243230
243230
243230
243230
243230
243230
243230
243230
243230
243230
243230
243230
243230
243264
243264
243264
243264
243264
243264
243264
243264
243264
243264
243264
243264
243264
243530
243530
243530
243530
243530
243530
243530
243530
243530
243530
243530
243530
243530
243530
243530
243530
243530
243530
243530
243530
243560
243560
243560
243560
243560
243560
243560
243560
243560
243560
243560
243560
243560
243560
243560
243934
243934
243934
243934
243934
243934
243934
243934
243934
243934
243934
243934
243934
243934
243934
243959
243959
243959
243959
243959
243959
243959
243959
243959
243959
243959
243959
243959
243959
243959
244224
244224
244224
244224
244224
244224
244224
244224
244224
244224
244224
244224
244224
244746
244746
244746
244746
244746
244746
244746
244746
244746
244746
244746
244746
244746
244746
244746
244746
244746
244746
244746
244746
244866
244866
244866
244866
244866
244866
244866
244866
244866
244866
244866
245136
245136
245136
245136
245136
245136
245136
245136
245136
245316
245316
245316
245316
245316
245316
245316
245316
245316
245316
245316
245316
245316
245316
245316
245450
245450
245450
246145
246145
246145
246145
246145
246145
246691
246691
246691
246691
246691
248929
248929
248929
248929
248929
248929
248929
248929
248929
248929
249059
249059
249059
249059
249061
249061
249061
249061
249061
249061
249061
249061
249061
249061
249480
249480
249480
249480
249480
249480
249480
249480
249480
249480
249480
249480
249480
249480
249480
249480
249480
249480
249480
249566
249566
249566
249566
249566
249665
249665
249665
249665
249665
249665
249665
249665
249665
249665
249665
249665
249704
249704
249704
249704
249704
249704
249704
249704
249704
249704
249704
249704
249704
249953
249953
249953
249953
249953
249953
249953
249953
249953
249953
249953
249953
251484
251484
251484
251484
251484
251484
251484
251484
251484
251484
251484
251484
251484
251484
251509
251509
251509
251509
251509
251509
251509
251509
251509
252722
252722
252722
252722
252722
253131
253131
253131
253131
253131
253131
253131
253131
253131
253131
253131
253131
253131
253131
253131
253131
253131
253131
253131
254121
254121
254121
254121
254121
254121
254121
254121
254121
254121
254121
254121
254121
254121
254121
254121
254215
254215
254421
254421
254421
254421
254421
254421
254421
254483
254483
254483
254483
254483
254483
254483
254483
254483
254873
254873
254873
254873
254873
254873
254873
254873
254873
254873
254873
254873
254873
254873
254873
254873
255490
255490
255490
255490
255490
255490
255490
255490
255490
255490
255490
255860
255860
255860
255860
255860
255860
255860
255860
255860
255860
257343
257343
257343
257343
257343
257343
257343
257343
257343
257343
257343
257343
257343
257343
257343
257343
257343
257343
257343
257383
257383
257383
257383
257383
257383
257383
257383
257383
257383
257383
257383
257383
257383
257383
257383
257383
257383
257383
257383
257983
257983
257983
257983
257983
257983
257983
257983
257983
257983
257983
257983
258401
258401
258401
258401
258401
258401
258401
258431
258431
258431
258431
258431
258431
258431
258431
258431
258431
258431
258431
258431
258431
258431
258431
258431
258482
259378
259378
259378
259378
259378
259378
259378
259378
259378
259378
259378
259378
259378
259378
259378
259378
259378
259378
259378
259378
260700
260700
260700
260700
260700
260700
260700
260700
260700
260700
260700
260700
260700
260700
260700
260700
260700
260700
260700
260700
260767
260767
260767
260767
260767
260767
260767
260767
260767
260767
260767
260767
260767
260767
260767
260767
260818
260818
260818
260818
260818
260818
260818
260818
261061
261061
261061
261061
261061
261061
261320
261320
261320
261320
261320
261320
262136
262466
262466
262466
262466
262466
262466
262466
262466
262466
262466
262466
262466
262466
262466
262466
262466
262466
262466
262466
263793
263793
263793
263793
263793
263793
263793
263793
263793
263793
263793
263793
263793
263793
263793
263793
263793
263793
263793
263793
264265
264265
264265
264265
264265
264265
264265
264265
264265
264265
264265
264265
264265
264265
264265
264265
264265
264265
264265
264559
264559
264559
264559
264559
264559
264559
264559
264559
264559
264559
264559
264559
264559
264559
264804
264804
264804
265377
265377
265377
265377
265377
265377
265377
265377
265377
265416
265416
265416
265416
265416
265416
265416
265416
265416
265416
265416
265416
265416
265416
265416
265416
265416
265416
265416
265416
265541
265541
265541
265541
265541
265541
265541
265541
265541
265541
265541
265541
265541
265541
265541
265777
265777
265963
265963
265963
265963
265963
265963
265963
265963
265963
265963
265963
265963
265963
265963
265963
265963
265963
265963
266100
266100
266100
266100
266100
266100
266100
266100
266121
266121
266121
266121
266121
266121
266121
266121
266121
266121
266121
266121
266121
266121
266121
266786
266786
266786
266786
266786
266786
266786
266786
266786
266786
266786
266786
266786
266786
266864
266864
266864
266864
266864
266864
266864
266864
266864
266864
266864
266864
266864
266864
266864
267007
267007
267007
267007
267294
267294
267294
267294
267294
267294
267294
267294
267294
267294
267294
267294
267362
267362
267642
267642
267642
267642
267642
267642
267642
267642
267642
267642
267642
267642
267642
267642
267642
267642
267642
267642
267642
267871
267871
267871
267871
267871
267871
267871
267871
267871
267871
267871
267871
267871
267871
267871
267871
267871
267871
268307
268307
268307
268307
268307
268307
268307
268307
269470
269470
269470
269470
269470
269470
269470
269470
269470
269470
269470
269470
269470
269470
269470
269470
269470
269470
269470
269680
269692
269692
269692
270075
270075
270075
270075
270075
270075
270075
270075
270075
270075
270075
270075
270075
270075
270075
270075
271158
271158
271158
271158
271158
271158
271158
271158
271278
271278
271278
271278
271278
271278
271278
271278
271278
271278
271278
271278
271278
271278
271278
273174
273174
273174
273174
273174
273174
273174
273174
273174
273174
273174
273174
273174
273174
273174
273174
273174
273287
273287
273287
273287
273287
273287
273961
273961
273961
274702
274702
274702
274702
274702
274702
274702
274702
274702
274702
274702
274702
274702
274702
274702
274702
274831
274831
274831
274831
274831
274831
274995
274995
274995
274995
274995
274995
274995
274995
274995
274995
274995
274995
274995
274995
274995
274995
274995
274995
274995
275671
275671
275671
275671
275671
275671
275671
275671
275671
275671
275671
275671
275671
275671
275671
275671
275671
275671
275671
276544
276544
276544
276544
276544
276544
276544
276544
276544
276544
276544
276544
276544
276734
276734
276734
276734
276734
276734
276734
276734
276734
277587
277587
277587
277587
277587
277587
277587
277587
277587
277587
277587
277587
277587
278169
278169
278169
278169
278169
278169
278169
278169
278169
278169
278169
278169
278169
278169
278169
278193
278515
278515
278515
278515
278515
278515
278515
278515
278515
278515
278515
278515
278515
279468
279468
279468
279468
279468
279468
279798
279798
279798
279798
279992
279992
279992
280254
280254
280535
280535
280535
280535
280682
280682
280682
280682
280682
280682
280682
280682
280682
280682
280682
280929
280929
280939
280939
280939
280939
280939
280939
280939
280939
280939
280939
280939
280939
280939
280939
280939
280939
280939
280939
280939
280939
281053
281053
281053
281053
281053
281053
281053
281053
281983
281983
281983
282294
282294
282294
282299
282299
282337
282337
282337
282337
282337
282337
282337
282337
282337
282337
282337
282337
282337
282337
282337
282852
282852
282852
282852
282961
282961
282961
282961
282961
282961
282961
282961
282961
282961
283337
283337
283337
283337
283337
283337
283337
283337
283337
283566
283566
283566
283566
283566
283566
283566
283566
283566
283611
283611
283611
283611
283611
283611
283611
283611
283611
283611
283611
283611
283611
283611
283611
283611
283611
283611
283611
283611
284056
284056
284056
284056
284056
284056
284056
284056
284056
284056
284056
284056
284056
284056
284056
284056
284056
284478
284478
284478
284478
284478
284478
284478
284478
284478
284478
284478
284478
284609
284609
284609
284609
284609
284609
284609
284609
284609
284609
284609
284609
284609
284634
284634
284634
284634
284634
284634
284634
284634
284634
285098
285098
285098
285098
285098
285098
285098
285098
285098
285098
285467
285467
285467
285467
285467
286582
286582
286582
286582
286725
286725
286725
286725
286725
286725
286725
286725
286725
286725
287575
287575
287575
287575
287575
287575
287646
287646
287646
287646
287646
287646
287646
287646
287646
287646
287995
287995
287995
287995
287995
287995
287995
287995
287995
287995
287995
287995
287995
287995
287995
287995
287995
287995
287995
287995
288460
288460
288460
288460
288460
288746
288746
288746
288746
288746
288746
288746
289676
289676
289676
289676
290199
290199
290199
290199
290199
290199
290199
290199
290199
290199
290507
290944
290944
290944
290944
290944
290944
290944
290944
290944
290944
290944
290944
290944
290944
290944
290944
290944
290944
291208
291208
291208
291208
291208
291208
291208
291208
291208
291208
291208
291208
291592
291592
291592
291592
291592
291592
291592
291720
291720
291882
291882
291882
291882
292217
292217
292217
292217
292217
292217
292217
292217
292217
292217
292472
292472
292472
292472
292472
292472
292472
292472
292472
292472
292472
292472
292472
292472
292472
292472
292648
292648
292648
292648
292648
292648
292648
292648
292648
292648
292648
292819
292896
292896
292896
292896
292896
292896
292896
292896
292896
292896
292896
292925
292925
292925
292925
292925
292925
292925
292925
292925
292925
292925
292925
292925
292925
292925
292925
292925
292925
292925
292974
292974
292974
292974
292974
292974
292974
292974
292974
292974
292974
292974
292974
292974
292974
292974
292974
292974
292974
292974
293392
293392
293392
293392
293392
293392
293392
294202
294202
294202
294202
294202
294202
294202
294202
294202
294202
294202
294202
294202
294202
294331
294331
294331
294331
294331
294331
294331
294331
294331
294331
294331
294566
294566
294566
294566
294566
294566
294566
294566
294566
294566
294566
294566
294566
294566
294566
294566
294566
294566
294566
294566
295132
295132
295132
295132
295132
295132
295132
295132
295132
295132
295132
295132
295132
295132
295974
295974
295974
295974
295974
295974
295974
295974
295974
295974
295974
295974
295974
295974
295974
295974
295974
295974
296042
296042
296042
296042
296042
296042
296042
296042
296042
296042
296042
296046
296046
296046
296206
296206
296206
296206
296206
296206
296206
296206
296206
296206
296206
296206
296206
296206
296206
296206
296206
296206
296206
296206
296538
296538
296538
296538
296538
296538
296538
296538
296538
296538
296538
296538
296538
296538
296538
296538
296538
296943
296943
296943
296943
296943
296943
296943
296943
296943
296943
296943
296943
297401
297401
297401
297401
297401
297401
297401
297401
297401
297401
297401
297401
297401
297401
297401
297401
297401
297401
297440
297440
297440
297440
297440
297440
297440
297440
297440
297527
297527
297527
297527
297527
297527
297527
297527
297527
297527
297527
297527
297527
297527
297527
297527
297527
297527
297527
297527
298316
298316
298316
298316
298316
298316
298316
298316
298316
298316
298316
298316
298316
298316
298316
298316
298316
298316
298486
298486
298486
298486
298486
298486
298486
298486
298486
298486
298486
298486
299385
299385
299385
299385
299385
299385
299385
299385
299385
299385
299385
299385
299385
299385
299385
299385
299566
299566
299566
299566
299566
299566
299566
299566
299566
299566
299566
299566
299566
299566
299566
299566
299566
299566
299566
300416
300416
300416
300416
300416
300416
300416
300416
300416
300416
300416
300416
300416
300416
300416
300601
300601
300601
300601
300601
300601
300601
300601
300601
300601
301018
301018
301018
301018
301018
301018
301018
301018
301018
301018
301018
302058
302058
302197
302607
302607
302607
302607
302607
302607
302607
302607
302607
302607
302607
302607
302607
302607
302607
302607
302607
303096
303096
303096
303096
303096
303096
303096
303096
303096
303096
303096
303096
303096
303096
303096
303096
303096
303096
303096
303096
303206
303206
303206
303206
303206
303206
303206
303206
303206
303206
303206
303206
303609
303609
303609
303609
303609
303609
303609
303609
303609
303609
303609
303609
303609
303609
303609
303609
303609
303609
303609
303609
304054
304054
304054
304054
304054
304093
304093
304223
304223
304223
304223
304223
304223
304223
304223
304223
304223
304223
304223
304223
304223
304223
304223
304223
304223
304255
304255
304255
304255
304255
304255
304255
304730
304730
304730
304730
304730
304730
304730
304730
304730
304730
304730
304730
304730
304730
304730
305396
305396
305396
305396
305396
305396
305396
305396
305396
305397
305397
305397
305397
305397
305397
305397
305397
305500
305500
305500
305500
305500
305500
305500
305621
305621
305621
305621
305621
305621
305621
305621
305621
305621
305621
305621
305621
305750
305750
305750
305750
305750
306160
306160
306160
306870
306870
306870
306870
306870
306870
306870
306870
306870
306870
306870
306900
306900
306900
306900
306900
306900
306900
306900
306900
306900
306900
306900
306900
306900
306900
306900
306900
306900
306900
306959
306959
306959
306959
306959
306959
306959
306959
306959
306959
306959
306959
307944
307944
307944
307944
307944
307944
307944
307944
307944
307944
307944
307944
308497
308497
308497
308497
308497
308497
308497
308497
308497
308497
308497
308497
308497
308497
308531
308531
308531
308531
308531
308531
308531
308531
308531
308531
308531
308531
308531
308531
308531
308531
308531
308531
308531
308531
309616
309616
309616
309616
309616
309616
309616
309616
309616
309616
309616
309616
309616
309616
309616
309616
309616
309616
309616
309616
309701
309701
309701
309701
309701
309701
309701
309701
309701
309701
309701
309701
309701
309701
309701
309701
310292
310292
310292
310292
310342
310342
310342
310342
310342
310342
310342
310342
310342
310342
310342
310342
310342
310342
310342
310342
310342
310342
310342
310476
310476
310476
310476
310476
310476
310476
310476
310476
310476
310800
310800
310800
310800
310800
310800
310800
310800
310800
310800
310800
310800
310800
310800
310800
310800
310988
310988
310988
310988
310988
310988
310988
310988
310988
310988
310988
310988
310988
310988
310988
310988
310988
310988
311203
311203
311203
312149
312149
312149
312149
312149
312149
312149
312149
312149
312149
312149
312149
312149
312149
312312
312312
312312
312312
312981
312981
312981
313080
313080
313080
313080
313080
313080
313080
313080
313080
313080
313080
313080
313173
313173
313173
313173
313173
313287
313287
313287
313287
313294
313294
313294
313294
313294
313294
313294
313294
313294
313294
313294
313294
313294
313294
313294
313310
313310
313310
313310
313310
313310
313310
313310
313310
313310
313310
313310
313310
313310
313310
313310
313310
313310
313310
313310
313856
313856
313856
315024
315024
315024
315024
315024
315164
315164
315164
315164
315164
315164
315164
315164
315164
315164
316544
316544
316544
316544
316544
316544
316544
316544
316552
316552
316552
316552
316552
316552
316638
316762
316762
316762
316762
316762
316762
316762
316762
316762
316762
316762
316762
316762
316762
316762
316762
316762
317346
317346
317346
317346
317346
317346
317346
317346
317346
317346
317346
317346
317346
317346
317346
317346
317346
317346
317346
317397
317397
317397
317397
317397
317397
317397
317397
317397
317397
317509
317509
317509
317509
317509
317509
317509
317509
317509
317509
317509
317509
317509
317509
317509
317509
317541
317541
317541
317541
317541
317541
317541
317541
317541
317541
317541
317541
317541
317541
317541
317541
317541
317541
317904
317904
317904
317904
317904
317904
317904
317904
317904
317904
317904
317904
317904
317904
317904
317904
317904
317904
318583
318583
318583
318583
318583
318583
318583
318583
318583
318583
318583
318819
318819
318819
318819
318819
318819
318819
318819
318819
318819
318819
318819
318888
318888
318888
318888
318888
318888
318888
318888
318888
319337
319337
319337
319337
319337
319337
319337
320080
320080
320080
320080
320080
320080
320080
320080
320080
320080
320080
320080
320080
320080
320080
320080
320080
320080
320178
320178
320178
320178
320201
320201
320201
320201
320201
320201
320201
320201
320201
320201
320201
320201
320201
320201
321274
321274
321274
321274
321274
321274
321274
321274
321274
321274
321274
321274
321274
321274
321274
321416
321416
321416
321416
321416
321416
321416
321416
321416
321416
321416
321416
321416
321416
321416
321416
321416
323243
323243
323243
323243
323243
323243
323303
323303
323303
323303
323303
323303
323303
323303
323303
323303
323303
323303
323505
323505
323505
323505
323505
323505
323505
323505
323505
323505
323505
323505
323505
323505
323505
323505
323505
323555
323555
323555
323555
323555
323555
323555
323555
323555
323555
323646
323646
323646
323646
323646
323646
323646
323646
323646
323646
323646
323646
323646
323646
323646
323646
323646
323646
323646
324909
324909
324909
324909
324909
324909
324909
324909
324909
324909
324909
324909
324909
324909
324909
324909
324909
325048
325048
325048
325207
325207
325207
325207
325207
325207
325207
325207
325207
325207
325207
325207
325207
325207
325207
325897
325897
325897
325897
325897
325897
325897
325897
325897
325897
325897
325897
325897
325897
325897
326197
326197
326197
326197
326197
326197
326197
326197
326197
326197
326197
326218
326782
326782
326782
326782
326782
326782
326782
326782
326782
326782
326782
326782
326782
326782
326782
326817
326817
326817
326817
326817
326817
326817
326817
326817
326817
326817
326817
326817
326817
326817
326817
327191
327191
327191
327191
327191
327191
327191
327191
327191
327191
327191
327191
327191
327191
327191
327191
327191
327191
327616
327616
327616
327616
327616
327616
328048
328048
328048
328048
328048
328048
328048
328048
328048
328048
328048
328048
328119
328119
328119
328119
328119
328119
328119
328119
328119
328119
328119
328119
328119
328119
328524
328524
328524
328858
328858
328858
328858
328858
328858
328858
328858
328858
328858
328858
328858
328920
328920
328920
328920
328920
328920
328920
329167
329167
329167
329167
329167
329167
329167
329167
329167
329167
329167
329167
329167
329756
329756
329756
329756
329756
329756
329756
329756
329756
329756
329756
329756
329756
329756
329756
329756
329756
329756
329756
329756
330385
330518
330518
331086
331086
331086
331086
331086
331086
331086
331086
331086
331086
331086
331086
331086
331086
331086
331086
331086
331086
331443
331443
331443
331443
331443
331443
331443
331443
331443
331443
331443
331443
331527
331527
331527
331527
331580
331580
331580
331611
331611
331611
331611
331611
331611
331611
331611
331611
331611
331611
331611
331671
331775
331775
331775
331775
331775
331775
331775
331775
331775
331775
331775
331775
332042
332042
332042
332042
332042
332042
332042
332042
332044
332044
332044
332044
332044
332044
332044
332044
332104
332104
332104
332104
332104
332104
332104
332104
332104
332104
332104
332104
332104
332104
332104
332104
332104
332104
332830
332830
332830
332830
332830
332830
332830
332830
332830
332830
332830
332830
332830
332830
332830
332830
332830
332880
332880
