8034 500000
66998
66998
66998
66998
67875
67875
67875
67875
67875
67875
67875
67875
67875
67875
67875
67875
67875
67875
67875
67875
67875
67875
67875
67875
68765
68765
68765
68765
68765
68765
68765
68765
68765
68765
68765
68765
69231
69231
69231
69231
69231
69231
69231
69231
69231
69231
69231
69231
69624
69624
69624
69624
69624
69624
69624
69624
69624
69624
69624
69624
69624
69624
69624
69624
69624
69624
70329
70329
70329
70329
70329
70329
70329
70329
70329
70329
70329
70329
70329
70746
70746
70746
70746
70746
70746
70746
70746
70746
70746
70746
70746
71196
71196
71196
71196
71196
71327
71327
71327
71327
71327
71327
71327
71445
71445
71445
71445
71445
71445
71445
71445
71445
71445
71445
71445
71445
71445
71445
71445
71445
71445
71445
71996
71996
71996
71996
71996
71996
71996
71996
71996
71996
71996
71996
72354
72354
72354
72354
72354
72354
72354
72354
72354
72354
72354
72354
73477
73477
73477
73477
73477
73477
73484
73484
73484
73484
73484
73484
73484
73484
73484
73484
73484
73484
73484
73484
74973
74973
74973
74973
74973
74973
74973
74973
74973
74973
74973
74973
74973
75711
75711
75711
76446
76446
76446
76446
77099
77099
77099
77099
77099
77099
77099
77099
77099
77111
77111
77111
77111
77111
77111
77111
77111
77111
77111
77111
77111
77111
77111
77111
77111
77111
77111
77111
77111
77232
77232
77232
77232
77232
77232
77715
77715
77715
77715
77715
77715
77715
77715
77715
77715
77715
77715
77715
78142
78908
78908
78908
78908
78908
78908
78908
79360
79360
79360
79360
79360
79360
79360
79360
79360
79360
79360
79566
79566
79566
79566
79566
79566
79566
79566
79566
79566
79566
79566
79566
79566
79566
79641
79641
79641
79641
79641
79641
79641
79641
79641
79641
79641
79641
79641
79843
79843
79843
79843
79843
79843
79843
79849
79849
79849
79849
79849
79849
79849
79849
79849
79849
79849
79849
79849
79849
79849
79849
79849
79849
80362
80362
80362
80362
80362
80362
80362
80362
80362
80362
80362
80362
80362
80362
80362
80362
80362
80381
80381
80381
80381
80381
80381
80381
80381
80381
80381
80381
80381
80381
80381
80381
80381
80381
80381
80381
80381
80677
80677
80677
80677
80677
80677
80677
80677
80677
80677
80677
80677
80677
80677
80677
80677
80677
80971
80971
80971
80971
80971
80971
81137
81137
81137
81137
81137
81137
81137
81137
81137
81137
81330
81330
81330
81330
81330
81330
81330
81330
81330
81330
81330
81330
81330
81330
81330
81472
81472
81472
81472
81472
81472
81472
81730
81730
82022
82022
82022
82022
82022
82022
82022
82022
82022
82022
82022
82022
82022
82022
82022
82022
82069
82069
82069
82069
82069
82069
82069
82069
82069
82069
82069
82069
82069
82163
82163
82163
82163
82163
82163
82163
82163
82163
82163
82163
82163
82660
82660
82660
82660
82660
82660
82660
82660
82660
82660
82660
83057
83057
83057
83057
84140
84140
84140
84140
84140
84140
84140
84140
84142
84142
84596
84596
84596
84935
84935
84935
84935
84935
84935
84935
84935
85489
85489
85489
85489
85489
85489
85489
85872
85872
85872
85872
85872
85872
85872
85872
85872
85872
85872
85872
85872
85872
86239
86239
86239
86239
86239
86384
86384
86384
86384
86414
86414
86414
86414
86414
86414
86414
87369
87369
87369
87369
87369
87369
87369
87369
87369
87369
87369
87369
87369
87369
87369
87369
87369
87369
87514
87514
87514
87514
87514
87514
87564
87564
87566
87566
87566
87566
87566
87566
87566
87566
87566
88016
88016
88016
88016
88016
88016
88016
88016
88315
88315
88315
88315
88315
88315
88669
88669
88669
88669
88669
88669
88669
88669
88669
88669
88669
88669
88669
88715
89210
89210
89210
89210
89210
89210
89210
89210
89210
89210
89210
90429
90626
90626
90626
90626
90626
90626
90626
90626
90626
90626
90626
90626
90626
90626
92116
92116
92116
92116
92116
92116
92116
92116
92116
92116
92116
92116
92116
92116
92116
92116
92116
92116
92228
92228
92228
92228
92228
92228
92228
92228
92228
92228
92228
92228
92228
92228
92228
92289
92289
92289
92289
92289
92289
92289
92289
92289
92289
92860
92860
92860
92860
92860
92860
94018
94018
94018
94121
94121
94121
94121
94121
94121
94121
94121
94121
94121
94121
94121
94121
94121
94121
94121
94121
94121
94209
94209
94209
94209
94209
94209
94209
94209
94209
94209
94209
94209
94209
94253
94253
94253
94253
94253
94253
94253
94253
94253
94253
94253
94253
94806
94996
94996
94996
94996
94996
94996
94996
94996
94996
94996
94996
94996
94996
94996
94996
94996
94996
94996
94996
94996
95592
95592
95592
95592
95592
95592
95592
95592
95592
95592
95592
95592
95592
95592
96545
96545
96545
96610
96610
96610
96610
96610
96610
96984
96984
96984
96984
96984
96984
96984
96984
96984
96984
96984
96984
96984
97552
97552
97552
97552
97552
97552
97552
97552
97552
97552
97552
97552
97764
98069
98069
98069
98069
98069
98069
98069
98069
98069
98069
98069
98069
98069
98069
98069
98069
98069
98069
98069
98069
98187
98187
98187
98187
98187
98277
98277
98277
98277
98277
98277
98277
98277
98277
98277
98277
98277
98277
98277
98277
98277
98277
98874
98874
98874
98874
98874
98925
99014
99014
99014
99014
99014
99014
99014
99014
99014
99014
99014
99014
99014
99014
99014
99131
99131
99131
99131
99131
99131
99131
99131
99171
99171
99171
99171
99171
99171
99171
99171
99171
99171
99171
99171
99171
99171
99858
100222
100222
100222
100222
100222
100222
100222
100222
100222
100222
100222
100222
100222
100222
100222
100222
100222
100512
100512
100512
100512
100512
100512
100512
100512
100512
100512
100512
100512
100512
100512
100512
100512
100512
101326
101326
101326
101326
101326
101326
101326
101497
101497
101497
101497
101497
101497
101497
101497
101497
101497
101497
101497
101497
101497
101497
101497
101683
101683
101683
101683
101683
101683
101683
101683
101683
101683
101683
101683
101683
101683
101683
101683
101683
101683
101683
101781
101781
101781
101781
101781
101781
101781
101781
101781
101781
101781
101781
101781
101956
101956
101956
101956
101956
101956
101956
101956
101956
101956
101956
101956
101956
101956
101956
103760
103760
103760
103760
103760
103760
103760
103760
103760
103760
103760
103760
103760
103760
103760
103896
103896
103896
103896
103896
103896
103896
103896
103896
103896
103896
103896
103896
103970
103970
103970
103970
103970
103970
103970
103970
103970
103970
103970
103970
103970
103970
104113
104113
104113
104113
104113
104113
104113
104113
104113
104113
104113
104113
104113
104113
104113
104113
104113
104113
104113
105023
105023
105023
105023
105023
105023
105023
105023
105023
105023
105023
105023
105023
105023
105023
105103
105103
105103
105103
105103
105103
105103
105103
105103
105103
105103
105103
105103
105103
105103
105103
105103
105103
105103
106054
106054
106054
106054
106054
106054
106054
106054
106054
106054
106054
106054
106054
106054
106054
106054
106054
106054
106054
106076
106076
106076
106076
106076
106520
106520
106520
106520
106520
106520
106520
106520
107142
107142
107142
107142
107142
107142
107142
107142
107142
107142
107142
107142
107142
107142
107152
107152
107152
107152
107152
107152
107152
107152
107155
107155
107155
107155
107155
107155
107155
107155
107155
107256
107256
107256
107256
107256
107256
107256
107256
107256
107256
107687
107687
107687
107687
107687
107687
107687
107687
107687
107687
107687
107687
107687
107687
107687
107687
107687
107687
107687
108423
108423
109090
109090
109090
109090
109119
109119
109119
109119
109119
109119
109119
109119
109119
109119
109119
109119
109119
109119
109119
109119
109119
109300
109300
109300
109300
109300
109300
109664
109664
109664
109664
109664
109823
109823
109823
109823
109823
109823
109823
109823
109879
109879
109879
109879
109879
109879
109879
109879
109879
109879
109879
110367
110367
110367
110367
110367
110367
110367
110367
110367
110367
110367
110367
110367
110367
110453
110453
110453
110453
110453
110453
110453
110453
110453
110453
110453
110453
110453
110453
111043
111043
111043
111053
111531
111531
111531
111531
111531
111531
111531
111531
111531
111633
111633
111633
111633
111633
111633
111633
111633
112010
112010
112010
112010
112010
112010
112010
112010
112010
112010
112010
112010
112010
112010
112010
112459
112459
112459
112459
112459
112459
112459
112459
112459
112459
112459
112459
112459
112459
112477
112477
112477
112477
112477
112477
112477
112477
112477
112477
112477
112477
112477
112477
112477
112477
113201
113201
113201
113201
113201
113201
113201
113349
113349
113349
113349
113349
113349
113349
113349
113349
113349
113349
113349
113349
113626
113626
113626
113626
113626
113626
114021
114021
114021
114021
114021
114021
114021
114021
114021
114021
114021
114021
114021
114021
114021
114021
114373
114373
114373
114373
114373
114373
114373
114373
114373
114373
114373
114373
114373
114531
114531
114531
114531
114531
114531
114531
114531
114531
114531
114531
114531
114531
114531
114531
114531
114531
114531
116523
116523
116523
116523
116523
116523
116523
116523
116523
116523
116523
116523
116523
116523
117330
117330
117330
117330
117330
117330
117330
117330
117708
117708
117708
117708
117708
117708
117708
117708
117708
117708
117708
117708
117831
117831
117831
117831
117831
117831
117831
117831
117831
117831
118300
118300
118300
118300
118300
118300
118300
118300
118300
118641
118641
118641
118641
118641
118641
118641
118686
118686
118686
118686
118686
118686
118686
118686
118686
118686
118686
118686
118686
118686
118686
118686
118686
118997
118997
118997
118997
118997
118997
118997
118997
118997
118997
118997
118997
118997
118997
119353
119353
119497
119497
119497
119497
119497
119497
119497
119497
119497
119497
119497
119497
119497
119731
119731
119731
119731
119731
119949
119949
119949
120415
120415
120415
120415
120415
120415
120415
120415
120688
120688
120688
120688
120688
120688
120688
120688
120688
120688
121069
121069
121069
121069
121069
121322
121322
121463
121463
121463
121463
121463
121463
121463
121463
121463
121463
121463
121463
121463
121463
121463
121463
121463
121555
121555
121555
121555
121555
121555
121555
121555
121555
121555
121555
121555
121555
121555
121555
121555
121555
121555
121555
121555
122965
122965
122965
122965
122965
122965
122965
122965
122965
122965
122965
122965
122965
122965
123482
123482
123482
123482
123482
123482
123482
123482
123482
123714
123781
123781
123781
123781
123781
123781
123781
123850
123850
123850
123850
123850
123850
123850
123850
123850
123850
123850
123850
123850
123850
123850
123850
123850
123850
124087
124087
124087
124087
124087
124342
124342
124342
124342
124342
124342
124342
124342
124342
124342
124342
124342
124342
124342
124342
124342
124342
124342
124342
124342
124382
124382
124621
124621
124621
124621
124621
124621
124621
124621
124621
124621
124621
124621
124736
124736
124736
124736
124736
124736
124736
124736
124736
124736
124736
124736
124736
124736
124736
124736
124736
124736
124736
124736
124947
124947
124947
124947
124947
126051
126051
126051
126051
126051
126051
126051
126051
126051
126051
126225
126225
126225
126225
126553
126553
126553
126553
126553
126553
126553
126553
126553
126553
126553
126553
126553
126689
126689
126689
126689
126689
126689
126689
126689
126689
126689
126689
126689
126689
126689
126689
126689
126689
126870
126870
126870
126870
126870
126870
126870
126870
126870
126870
126958
126958
126958
126958
126958
126958
126958
127567
127567
127567
127567
127567
127567
127567
127567
128279
128279
128279
128279
128279
128279
128279
128279
128279
128279
128279
128279
128279
128279
128279
128279
128279
128279
128279
128297
128297
128297
128297
128297
128297
128297
128297
128297
128297
128297
128297
128297
128297
128297
128297
128297
128297
128297
128297
128304
128304
128304
128304
128304
128304
128304
128304
128304
128304
128304
128304
128304
128304
128304
129223
129223
129223
129223
129223
129223
129223
129223
129223
129223
129223
129344
129344
129344
129344
129344
129344
129676
129676
129676
129676
129676
129676
129676
129676
129676
129676
129676
129676
129676
129676
129971
129971
129971
129971
129971
129971
129971
129971
129971
129971
129971
130134
130134
130134
130134
130134
130134
130134
130134
130134
130134
130134
130134
130134
130134
130134
130134
130134
130139
130139
130139
130139
130139
130139
130139
130139
130139
130488
130488
130488
130488
130488
130488
130488
130488
130488
130488
130488
130488
130488
130488
130574
130574
130574
130574
130574
130574
130574
130574
130574
130574
130574
130574
130648
130648
130648
130648
130648
130648
130648
131006
131006
131006
131006
131006
131006
131006
131006
131006
131006
131006
131006
131006
131006
131006
131006
131006
131331
131331
131331
131331
131331
131331
131331
131331
131331
131331
131331
131331
131331
131818
131818
131818
131818
131818
131818
131910
131910
131910
131910
131910
131910
131910
131910
131910
131910
131910
131910
131910
131910
131910
131910
132502
132502
132502
132502
132502
132502
132502
132502
132502
132502
133493
133493
133493
133493
133493
133573
133573
133573
133573
133573
133573
133573
133573
133689
133689
133689
133689
133689
133689
135161
135161
135161
135161
135161
135161
135161
135161
135161
135161
135161
135161
135161
135161
135161
135161
135161
135161
135161
135247
135247
135247
135247
135247
135247
135354
135354
135354
135354
135354
135354
135354
135354
135354
135354
135354
135354
135372
135372
135372
135372
135372
135372
135754
135754
135754
135754
135754
135754
135754
135754
135754
135754
135754
135754
135754
135754
135754
135754
135754
135754
135963
135963
135963
135963
135963
135963
135963
135963
135963
135963
135963
135963
135963
135963
136236
136236
136236
136236
136236
136236
136236
136236
136236
136236
136236
136236
136236
136236
136236
136236
136236
136236
136236
136288
136288
136288
136288
136288
136288
136288
136288
136288
136288
136288
136288
136288
136288
136288
136288
136288
136434
136434
136434
136434
136434
136434
136434
136434
136434
136434
136434
136434
136434
136434
136434
136434
136434
136434
137231
137231
137231
137231
137231
137231
137231
137231
137231
137231
137324
137324
137324
137324
137324
137324
137324
137324
137324
137324
137324
137324
137324
137324
137324
137324
137939
137939
137939
137939
137939
137939
137939
137939
137939
137939
137939
137939
138416
138416
138434
138434
138434
138434
138434
138434
138760
138760
138760
138840
138840
138840
138840
138840
138840
138840
138840
138840
138840
138840
138840
138840
138840
138840
138840
139213
139213
139213
139213
139213
139213
139213
139213
139213
139213
139213
139213
139213
139213
139213
139213
139213
139213
139213
139235
139235
139235
139235
139235
139235
139235
139235
139235
139235
139235
139235
139235
139235
139235
139460
139460
139460
140184
140184
140184
140184
140184
140184
140184
140184
140184
140184
140184
140185
140185
140185
140185
140185
140185
140185
140185
140185
140185
140185
140185
140185
140185
140185
140185
140751
140915
140915
140915
140915
140915
140915
140915
140915
141010
141010
141010
141010
141010
141010
141010
141010
141010
141010
141010
141010
141010
141368
141368
141368
141368
141368
141368
141368
141368
141368
141368
141368
141368
141368
141908
141908
141908
141908
141908
141908
141908
141908
141908
141908
141908
141908
141908
141908
141908
141908
141908
141908
142162
142162
142162
142162
142162
142162
142162
142162
142162
142162
142162
142162
142530
142530
142530
142530
142530
142530
142530
142530
142530
142530
142530
142530
142530
142530
142601
142601
142601
142601
142601
142601
142601
142601
142601
142601
142601
142601
142601
142601
142601
142712
142712
142712
142712
142712
142712
142712
142712
142712
142712
142712
142712
143603
143603
143603
143603
143603
143603
143924
143924
143924
143924
143924
143924
143924
143924
143924
143924
143924
143924
144027
144027
144027
144027
144027
144098
144098
144098
144098
144098
144098
144098
144098
144098
144098
144265
144265
144265
144265
144265
144265
144372
144372
144372
144372
144372
144372
144372
144385
144385
144385
144385
144385
144385
144385
144385
144385
144385
144385
145302
145302
145302
145302
145302
145302
145302
145302
145302
145302
145302
145302
145302
145302
145302
145302
145514
145514
145514
145514
145514
145514
145514
145514
145514
145809
145809
145809
145809
145809
145809
145898
145898
145898
145898
145898
145898
145898
145898
145898
145898
145898
145898
145898
145898
145898
146160
146160
146160
146160
146160
146160
146160
146160
146160
146160
146160
146160
146160
146160
146160
146160
146160
146160
146640
146640
146640
146640
146640
146640
146640
146640
146640
146640
146640
146640
146640
146640
146640
146640
147585
147585
147585
147585
147585
147585
147585
147585
147585
147585
147585
147585
147585
147585
147585
147585
147585
147585
147585
147969
147969
147969
147969
147969
147969
147969
147969
148221
148221
148221
148221
148221
148221
148221
148221
148221
148221
148221
148221
148221
148221
148221
148221
148221
148319
148319
148319
148319
148319
148319
148319
148616
148616
148616
148616
148616
148616
148616
148616
148616
148616
148616
149497
149497
149497
149497
149497
149497
149497
149497
149497
149568
149568
149568
149568
149568
149568
149568
149568
149568
149796
149796
149796
149796
149796
149796
149796
149796
149796
149796
149796
149796
149796
150552
150552
150552
150552
150552
150552
150552
150552
150552
150552
150552
150552
150552
150552
151486
151486
151665
152072
152072
152072
152072
152072
152072
152072
152072
152072
152072
152172
152172
152172
152172
152172
152172
152172
152172
152172
152172
152172
152172
152172
152172
152172
152172
152172
152172
152172
152627
152627
152627
152627
152627
152627
152627
152627
152627
152627
152627
152627
152627
152627
152627
152808
152808
152808
152808
152808
152808
152808
152808
152808
152808
152808
152808
152808
152808
152808
153285
153420
153420
153420
153420
153420
153420
153420
153420
153420
153420
153420
153420
153420
153420
153420
153420
153420
153420
153570
153570
153570
153570
153570
153570
153570
153570
153570
153570
153570
153570
153915
153915
154702
154702
154702
154702
154702
154702
154702
154702
154702
154702
154702
154702
154797
154797
154797
154797
154797
154797
154797
154797
154797
154797
154797
154797
154797
154797
154797
154797
154797
154976
154976
154976
154976
154976
154976
154976
154976
154976
154976
155238
155238
155238
155238
155238
155238
155238
155238
155238
155238
155238
155238
155238
155238
155238
155238
155238
155238
155238
155238
155473
155473
155473
156558
156558
156558
156558
156558
156558
156558
156558
156558
156558
156957
156957
156957
156957
156957
156957
156957
156957
157067
157067
157067
157067
157067
157067
157067
157067
157067
157067
157067
157067
157067
157067
157067
157197
157197
157197
157197
157197
157197
157197
157197
157197
157197
157197
157197
157197
157197
157197
157197
157407
157407
157407
157711
157711
157711
157711
157711
157920
157920
157920
157920
157920
157920
157920
157920
157920
157920
157920
157920
157920
157920
157920
157920
158039
158039
158039
158039
158039
158039
158039
158039
158952
158952
159002
159002
159002
159002
159002
159002
159002
159002
159002
159002
159002
159002
159002
159002
159002
159002
159002
159002
159670
159670
159670
159670
159670
159670
159670
159670
159670
159670
159670
160115
160115
160115
160115
160115
160115
160115
160115
160115
160115
160115
160115
160115
160115
160115
160115
160115
160115
160115
160115
160226
160226
160226
160226
160226
160226
160226
160226
160226
160226
160226
160226
160226
160226
160226
160226
160226
160226
160285
160285
160285
160285
160285
162231
162231
162231
162231
162252
162252
162252
162252
162252
162252
162252
162252
162252
162252
162252
165161
165161
165666
165666
165666
165666
165666
165666
165666
165666
165666
165666
165666
165666
165666
165707
165707
165707
165707
165707
165707
165707
165707
165707
165707
165707
165707
165707
165707
165707
165707
165707
165707
166450
166450
166450
167856
167856
167856
167856
167856
167856
167856
167856
167856
167856
167856
167856
167856
167856
167856
167856
168055
168502
168502
168502
168502
168502
168502
168502
168502
168502
168502
168502
168502
168502
168502
168695
168695
168695
168695
168695
168695
168983
168983
168983
168983
168983
168983
168983
168983
168983
168983
168983
168983
169316
169316
169316
169316
169316
169316
169316
169316
169316
169316
169316
169316
169316
169316
169316
169316
169316
169316
169316
169316
169366
169366
169366
169366
169366
169366
169366
169366
169366
169366
169366
169366
169366
169366
169366
169366
169366
169366
169366
169415
169415
169415
169415
169415
169415
169415
169415
170000
170000
170000
170000
170000
170000
170000
170000
170000
170000
170000
170000
170000
170000
170000
170023
170023
170023
170023
170023
171291
171291
171291
171291
171291
171291
171291
171291
171291
171291
171700
171700
171700
171700
171700
171700
171700
171700
171700
171700
171700
171801
171801
171801
171801
171801
171801
171801
171801
171801
171801
171801
171801
171801
171801
171801
171801
171801
171801
171904
171904
171904
171904
171904
171904
171904
171904
171904
171904
171904
171904
172462
172462
172462
172462
172462
172462
172462
172462
172462
172462
172462
172462
173061
173061
173061
173061
173061
173061
173061
173061
173061
173061
173061
173061
173061
173061
173061
173061
173061
173760
173760
173760
173760
173760
173760
173760
173760
173760
173760
173760
173760
173760
173760
173760
174115
174115
174115
174115
174115
174115
174115
174115
174115
174115
174115
174115
174115
174115
174348
174348
174348
174348
174348
174348
174348
174348
174348
174348
174348
174348
174348
174348
174348
174348
174348
174348
174348
174759
174759
174759
174759
174759
174759
174759
174759
174759
174759
174759
174759
174759
175095
175227
175227
175227
175227
175227
175227
175227
175227
175227
175227
175227
175227
175227
175227
175227
175227
175227
175766
175766
175766
175766
175766
175766
175766
175766
175766
175766
175766
175766
175766
175766
176154
176154
176154
176154
176154
176154
176154
176154
176154
176154
176154
177950
177967
177967
177967
177967
177967
177967
177967
177967
177967
177967
177967
177967
177967
178629
178629
178970
178970
178970
178970
178970
178970
178970
178970
178970
178970
178970
178970
178970
179226
179226
179226
179226
179226
179226
179226
179226
179226
179226
179575
179575
179575
179575
179575
179575
179575
179575
179592
179592
179592
179592
179618
179618
179618
179618
179618
179618
179618
179618
179618
179618
179618
179618
179618
179618
179622
179622
179622
179622
179622
180439
180439
180439
180439
180439
180439
180439
180439
180439
180439
180439
180439
180439
180735
180735
180735
180735
180735
180735
180735
180735
180735
180735
180735
180735
180735
180735
180735
180735
180735
180735
180839
180839
180839
180839
180839
180839
180839
180839
180839
180839
180839
180839
180839
180839
180839
180839
180839
180839
180844
180844
180844
180844
180844
180844
180844
180844
181130
181130
181130
181130
181130
181130
181130
181130
181130
181130
181130
181130
181130
181130
181130
181351
181351
181351
181351
181553
181553
181553
181837
181837
181837
181837
181837
181837
181837
181837
181837
181837
181837
181837
181837
181837
181837
181837
181837
181886
181886
181886
181886
181886
181886
181886
181886
181886
181886
181886
181886
181998
181998
181998
181998
181998
181998
181998
181998
181998
181998
181998
182084
182297
182297
182297
182297
182297
182297
182297
182297
182297
182297
182297
182297
182297
182297
182297
182297
182297
182297
182297
182393
182393
182393
182393
182393
182393
182393
182393
182393
182393
182393
182615
182615
182615
182615
182615
182615
182615
182615
182615
182615
182615
182615
182615
182615
182615
182615
182615
183289
183289
183289
183289
183289
183289
183289
183289
183349
183349
183349
183349
183349
183349
183349
183349
183349
183349
183349
183349
183499
183499
183499
183499
183499
183499
183499
183499
183499
183499
183499
183499
183632
183632
183632
183632
183632
183632
183632
183632
183632
183632
183632
183632
183632
183632
183632
183632
183632
183632
183632
183732
183732
183732
184632
184632
184632
184632
184632
184632
184632
184632
184632
184632
184632
184632
184632
184632
184632
184632
184671
184727
184727
184727
184727
184727
184727
184727
184727
184727
184727
184727
184727
184727
184727
184727
184727
184727
184727
185427
185427
185427
185427
185427
185427
185427
185427
185427
185427
185427
185427
185427
185427
185427
186040
186040
186040
186040
186040
186040
186040
186040
186040
186040
186040
186040
186040
186040
186040
186195
186195
186301
186301
186301
186301
186301
186638
186638
186638
186638
186638
186638
186638
186638
186638
186638
186638
186638
186811
187510
187510
187510
187510
187510
187510
187510
187510
187510
187510
187510
187510
187620
187620
187620
187620
187620
187620
187620
187620
187620
187620
187910
187910
187910
187910
187910
187910
187944
187944
187944
187944
188081
188081
188081
188358
188358
188358
188358
188358
188358
188358
188358
188358
188358
188358
188358
188358
188358
188358
188358
188358
188358
188358
188358
188814
188814
188814
188814
188814
188814
188814
189049
189049
189049
189049
189049
189049
189049
189049
189049
189049
189049
189049
189049
189049
189049
189049
189049
189049
189199
189199
189199
189199
189199
189199
189199
189199
189199
189199
189199
189199
189199
189791
189791
189791
189791
189791
189791
189791
189791
189791
189791
189791
189791
189791
189791
189791
189791
189791
189791
189791
189970
189970
189970
189970
189970
189970
189970
189970
189970
189970
189970
189970
189970
189970
189970
189970
189970
190057
190057
190057
190166
190166
190166
190166
190166
190166
190166
190166
190166
190166
190166
190166
190166
190166
190166
190400
190400
190400
190640
190640
190640
190640
190640
190640
190640
190640
190640
190640
190640
190726
190726
190726
190726
190726
190726
190726
190726
190726
190726
190726
190726
190726
190726
190726
190726
190726
190726
190726
190726
191036
191036
191036
191036
191036
191036
191036
191036
191036
191036
191204
191204
191204
191204
191204
191204
191204
191204
191204
191204
191204
191204
191204
191204
191204
191204
191204
191204
191204
191204
191848
191848
191848
191848
191848
191848
191848
191848
191848
191848
191848
191848
191848
191848
191848
191848
191848
191983
191983
191983
191983
192275
192275
192275
192275
192275
192275
192275
192275
192275
192275
192275
192275
192275
192429
192429
192429
192429
192429
192429
192429
192429
192429
192429
192429
192429
192429
192429
192429
192429
192429
192820
192820
192820
193782
193782
193782
193782
193782
193782
193782
193782
193782
193856
193856
193856
193856
193856
194193
194193
194193
194193
194193
194193
194193
194323
194406
194406
194406
194406
194406
194406
194406
194406
194406
194406
194406
194406
194406
194406
194406
194406
194406
194406
194406
194406
196076
196076
196076
196076
196076
196076
196076
196076
196076
196076
196076
196169
196169
196169
196169
196169
196169
196169
196169
196169
196169
196169
196169
196169
196206
196206
196206
196366
196366
196415
196415
196415
196415
196415
196415
196415
196415
196529
196529
196529
196529
196529
196529
196854
196854
196854
196854
196854
196854
196854
196854
196854
196854
196854
196854
196854
196854
196854
196854
196854
196854
196854
196920
196920
196920
196920
196920
196920
196920
196920
196920
196933
196933
196933
196933
196933
196933
196933
196933
196933
196933
196933
196933
196933
196933
196933
196933
196933
196933
197032
197032
197032
197032
197032
197153
197153
197153
197153
197153
197153
197153
197153
197153
197153
197153
197153
197153
197773
197773
197773
197773
197773
198263
198263
198263
198263
198263
198263
198263
198263
198263
198263
198263
198263
198263
198263
198263
198263
198263
198263
198263
198263
198325
198325
198325
198325
198325
198325
198325
198325
198325
198325
198325
198325
198325
198325
198325
198325
198325
198819
198819
198819
198819
199242
199242
199242
199242
199242
199242
199242
199562
199562
199562
199562
199562
199562
199562
199562
199746
199746
199746
199782
199782
199782
199782
199782
199782
199782
199782
199782
199782
199782
199782
199782
200410
200410
200410
200410
200410
200410
200568
200568
200568
200568
200568
200568
200568
200568
200568
200568
200568
200568
200568
200568
200568
201343
201343
201343
201343
201560
201560
201560
201560
201560
201560
201560
201560
201560
201560
201560
201560
201560
201560
201560
201560
201592
201592
201592
201592
201592
201592
201592
201592
201592
201592
201592
201592
201592
201592
201592
201592
201592
201867
201867
201867
201867
201867
201867
201867
201867
201867
201867
201867
201867
201867
201867
201867
201867
201867
202161
202161
202422
202422
202422
202422
202422
202422
202422
202422
202422
202422
202422
202422
202422
202422
202422
202422
202422
202422
202422
202642
202642
202642
202792
202792
202792
202792
202792
202792
202792
202792
202792
202792
202792
202792
202792
202792
202949
202949
202949
202949
202949
202949
202949
202949
202949
202949
202949
202949
202949
202949
202949
202949
202949
202949
202949
202981
202981
202981
202981
203606
203606
203606
203606
203606
203606
203606
203606
203606
203606
203606
203606
203606
203606
203606
203606
203732
203732
203732
203732
203732
203732
203732
203751
203751
203751
203751
203950
203950
203950
203950
203950
203950
203950
203950
203950
203950
203950
203950
203950
203950
204006
204006
204006
204006
204006
204006
204006
204006
204006
204006
204006
204006
204006
204006
204006
204006
204006
204006
204006
204257
204257
204257
204257
204257
204257
204257
204257
204257
204303
204303
204303
204740
204740
204740
204740
204740
205122
205122
205122
205122
205122
205122
205122
205122
205122
205122
205122
205122
205122
205122
205122
205122
205122
205475
205475
205475
205475
205475
205475
205475
205475
205475
205475
205475
205475
205521
205521
205521
205521
205521
205521
205521
205521
205521
205521
205521
205521
205521
205521
205521
205521
205521
205521
205521
205733
205733
205733
205733
205733
205733
206041
206041
207873
207873
207873
207873
207873
207873
207915
207915
207915
207915
208753
208753
208753
208753
208753
208753
208753
208753
208871
208871
208871
208871
208871
208871
208871
208871
208871
208871
208871
208871
208871
208871
208871
208871
208871
209141
209141
209141
209141
209141
209141
209141
209141
209141
209302
209302
209302
209302
209302
209302
209302
209302
209302
209302
209302
209302
209302
209302
209302
209302
209302
209302
209302
209302
210340
210340
210340
210340
210340
210340
210340
210340
210340
210340
211101
211101
211101
211101
211101
211101
211101
211101
211101
211101
211101
211101
211101
211101
211101
211101
212398
212398
212398
212398
212398
212398
212398
212398
212398
212398
212398
212398
212398
212398
212398
212451
212451
212451
212451
212451
212451
212451
212451
212451
212451
212451
212451
212451
212451
212451
212451
212451
212719
212719
212719
212719
212719
212719
212919
212919
212919
212919
212919
212919
212919
212919
212919
212919
212919
212919
212919
212941
212941
212941
212941
212941
212941
212941
212941
212941
212941
212941
212941
212941
212941
212941
212941
212941
212941
212941
212941
214039
214039
214039
214039
214039
214039
214039
214039
214039
214039
214039
214039
214039
214039
214039
214039
214039
214184
214184
214184
214184
215034
215034
215034
215034
215034
215034
215034
215034
215034
215034
215034
215034
215034
215034
215034
215034
215034
215034
215034
215116
215116
215116
215116
215116
215288
215288
215288
215288
215288
215288
215288
215288
215288
215288
215288
215288
215288
215288
215288
215288
215288
215288
215288
216049
216589
216589
216589
216589
216810
216810
216810
216810
216810
216810
216810
216810
216810
216810
216810
216810
216810
216810
216810
216810
217366
217366
217366
217556
217556
217556
217556
217556
217556
217556
217556
217556
217556
217556
217556
217692
217692
217692
217692
217692
217692
218177
218177
218177
218177
218177
218177
218177
218177
218562
218562
218562
218562
218562
218562
218562
218562
218562
218562
218562
218562
218562
218562
218562
218562
219111
219111
219111
219303
219303
219303
219303
219303
219303
219303
219303
219303
219303
219303
219303
219303
219303
219303
219303
219303
219303
219436
219436
219436
219436
219436
219436
219436
219436
220130
220130
220130
220130
220130
220130
220130
220130
220130
220130
220130
220130
220130
220130
220130
220130
220876
220876
220876
220876
220876
220876
220876
220876
220876
220876
220876
220876
220876
220876
220876
221143
221143
221143
221563
221563
221563
221563
221563
221563
221563
221563
221563
221563
221563
221563
221563
221563
221563
221563
221563
222816
222816
222816
222846
222846
222846
222846
222846
222846
222846
222846
222846
222968
222968
222968
222968
222968
222968
224305
224305
224373
224373
224373
224373
224373
224373
224373
224373
224507
224507
224507
224507
224507
224507
224507
224507
224507
224507
224507
224507
224507
224507
224507
224507
224507
224507
224507
224507
224654
224669
224669
224669
224669
224669
224669
224669
224669
224669
224669
224669
224669
224669
224669
224669
224669
224669
224669
225206
225206
225206
225206
225206
225206
225206
225206
225206
225206
225206
225206
225206
225206
225206
225206
225206
225319
225319
225319
225319
225319
225319
225319
225319
225319
225319
225319
225319
225697
225697
225697
225697
225697
225697
225697
225697
225697
225697
225697
225697
225697
225721
225721
225721
225721
225721
225721
225721
225721
225721
225721
225721
225721
225721
225721
225721
225721
225721
225721
225721
226667
226667
226667
226667
226667
226667
226667
226667
226667
226667
226667
226667
226667
226667
226667
227159
227774
227774
227774
227774
227774
227774
227774
227774
227774
227774
227774
227774
227774
227774
227774
227774
227774
227774
227821
227821
227821
227821
227821
227821
227821
227821
227821
227821
227821
227821
227821
227821
227821
229454
229480
229480
229480
229480
229480
229480
229480
229480
229480
229480
229480
229480
229480
229480
229785
229785
229785
229785
229785
229785
229785
229785
229785
229785
229785
229785
229923
229923
230123
230123
230123
230123
230123
230123
230123
230123
230123
230123
230123
230123
230123
230306
230306
230306
230306
230306
230306
230306
230306
230306
230306
230306
230306
230306
230306
230306
230306
230306
230306
230306
230433
230433
230433
230433
230433
230433
230433
230433
230433
230433
230433
230433
230433
230939
230939
230939
230939
230939
230939
230939
230939
230939
230939
230939
230939
230939
230939
230939
230939
230939
231407
231407
231481
231481
231481
231481
231481
231481
231481
231481
231481
231481
231481
231481
231481
231481
231481
231481
231481
231481
231481
232258
232258
232258
232258
232258
232258
232258
232258
232258
232374
232374
232374
232374
232374
232374
232374
232374
232374
232374
232374
232374
232374
232374
232374
232374
232441
232441
232441
232441
232441
232441
232441
232441
232441
232441
232441
233671
233671
233671
233671
233671
233671
233671
233671
233671
233671
233671
233671
233671
233671
233671
233671
234085
234508
234508
234508
234508
234508
234508
234508
234508
234508
234508
234508
234508
234508
234508
234508
234508
234508
234508
234508
234508
234800
234800
234800
234800
234800
234800
234800
234800
234980
234980
234980
234980
234980
234980
234980
235463
235463
235463
235463
235463
235463
235463
235463
235463
235463
235463
235463
235463
235463
235828
235828
235828
235828
235828
235828
235828
235828
235828
235828
235828
235828
235828
235962
235962
235962
235962
235962
235962
235962
235962
235962
235962
235962
235962
235962
235962
235962
236022
236022
236022
236022
236022
236022
236022
236022
236022
236504
236564
236564
236564
236564
236564
236564
236564
236564
236564
236564
236564
236564
236564
236564
236564
236564
236564
236564
236564
236564
237046
237046
237046
237046
237046
237046
237046
237046
237046
237046
237046
237046
237046
237211
237211
237211
237211
237211
237211
237211
237211
237211
237211
237211
237211
237211
237219
237219
237219
237219
237219
237219
237571
237571
238539
238539
238539
238539
238539
238539
238539
238539
238539
238539
238539
238539
239232
239232
239232
239232
239232
239232
239232
239232
239232
239291
239291
239291
239291
239291
239291
239291
239291
239291
239291
239291
240348
240348
240348
240348
240348
240348
240424
240424
240424
240424
240424
240424
240424
240424
240424
240424
240424
240424
240424
240424
241126
241126
241126
241126
241126
241126
241206
241206
241206
241206
241206
241206
241206
241206
241206
241206
241206
241206
241743
241743
241743
241743
241743
241743
241743
241743
241743
241743
241743
241743
241743
241743
241743
241743
241743
241743
241743
241743
241871
241871
241871
241871
241871
241871
241871
241871
241871
241871
242186
242186
242186
242438
242438
242438
242438
242438
242438
242438
242438
242438
242438
242438
242438
242438
242438
243459
243459
243459
243459
243459
243459
243459
243459
243459
243459
243459
243459
243459
243459
243459
243459
243459
243459
244266
244266
244266
244266
244266
244266
244266
244266
244266
244478
244478
244478
244478
244478
244478
244478
244478
244478
244478
244478
244478
244849
244849
244849
244849
244849
244849
244849
244849
244849
244849
244849
244849
244849
244849
244849
244849
245529
245529
245529
245529
245529
245529
245529
245529
245529
245529
245529
245529
245529
245529
245529
245529
245529
245529
245529
245714
245714
245714
245714
245714
245714
245714
245714
245714
245714
245714
245714
245714
245714
246183
246183
246183
246183
246183
246183
246183
246183
246183
246183
246183
246183
246183
246183
246183
247081
247081
247081
247081
247081
247081
247081
247081
247081
247081
247081
247081
247081
247081
247081
247081
247081
247081
247604
247604
247604
247604
247604
247604
247604
247604
247703
247703
247703
247703
247703
247703
247703
247703
247703
247703
247703
247703
247703
247703
247703
247703
247703
247703
247703
247753
247753
247753
247753
247753
247753
247753
247753
247753
247753
247753
247753
247753
247753
247753
247753
247753
247753
247753
248124
248124
248124
248124
248124
249209
249209
249209
249209
249209
249209
249209
249209
249209
249209
249209
249209
249209
249209
249209
249209
249209
249209
249781
249894
249894
249894
249894
249894
249894
249894
249894
249894
249894
249894
249934
249934
249934
249934
249934
249934
249934
249934
249934
249934
249934
249934
249934
250151
250151
250151
250151
250151
250151
250151
250151
250151
250151
250328
250328
250328
250328
250328
250328
250328
250328
250328
250328
250439
250439
250439
250439
250439
250439
250439
250874
250874
250874
250874
250874
250874
250874
250874
250874
250874
250874
250874
250874
250874
250874
250874
250874
250874
250874
250997
250997
250997
250997
250997
250997
250997
250997
250997
250997
250997
250997
250997
250997
250997
250997
250997
250997
250997
251122
251122
251122
251122
251122
251440
251440
251440
251440
251440
251440
251440
251440
251440
251440
251440
251440
251440
251440
251440
251440
251440
251720
251720
251720
251720
251720
251720
251720
251720
251720
251720
251720
251720
251905
251905
251905
251905
251905
251905
251905
251905
251946
251946
251946
251946
251946
251946
251946
251946
251946
251946
251946
251946
252275
252275
252872
253206
253206
253206
253206
253206
253206
253206
253734
254172
254172
254172
254172
254172
254172
254172
254172
254172
254172
254172
254172
254172
254307
254307
254307
254307
254307
254360
254360
254360
254360
254360
254360
254360
254360
254360
254360
254360
254360
254626
254626
254626
254626
254626
254626
254626
254626
254626
254626
254626
254626
254641
254641
254641
254641
254641
254641
254641
255729
255729
255729
256588
256588
256588
256588
256588
256588
256588
256588
256588
256588
256588
256588
256588
256588
256588
256588
256588
256727
256727
256727
256727
256727
256727
256727
256727
256727
256727
256727
256727
256727
256727
256897
256897
256897
256897
256897
256897
256897
256897
256897
256897
256897
256897
256980
256980
256980
256980
256980
256980
256980
256980
256980
256980
256980
256980
256980
257130
257130
257130
257130
257130
257130
257130
257130
257130
257130
257130
257796
257796
257796
257796
257796
257868
257868
257868
257868
258008
258008
258008
258008
258008
258008
258008
258008
258008
258008
258008
258008
258008
258008
258087
258087
258087
258087
258087
258087
258087
258087
258087
258087
258087
258087
258186
258186
258186
258186
258186
258186
258186
259148
259148
259148
259609
259609
259609
259609
259609
259697
259697
259697
259697
259697
259697
259697
259697
259697
259697
259697
259697
259697
259697
259697
259814
259814
259814
259814
259814
259814
259814
259814
259814
259814
259814
260388
260388
260388
260388
260388
260388
260852
260852
260852
260852
260852
260852
260852
260852
261009
261009
261065
262124
262124
262124
262124
262124
262124
262124
262124
262124
262124
262213
262213
262213
262213
262213
262913
262913
262913
262913
262913
262913
262913
262913
262913
262913
262913
262913
262913
262913
262913
263187
263187
263187
264299
264299
264299
264299
264299
264299
264299
264299
264299
264665
264665
264665
264665
264665
264665
264665
264665
264665
264665
265118
265118
265118
265118
265118
265118
265118
265118
265118
265118
265118
265118
265118
265118
265118
265118
265118
265118
265340
265340
265340
265340
265340
265340
265340
265340
265340
265340
265340
265340
265340
265833
265833
265833
265833
265833
265833
265833
265833
265833
265833
265833
265833
265833
265833
265833
265833
265833
266167
266167
266167
266167
266167
266221
266221
266221
266221
266221
266221
266221
266221
266221
266221
266221
266404
266404
266404
266404
266404
266404
266404
266404
266404
267103
267103
267103
267103
267103
267103
267103
267103
267103
267103
267103
267103
267103
267103
267103
267432
267432
267432
267432
267432
267432
267432
267432
267432
267432
267432
267432
267432
267432
267432
267636
267636
267636
267636
267636
267636
267636
267636
267636
267767
267767
267767
267767
267767
267767
267767
267767
267942
267942
267942
267942
267942
267942
267942
267942
267942
267942
267942
267942
267942
267942
268743
268743
268743
268743
268743
268743
268743
268743
268743
268743
268743
268743
268743
268743
268743
268743
268743
268743
268743
268743
269165
269165
269165
270178
270178
270178
270178
270178
270178
270916
270916
270916
270916
270916
270916
270916
270916
270916
270916
271225
271225
271225
271225
271225
271225
271225
271225
271225
271225
271389
271389
271389
271389
271389
271389
271389
271389
271389
271389
271389
271389
271389
271389
271389
271389
271389
271389
271389
271392
271392
271392
271392
271976
271976
271976
271976
271976
271976
271976
271976
271976
271976
271976
271976
271976
271976
271976
272006
272006
272006
272006
272006
272025
272979
272979
272979
272979
272979
272979
272979
272979
273736
273736
273736
273736
273736
274670
274670
274670
274670
274670
274670
274768
274768
274768
274768
274768
274768
274768
274768
274865
274865
274930
274930
274930
274930
274930
274930
274930
274930
274930
274930
274930
274930
274930
274930
274930
274930
274930
274961
274961
274961
274961
274961
274961
274961
275175
275175
275175
275175
275175
275175
275175
275175
275175
275175
275175
275175
275175
275175
275175
275175
275209
275209
275209
275209
275209
275209
275209
275209
275209
275209
275209
275209
275209
275209
275209
275209
275209
275563
275563
275563
275563
275563
275563
275563
275563
275666
275666
275666
275940
275940
275940
275940
275940
275940
276838
276838
276838
276838
276973
276973
276973
276973
276973
276973
276973
276973
276973
276973
277410
277410
277410
277410
277410
277410
277410
277410
277410
277410
277410
277410
278088
278088
278088
278088
278088
278088
278088
278088
278088
278088
278088
278088
278088
278429
278429
278429
278429
278429
278429
278429
278429
278429
278429
278429
278429
278429
278429
278429
278429
279460
279460
279460
279460
279460
279460
279460
279460
279460
279460
279460
279460
279460
279460
279460
279460
279460
279460
279460
279460
279570
279570
279570
279570
279570
279570
279570
279570
279570
279570
279570
279570
279570
279712
279712
279712
279712
279712
279712
279712
279712
279712
279712
279712
279712
279712
279712
279841
279841
279841
279841
279841
279841
279841
279841
279841
279841
279841
279841
279841
279841
279841
279841
279841
279841
279841
280041
280041
280041
280041
280041
280265
280265
280265
280265
280265
280265
280265
280265
280265
280265
280265
280265
280265
280265
280265
280265
280265
280265
280565
280565
280565
280565
280565
280565
280565
280565
280565
280565
280565
280565
280565
280565
280565
280565
280565
280565
281778
281778
281778
281778
281778
281778
281778
281778
281778
281778
281778
281778
282042
282042
282042
282042
282042
282042
282042
282042
282042
282042
282042
282180
282180
282180
282180
282180
282180
282180
282180
282180
282180
282180
282180
282180
282180
282356
282356
282356
282356
282356
282356
282544
282748
282748
282748
282748
282748
282748
282748
282748
282748
282748
282894
282894
282894
282894
282894
282894
282894
282894
282894
282894
282894
282894
282894
282894
282894
282894
282894
282894
283049
283049
283049
283049
283049
283049
283049
283049
283049
283049
283049
283049
283049
283049
283049
283049
283049
283117
283117
283117
283117
283117
283117
283117
283117
283117
283117
283117
283117
283117
283117
283117
283117
283757
283757
283757
283757
283757
283757
283757
283757
283757
283757
283877
283877
283877
283877
283877
283877
283877
283877
283877
283877
283877
283877
283877
283877
283877
283877
283877
283890
283890
283890
283890
283890
283890
283890
283890
283890
283890
283890
283992
283992
283992
283992
283992
283992
283992
283992
283992
283992
283992
283992
284135
284135
284381
284381
284381
284381
284381
284381
284381
284381
284381
284381
284381
284381
284381
284381
284381
284381
284839
284839
284839
284839
284839
284839
284839
284839
286137
286137
286137
286137
286843
286843
287541
287541
287541
287541
287541
287541
287541
287541
287541
287541
287541
287541
287541
287541
287541
287541
287541
287573
287573
287573
287573
287573
287573
287573
287573
287626
287626
287626
287626
287626
287626
287701
287932
287932
287932
287932
287932
288930
288930
288930
288930
288930
288930
288930
288930
288930
288930
288930
288930
289378
289378
289384
289384
289384
289384
289384
289384
289384
289384
289384
289384
289384
289384
289384
289384
289384
289384
289384
289384
289418
289418
289418
289418
289418
289418
289418
289418
289418
289418
289418
289418
289418
289418
289418
289418
289418
289418
289418
289881
289881
289881
290261
290261
290261
290261
290261
290261
291499
291499
291499
291499
291499
291499
291499
291499
291662
291662
291662
291662
291834
291834
291834
291834
291834
291834
291834
291834
291834
292626
292626
292626
292760
292760
292760
292760
292760
292760
292760
292760
292760
292760
292760
292760
292760
292760
292760
292760
292760
292760
293281
293281
293281
293281
293574
293574
293574
293574
293574
293574
293574
293574
293574
293710
293710
293710
293710
293710
293710
293710
293710
293710
293710
293710
293710
293710
293710
293710
293710
293945
293945
293945
293945
293945
293945
294102
294102
294102
294102
294102
294102
294102
294102
294102
294102
294102
294102
294102
294102
294102
294102
294102
294102
294102
294209
294209
294209
294541
294541
294541
294541
294541
294541
294541
294541
294541
294541
294541
294541
294541
294541
294541
294541
294541
294541
294541
294541
294685
294685
294685
294685
294685
294689
294689
294689
294689
294689
294689
294689
294689
294689
294689
294689
294689
294689
294689
294689
294689
294689
294689
294719
294719
294719
294719
294719
294719
294719
294719
294959
294959
294959
294959
294959
294959
294959
294959
294959
294959
294959
294959
294959
294959
294959
294959
294959
294959
294959
294959
295721
295721
295721
295721
295721
295721
295721
295721
295721
295721
295721
295721
295721
295721
295721
295721
295721
295721
295721
295721
295811
295811
295811
295811
295811
295811
295811
295811
295811
295811
295860
295860
295860
295860
295860
295860
295860
295969
295969
295969
295969
295969
295969
295969
295969
295969
295969
295969
295969
295969
295969
296214
296214
296214
296214
296214
296214
296214
296214
296214
296214
296214
296214
296214
296214
296214
296238
296238
296238
296370
296370
296370
296852
296852
296852
296852
296852
296852
296852
296852
296852
296852
296852
296852
296852
296852
296852
296852
296852
296852
296852
296852
297110
297110
297110
297110
297110
297110
297110
297110
297110
297110
297110
297110
297110
297110
297110
297110
297110
297110
297110
297110
297183
297183
297183
297183
297183
297183
297183
297183
297183
297183
297183
297183
297183
297183
297183
297183
297183
297467
297467
297898
297898
298010
298010
298010
298010
298010
298010
298010
298010
298010
298010
298010
298010
298010
298010
298490
298490
298490
298490
298490
298490
298490
298490
298490
298490
298490
298490
298490
298490
298490
298490
298511
298511
298511
298511
298511
298511
298511
298589
298589
298589
298589
298589
298589
298589
298589
298589
298589
298589
298589
298589
298589
298589
298589
298589
298731
298731
298731
298731
298731
298731
298731
298731
298731
298731
298731
298731
298731
298731
298731
298731
299606
299717
299717
299717
299717
299717
299717
299717
299717
299717
299717
299717
299717
299717
299717
299717
299717
299717
299790
299790
299790
299809
299809
299809
299809
299809
299809
300289
300289
300289
300289
300289
300289
300289
300289
300289
300289
300289
300289
300289
300289
300289
300289
300289
300289
300289
300410
300410
300410
300410
300410
300410
300410
300410
300410
300410
300670
300905
300905
300905
300905
300905
301079
301079
301079
301079
301114
301114
301114
301114
301114
301114
301114
301114
301114
301114
301114
301114
301114
301114
301114
301114
301114
301114
301681
301681
301681
302088
302088
302088
302088
302088
302088
302088
302120
302120
302120
302120
302120
302120
302120
302120
302120
302156
302156
302441
302441
302441
302792
302792
302792
302792
302792
302792
302792
302792
302792
302792
302792
302792
302792
302792
302792
302792
302792
302792
303698
303698
303698
303698
303698
303698
303698
303698
303698
303698
303698
303698
303698
303698
303870
303870
303870
303870
303870
303870
303870
303870
303870
303870
303870
304227
304227
304227
304227
304227
304227
304227
304227
304227
304227
304227
304227
304227
304227
304227
304782
304782
304782
304782
304782
304782
305191
305191
305191
305191
305191
305191
305191
305191
305191
305191
305202
305202
305202
305202
305202
305202
305202
305202
305202
305202
305202
305963
305963
306398
306398
306398
306398
306398
306398
306398
306398
306398
306398
306398
306398
306398
306398
306652
306652
306652
306652
306652
306652
306652
306652
306652
306652
306652
306652
307090
307090
307090
307090
307090
307090
307090
307090
307090
307337
307337
307337
307337
307337
307337
307337
307337
307337
307337
307337
307337
307337
307337
307337
307337
307680
307680
307680
307680
307680
307680
307702
307702
307702
307702
307702
307702
307702
307702
307702
307702
307702
307702
307702
307702
307702
307702
307702
307818
307818
307818
307818
307818
307818
307818
307818
307818
307818
307818
307818
308389
308389
308389
308389
308389
308389
308389
308389
308389
308389
308389
308389
308389
308445
308445
308462
308462
308462
308462
308462
308462
308462
308462
308462
308462
308462
308462
308462
308462
308462
308462
308462
309792
309792
309792
309792
309792
309792
309792
309792
309792
309792
309928
309928
309928
309928
309928
309928
309928
309928
309928
309928
309928
309928
309928
309928
310066
310066
310066
310066
310066
310377
310377
310377
310377
310377
310377
310377
310377
310377
310377
310377
310377
310377
310377
310377
310377
310377
310377
310377
310543
310543
310543
310543
310543
310543
310543
310543
310543
310543
310543
310543
310543
310543
310543
310543
310543
310635
310635
310635
310635
310635
310635
310635
310635
310635
310635
310635
310635
310635
310805
310805
310805
310805
310805
310805
310805
310805
310805
310805
310805
310805
310805
310805
310805
310805
311510
312062
312062
312062
312062
312062
312246
312246
312246
312246
312246
312246
312246
312246
312246
312246
312246
312246
313646
313646
313646
313646
314209
314209
314209
314209
314209
314209
314209
314209
314209
314209
314343
314343
314343
314343
314343
314343
314343
314343
314343
314343
314343
314343
314484
314484
314484
314484
314484
314484
314484
314484
314484
314484
314484
314484
314484
314484
314484
314484
314484
315262
315262
315262
315262
315262
315262
315262
315262
315262
315517
315517
315713
315713
315713
315713
315713
315713
315713
315713
315713
315713
315713
315713
315713
315713
315713
315713
315713
315713
315713
315731
315731
315731
315731
315731
315731
316315
316315
316315
316315
316315
316315
316315
316315
316863
316863
316863
316863
316863
316863
316863
316863
316863
316863
316863
317206
317206
317206
317206
317206
317206
317206
317206
317206
317206
317206
317206
317206
317206
317206
317206
317206
317206
317206
317206
318613
318613
318613
318613
318613
318613
318613
318613
318613
318613
318613
318613
318613
318613
318613
318613
318613
318613
318613
319002
319002
319002
319002
319002
319002
319299
319299
319299
319299
319299
319299
319299
319299
319299
319299
319299
319299
319299
319299
319299
319805
319805
320072
320072
320072
320535
320535
320535
320535
320535
320535
320535
320535
320535
320535
320535
320535
320535
320535
320535
320535
320535
320535
320752
320752
320752
320752
320752
320752
320752
320752
320752
320752
320752
320752
320752
320752
320752
320885
320885
320885
320885
320885
320885
320885
320885
320885
320885
320885
320885
321525
322207
322207
322207
322207
322207
322207
322207
322207
322311
322311
322311
322311
322311
322311
322311
322311
322311
322311
322311
322311
322311
322311
322311
322311
322311
322311
322311
322311
322435
322435
322435
322435
322435
322435
322435
322435
322435
322435
322435
322435
322435
323915
323915
323915
323915
323915
323915
323915
323915
323915
323915
323915
323915
324294
325402
325402
325402
325402
325402
325402
325402
326436
326436
326436
326436
326436
326436
326436
326436
326709
326709
326709
326709
326709
326709
326709
326709
326709
326709
326709
326709
326709
326709
326709
326709
326709
326709
326709
326709
326713
326713
326713
326713
326713
326713
326713
326713
326713
326713
326713
326713
326713
326713
326713
326713
326713
326713
326713
326713
326815
326815
326815
326815
326815
326815
326815
326815
326815
326815
326815
326815
326815
326815
326815
326815
326815
326829
326829
326829
326941
326941
326941
326941
326941
326941
326941
326941
326941
326941
326941
326941
326941
326941
326941
326941
326941
326941
326941
327503
327503
327503
327503
327503
327503
327503
327503
327503
327503
327503
327503
327503
327503
327503
327503
327503
327503
327503
327503
327811
327811
327811
327811
327811
327811
328414
328414
328414
328414
328678
328678
328678
328678
328678
328678
328678
328678
328678
328678
328678
328678
328678
328678
329026
329026
329026
329026
329026
329026
329026
329026
329026
329026
329026
329026
329026
329026
329026
329026
329383
329383
329383
329383
329383
329383
329383
329383
329383
329383
329721
329721
329721
329721
329721
329721
330200
330200
330200
330200
330200
330200
330223
330223
330223
330223
330223
330223
331486
331486
331486
331486
331486
331486
331486
331486
331486
331486
331486
331486
331486
331486
331486
331486
331486
332491
332491
332491
332491
332491
332491
332491
332491
332491
332491
332491
332491
332491
332491
332491
332491
332491
332491
332491
332525
332525
332525
332525
332525
332525
332525
332525
332525
332525
332525
332525
332525
332525
332525
332525
332525
332525
332525
332866
332866
332866
332964
332964
332964
332964
332964
332964
332964
332964
332964
332964
333119
