8031 500000
66693
66693
66693
66693
66693
66693
66693
66693
66693
66693
66693
67477
67477
67477
67477
67477
67477
67477
67477
67477
67477
67477
67477
67589
67589
67589
67589
67589
67589
67589
67589
67589
67589
67589
67589
67589
67589
67589
67946
67946
67946
67946
67946
67946
67946
67946
67946
67946
67946
68498
68801
68801
68801
68801
68801
68801
68801
68801
68801
68802
68802
68802
68802
68802
68802
68802
68802
68802
68802
68802
68802
68802
68802
69195
69195
69195
69195
69195
69195
69195
69195
69195
69195
69195
69195
69195
69195
69195
69195
69195
69195
69466
69466
69466
69466
69466
69466
69466
69466
69466
69466
69466
69466
69466
69466
69466
69466
69466
69466
69466
69963
69963
69963
69963
69963
69963
69963
69963
69963
69963
71233
71233
71233
71233
71233
71233
71233
71233
71233
71233
71233
71233
71233
71233
71233
71233
71233
71233
72322
72322
72322
72322
72322
72322
72322
72322
72322
72322
72322
73029
73029
73029
73029
73029
73029
73029
73029
73029
73029
73029
73029
73029
73029
73029
73883
73883
73883
73883
73883
73883
73883
73883
73883
74245
74245
74245
74245
74245
74245
74245
74245
74245
74245
74245
74245
74472
74472
74472
74472
74472
74472
74472
74990
74990
74990
74990
74990
74990
74990
74990
74990
74990
74990
74990
74990
74990
74990
74990
74990
74990
74990
75107
75107
75107
75107
75107
75107
75107
75107
75107
75107
75107
75107
75107
75107
75169
75169
75169
75169
75169
75169
75169
75169
75169
75169
75169
75169
75169
75169
75169
75590
75590
75590
75590
75590
75590
75590
75590
75590
75590
75590
75590
75590
75590
75590
75634
75634
75634
75634
75634
75634
75634
75634
75634
75732
75732
75732
75732
75732
75732
75732
75732
75732
75732
75732
75732
76151
76151
76151
76151
76151
76151
76151
76151
76151
76151
76151
76897
76897
76897
76897
76897
76897
77154
77154
77154
77154
77154
77154
77154
77154
77154
77154
77154
77154
77154
77154
77234
77234
77234
77234
77234
77234
77234
77234
77234
77234
77734
77734
77734
77734
77734
77734
77734
77734
77734
77734
77734
77734
77734
77787
77787
77787
77787
77787
77787
77787
77787
77787
77787
77901
77901
77901
77901
77901
77901
78345
78345
78345
78345
78345
78763
78763
78763
78763
78763
78763
78763
78763
78763
78763
78763
78763
78859
78859
78859
78859
78859
78859
78859
78859
78859
78859
78859
78859
78859
78859
78859
78859
78859
78862
78862
78862
78862
78862
78862
78953
78953
78953
78953
78953
78953
78953
78953
78953
78953
78953
78953
78953
78953
78953
78953
78953
78953
78953
78953
79026
79026
79026
79026
79026
79026
79026
79026
79026
79026
79026
79026
79026
79026
79026
79026
79026
79026
79026
79183
79183
79183
79342
79342
79342
79342
79342
79342
79342
79342
79342
79342
79342
79342
79342
79342
79342
79342
79342
79342
80700
80700
80700
80700
80700
80700
80700
80700
80700
80700
80700
80700
80700
80700
80700
80822
80822
80822
80822
80822
80822
80822
80822
81323
81323
81323
81323
81323
81323
81323
81323
81323
81323
81323
81323
81323
81323
81323
81387
81387
81387
81387
81387
81709
81709
81709
81709
81766
81766
81766
81766
81766
81766
81766
81766
81766
81766
81973
81973
81973
81973
81973
81973
81990
81990
81990
81990
81990
81990
81990
81990
81990
81990
81990
81990
82991
82991
82991
82991
82991
82991
82991
82991
82991
82991
82991
82991
83101
83101
83101
83101
83101
83101
83101
83101
83101
83101
83101
84131
84131
84131
84131
84131
84131
84131
84131
84131
84131
84131
84131
84131
84131
84131
84131
84131
84237
84237
84237
84237
84237
84237
84237
84237
84237
84237
84237
84237
84237
84564
84564
84564
84564
84564
84564
84564
84564
84564
84564
85289
85289
85289
85289
85385
85385
85385
85385
85385
85385
85385
85385
85385
85385
85385
85385
85385
85385
85385
85385
85385
85799
85799
85799
85799
85799
85799
85799
85799
85799
85799
85799
85799
85799
85799
85799
85799
86057
86057
86057
86057
86057
86953
87107
87107
87107
87182
87182
87182
87182
87182
87182
87182
88249
88249
88249
88249
88249
88249
88249
88249
88249
88249
88249
88249
88249
88249
88249
88280
88280
88405
88405
88405
88405
88405
88405
88405
88405
88405
88405
88405
88405
88438
88438
88438
88438
88438
88438
88438
88438
88438
88804
88804
88804
88804
88804
88804
88804
88804
88804
88804
88804
89277
89277
89277
89277
89277
89277
89277
89277
89277
89277
89277
89277
89277
89277
89277
89277
89883
89883
90252
90252
90550
90550
90550
90550
90550
90550
90550
90550
90550
90550
90550
90550
90550
90550
90550
90550
90550
90550
90550
90550
90894
90894
90894
90894
90894
90894
90947
91118
91118
91118
91118
91118
91118
91118
91118
91118
91118
91118
91118
91118
91879
91879
91879
91879
91879
91879
91879
91879
91879
91879
91879
91879
91879
91879
91879
92087
92087
92087
92087
92087
92087
92087
92087
92087
92087
92087
92087
92553
92553
92553
92553
92553
92553
92553
92553
92553
92553
92553
92553
92553
92553
92553
92693
92693
92693
92693
92693
92693
92693
92693
92693
92693
92693
92693
92693
92693
92693
92878
92878
92878
92878
92878
92878
92878
92878
92878
92878
92878
92878
92878
92878
92878
92878
92878
92878
93698
93698
93698
93698
93698
93698
93698
93698
93698
93698
93698
93698
93698
93698
93698
93698
93698
93698
93698
93714
93714
93714
93714
93714
93714
94370
94370
94370
94370
94370
94370
94370
94370
94370
94370
94370
94370
94370
94370
94370
94797
94797
94797
94797
94797
94797
96024
96024
96024
96024
96024
96024
96024
96024
96024
96024
96024
96054
96054
96054
96054
96054
96054
96054
96054
96054
96054
96054
96054
96084
96084
96084
96084
96084
96084
96084
96084
96084
96084
96084
96084
96188
96188
96394
96394
96394
96394
96394
96394
96394
96394
96394
96394
96394
96655
96655
96655
96655
96655
97124
97124
97124
97124
97124
97124
97124
97124
97124
97124
97124
97124
97124
97124
97124
97124
98097
98097
98097
98097
98345
98345
98345
98345
98345
98345
99065
99065
99065
99065
99065
99065
99065
99077
99077
99402
99402
99402
99402
99402
99402
99402
99402
99402
99402
99539
99539
100270
100270
100270
100270
100270
100270
100270
100270
100270
100270
100270
100270
100270
100270
100793
100793
100793
100793
101324
101324
101324
101324
101324
101324
101324
101324
101324
101324
101324
101324
101324
101324
101324
101324
101324
101324
101324
101352
101352
101352
101352
101352
101352
101352
101352
101352
101352
101352
101352
101352
101352
101352
101352
101420
101420
101551
101551
101551
101551
101551
101551
101551
101551
101551
101702
101778
101778
101778
101778
101778
101778
101778
101778
101778
101778
101778
101778
101778
101778
101778
101778
101778
101778
101902
101902
101902
101902
102214
102214
102214
102214
102214
102214
102214
102214
102214
102214
102214
102214
102214
102214
102214
102214
102293
102293
102293
102293
102293
102293
102293
102293
102293
102293
102293
102293
102293
102293
102293
102293
102359
102359
102359
102359
102359
102359
102359
102359
102359
102359
102359
102359
102415
102415
102415
102415
102415
102415
102415
102415
102415
102415
102415
102415
102415
102415
102415
103131
103131
103131
103131
103131
103131
103131
103131
103131
103145
103145
103145
103145
103145
104296
104296
104296
104296
104296
104697
104697
104697
104697
104697
104697
104697
104697
104697
104697
104697
104697
104697
104827
104827
104827
104827
104827
104827
104827
104827
104827
104827
104827
104827
104827
104827
104827
104827
104827
105088
105088
105088
105088
105088
105088
105088
105088
105088
105088
105088
105088
105088
105088
105088
105088
105088
105088
105186
105186
105561
105561
105561
105561
105561
105561
105561
105561
105561
105561
105561
105561
105561
105561
105561
105561
105561
105561
105561
105648
105648
105648
105648
105648
105648
105648
105648
105648
105648
105648
105648
105648
105648
105648
105648
105648
105648
105937
105937
105937
105937
105937
105937
105937
105937
105937
105937
105937
106714
106714
106714
106714
106714
106714
106714
106714
106714
106714
106714
106714
106714
106714
106714
106757
106757
106757
106757
106757
106757
106757
106757
106757
106757
106757
106768
106768
106768
106768
106768
106768
106768
107164
107166
107166
107166
107166
107166
107166
107166
107166
107977
107977
107977
107977
107977
107977
107977
107977
107977
107977
107977
107977
107977
107977
109294
109294
109294
109294
109294
109294
109294
109294
109294
109294
109294
109294
109294
109294
109294
109294
109351
109351
109351
109351
109351
109351
110438
110438
110438
110438
110438
110438
110438
110438
110438
110438
110438
110438
110438
110438
110438
110644
110644
110644
110644
111251
111251
111251
111251
111251
111251
111251
111251
111251
111251
111251
111251
111251
111264
111264
111264
111264
111264
111264
111264
111264
111264
111264
111264
111264
111264
111264
111264
111823
111823
111823
111823
111823
112481
112481
112481
112481
112481
112481
112481
112481
112481
112481
112481
112481
112527
112527
112527
112527
112527
112527
112527
112527
112527
113231
113231
113231
113231
113231
113231
113231
113231
113231
113231
113231
113231
113231
114483
114483
114483
114483
114483
114483
114594
114594
114594
114594
114594
114594
114594
114594
114594
114594
114594
114594
114594
114594
114594
114594
114594
114594
114594
115612
115612
115612
115612
115612
115612
115612
115612
115612
115612
115861
115861
115861
115861
115861
115861
115861
115861
115861
115861
115861
115861
115861
115861
115861
115861
116909
116909
116909
116909
116909
116909
116909
116909
116909
116909
116909
116909
116909
116909
116909
116909
117398
117398
117398
117398
117398
117398
117426
117426
117426
117426
117426
117426
117426
117426
117426
117426
117426
117426
117754
117754
117754
117754
117754
117754
117754
117754
117754
117754
117754
117754
117754
117754
117754
118045
118045
118045
118045
118045
118045
118045
118045
118045
118045
118045
118045
118045
118045
118045
118045
118045
118445
118445
118645
118645
118645
118645
118645
118645
118645
118645
118645
118645
118645
118645
119602
119602
119602
119602
119602
120075
120075
120075
120075
120075
120075
120117
120117
120117
120117
120117
120117
120117
120117
120117
120117
120117
120117
120117
120117
120117
120348
120348
120348
120348
120348
120348
120377
120377
120573
120573
120573
120573
120573
120573
120573
120573
120573
120573
120578
120578
120578
120578
120578
120578
120578
120578
120578
120578
120578
120578
120578
120578
120578
121179
121179
121179
121179
121179
121179
121179
121179
121179
121179
121179
121179
121179
121179
121179
121179
121199
121199
121199
121199
121199
121199
121199
121199
121199
121199
121199
121199
121199
121199
121199
121199
121199
121199
121199
121199
121464
121464
122381
122381
122381
122381
122381
122381
122381
122381
122381
122381
122381
123215
123215
123215
123215
123215
123215
123215
123215
123215
123215
123215
123215
123215
123215
123218
123218
123218
123218
123218
123218
123437
123437
123437
123437
123437
123437
123437
123437
123437
123437
123437
123437
123437
123437
123464
123464
123464
123464
123464
123464
123464
123464
123464
123464
123464
123464
123464
123941
123994
123994
123994
124187
124187
124643
124643
124643
124643
124643
124643
124643
124643
124643
124643
124643
124643
124898
124898
124898
124898
125044
125044
125044
125044
125044
125044
125044
125961
125961
125961
125961
125961
125961
125961
126111
126111
126111
126111
126111
126111
126111
126111
126111
126111
126111
126111
126111
126111
126111
126111
126111
126571
126571
126571
126571
126571
126571
126607
126607
126607
126607
126607
126607
126607
126607
126607
126607
126607
126607
126607
126607
126607
126940
126940
126940
126940
126940
126940
126940
126940
127010
127010
127010
127010
127010
127010
127010
127010
127010
127010
127010
127010
127010
127010
127010
127010
127010
127010
127010
127010
127146
127146
127146
127146
127146
127146
127146
127146
127146
127176
127176
127176
127176
127176
127360
127360
127360
127360
127360
127360
127360
127360
127360
127360
127360
127360
127360
127360
127360
127360
127360
127360
127360
127516
127516
127516
127516
127516
127516
127516
127516
127516
127516
127516
127516
127516
127587
127587
127587
127587
127587
127874
127874
127874
127874
127874
127874
127874
127874
127874
127874
127874
127874
127874
127874
127874
128460
128460
128460
128460
128479
128479
128479
128479
128479
128823
128823
128823
128823
128823
128823
128823
128823
128823
128823
128823
128851
129248
129248
129248
129248
129248
129512
129512
129512
129512
129512
130029
130029
130029
130029
130029
130029
130029
130029
130029
130069
130069
130069
130069
130069
130372
130372
130372
130372
130547
130547
130547
130547
130547
130547
130547
130547
130547
130547
130547
131137
131137
131137
131137
131137
131137
131137
131336
131336
131336
131336
131336
131336
131336
131336
131336
131336
131336
131336
131336
131336
131336
131336
131336
131336
131336
131521
131521
131521
131521
131521
131521
131521
131521
131521
131521
131521
131521
131521
131521
131696
131696
131696
131696
131696
131696
131696
131696
131696
131696
131696
131696
131696
131696
131696
131696
131696
131696
131696
131696
131714
131714
131714
131714
131714
131714
131714
131714
132084
132084
132084
132084
132084
132084
132084
132084
132084
132084
132084
132084
132094
132094
132094
132094
132094
132094
132094
132094
132094
132094
132094
132094
132094
132094
132094
132094
132094
132487
132487
132487
132579
132579
132579
132579
132579
132579
132579
132579
132579
132579
132579
132579
132579
132579
132579
132752
132752
132752
132752
132789
132789
132789
132789
132789
132789
132789
133507
133631
133631
133631
133631
133631
133631
133631
133631
133631
133631
133631
133631
133631
134193
134193
134193
134193
134193
134193
134193
134193
134193
134193
134379
134379
134379
134379
134379
134379
134379
134379
134379
134379
134379
134379
134379
134379
134379
134379
134379
134491
134491
134491
134491
134491
134491
134491
134491
134491
134491
134491
134491
134491
134491
134491
134491
134491
134491
134580
134580
134580
135305
135305
136209
136209
136209
136209
136209
136209
136209
136209
136209
136209
136229
136229
136229
136229
136229
136229
136229
136229
136229
136229
136229
136229
136229
136229
136229
136229
136229
136229
136229
136549
136549
136549
136588
136588
136588
136588
136588
136588
136588
136588
136588
136588
136588
136588
136588
136588
136588
136588
136588
136588
136683
136683
136683
137231
137231
137231
137231
137231
137231
137231
137231
137231
137231
138303
138303
138303
138303
138303
138303
138303
138303
138303
138303
138303
138303
138303
138303
138303
138303
138303
138303
138303
138528
138528
138528
138528
138528
138528
138528
138528
138528
138528
138528
138528
138528
138758
138758
138758
138758
138758
138758
138758
138758
138758
138758
138758
138758
138758
138758
138758
138801
138801
138801
138801
138801
138801
138801
138801
138801
138801
138801
138801
138801
138801
138801
138801
138801
138801
138801
139410
139410
139410
139410
139410
139410
139410
139410
139410
139410
139410
139410
139410
139410
139410
139410
139410
139485
139485
139485
139485
139485
139485
139485
139485
139485
139485
139485
139485
139485
139485
139485
139485
139485
139485
139485
139485
140112
140112
140112
140112
140112
141113
141113
141113
141113
141113
141113
141113
141113
141113
141113
141113
141113
141113
141113
141113
141113
141113
141113
141147
141447
141447
141447
141447
141447
141447
141447
141447
141447
141447
141469
141469
141469
141469
141469
141469
141562
141562
141562
141562
141562
141562
141562
141562
141562
141562
141562
141562
141562
141562
141562
141714
141714
141714
141714
141714
141714
141714
141714
141714
141714
141714
141714
141714
141714
141714
141714
141714
141714
141714
141816
141816
141816
141816
141816
141816
141816
141816
141816
141816
141816
141816
141985
141985
141985
142207
142207
142207
142207
142207
142207
142207
142207
142207
142207
142207
142207
142207
142207
142207
142207
142207
142207
142713
142713
142713
142713
142713
142713
142713
142713
142713
142713
142713
143336
143336
143336
143336
143336
143336
143550
143550
143550
143550
143550
143550
143550
143550
143550
143550
143550
143550
143550
145712
145712
145712
145715
145715
145715
145715
145715
145715
145715
145715
145715
145988
145988
145988
145988
145988
145988
145988
145988
145988
145988
145988
145988
145988
145988
145988
145988
145988
146227
146227
146227
146227
146278
146278
146278
146278
146278
146278
146278
146278
146278
146295
146295
146295
146295
146295
146295
146295
146295
146295
146295
146295
146295
146295
146295
146295
146571
146571
146571
146571
146571
146571
146571
146571
146571
146571
146571
146571
146571
146571
146571
146571
146571
146571
146571
147026
147026
147026
147026
147026
147026
147026
147026
147026
147026
147026
147026
147090
147090
147090
147090
147090
147090
147090
147090
147090
147090
147090
147090
147090
147090
147090
147090
147090
147090
147090
147486
147486
147486
147486
147497
147497
147497
147497
147497
147497
147497
147497
147497
147497
147497
147497
147497
147497
147497
147497
147497
147497
147497
147497
147732
147732
147732
147732
147732
147732
147732
147732
147732
147732
147732
147732
147732
147732
147732
147732
147732
147732
148311
148311
148311
148311
148311
148311
148311
148311
148311
148311
148311
148311
148311
148311
148311
148311
148386
148386
148386
148386
148386
148386
148386
148386
148386
148386
148386
148386
148402
148402
148402
148402
148402
148402
148402
148402
148402
148402
148402
148402
148402
148402
148402
148402
149232
149232
149232
149232
149232
149232
149232
149232
149530
149530
149530
149530
149530
149530
149530
149530
149530
149530
149655
149655
149655
149655
149655
149655
149655
149655
149977
149977
149977
149977
149977
149977
149977
149977
149977
149977
149977
149977
150200
150200
150200
150200
150200
150200
150200
150200
150200
150200
150200
150200
150200
150200
150200
150200
150200
150371
150371
150371
150371
150371
150371
150371
150371
150371
150371
150371
150371
150371
150371
150371
150371
150982
150982
150982
150982
150982
150982
150982
150982
150982
150982
150982
150982
150982
150982
150982
150982
150982
150982
150982
151256
151256
151256
151256
151256
151256
151256
151256
151256
151256
151256
151256
151256
151256
151256
151256
151709
151709
151709
151709
151709
151709
151709
151709
151709
151709
151709
151709
151709
151709
151967
151967
151967
151967
152123
152123
152123
152123
152123
152123
152557
152557
152557
152557
152557
152557
152557
152557
152557
152557
152557
152759
152759
152759
152759
152759
152759
152759
153850
153850
153850
153850
153850
153850
153850
153850
153850
153850
153868
153868
153868
153868
153868
153868
153868
153868
153868
153868
153868
153868
153868
153868
153868
153868
153868
153868
154496
154496
154496
154496
154496
154659
154659
154659
154659
154659
154659
154659
154659
154659
154659
154659
154659
154659
154659
154659
154659
154659
154659
154659
154945
154945
154945
154945
154945
154945
155447
155518
155518
155518
155518
155518
155518
155518
155518
155518
155518
155518
155518
155518
155518
155518
155518
155518
155518
155518
155518
155964
155964
155964
155964
155964
155964
156176
156176
156408
156408
156408
156408
156408
156408
156408
156408
156408
156408
156408
157080
157080
157080
157080
157080
157080
157080
157080
157080
157220
157220
157220
157220
157220
157220
157220
157220
157220
157220
157220
157220
157220
157220
157220
157691
157691
157691
157691
157691
157691
157691
157691
157691
157691
157691
158117
158117
158117
158117
158117
158383
158383
158383
158383
158383
158383
158383
158383
158383
158383
158383
158383
158383
159365
159365
159365
159365
159365
159365
159365
159365
159365
159365
159365
159365
159755
159755
159755
159755
159755
159755
159755
159755
159755
159755
159755
159755
159755
159755
159755
159755
159755
159755
159787
159787
159787
159787
159787
159787
159787
159888
159888
159888
159972
159972
159972
159972
159972
159972
161307
161307
161307
161307
161307
161307
161307
161307
161307
161307
162450
162450
162450
162450
162450
162450
162450
162450
162450
162450
162450
162450
162450
162450
162450
162450
162758
162758
162758
162758
162758
162758
162758
162758
163495
163495
163495
163495
163495
163495
163495
163495
163495
163495
163495
163495
163495
163495
163495
163495
163495
163885
163885
163885
163885
163885
163885
163885
163885
163885
163885
163885
163885
163942
163942
163942
163942
164136
164136
164136
164136
164136
164136
164136
164136
164136
164136
164136
164136
164136
164136
164136
164136
164136
164136
164332
164332
164332
164332
164332
164332
164332
164332
164332
164332
164332
164332
164332
164332
164332
164619
164619
164619
166330
167401
167401
167401
167401
167401
167401
167401
167685
167685
167685
167685
167685
167685
167685
167685
167685
167685
167685
167685
167685
167685
167685
167685
167685
167685
167685
167685
168884
168884
168884
168884
168884
168884
168884
168884
168884
169023
169023
169023
169023
169023
169023
169023
169023
169023
169023
169023
169023
169023
169023
169023
169992
169992
169992
169992
169992
170235
170235
170235
170235
170235
170235
170444
170444
170444
170444
170444
170464
170464
170464
170464
170464
170464
170464
170464
170464
170991
170991
170991
170991
170991
170991
170991
170991
170991
170991
170991
170991
171672
171672
171672
171672
171672
171672
171672
171672
171672
171672
171672
171672
171672
171672
171672
171672
171672
171672
171672
171672
171690
171690
171690
171690
171690
171690
171690
171690
171690
171690
171690
171690
171690
171690
171690
171707
171707
171707
171707
171707
171707
171707
171707
171707
171707
171707
171707
171707
171707
171707
171707
171707
172009
172009
172009
172009
172009
172009
172009
172009
172009
172009
172009
172009
172009
172009
172009
172042
172042
172042
172042
172042
172042
172042
172042
172042
172042
172042
172042
172042
172042
172517
172517
172517
172517
172517
172517
172517
173203
173203
173203
173203
173203
173203
173203
173203
173203
173203
173203
173206
173206
173206
173206
173206
173206
173206
173206
173206
173206
173206
173206
173206
173489
173489
173489
173489
173489
173489
173489
173489
173530
173530
173530
173530
173530
173530
173530
173530
173530
173530
173530
173530
173530
173530
173530
173530
173530
173530
173530
173530
173695
173695
173695
173695
173695
174039
174039
174039
174039
174039
174039
174039
174039
174054
174149
174149
174149
174149
174149
174149
174149
174149
174149
174149
174149
174149
174149
174149
174149
174149
174149
174149
174149
174149
174182
174182
174182
174182
174182
174182
174530
174530
174530
174530
174530
174530
174530
174530
174530
174530
174650
174650
174650
174650
174650
174650
174650
174650
174650
174650
174650
174650
174650
174650
174650
174662
174662
174662
174662
174662
174662
174662
174662
174662
174662
174662
174662
174662
174662
174662
174662
174662
174662
174779
174779
174779
174779
174779
174779
174779
174779
175247
175247
175247
175247
175247
175247
175247
175247
175247
175247
175247
175247
175247
175247
175247
175311
175311
175311
175311
175311
175311
175311
175311
175311
175311
175311
175311
175311
175311
175311
175312
175312
175312
175312
175312
175312
175312
175312
175312
175312
175312
175323
175323
175323
175323
175323
175323
175323
175323
175323
175323
175323
175323
175323
175323
175323
175323
175721
175721
175721
175721
175721
175721
175721
175721
175721
175721
175721
175721
175721
175721
175721
175721
175721
176360
176360
176360
176360
176360
176360
176360
176360
176360
176360
176360
176360
176360
176360
176360
176360
176360
176360
176360
176726
176726
176726
176726
176726
176726
176726
176726
176943
176943
176943
176943
176943
177002
177002
177002
177002
177002
177002
177002
177002
177002
177002
177002
177002
177002
177002
177002
177734
177734
177734
178450
178450
178450
178450
178450
178670
178670
178670
178670
178670
178670
178670
178670
178670
178670
178670
178670
178670
178670
178670
178670
179510
179510
179510
179510
179510
179510
179510
179510
179510
179510
179510
179510
179510
179510
179510
179510
179510
179510
179510
179510
179748
179748
179748
179748
179748
179748
179748
179748
179748
179748
179748
179748
179748
179748
179748
179748
179748
179748
179748
179748
179816
179816
179816
179816
179826
179826
179826
179826
179826
179826
179826
179826
179826
179826
179826
179826
179826
179826
179826
180089
180089
180089
180089
180089
180089
180089
180089
180089
180089
180089
180089
180089
180089
180089
180546
180546
180546
180546
181882
181882
181882
181882
181882
181882
181882
181985
181985
181985
181985
181985
181985
181985
182115
182115
182115
182115
182115
182115
182115
182115
182115
182115
182115
182115
182115
182115
182115
182126
182126
182126
182126
182126
182126
182126
182126
182126
182126
182126
182126
182126
182126
182444
182444
182444
182444
182444
182444
182444
182444
182444
182444
182444
182444
182444
182444
182444
182444
182444
182444
182444
182694
182694
182694
182694
182694
182694
182694
182694
182694
182694
182694
182694
182694
182694
182694
182694
182694
182694
182823
182823
183180
183180
183180
183410
183410
183410
183410
183410
183410
183410
183410
183411
183737
183737
183737
183737
184254
184254
184254
184254
184254
184254
184254
184522
184522
184522
184522
184522
184522
184522
184522
184522
184522
184522
184522
184522
184522
184778
184778
184778
184778
184778
184778
184778
184778
184778
184778
184778
184778
184778
184803
184803
184803
184803
184803
184803
184803
184803
184803
184803
184803
184803
184803
184803
184803
184803
184803
184803
185267
185267
185267
185267
185267
185267
185267
186232
186232
186232
186232
186232
186232
186438
186438
186438
186438
186438
186438
186438
186438
186438
186438
186571
186571
186571
186571
186571
186571
186571
186571
186571
186571
186571
186571
186883
186883
186883
186883
186883
186883
186883
186883
186883
186883
186883
186883
186883
187183
187183
187753
187753
187753
187753
187753
187753
187753
187753
187753
187753
187753
187753
187753
189075
189075
189075
189075
189075
189075
189078
189078
189078
189078
189078
189078
189078
189078
189573
189573
189573
189573
189573
189573
189573
189573
189573
189573
189573
189573
189573
189573
189573
189573
189573
190143
190143
190143
190143
190143
190143
190143
190143
190143
191047
191047
191047
191047
191047
191047
191047
191047
191047
191268
191268
191268
191268
191268
191268
191268
191268
191268
191268
191268
191268
191268
191268
191268
191268
191268
192014
192014
192014
192014
192014
192014
192014
192014
192014
192014
192014
192014
192014
192014
192014
192014
192014
192090
192090
192090
192517
192517
192517
192517
192517
192517
192517
192517
192517
192517
192517
192517
192517
192517
192517
192517
192540
192766
192766
192766
192766
192766
192766
192766
192766
192766
192766
192766
192766
192766
192766
192766
192766
192766
192766
192766
192766
192839
192839
192839
192839
192839
192839
192839
192839
192839
192839
192839
192839
192839
192839
192839
192839
192839
192913
192913
192913
192913
192913
192913
192913
192913
192913
192913
193102
193102
193102
193102
193102
193102
193102
193102
193102
193102
193102
193102
193157
193157
193157
193157
193157
193157
193157
193157
193157
193157
193157
193157
193157
193313
193313
193313
193313
193313
193313
193313
193313
193313
193313
193313
193313
193313
193313
193313
193325
193325
193325
193325
193393
193393
193393
193393
193393
193393
193393
193417
193417
194147
194147
194147
194147
194147
194147
194147
194147
194147
194147
194147
194147
194633
194633
194633
194633
194633
194633
194798
194798
194798
194798
194798
194798
194798
194798
194798
194798
194798
194798
194798
194798
194798
194798
194798
194798
194798
194902
194902
195628
195628
195628
195628
196110
196110
196110
196110
196110
196110
196110
196110
196486
196882
196882
196882
196882
196882
196882
196882
196882
196882
196882
196882
196882
196882
196882
196882
196882
196882
196882
196882
196934
196934
196934
196934
196934
196934
196934
196934
196934
196934
196934
196934
196934
196934
196934
197644
197644
197644
197644
197644
197896
197896
197896
197896
197896
197896
197896
197896
197896
198148
198148
198554
198554
198554
198554
198554
198554
198554
198554
198638
198638
198638
198638
198638
198638
198638
198638
198638
198638
198638
198638
198638
198638
198638
198638
198638
198638
198638
198638
198715
198715
198715
198715
198715
198758
198758
198758
198758
198758
198948
198948
198948
198948
198948
198948
198948
198948
198948
198948
199152
199152
199152
199152
199152
199152
199152
199152
199290
199290
199290
199330
199330
199330
199330
199330
199330
199330
199330
199330
199330
199330
199330
199330
199330
199330
199330
200139
200726
200726
200726
200726
200726
200726
200726
200726
200726
200726
200726
200726
200726
200726
200726
200726
201127
201127
201127
201127
201127
201127
201127
201127
201127
201127
201127
201127
201127
201127
201127
201127
201127
201127
201949
201949
201949
201949
201949
201949
201949
201949
201949
201949
201949
201949
201949
201949
201949
201949
202127
202127
202127
202127
202127
202127
202323
202323
202323
202323
202323
202323
202323
202323
202323
202323
202323
202323
202323
202323
202323
202596
202596
202596
202596
202596
202596
202596
202596
202596
202596
202596
202596
202596
203650
203650
203650
203650
203989
203989
203989
203989
203989
203989
203989
203989
203989
203989
204072
204072
204072
205073
205073
205073
205073
205073
205073
205073
205073
205073
205073
205073
205073
205073
205073
205619
205619
205860
205860
205860
205860
205860
205860
205860
205860
205860
205860
205860
205860
205860
205860
205860
205860
206209
206209
206209
206209
206209
206209
206209
206209
206209
206209
206209
206209
206209
206209
206209
206209
206209
206209
206217
206217
206217
206217
206217
206217
206217
206217
206217
206217
206217
206217
206217
206217
206217
206217
206217
206217
206217
206433
206433
206433
206433
206433
206433
206433
206433
206433
206433
206433
206433
207091
207091
207091
207091
207091
207091
207091
207091
207091
207091
207161
207161
207161
207161
207161
207161
207161
207161
207161
207161
207161
207161
207161
208450
208450
208450
208450
208450
208450
208450
208450
208450
208450
208450
208450
208450
208619
208673
208673
208673
208673
208673
208702
208702
208702
208702
208702
208702
208702
208702
208702
208702
208702
208702
208702
208702
208702
208702
208702
208702
208789
208789
208789
208789
208789
208801
208801
208801
209444
209444
209444
209444
209736
209736
209793
209793
209793
209793
209793
209793
209793
209793
209793
209793
209793
209793
209809
209809
209809
209809
209809
209878
210407
210407
210407
210407
210952
210952
210952
210952
211049
211049
211049
211049
211049
211049
211049
211049
211049
211049
211049
211049
211049
211049
211049
211049
211102
211102
211102
211102
211102
211102
211102
211102
211102
211102
211102
211102
211102
211102
211128
211128
211128
211206
211206
211206
211206
211206
211206
211206
211206
211426
211426
211426
211426
211426
211426
211426
211426
211426
211426
211426
211499
211499
211499
211499
211499
211499
211499
211499
211499
211499
211499
211499
211499
211499
211499
211934
211934
211934
211934
211934
211934
211934
211934
211934
211934
211934
211934
211981
211981
211981
211981
211981
211981
211981
211981
211981
211981
211981
211981
211981
211981
211981
211981
211981
211981
211981
212085
212085
212085
212085
212085
212085
212085
212085
212085
212085
212085
212085
212085
212229
212229
212229
212229
212229
212229
212229
212229
212229
212229
212640
212640
212640
212640
212640
212640
212640
212640
212640
212640
212640
212640
212640
212640
212640
213173
213173
213173
213173
213173
213173
213173
213173
213173
213173
213173
213173
213173
213173
213173
213173
213173
213173
213173
213173
213209
213209
213209
213209
213209
213209
213209
213209
213209
213209
213209
213372
213372
213372
213372
213372
213372
213372
213372
213372
213372
213372
213372
213372
213372
213372
213372
213372
213372
213372
213372
213551
213551
213551
213551
213551
213551
213551
213551
213551
213551
213551
213551
213551
213551
213551
214733
214733
214733
214733
214733
214733
214733
214733
214733
214733
214733
214733
215314
215314
215314
215314
215314
215314
215351
215351
215351
215351
215351
215351
215690
215690
215690
215690
215690
215690
217101
217101
217101
217101
217101
217101
217101
217101
217101
217101
217101
217181
217181
217181
217181
217181
217181
217181
217181
217181
217181
217181
217181
217181
217181
217181
217181
217181
217181
217181
217412
217412
217412
217412
217412
217412
217412
217412
217412
217412
217412
217412
217412
217412
217412
217412
217727
217727
217727
217727
217727
217727
217727
217727
217727
218391
218391
218391
218391
218391
218391
218772
218772
218772
218772
218772
218772
218772
218772
218772
218772
218772
218772
218772
218772
218772
218772
218772
218772
218931
218931
218931
218931
218931
218931
218931
218931
218931
218931
218931
218931
218931
218931
218931
218931
218931
218931
218931
219034
219034
219034
219034
219034
219034
219034
219034
219034
219034
219034
219034
219034
219034
219034
219034
219034
219034
219034
219034
219258
219258
219258
219258
219258
219258
219258
219258
219258
219258
219258
219258
219258
219509
220212
220212
220212
220212
220212
220212
220212
220212
220212
220212
220212
220212
220212
220212
220212
220212
220212
220212
220212
220212
221275
221275
221275
221275
221275
222311
222311
222311
222311
222311
222311
222311
222311
222311
222311
222311
222311
222311
222311
222311
222311
222311
222311
222311
222716
222716
222716
222716
222716
222716
222716
222716
222716
222716
222716
222716
223086
223086
223086
223086
223086
223086
223086
223086
223086
223086
223086
223086
223086
223086
223106
223106
223106
223106
223106
223106
223106
223106
223106
223437
223437
223437
223437
223437
223437
223437
223437
223437
223437
223437
223437
223437
223787
223787
223787
223787
223787
223787
223787
223787
223787
223787
223838
223838
223838
223838
223838
223838
223838
223838
223838
223873
223873
223873
223873
223873
223873
223873
223873
223873
223873
223873
223873
223873
223873
223873
224239
224239
224239
224239
224239
224239
224239
224290
224290
224290
224290
224290
224528
224528
224528
224528
224528
224528
224528
224528
224528
224528
224528
224528
224528
224528
224528
224528
224528
224528
224528
224975
224975
224975
224975
224975
224975
224975
224975
224975
224975
225528
225528
225528
225528
225528
225528
225647
225647
225647
225647
225647
225647
225647
225647
225647
225647
225647
225647
225647
225647
225647
225647
225647
225647
226166
226166
226363
226363
226363
226363
226363
226363
226363
226363
226363
226363
226363
226363
226363
226363
226363
226363
226603
226603
226603
226603
226603
226603
226603
226603
226603
226957
226957
226957
226957
226957
226957
226957
226957
226957
227138
227138
227138
227138
227138
227257
227257
227257
227257
227257
227257
227257
227257
227257
227257
227257
227257
227257
227257
227257
227257
227257
227257
227257
227257
227985
227985
227985
227985
227985
227985
227985
227985
228294
228294
228294
228294
228294
228294
228294
228294
228294
228294
228294
228294
228294
228294
228294
228294
228294
228294
228294
228426
228798
228798
228798
228798
229445
229445
229445
229445
229445
229445
229445
229445
229445
229445
229445
229445
229445
229445
229445
229601
229601
229601
229601
229601
229601
229601
229601
229601
229601
229601
229601
229660
229660
229660
229660
229660
229660
229660
229660
229660
229660
229969
229969
229969
229969
229969
229969
229969
229969
229969
229969
229969
229969
229969
229969
229969
230331
230331
230755
230755
230755
230755
230755
230755
230755
230755
230755
230755
230755
230755
230755
230755
230755
230755
231599
231599
231599
231938
231938
231938
233214
233214
233214
233726
233726
233726
233726
233726
233726
233726
233726
233726
233726
233726
233726
233726
233726
233726
234163
234163
234163
234163
234163
234309
234309
234309
234309
234309
234309
234356
234356
234356
234356
234356
234356
234356
234356
234356
234356
234356
234356
234356
234356
234356
234356
234356
234356
234356
234356
234603
234603
234603
234603
234603
234603
234603
234603
234603
234603
234603
234603
234603
234603
234603
234603
234603
235010
235010
235010
235010
236313
236313
236313
236313
236313
236313
236313
236313
236456
236456
236456
236456
236456
236804
236804
236804
236804
236804
236804
236804
236804
236804
236804
236804
237145
237145
237556
237556
237556
237556
237556
237556
237556
237556
237556
237556
237556
237556
237556
237556
237556
237556
237556
237556
237573
237573
237573
237573
237573
237573
237573
237573
237573
237573
237573
237573
237573
237573
237573
237573
237573
237573
237573
237573
237727
237727
237727
237727
237727
237727
237727
237727
237727
237727
237727
237727
237727
237727
237727
237727
237727
237727
237727
237835
237835
237835
237835
237835
237835
237835
237835
237835
237835
237835
237835
237835
237835
238512
238512
238512
238512
238512
239090
239090
239090
239090
239090
239090
239090
239090
239090
239090
240711
240711
240711
240711
240711
240711
240711
240711
240711
240711
240711
240711
240711
240711
241254
241254
241254
241254
241254
241254
241254
241254
241254
241254
241916
241916
241916
241916
241916
241916
241916
241916
241916
241916
241916
241916
241916
241916
241916
241916
241916
241916
241916
244599
244599
244599
244599
244599
244599
244599
244599
244599
244599
244599
244599
244599
244599
244599
244599
244871
244871
244871
244871
244871
245174
245257
245257
245257
245257
245257
245257
245257
245787
245787
245787
245787
245787
245787
245787
245787
245787
245787
245787
245787
245787
245787
245787
245787
245787
245787
245787
245787
246056
246056
246056
246325
246325
246325
246325
246998
246998
246998
246998
246998
246998
246998
246998
246998
247863
248594
248594
248594
248594
248726
248726
248726
248726
248726
248766
248766
248766
248766
248766
248766
248766
248766
248766
248766
248766
248766
248766
248766
249009
249009
249009
249009
249009
249009
249009
249009
249135
249135
249135
249376
249376
249376
249376
249376
249376
249376
249376
249376
249481
249481
249481
249481
249481
249481
249481
249481
249481
249481
250222
250222
250222
250222
250222
250222
250222
250222
250222
250222
250222
250222
250222
250222
250602
250602
250602
250765
250765
250765
250765
250765
250765
250765
250765
250795
250795
250795
250795
250795
250795
250795
250795
250795
250795
250795
250795
250795
250795
250795
250795
250795
250795
250795
250795
250832
250832
250832
250832
250832
250832
250832
250832
250832
250832
250832
250832
250832
250832
250832
250832
251093
251093
251093
251093
251093
251093
251093
251093
251093
251093
251093
251093
251093
251093
251093
251093
251093
251093
251100
251100
251100
251100
251100
251100
251100
251100
251100
251100
251100
251100
251100
251100
251100
251100
251100
251100
251178
251178
251178
251178
251178
251178
251178
251766
251766
251766
251766
251766
251766
251766
251766
251766
251766
251766
251766
251766
251766
251766
251766
251766
251766
251766
252125
252125
252704
252704
252704
252704
252704
252704
252704
252704
252704
252704
252704
252943
252943
252943
252943
252943
252943
252943
252943
252943
252943
252943
252943
253272
253272
253272
253272
253272
253911
253911
253911
253911
253911
253911
253911
253911
253911
253911
254482
254482
254482
254482
254482
254482
254482
254482
254482
254482
254482
254482
254482
254482
254482
254482
254482
254482
254559
254559
254559
254559
254559
254559
254559
254559
255015
255015
255015
255015
255015
255015
255015
255015
255154
255154
255154
255154
255154
255154
255154
255154
255154
255946
255946
255946
255946
255946
255969
255969
255969
255969
255969
255969
255969
255969
255969
255969
256345
256345
256345
256345
256345
256345
256345
256345
256345
256345
256345
256345
256884
256884
256884
256884
256884
256884
256884
256884
256884
256884
256884
256884
256884
256884
256884
256884
256884
256884
256884
256884
256950
256950
256950
256950
256950
256950
256950
256950
257013
257013
257013
257842
257842
257842
257842
257842
257842
257842
257944
259915
259915
259915
260064
260064
260064
260064
260980
260980
260980
260980
260980
260980
260980
260980
260980
261067
261067
261067
261067
261067
261067
261067
261067
261067
261067
261067
261067
261080
261080
261080
261080
261080
261080
261080
261080
261080
261080
261080
261080
261080
261080
261080
261080
261080
261080
261208
261208
261374
261374
261374
261374
261374
261374
261374
261374
261374
261453
261453
261453
261453
261453
261453
261453
261453
261453
261453
262309
262309
262309
262309
262309
262309
262309
262309
262309
262309
262309
262309
262309
262309
262309
262309
262309
262309
262309
262309
262470
262470
262470
262470
262470
262470
262470
262470
262470
262903
262903
262903
262903
262903
262903
262903
262903
262903
262903
262903
262903
262903
262903
262903
262903
263357
263724
263724
263724
263724
263724
263724
263724
263724
263724
263724
263764
263764
263764
263764
263764
263764
263764
264114
264114
264114
264114
264114
264114
264114
264114
264114
264114
264114
264114
264114
264114
264114
264114
264114
264114
265036
265036
265036
265036
265036
265036
265036
265036
265036
265948
265948
265948
265948
265948
265948
265948
265948
265948
265948
265948
265948
265948
265948
265948
265948
265948
265948
265948
265948
266021
266021
266021
266021
266021
266021
266021
266021
266021
266021
266021
266021
266021
266021
266021
266021
266021
266021
266021
266415
266415
266415
266415
266415
266415
267059
267059
267059
267059
267059
267059
267059
267059
267059
267508
267508
267508
267508
267508
267508
267508
267508
267508
267508
267508
267508
267508
267508
267508
267508
267508
267508
267508
267749
267749
267749
267749
267749
267749
267749
267749
267749
267749
267749
267749
267749
267749
267749
267749
267749
267749
267749
267762
267762
267762
267762
268113
268113
268113
268293
268293
268293
268293
268293
269111
269111
269111
269111
269111
269546
269546
269546
269546
269546
269546
269764
269764
269764
269764
269764
269764
269764
269764
269765
269765
269765
269765
269765
269765
269765
269765
269765
269765
269765
269765
269765
269765
269765
269765
269765
270811
270811
270811
270811
270811
270811
270811
270811
270811
270811
270811
270811
270811
270811
270854
271052
271052
271052
271052
271052
271052
271052
271052
271052
271052
271052
271052
271052
271052
271084
271084
271084
271084
271084
271084
271084
271084
271084
271084
271084
271929
271929
271929
271929
271929
271929
271929
271929
271929
271929
271929
271929
271929
271929
272829
272829
272829
272829
272829
272829
272829
272829
272829
272829
272829
272829
272829
272829
273102
273102
273102
273482
273482
273482
273482
273482
273482
273482
273482
273482
273482
273482
274043
274043
274043
274043
274043
274043
274043
274043
274043
274043
274043
274043
274043
274043
274043
274043
274043
274043
274205
274205
274205
274205
274205
274205
274205
274205
274205
274205
274205
274205
274205
274205
274205
274205
274205
274205
274423
275608
275608
275608
275608
275608
275608
275608
275608
275608
275608
275608
275608
275608
275608
275608
275608
275608
275615
275615
275615
275615
275615
275615
275615
275615
275615
275615
275615
275615
275615
275615
275615
275615
275615
275615
275615
276141
276141
276141
276141
276141
276141
276141
276141
276141
276141
276141
276141
276141
276141
276141
276141
276141
276357
276357
276357
276357
276357
276357
276357
276357
276357
276357
276357
276357
276389
276389
276389
276389
276389
276389
276389
276389
276389
276389
276389
276389
276846
276846
276846
276846
276846
276846
276846
276846
276846
276846
276846
276846
276846
276846
276846
276846
276846
276846
277215
277215
277215
277215
277225
277225
277225
277225
277225
277225
277225
277225
277225
277225
277225
277418
277418
277418
277418
277418
277418
277418
277418
277418
277418
277418
277418
277418
277418
277512
278035
278035
278035
278035
278035
278035
278035
278035
278766
278932
278932
278932
278932
278932
278932
278932
278932
278932
278932
278932
279142
279142
279142
279142
279142
279263
279263
279263
279263
279263
279338
279338
279338
279338
279338
279338
279654
279654
279654
279967
279967
279967
279967
279967
279967
279967
279967
279967
279967
279967
279967
279967
279967
279967
279967
279967
279967
279967
279967
280289
280289
280442
280442
280442
280442
280442
280442
280442
280442
280442
280442
280442
280442
280442
280442
280442
280442
280717
280717
280717
280717
280717
280717
280717
280717
280717
280717
280717
280717
280748
280748
280748
280748
280748
280748
280748
280748
280748
280748
280748
280748
280748
280748
280912
280912
280912
280912
280912
280912
280912
280912
280912
280912
280912
280912
280912
280912
281189
281189
281189
281189
281189
281189
281189
281189
281189
281189
281189
281189
281189
281189
281189
281499
281499
281499
281499
281499
281499
281499
281499
281797
281797
281797
281797
281797
281797
282195
282486
282486
282486
282486
282486
282486
282486
282486
282486
282486
282486
282486
282486
282486
282486
282486
282567
282567
282567
282567
282567
282567
282567
282567
282567
282567
283159
283159
283159
283159
283159
283159
283159
283159
283159
283159
283159
283159
283159
283159
283159
283159
283159
283653
283653
283653
283653
283653
283653
283653
283653
283653
283653
283653
283653
283653
283694
283694
283694
283694
283694
283694
283694
283694
283694
283694
283694
283694
283694
283734
283734
283734
283734
283734
283734
283734
283734
283734
283734
283734
283734
283734
283734
283734
283734
283734
283734
283931
283931
283931
283931
283931
283931
283931
284402
284402
284402
284402
284402
284402
284402
284402
284402
284402
284869
284869
284869
284869
284869
284869
284869
284869
284869
284869
284869
284869
284869
284869
284869
284869
284869
284869
284869
284903
284903
284903
284903
284903
284903
285558
285558
285558
285558
285558
285558
285558
285558
285574
285574
285574
285574
285574
285574
285574
285574
285574
285574
285574
285574
285574
285588
285588
286067
286067
286067
286067
286067
286067
286067
286611
286611
286984
286984
286984
286984
286984
286984
286984
286984
286984
286984
286984
286984
286984
286984
286984
287077
287077
287077
287077
287077
287077
287077
287077
287077
287077
287077
287077
287077
287077
287077
287077
287227
287227
287227
287227
287227
287227
287227
287227
287227
287227
287227
287227
287227
287227
287227
287227
287227
287227
287227
288463
288463
288463
288463
288463
288463
288463
288516
289152
289152
289152
289880
289880
289880
289880
289880
289880
289880
289880
289880
289880
289880
289880
289880
289880
289880
289880
289880
289880
290076
290076
290076
290076
290076
290076
290076
290076
290076
290076
290076
290076
290076
290076
291260
291260
291260
291260
291260
291260
291260
291260
291260
292144
292144
292144
292144
292144
292144
292144
292144
292144
292144
292144
292144
292144
292700
292700
292700
292700
292700
292878
292878
292878
292878
292878
292878
292878
293664
293664
293664
293664
293664
293664
293664
293664
293664
293664
293664
293664
293664
293664
293664
293664
293664
293664
294547
294547
294547
294547
294547
294547
294547
294547
294547
294547
294547
294547
294547
294547
294547
294547
294547
294547
294547
294948
294948
294948
294948
295039
295039
295039
295039
295039
295039
295039
295039
295039
295039
295039
295039
295039
295039
295039
295039
295039
295039
295039
295039
295427
295427
295427
295999
295999
295999
295999
295999
295999
295999
295999
295999
295999
295999
295999
295999
296035
296035
296035
296035
296035
296035
296035
296035
296035
296035
296035
296035
296035
296035
296035
296035
296035
296035
296189
296189
296189
296189
296189
296189
296189
296189
296189
297197
297197
297430
297430
297430
297430
297430
297430
297430
297430
297430
297430
297430
297430
297430
297430
297430
297500
297500
297500
297500
297500
297500
297500
297500
297500
297500
297500
297803
297803
297803
297803
297803
297803
297803
297803
297803
297803
297803
297803
297803
297803
297803
297803
297803
297803
297803
298679
298679
298679
298679
298679
298679
298718
298718
298718
298718
298718
298718
298718
298718
298718
298718
298742
298742
298742
298742
298742
298742
298742
298742
298742
298779
298779
298779
298779
298779
298779
298779
298779
298779
298779
298779
298950
298950
298950
298950
298950
298950
298950
298950
299070
299070
299070
299070
299070
299070
299070
299070
299070
299070
299070
299070
299070
299070
299070
299070
299070
299070
299070
299141
299141
299141
299141
299141
299141
299141
299141
299141
299141
299141
299141
299141
299141
299141
299141
299267
299267
299267
299267
299267
299267
299267
299267
299267
299267
299267
299267
299267
299267
299267
299267
299267
299267
299267
299416
299416
299416
299416
299416
299416
299416
299416
299416
299416
299416
299416
299416
299671
299671
299671
299671
299671
300479
300479
300479
301066
301066
301066
301066
301066
301066
301066
301066
301066
301066
301066
301066
301066
301277
301277
301623
301623
301623
301623
301623
301623
301623
301623
301623
301623
301623
301623
301623
301623
301623
301623
301689
301689
301689
301689
301689
301689
301689
301689
301689
301689
301689
301689
301689
301689
301689
301689
301689
301689
301689
301689
301889
301889
301889
301889
301889
301889
301889
301889
301889
301889
301889
301889
301889
301889
301889
301889
301889
301889
302309
302309
302309
302309
302309
302309
302309
302309
302309
302309
302309
302309
302309
302309
302859
303300
303300
303300
303300
303300
303300
303300
303300
303300
303300
303300
303300
303300
303300
303300
303300
303300
303300
303300
303466
303466
303466
303466
303466
303466
303466
303466
303466
303466
303466
303503
303503
303503
303503
303503
303503
303503
303503
303503
303503
303503
303503
303503
303503
303503
303720
303720
303720
303720
304221
304221
304221
304221
304221
304221
304221
304221
304221
304221
304221
305945
305945
305945
305945
305945
305945
305945
306308
306308
306308
306308
306308
306308
306308
306308
306308
306318
306318
306318
306318
306318
306404
306404
306404
306404
306404
306404
306404
306404
306404
306404
306404
306404
306404
306404
306404
306404
306404
306404
306404
306404
306715
306715
306715
306715
306715
306715
306715
306715
306715
306715
306715
306715
306715
306715
306715
306715
306715
306989
306989
306989
306989
306989
306989
306989
306989
306989
306989
306989
306989
307476
307476
307476
307476
307476
307476
307476
307476
307476
307476
307476
307476
307476
307476
307476
307476
307476
307476
307476
307476
307623
307623
307623
307623
307623
307623
308039
308039
308039
308039
308039
308039
308039
308039
308039
308039
308039
308039
308039
308039
308039
308039
308039
308039
309070
309070
309070
309070
309070
309070
309070
309070
309070
309070
309070
309070
309070
309070
309070
309070
309070
309070
309491
309491
309491
309491
309491
309491
309491
309491
309491
309491
309491
309643
309643
309643
309643
309643
309643
309643
309643
309643
309643
309643
309643
309643
309643
309643
310016
310016
310016
310016
310016
310016
310016
310016
310016
310016
310016
310016
310016
310016
310016
310889
310889
310889
310889
310889
310889
310889
310889
310889
310889
311878
311878
311878
311878
311878
312411
312411
312411
312411
312411
312411
312411
312411
312411
312411
312550
312550
312550
312550
312550
313043
313043
313043
313043
313194
313194
313194
313194
313194
313194
313194
313194
313194
313194
313194
313194
313194
313194
313194
313194
313194
313194
313194
313377
313377
313377
313377
313377
313377
313377
313377
313377
313377
314074
314074
314074
314074
314074
314074
314074
314074
314074
314074
314074
314074
314074
314074
314074
314074
314591
314591
314591
314591
314591
314591
314591
314591
314591
314591
315517
315517
315605
315605
315605
315605
315605
315605
315605
315605
315605
315605
315605
316216
316216
316216
316216
316216
316216
316216
316216
316216
316216
316216
316216
316216
316216
316879
316879
316879
316879
316879
316879
316879
316879
316879
316879
316879
316879
316879
316879
316975
316975
316975
316975
316975
316975
316975
316975
316975
316975
316975
316975
316975
316975
316975
316975
316975
316975
316975
318110
318110
318110
318110
318110
318110
318110
318110
318110
318110
318217
318217
318217
318217
318217
318217
318217
318217
318217
318217
318217
318217
318217
318217
318217
318217
318217
318217
318547
318547
318547
318547
318547
318547
318547
318547
318547
318547
318547
318933
318933
318933
318933
318933
318933
318933
318933
319073
319073
319073
319073
319073
319073
319073
319073
319073
319073
319073
319702
319702
319702
319702
319702
319702
319702
319702
319702
319702
319702
319702
319702
319702
319702
319702
319900
319900
319900
319900
319900
319900
319900
319900
319900
319900
320731
320731
320731
320731
320731
320731
320731
320731
320731
320731
320731
320731
320731
320731
320731
320731
320731
320731
320731
321799
321799
321799
321799
321799
321799
321799
321799
321799
321799
321799
321799
321799
321799
321799
321799
321799
322311
322311
322311
322311
322311
322311
322479
322479
322479
322479
322479
322479
322479
322479
322479
322479
322869
322869
322869
322869
322869
322869
322869
322869
322869
322869
322869
322869
322869
322869
322869
322893
322893
322893
322893
322893
322893
322893
322893
322893
322893
323063
323063
323266
323413
323413
323413
323413
323413
323413
323413
323413
323413
323413
323413
323413
323413
323413
323413
323413
323413
323413
323413
323497
323497
323497
323497
323497
323497
323497
323497
323497
323497
323497
323497
323497
323497
323497
323497
323497
323642
323642
323642
323642
323642
323642
324020
324020
324020
324020
324020
324020
324309
324309
324534
324534
324534
324534
324534
324534
324534
324534
324534
324534
324534
324534
324534
324534
324534
325186
325186
325186
325186
325186
325186
325186
325186
325186
325186
325186
325186
325186
325186
325186
325186
325186
325863
325863
325863
325863
325863
325863
325863
325863
325863
325863
325863
325863
325863
326205
326205
326205
326205
326205
326205
326205
326205
326525
326572
326572
326572
326572
326572
326572
326572
326572
326572
326572
326572
326572
326572
326572
326572
326572
326572
326572
326664
326664
326664
326664
326664
326664
326664
326664
326664
326664
326664
326664
326664
326814
326814
326814
326814
326814
326814
326814
326814
327461
327461
327461
327461
327461
327461
327461
327461
327461
327461
327461
327461
327551
327551
327551
327551
327551
327551
327551
327551
327551
327551
327551
327551
327551
327551
327684
327684
327684
327684
327684
327684
327684
327684
327684
327684
327684
327684
327684
327684
327684
327752
327752
327752
327752
327752
327752
327752
327752
327752
327752
327752
327752
327752
327752
327752
327752
327752
328028
328028
328448
328448
328448
328448
328448
328448
328448
328448
328448
328448
328448
328448
328448
328448
328919
328919
328919
328919
328919
328919
328919
328919
328919
328919
328919
330039
330039
330039
330039
330039
330039
330039
330039
330039
330039
330039
330039
330039
330039
330039
330244
330244
330244
330244
330244
330244
330244
330244
330244
330244
330244
330244
330244
330244
330254
330254
330254
330254
330254
330254
330254
330254
330254
330254
330254
330254
330254
330254
330254
330254
330254
330254
330874
330874
330874
330874
330874
330874
330874
330874
330874
330876
330876
330876
330876
330876
330926
330926
330926
331170
331170
331170
331170
331170
331170
331170
331170
331170
331170
331170
331170
331170
331170
331636
331636
331636
331636
331636
331636
331636
331636
331636
331945
331945
331945
331945
331945
331945
331945
331945
331945
333022
333022
333022
333022
333022
333022
333022
333022
333022
333022
333022
333022
333022
333022
333272
333272
333272
333272
333272
333272
333272
333272
333272
333272
333272
333272
333272
333272
333272
333272
