7964 500000
66681
66681
66681
66681
66681
66681
66681
66777
66777
66777
67154
67154
67154
67154
67154
67154
67154
67154
67154
67154
67154
67154
67154
67154
67154
67154
67154
67154
67154
67371
67371
67371
67371
67371
67371
67371
67371
67371
67371
67371
67371
67371
67371
67371
67371
67371
67371
67494
67494
67494
67494
68353
68353
68353
68353
68353
68353
68353
68353
68353
68353
68398
68398
68398
68398
68398
68398
68398
68398
68398
69145
69145
69145
69145
69145
69145
69145
69145
69145
69145
69145
69145
69145
69145
69145
69145
69145
69145
70018
70018
70018
70018
70018
70018
70018
70018
70018
70018
70018
70018
70018
70018
70018
70018
70018
70045
70045
70045
70045
70045
70045
70045
70045
70263
70263
70263
70263
70263
70263
70263
70263
70263
70263
70263
70263
70263
70263
70263
70263
70263
70263
70263
70263
70713
70713
70713
70713
70713
70713
70713
70713
70713
70713
70713
70713
70713
70713
70713
70713
70713
71120
71186
71186
71186
71186
71186
71186
71186
71186
71186
71326
71326
71326
71326
71326
71326
71326
71326
71326
71326
71326
71326
71326
71326
71326
71326
71378
71378
71378
71378
71378
71378
71378
71378
71378
71378
71378
71378
71378
72082
72082
72082
72082
72082
72082
72082
72082
72082
72082
72103
72103
72103
72103
72103
72103
72103
72103
72103
72103
72103
72103
72103
72103
72103
72103
72103
72103
72103
72523
72523
72523
72523
72523
72523
72523
72523
72523
72523
72523
72523
72523
72523
72523
72523
72523
72628
72628
72628
72628
72628
72628
72628
72628
72628
72809
72809
72809
72809
72809
73179
73179
73179
73179
73179
73179
73179
73179
73179
73179
73179
73179
74234
74234
74234
74234
74234
74234
74234
74234
74234
74234
74234
74665
74665
74665
74665
74665
74665
74665
74665
75146
75146
75146
75146
75146
75146
75146
75146
75146
75146
75146
75146
75146
75146
75222
75222
75222
75222
75222
75222
75222
75222
75222
75222
75222
75222
75222
75222
75222
75222
75222
75222
75222
75272
75272
75272
75272
75272
75272
75272
75272
75272
75272
75272
75272
75272
75272
75272
75272
75272
75272
76030
76030
76030
76030
76030
76030
76030
76030
76030
76030
76030
76030
76030
76030
76109
76109
76109
76109
76109
76109
76109
76109
76109
76367
76367
76367
76367
76367
76367
76367
76367
76367
76367
76367
76367
76367
76867
76867
76867
76867
76867
77167
77167
77167
77167
77167
77167
77167
77167
77520
78084
78084
78084
78084
78084
78084
78084
78084
78084
78084
78084
78084
78870
78870
78870
78870
78870
78870
78870
78870
78870
78870
78870
78870
78870
78870
79055
79055
79055
79055
79055
79055
79055
79055
79055
79379
79379
79379
79379
79379
79379
79379
79379
79379
79379
79802
79802
79802
79802
79802
79802
79802
79802
79802
79802
79802
79802
79802
79802
79802
79802
79802
79802
80533
80533
80533
80533
80533
80574
80574
80574
80574
80574
80743
80743
80743
80743
80743
81472
81472
81472
81472
81472
81472
81472
81472
81472
81684
81684
81684
82032
82032
84016
84016
84016
84345
84345
84345
84345
84407
84407
84407
84407
84407
84489
84489
84489
84489
84588
84779
84779
84779
84779
84779
84779
84779
84779
84779
84779
84779
84779
84779
84779
84779
84779
84779
84779
84779
84779
84928
84928
84928
84928
84928
84928
84928
84928
84928
84928
84928
84928
84928
84928
84928
84928
84928
84928
84928
85355
85355
85355
85355
85617
85617
85617
85617
85617
85617
85617
85617
85617
85617
85617
85617
85617
85617
85617
88601
88601
88601
88601
88601
88601
88601
88601
88601
88601
88601
88601
88601
88601
88601
88601
88607
88607
88607
88607
88607
88607
88607
88607
88607
88607
88607
88607
88607
88607
88944
88944
88944
88944
88944
88944
88944
88944
88944
88944
88944
88944
88944
88944
88944
88944
88944
88944
88944
89277
89277
89277
89277
89277
89277
89277
89277
89277
89277
89277
89277
89277
89277
89494
89494
89494
89494
89494
89494
89494
89494
89494
89964
89964
89964
89964
89964
89964
89964
89964
90150
90150
90150
90150
90150
90150
90150
90150
90150
90150
90411
90411
90411
90425
90425
90425
90425
90425
90425
90425
90425
90425
90425
90425
90425
90425
90425
90425
90425
90425
90425
90425
90425
90792
90792
90792
90792
90792
90792
90792
90792
90792
91268
91268
91268
91800
91800
91800
91800
91945
91945
91945
91945
91945
92086
92086
92086
92086
92086
92086
92086
92086
92086
92086
92086
92086
92086
92086
92390
92390
92390
92390
92390
92390
92390
92390
92390
92390
92390
92390
92390
92390
92390
92441
92441
92441
92441
92441
92441
92441
92441
92441
92441
92441
92525
92707
92707
92707
92707
92707
92707
92707
92707
92707
92707
92707
92707
92707
92707
92707
92707
92707
92707
92859
92859
92859
92859
92859
92859
92859
92859
92859
92859
92859
92859
92859
92859
92859
92859
92859
92859
92859
93360
93360
93360
93360
93360
93360
93360
93360
93941
93941
93941
93941
93941
93941
93941
93941
93941
94002
94002
94002
94002
94002
94002
94002
94002
94002
94243
94243
94243
94243
94243
94243
94243
94243
94243
94243
94243
94243
94243
94243
94243
94243
94243
94243
94321
94321
94321
94321
94321
94321
94321
94321
94321
94321
94321
94321
94321
95053
95767
95767
95767
95767
95767
95767
95767
95767
95767
95767
95767
95767
95767
95767
95767
95767
95767
95767
96275
96275
96275
96275
96275
96275
96275
96275
96691
96691
96691
96691
96691
96691
96691
97286
97286
97286
97286
97286
97286
97286
97286
97286
97286
97286
97286
97286
97286
97286
97286
97286
97286
97935
97935
97935
97967
97967
97967
97967
97967
97967
97967
97967
97967
97967
97967
97967
98337
98337
98337
98337
98337
98337
98337
98942
98942
98942
98942
98942
98942
98942
98942
98942
98942
98942
98942
98942
98942
98942
98942
99576
99576
99576
99576
99576
99576
99605
99605
99605
99605
99605
99605
99605
99605
99605
99605
99605
99605
99605
99605
99605
99605
99605
99915
101023
101023
101023
101023
101023
101023
101023
101023
101023
101023
101023
101023
101023
101023
101023
101023
101023
101023
101023
101023
101565
101565
101565
101565
101565
101565
101565
101565
101565
101565
101565
101565
101565
101565
101565
101565
101927
101927
101927
101927
102061
102061
102061
102270
102270
102270
102270
102270
102270
102801
102801
102801
102801
102801
102801
102801
102801
102801
102801
102801
102801
102801
102801
102801
102886
102886
102886
102886
102886
102886
103184
103184
103184
103184
103184
103184
103184
103184
103184
103184
103184
103184
103184
103184
103184
103184
103184
103184
103184
103184
103781
103781
103781
103781
104212
104212
104212
104212
104212
104212
104212
104212
104212
104212
104212
104212
104212
104212
104212
104212
104212
104299
104299
104299
104299
104299
104299
104299
104534
104534
104534
104534
104534
104534
104534
104534
104534
104534
104534
104534
104534
104534
104574
104574
104574
104574
104574
104574
104574
104574
104574
104574
104574
104574
105184
105184
105184
105184
105184
105184
105184
105184
105184
105184
105184
105184
105184
105184
105184
105184
105682
105682
105751
105751
105751
105751
105751
105880
105880
105880
105880
105880
105880
105880
105880
105880
105880
105880
105880
105880
105880
105880
105880
105880
106135
106135
106135
106135
106135
106135
106135
106135
106135
106135
106135
106135
106135
106135
106135
106135
106135
106135
106135
106135
106879
106879
106879
106879
106879
107197
107197
107197
107197
107197
107197
107197
107197
107197
107197
107197
107197
107197
107403
107403
107403
107403
107403
108146
108146
108146
108146
108146
108146
108146
108146
108146
108146
108146
108146
108186
108186
108186
108186
108186
108186
108494
108494
108494
108494
108494
108494
108494
108494
108494
108494
109131
109131
109131
109131
109131
109131
109131
109131
109131
109131
109131
109131
109131
109131
109437
109437
109437
109437
109437
109437
109437
109437
109437
109437
109437
109437
109437
109437
109437
109437
109437
109437
109476
109476
109476
109476
109476
109476
109476
109476
109476
109476
109476
109476
109476
109476
109476
109476
109476
109476
109476
109476
109912
109912
109912
109912
109912
109912
109912
109912
109912
109912
109912
109912
109912
109912
109912
109912
109912
109912
110100
110100
110100
110229
110229
110229
110229
110229
110229
110229
110229
110229
110229
110229
110229
110229
110229
110229
110229
110229
110229
110229
110229
110772
110772
110772
110772
110772
110772
110772
110772
110772
110772
110772
110772
110772
110772
110846
110846
110846
110846
110846
110846
110846
110846
110846
110846
110846
110990
110990
110990
110990
110990
110990
110990
110990
110990
110990
110990
110990
110990
110990
110990
110990
110990
111130
111130
111130
111130
111130
111130
111130
111130
111130
111130
111130
111130
111130
111130
111247
111247
111247
111247
111247
111289
111289
111289
111289
111289
111289
111289
111289
111289
111289
111289
111289
111317
111317
111317
111317
111317
111317
111317
111317
111317
111317
111499
111499
111499
111499
111499
111499
111499
111499
111499
111499
111499
111499
111499
111499
111499
111499
111499
111499
111499
112743
112743
112743
112743
112743
113037
113037
113037
113037
113037
113037
113037
113037
113037
113037
113037
113037
113037
113037
113037
113037
113037
113037
113037
113252
113252
113252
113252
113252
113252
113252
113252
113252
113252
113252
113252
113252
113252
113252
113288
113288
113288
113288
113288
113288
113420
113420
113420
113420
113420
113420
113420
113420
113420
114272
114272
114272
114272
114272
114272
114272
114272
114272
114272
114272
114330
114330
114330
114330
114330
114330
114330
114330
114330
115517
115517
115517
115517
115517
115543
115543
115543
115543
115543
115543
115543
115543
115543
115543
115543
115543
115543
115543
115543
115543
115543
115543
116534
116797
116797
116797
116797
116797
116797
116797
116797
116797
117046
117046
117046
117046
117046
117046
117046
117046
117046
117046
117046
117046
117046
117046
117046
117046
117046
117046
117830
117830
117830
117830
117830
117830
117830
118493
118493
118493
118493
118493
118493
118493
118493
118493
118493
118493
118493
118493
118493
118493
118849
118849
118849
118849
118849
118849
118849
118849
118849
118849
118849
118849
118849
118849
118849
118849
118849
118849
119431
119431
119431
119431
119431
119801
119801
119801
121575
121575
121575
121575
121575
121575
121575
121575
121575
121575
121575
121575
121575
121575
121575
121575
121753
121753
121753
121753
121753
121753
122093
122093
122093
122093
122093
122093
122093
122093
122093
122093
122093
122093
122093
122093
122660
122660
122660
122660
122660
122660
122660
122660
122660
122660
122660
122660
122660
122660
122660
122660
122660
122833
122833
122833
122833
122833
122833
122833
122833
122833
122873
122873
122873
122873
122873
122873
122873
122873
122873
122873
122873
122873
122873
122873
122874
122874
122874
122874
122874
122874
122874
122874
122874
122874
122874
123418
123418
123418
123418
123418
123564
123564
123564
123564
123564
123564
123564
123564
123564
123564
123564
123564
123564
123901
123901
123901
123901
123901
123901
123901
123901
123901
123901
124015
124015
124015
124015
124015
124015
124015
124015
124015
124015
124015
124015
124015
124015
124015
124015
124015
124015
124055
124055
124055
124055
124055
124055
124055
124055
124055
124055
124055
124055
124215
124215
124215
124215
124215
124215
124215
124215
124932
124932
124932
124932
124932
124932
124932
124932
124932
124932
124932
124932
124932
124932
124932
124932
124932
124932
124932
125002
125002
125002
125037
125037
125037
125037
125037
125037
125037
125037
125037
125037
125190
125190
125190
125190
125190
125691
125691
125691
125691
125691
125691
125691
125691
125691
125691
125691
126265
126265
126265
126265
126265
126265
126265
126265
126265
126265
126265
126265
126265
126265
126265
126265
126549
126549
126549
126549
126549
126549
126549
126549
126549
126549
126549
126549
126549
126549
126549
126549
126549
127123
127123
127123
127192
127192
127192
127192
127205
127205
127205
127205
127205
127205
127205
127205
127205
127205
127205
127205
127205
128200
128200
128200
128200
128200
128200
128200
128200
128200
128200
128200
128200
128200
128200
128200
128200
128200
128200
128200
128316
128316
128316
128316
128316
128316
128316
128316
128316
128316
128316
128417
128417
128417
128417
128417
128417
128417
128417
128417
128417
128417
128417
128417
128417
128609
128609
128609
128609
128609
128609
128609
128609
128609
128609
128609
128609
128609
128609
128751
128751
128751
128751
128751
128751
128751
128751
128751
128751
128751
128751
128751
128751
128751
128751
128751
128751
128751
128755
128755
128755
128755
128755
128755
128755
128755
128755
128755
129422
129422
129422
129422
129422
129422
130256
130256
130256
130256
130256
130256
130256
130256
130256
130256
130256
130256
130256
130256
130256
130256
130256
130256
130601
130601
130618
130618
130618
130618
130618
130618
130618
130618
130618
130618
130618
130618
130618
130618
130618
130784
130784
130784
130784
130784
130784
130784
130784
130784
130784
131041
131538
131538
131538
131538
131538
131538
131538
131538
131538
131538
131538
131538
131538
131538
131581
131581
131581
131581
131581
131581
131581
131581
131581
131658
131658
131658
131658
131658
131658
131658
131658
131658
131658
131658
131658
131658
132203
132203
132203
132203
132203
132538
132538
132538
132538
132538
132551
132551
132551
132665
132665
132665
132665
132665
132665
132665
132665
132665
132940
132940
132940
133695
133695
133695
133695
133695
133695
133695
133695
133695
133695
133695
133695
133695
133695
133695
133695
133695
133695
133695
133695
133812
134170
134170
134170
134170
134170
134170
134170
134170
134170
134170
134842
134842
134842
134842
134842
134842
134842
134842
134842
134842
134842
134842
134842
134842
134842
134842
134842
134842
134842
134936
134936
134936
134936
134936
134936
134936
134936
134936
134936
134936
134936
134936
134936
134936
134936
135254
135931
135931
135931
135931
135931
136963
136963
136963
136963
136992
136992
136992
136992
136992
136992
136992
136992
136992
136992
136992
136992
136992
136992
136992
136992
136992
136992
136992
136992
137056
137056
137056
137056
137056
137056
137056
137056
137056
137056
137056
138028
138028
138028
138028
138028
138419
138419
138419
138419
138419
138419
138419
138419
138419
138419
138419
138419
138419
138419
139109
139109
139109
139109
139109
139383
139383
139383
139383
139383
139383
139486
139486
139486
139486
139486
139486
139486
139592
139592
139592
140027
140027
140027
140027
140027
140027
140027
140027
140027
140027
140027
140027
140027
140027
140027
140120
140120
140120
140120
140120
140120
140120
140120
140120
140120
140120
140120
140120
140120
140120
140120
140120
140664
140664
140664
140664
140664
140664
140664
140664
140664
140664
140664
140664
140664
140664
140664
140664
140664
140664
140664
140721
140721
140721
140721
140721
140721
140721
140721
140721
140721
140721
140721
140721
140721
140721
140721
140721
140721
140721
140721
140889
140889
140889
140889
140889
140889
140889
140889
140889
140889
140889
140889
140889
140889
140905
140905
140905
140905
140905
140905
140905
141048
141048
141048
141048
141048
141048
141048
141048
141048
141048
141048
141048
141048
141048
141048
141048
141048
141048
141324
141324
141324
141324
141324
141324
141324
141324
141324
141324
141324
141367
141367
141367
141367
141367
141367
141367
141419
141419
141419
141492
141492
141492
141492
141492
141492
141492
141492
141492
141492
142934
142934
142934
142934
142934
142934
142934
142934
142934
142934
142934
143049
143049
143049
143049
143049
143049
143049
143049
143049
143291
143291
143291
143291
143291
143291
143291
143291
143291
143291
143291
143291
143291
143361
143361
143361
143361
143361
143717
143717
143717
144275
144275
144275
144275
144275
144275
144275
144275
144275
144275
144275
144275
144275
144275
144275
144275
144539
144539
144539
144539
144539
144539
144539
144539
144539
144539
144539
144539
144539
144743
144743
144743
144743
144743
145052
145052
145052
145052
145052
145052
145052
145052
145052
145052
145052
145052
145872
145872
146056
146056
146056
146056
146056
146056
146056
146056
146056
146056
146056
146056
146056
146056
146056
146056
146056
146056
146499
146499
146499
146499
146609
146609
146609
146609
146609
146609
146609
146609
146609
146743
146743
146743
146743
146743
146743
146743
146743
146743
146743
146743
146743
146743
146743
146743
146743
146743
146749
146749
146749
146749
146749
146749
146749
146749
146749
146749
146749
146749
146749
146749
146749
146749
148623
148701
148701
148701
148701
148701
148701
148701
148701
148701
148701
148701
148701
148701
148701
148701
148701
148701
148701
148701
149532
149532
149895
149895
149895
149895
150455
150455
150455
150455
150703
150703
150703
150703
150703
151312
151327
151327
151327
151327
151327
151327
151327
151634
151634
151634
151634
151634
151695
151695
151695
151695
151695
151739
151739
151739
151739
151739
151739
151739
151739
151739
151739
151739
151739
151739
151739
151784
151784
151784
151784
151784
151784
151784
151784
151784
151784
151784
151784
151784
152056
152056
152056
152056
152056
152056
152056
152056
152056
152056
152056
152056
152056
152056
152056
152056
152056
152090
152090
152090
152090
152090
152090
152090
152090
152090
152300
152300
152300
152300
152300
152506
152506
152506
152526
152526
152526
152526
152526
152526
152526
152526
152526
152526
152526
152526
153124
153124
153124
153124
153935
153935
153935
153935
153935
153935
153935
153935
153935
153935
153935
154343
154343
154343
154343
154343
154343
154343
154343
154772
154772
154772
154772
154772
154772
154772
154772
154772
154772
154772
154772
154772
154772
154772
154772
155453
155461
155461
155461
155461
156165
156165
156165
156165
156165
156165
156165
156165
156165
156165
156165
156165
156165
156165
156165
156165
156165
156165
156189
156189
156189
156189
156189
156189
156189
156189
156189
156189
156424
156424
156424
156424
156424
156424
156424
156424
156497
156497
156497
156497
156497
156497
156497
156497
156497
156497
156497
156497
156497
156497
156497
156497
156497
156497
156497
156497
156507
156507
156507
156507
156507
156507
156507
156507
156507
156507
156507
156507
156507
156507
156507
156507
156507
156507
156507
157319
157577
157577
157577
157577
157577
157577
157577
157577
157595
157595
157595
157595
157595
157595
157595
157595
157595
157595
157595
157595
157712
157712
157712
157712
157712
157712
157712
157712
157712
157712
157712
157712
157712
157712
157712
157712
157712
157712
157712
158128
158128
158128
158128
158128
158128
158128
158128
158128
158128
158128
158128
158128
158128
158128
158128
158128
158128
158128
158779
158779
158779
158779
158779
158779
158779
158779
159680
159680
159680
159680
159680
159680
159680
159680
159680
159680
159680
159680
159680
159680
159865
159865
159865
159865
159865
159865
159865
159865
159865
159865
159865
159865
159865
159865
159865
159865
159865
159865
159865
159865
160022
160022
160022
160022
161087
161087
161087
161087
161087
161087
161220
161220
161220
161220
161220
161220
161220
161220
161220
161220
161220
161220
161220
161220
161220
161220
161220
161220
161220
161279
161279
161279
161279
161279
161279
161279
161279
161279
161279
161279
161279
161279
161279
161421
161421
161421
161421
161421
161421
161421
161421
161421
161421
161421
161748
161748
161748
161748
161748
161748
161748
161748
161748
161748
161748
161748
161748
161748
161748
161748
161748
161748
162020
162020
162020
162020
162020
162020
162020
162020
162507
162507
162507
162507
162507
162507
162507
162507
162507
162507
162507
162507
162507
162574
162574
162574
162574
162574
162574
162574
162574
162574
162574
162574
162574
162574
162574
162574
162574
162574
162574
162681
162681
162681
162681
163093
163560
163560
163560
163560
163560
163560
163560
163560
163560
163560
163560
163560
163560
163562
163562
163562
163562
163562
163562
163562
163562
163720
163720
164540
164540
164540
164540
164540
164540
164540
164540
164540
164540
164540
164540
164540
164540
164540
164540
164540
164540
165073
165073
165073
165073
165073
165073
165073
165073
165073
165073
165073
165073
165073
165073
165073
165073
165073
165073
165073
165218
165218
165218
165218
165218
165218
165218
165828
165828
165828
165828
165828
165881
165881
165881
165881
165881
165881
165881
165881
165881
165881
165881
165884
165884
166442
166442
166442
166783
166783
166783
166786
166786
166786
166786
166786
166786
166786
166786
166786
166977
166977
166977
166977
166977
166977
166977
166977
166977
166977
166977
166977
167277
167277
167277
167277
167277
167277
167277
167277
167277
167277
167277
167277
167486
167486
167486
167486
167486
167486
167486
167486
167486
167486
167486
167486
167486
167486
167486
167884
167884
167884
167884
167884
167884
167884
167884
168326
168326
168326
168326
168326
168326
168326
168326
168326
168326
168326
168326
168326
168326
168326
168474
168474
168474
168549
168549
168549
168549
168549
168549
168549
168549
168549
168549
168549
168614
168614
168614
168614
168614
168614
168614
169293
169293
169293
169293
169293
169293
169293
169293
169293
169293
169293
169293
169293
169293
170005
170005
170005
170005
170005
170005
170005
170005
170005
170005
170005
170005
170306
170306
170306
170306
170306
170306
170306
170306
170306
170306
170306
170306
170306
170306
170306
170518
170518
170518
170518
170518
170518
170518
170518
170518
170518
170895
170895
170895
170895
170895
170895
170895
170895
170895
170895
170895
170895
171148
171148
171148
171148
171148
171148
171496
171496
171496
171496
171496
171496
171496
171496
171496
171496
171496
171496
171496
171496
171496
171496
171496
171496
171496
171511
171511
171511
171511
171511
171511
171655
171655
171655
171655
171655
171655
171655
171655
171655
171655
171655
171655
171655
171655
171655
171655
171737
171737
171737
171737
171737
171737
171737
171737
171737
171737
171737
171737
171737
171737
171737
171737
171737
171737
171781
171781
171781
171781
171781
171781
171781
171781
171781
171781
171781
171781
171781
171781
171781
171781
171781
171781
172091
172091
172091
172091
172091
172091
172091
172091
172091
172091
172091
172091
172091
172091
172091
172091
172091
172091
172091
172544
172544
172544
172544
172544
172544
172544
172544
172544
172544
172544
172544
172544
172551
172551
172551
172551
172551
172551
172551
172551
172551
172729
172729
172729
172729
172729
172729
172729
172729
172729
172729
172729
172729
172729
172729
172729
172767
172767
172767
172767
172767
172767
172767
172767
172767
172767
172767
172767
172767
172767
172767
172871
172871
172871
172871
172871
172871
172871
172871
173279
173279
173279
173279
173279
173279
173457
173457
173457
173457
173457
173457
173457
173457
173457
173457
173457
173457
173636
173636
173636
173636
173636
174274
174274
174274
174274
174274
174274
174274
174274
174274
174286
174286
174286
174286
174286
174286
174286
174286
174286
174286
174286
174286
174286
174286
174566
174566
174566
174566
174566
174566
174566
174566
174566
174566
174566
174566
174566
174566
174566
174566
174566
174760
174760
174760
174760
174760
174760
174760
174760
174760
174760
174760
174760
174760
174760
174760
174760
174760
174760
174760
175316
175316
175316
175316
175316
175316
175316
175316
175316
175316
175316
175316
175416
175416
175416
175416
175416
175416
175416
175416
175416
175416
175416
175724
175724
175724
175724
175724
175724
175724
175724
175724
175724
175724
175724
176368
176368
176368
176368
176368
176368
176368
176368
176368
176368
176368
176368
176368
176368
176368
176368
176368
176368
176368
178042
178042
178042
178042
178042
178042
178042
178045
178045
178045
178045
178045
178045
178045
178045
178045
178045
178045
178045
178045
178045
178265
178265
178265
178265
178265
178265
178265
178265
178265
178265
178265
178265
178265
178265
178265
178265
178265
178284
178284
178284
178284
178284
178284
178284
178572
178572
178572
178572
178572
178572
178572
178572
178572
178572
178572
178572
178572
178699
178699
178699
178699
178699
178699
178699
178699
178699
178699
178699
178699
178699
178699
178699
178699
178699
178699
178699
178699
180256
180256
180589
180589
180589
180589
180589
180589
180589
180589
180589
180589
180648
180648
180648
180648
180648
180648
180648
180648
180648
180648
181781
181781
181781
181781
181781
181781
181781
181782
181782
181782
181782
181782
181782
181782
181782
181782
181782
182007
182333
182333
182333
182333
182333
182333
182333
182333
182333
182333
182333
182333
182333
182333
182333
182439
182439
182439
182439
182439
182439
182439
182439
182439
182439
182439
182439
182439
182439
182439
182439
182439
182439
182439
182618
182618
182618
182618
182618
182618
182618
182618
182618
182618
182618
182618
182618
182618
182618
182618
182618
182618
182618
182618
183043
183043
183043
183043
183381
183381
183381
183381
183381
183381
183381
183381
183381
183381
183381
183392
184142
184142
184142
184142
184142
184142
184142
184142
184142
184191
184191
184191
184191
184191
184191
184191
184191
184191
184191
184191
184191
184191
184191
184191
184191
184191
184191
184191
184216
184216
184216
184216
184216
184216
184216
184216
184216
184216
184216
184216
184216
184216
184216
184216
184216
186030
186030
186030
186030
186030
186030
186030
186030
186030
186030
186030
186030
186030
186030
186030
186030
186030
186030
186030
186030
186882
186882
186882
186882
186882
186882
186882
186882
186882
186882
186882
186882
186882
186882
186882
187027
187027
187027
187027
187027
187027
187027
187027
187027
187027
188280
188280
188280
188280
188280
188772
188885
188885
188885
188885
188885
188885
188885
188885
188885
188885
189102
189102
189102
189102
189102
189102
189102
189102
189102
189102
189727
189727
189727
189727
189727
189727
189784
189961
189961
189961
189961
189961
189961
189961
189961
189961
189961
189961
189961
189961
189961
189961
189961
189961
189961
190013
190013
190013
190013
190013
190013
190013
190013
190013
190013
190013
190274
190274
190274
190274
190872
190872
190872
190872
190872
190872
190872
190872
190872
190872
190872
190872
190872
190872
190872
190872
190872
190872
190872
190872
191153
191153
191153
191153
191153
191153
191153
191153
191895
191895
191895
191895
191895
191895
191895
191895
191895
191895
191895
191907
191907
191907
191907
191907
191907
191907
191907
191907
191907
191907
191907
191907
191907
192023
192023
192023
192023
192023
192023
192023
192023
192023
192023
192023
192023
192023
192088
192088
192088
192088
192088
192088
192088
192088
192088
192088
192088
192088
192088
192088
192158
192158
192158
192158
192158
192158
192158
192158
192158
192158
192379
192379
192379
192379
192379
192606
192606
192606
192606
192606
192606
192606
192606
192606
192606
192606
192606
192665
192665
192665
192665
192665
192665
192665
192665
192665
192665
192665
192665
192665
192665
192665
192665
192665
192665
192665
193224
193224
193224
193224
193224
193224
193224
193224
193224
193224
193443
193443
193443
193443
193443
193443
193443
193443
193443
193443
193443
193443
193443
193443
193443
193443
193443
193443
193443
193580
193580
193580
193580
193580
193580
193580
193880
193880
193880
193880
193880
193980
193980
193980
193980
193980
193980
193980
193980
193980
193980
193980
194538
194538
194644
194644
194644
194644
194644
194644
194644
194644
194644
194644
194724
194724
194724
194724
194724
194724
194724
194857
194857
194857
194857
194857
194857
194857
194857
194857
194857
194857
194944
195021
195021
195021
195021
195021
195021
195021
195021
195021
195021
195184
195184
195184
195184
195184
195184
196288
196288
196288
196288
196288
196288
196288
196288
196288
196288
196288
196288
196288
196288
196288
196288
196288
196485
196485
196485
196485
196485
196485
196485
196485
196485
196485
196485
196485
196485
196485
196485
196485
196485
197840
197840
197840
197840
197840
197840
197840
197840
197840
197840
197840
197840
197840
197840
198311
198311
198311
198311
198311
198311
198311
198311
198311
198449
198449
198449
198449
198449
198449
198449
198449
198449
198449
198505
198505
198505
198505
198505
198505
198837
198837
199283
199283
199283
199283
199283
199283
199283
199283
199283
199283
199283
199283
199450
199450
199450
199450
199450
199450
199450
199450
199450
199450
199450
199450
199450
199450
199450
199695
199695
199695
199695
199695
199695
199695
199695
199695
199870
199870
199870
199870
199870
199870
199870
199870
199870
199870
199870
199870
199870
199870
199870
199870
200201
200201
200201
200201
200201
200201
200201
200201
200201
200201
200201
200245
200245
200245
200245
200245
200245
200245
200245
200245
200245
200328
200328
200328
200328
200328
200328
200328
200328
200765
200765
200765
201027
201027
201027
201027
201027
201027
201027
202049
202049
202049
202049
202049
202049
202049
202049
202049
202049
202049
202049
202049
202072
202072
202072
202072
202072
202072
202072
202072
202072
202072
202072
202072
202072
202072
202072
202072
202072
202205
202205
202205
202205
202205
202205
202205
202205
202205
202205
202205
202205
202555
202555
202555
202555
202555
202555
202555
202555
202555
202555
202555
202555
202555
202555
202555
202555
202555
202555
202555
202673
202673
202673
202673
202673
202673
202673
202673
202673
202673
202673
202673
202673
202673
202673
202673
202673
202673
203154
203154
203154
203154
203154
203154
203154
203154
203154
203154
203154
203154
203154
203154
203154
203154
203154
203154
203154
203154
203427
203427
203427
203427
203427
203427
203427
203427
203584
203584
203584
203584
203584
203584
203584
203584
203584
203584
203584
203584
203584
203584
203584
203584
203584
203584
204029
204029
204029
204029
204029
204029
204029
204029
204388
204388
204388
204388
204388
204388
204388
204388
204388
204388
204388
204388
204388
204388
204388
204388
204388
204609
204609
204898
205092
205092
205092
205092
205092
205092
205092
205092
205092
205092
205092
205092
205272
205272
205272
205272
205272
205272
205272
205272
205272
205272
205272
205537
205537
205537
205537
205537
205537
205537
205537
205537
205537
205537
205537
205836
205836
205836
205836
205836
205836
205836
205836
205836
205836
205836
205836
205836
205946
205946
205946
205946
205946
205946
205946
205946
205946
205946
205946
205946
205946
205946
205946
207548
207548
207548
207548
207548
207548
207548
207548
207548
207548
207548
207548
207548
207548
207548
208463
208463
208463
208463
208463
208463
208463
208463
208463
208463
208463
208463
208749
208749
208749
208749
208749
208749
208749
208844
208844
208844
208844
208844
208844
208844
208844
208844
208844
208844
208844
209290
209290
209290
209290
209290
209290
209290
209290
209290
209290
209290
209290
209290
209290
209290
209290
209290
209290
209290
209607
209644
209644
209644
209644
209644
209644
210211
210211
210211
210252
210252
210252
210252
210252
210252
210252
210252
210252
210252
210415
210415
210415
210415
210415
210415
210415
210415
210415
210415
210415
210415
210415
210415
210415
210415
210415
210415
210415
210415
210692
210692
210692
210692
210692
210811
210811
210811
210811
210811
210811
210811
210811
210811
210811
210811
210811
211034
211034
211034
211034
211034
211034
211153
211153
211153
211153
211153
211295
211295
211295
211295
211295
212031
212031
212031
212031
212979
212979
212979
212979
212979
212979
212979
212979
212979
212979
212979
212979
212979
212979
213521
213521
213521
213521
213521
213521
213521
213521
213521
213521
213521
213521
213521
213521
213521
213585
214818
214818
214818
214818
214818
214818
214818
214818
215521
215521
215521
215521
215521
215521
215521
215521
215521
215521
215521
215521
215521
215521
215521
215521
215521
215556
215556
215626
215626
215626
215626
215626
215626
215626
215626
215626
215626
215626
215626
215809
215809
215809
215809
215809
215809
215809
215809
215809
215809
215809
215809
215809
215809
215809
215810
215810
215810
215810
215810
215810
215810
215810
215810
216132
216132
216132
216132
216132
216132
216132
217157
217157
217157
217157
217157
217157
217157
217157
217157
217157
217157
217157
217157
217157
217157
217172
217172
217172
217172
217172
217564
217564
217564
217564
217564
217564
217564
217564
217564
217564
217564
217564
217564
217564
217564
217564
217564
217564
217590
217590
217590
217590
217590
217590
217590
217590
218133
218133
218133
218133
218133
219148
219148
219148
219148
219148
219148
219148
219148
219148
219148
219148
219148
219148
219148
220457
220457
220457
220457
220457
220457
220457
220457
220457
220898
220898
220898
220898
220898
220898
220898
220898
220898
220898
220898
220898
220898
220898
220898
220898
221251
221251
221251
221251
222753
222753
222753
222800
222800
222800
222800
222800
222800
222800
223352
223352
223352
223352
223352
223352
223352
223352
223352
223352
223352
223352
223352
223352
223352
223352
223352
223352
223352
223587
223587
223587
223587
223587
223587
223587
223587
223587
223587
223587
223587
223587
223587
223587
223587
223587
223587
223587
223587
223598
223598
223598
223598
223598
223598
223598
223598
223598
223598
223598
223598
223730
223730
223730
223730
223730
223730
223730
223730
223730
223730
223730
223730
223730
223730
223730
223730
223730
223730
223730
224297
224297
224297
224297
224297
224297
224297
224297
224297
224297
224297
224297
224297
224297
224297
224297
224297
224329
224329
224329
224329
224329
224329
224329
224329
224329
224329
224329
224329
224329
224329
224329
224329
224329
225064
225064
225064
225064
225286
225286
225286
225286
225286
225286
225286
225286
225286
225286
225286
225286
225286
225286
225286
225286
225286
225286
225286
225286
225817
225817
225817
225817
225817
225817
225817
225817
225817
225817
225817
225817
225817
225817
225817
225817
226077
226377
226377
226377
226377
226377
226377
226377
226377
226377
226377
226377
226377
226377
226377
226401
226401
226401
226401
226401
226401
226401
226401
226401
226401
226401
226401
226401
226401
226401
226401
226401
226742
226742
226742
226742
226742
226742
226742
226742
226742
226742
226742
226742
226742
226742
226742
226742
226742
226742
226742
226742
227165
227165
227165
227165
227485
227485
227485
227485
227485
227485
227485
227485
227485
227485
227485
227485
227847
227847
227847
227847
227847
227847
227847
227847
227847
227847
227847
227847
227847
227847
227847
227847
227847
227847
227847
227847
228200
228200
228200
228200
228200
228200
228200
228200
228200
228200
228279
228279
228279
228279
228279
228279
228279
228279
228279
228279
228279
228279
228279
228392
228392
228392
228392
228392
228392
230633
230633
230633
230633
230633
230633
230633
230633
230633
230633
230633
230633
230633
230633
230633
230633
230633
230633
231084
231084
231084
231084
231084
231084
231084
231084
231084
231084
231084
231084
231084
231084
231084
231084
231084
231084
231084
231084
231201
231201
231201
231201
231201
231201
231201
231201
231201
231201
231201
231201
231201
231201
231201
231201
231201
231201
231201
231201
231261
231261
231261
231261
231261
231261
231261
231261
231261
231261
231261
231261
231907
231907
231907
231907
231907
231907
231907
231907
231907
231907
231907
231907
231907
231907
231907
231907
231907
231907
231907
231907
232775
232775
232775
232775
232775
232775
232775
232775
232941
232941
232941
232941
232941
232941
232941
232941
232941
232941
232941
232941
232941
232941
232941
232941
232941
232941
232941
232941
233461
233461
233461
233461
233461
233461
233461
233461
233461
233461
233461
233461
233461
233461
233461
233461
233461
234339
234339
234339
234339
234339
234339
234339
234339
234339
234339
234339
234339
234339
234339
234339
234339
234339
234339
234397
234397
234397
234397
234397
234397
234397
235139
235139
235139
235139
235139
235139
235139
235139
235139
235139
235139
235139
235139
235717
235717
235717
235717
235717
235717
235717
235717
235717
235717
235717
235717
235717
235717
235717
235717
235717
236141
236141
236141
236141
236141
236141
236141
236141
236141
236141
236141
236141
236211
236211
236211
236211
236211
236362
236362
236362
236362
236362
236362
236362
236362
236362
236362
236362
236362
236362
236766
236766
236766
236766
236766
236766
236766
236766
236766
236766
236766
236766
236766
236766
236766
236766
236766
236766
236766
236766
236969
236969
236969
236969
237789
237789
237789
238253
238253
238253
238253
238253
238253
238253
238253
238253
238253
238253
238253
238253
238253
238253
238253
238352
238352
238352
238352
238352
238380
238380
238380
238380
238380
238380
238380
238380
238380
238380
238380
238380
238380
238391
238391
238391
238391
238391
238391
238391
239065
239065
239065
239065
239065
239065
239065
239065
239065
239065
239065
239065
239065
239065
239218
239218
239218
239218
240173
240173
240173
240173
240173
240173
240173
240173
240173
240173
240173
240173
240173
240173
240173
240173
240173
240173
240200
240200
240200
240200
240200
240200
240200
240200
240200
240200
240200
240200
240200
240200
240200
240200
240325
240325
240325
240325
240325
240325
240325
240325
240325
240325
240344
240344
240344
240344
240344
240344
240344
240344
240344
240344
240344
240344
240344
241379
241379
241379
241379
241379
241379
241379
241379
241379
241379
241379
241379
241379
241379
241379
241379
241379
241379
241379
241379
242719
242719
242719
242719
242719
242719
242719
242719
242719
242719
242719
242719
242719
242719
242719
242719
242719
242884
242884
242884
242884
242884
242884
242884
242884
242884
242884
242884
242884
242884
242884
243056
243056
243120
243120
244452
244452
244452
244452
244452
244452
244452
244966
244966
244966
244966
244966
244966
244966
244966
244966
244966
244966
244966
244966
245414
245414
245414
245414
246145
246145
246145
246145
246145
246820
246820
246820
246820
246820
246820
246820
246820
246820
246820
246820
246820
246820
246820
246820
246874
246874
246874
246874
246874
246874
247242
247242
247242
247242
247242
247242
247242
247242
247242
247242
247242
247242
247242
247242
247285
247285
247285
247285
247285
247285
247285
247285
247285
247285
247285
247285
247285
247285
247285
247285
247904
247904
247904
247904
247904
247904
247904
247904
247904
247904
247904
247904
247904
247904
247904
247907
247907
247907
247907
247907
247907
247907
247907
247907
248526
248526
248526
248526
248526
248526
248526
248526
248526
248526
248526
248526
248526
248526
248526
248526
248526
248526
248526
248526
248598
248598
248821
249087
249087
249115
249115
249115
249115
249115
249115
249115
249115
249115
249115
249115
249115
249115
249115
249115
249115
249115
249115
249115
249115
250065
250065
250171
250171
250171
250171
250171
250171
250171
250171
250171
250171
250171
250171
250171
250794
250794
250794
250794
250794
250794
250794
250794
250794
250794
250794
250794
250794
250794
250794
250794
250830
250830
250830
250830
250830
250830
251041
251041
251041
251189
251189
251189
251189
251189
251189
251189
251189
251189
251189
251189
251189
251307
251307
251307
251307
251307
251307
251307
251307
251307
251307
251307
251307
251426
251426
251426
251426
251426
251426
251426
251426
251426
251426
251426
251426
251426
251426
252823
252823
252823
252823
252823
252823
252823
252823
252823
252823
252823
252823
252932
252932
252932
252932
252932
252932
252932
252932
252932
252932
252932
252932
252932
252932
252960
252960
252960
252960
252960
252960
253172
253172
253172
253172
253172
253172
253172
253172
253172
253407
253407
253407
253407
253407
253407
253407
253407
253407
253407
253930
253930
253930
253930
253930
253930
253930
253930
253930
253930
253930
254006
254006
254006
254006
254006
254006
254006
254006
254006
254006
254006
254006
254441
254441
254441
254441
254441
254441
254441
254441
254441
254441
254441
254441
254441
254441
254441
254475
254475
254475
254475
254475
254475
254509
254509
254509
254509
254509
254509
254509
254722
254722
254722
254722
254722
254722
254722
254722
254722
254722
254722
254722
254722
254722
254722
254722
254722
254722
254722
254722
254726
254726
254726
254726
254726
254726
254726
254726
254726
254726
254726
254726
254726
254726
254726
254726
254726
254726
254726
254726
254783
254783
254783
254783
254783
254783
255070
255070
255070
255070
255405
255405
255405
255405
255405
255405
255405
255405
255405
255405
255405
255405
255405
255405
255405
255464
255464
255464
255464
255464
255931
255931
255931
255931
255931
255931
255931
255931
255931
255931
255931
255931
255956
255956
255956
255956
255956
255956
255956
257800
257800
257800
257800
257800
257800
257800
257800
257800
257800
257800
257800
258012
258012
258012
258012
258012
258012
258012
258012
258012
258012
258012
258012
258012
258012
258012
258012
258012
258012
258012
258012
258383
258383
258383
259036
259036
259036
259036
259036
259036
259036
259036
259036
259036
259036
259036
259036
259036
259036
259036
259036
259036
259036
259126
259126
259126
259126
259126
259126
259126
259126
259130
259130
259130
259130
259130
259130
259130
259130
259130
259130
259130
259130
259130
259130
259381
259381
259381
259381
259381
259381
259381
259381
259381
259381
259381
259381
259381
259381
259381
259381
259381
259381
259381
259537
259537
259537
259537
259537
259537
259537
259537
259537
259537
259537
259550
259550
259550
259550
259550
259550
259550
259550
259550
259550
259550
259550
259550
259550
259550
259550
259550
259633
259633
259633
259633
259633
259633
259633
259633
259633
259633
259633
259633
259633
259633
259633
259633
259696
259696
259696
259696
259696
259696
259696
259696
259696
259696
259696
259696
259696
259889
259889
259889
259889
259889
259889
259889
259889
259889
259889
259889
259889
259889
259889
260032
260032
260032
260032
260032
260032
260032
260032
260032
260032
260032
260032
260032
260032
260226
260226
260339
260339
260339
260449
260449
260449
260449
260449
260449
260449
260449
260449
260449
260449
260449
260449
260449
260449
260449
260701
260701
260701
260701
260701
260701
260701
260701
260701
260701
260701
260701
260701
260701
260701
260701
261140
261140
261140
261190
261190
261190
261190
261190
261190
261190
261190
261190
261330
261330
261330
261978
261978
261978
261978
261978
261978
261978
261978
261978
261978
261978
261978
261978
261978
261978
261978
261978
262308
262308
262308
262308
262308
262308
262308
262308
262322
262322
262322
262322
262322
262322
262322
262322
262322
262322
262322
262322
262322
262322
262322
263511
263511
263511
263511
263511
263511
263511
263511
263511
263511
265622
265622
265622
265622
265622
265622
265622
265622
265622
265631
266134
266134
266134
266134
266134
266134
266151
266151
266151
266151
266151
266151
266151
266151
266151
266191
266191
266191
266191
266191
266191
266191
266191
266191
267374
267374
267374
267374
267496
267496
267496
267496
267496
267496
267496
267496
267496
267504
267504
267504
267504
267504
267504
267504
267504
267504
267504
267863
267863
267863
267863
267863
267863
268117
268117
268117
268117
268117
268117
268117
268117
268117
268117
268117
268117
268117
268117
268117
268117
268117
268117
268117
268146
268146
268146
268146
268146
268841
268841
268841
268841
268841
269072
269072
269072
269072
269072
269072
269072
269072
269357
269357
269357
269357
269357
269357
270227
270227
270227
270227
270227
270227
270227
270227
270227
270227
270227
270227
270227
270227
270227
270227
270227
270227
270227
271074
271668
271668
271668
271668
271668
271668
271803
271803
271803
271814
271814
271814
271814
271814
271814
271814
271814
272054
272054
272054
272054
272054
272054
272054
272054
272054
272054
272054
272054
272054
272054
272054
272054
272054
272054
272149
272149
273914
273914
273914
273914
273914
275691
275691
275691
275691
275691
275691
275691
275691
275691
275691
275691
275691
275691
275691
275691
275691
275691
275691
276186
276186
276186
276237
276237
276237
276271
276271
276271
276271
276271
276271
276271
276271
276271
276271
276271
276271
276271
276271
276271
276271
276271
276271
276616
276616
276616
277036
277036
277036
277036
277036
277036
277653
277653
277653
277653
277653
277653
277653
277653
277653
277653
277983
277983
277983
277983
277983
277983
277983
277983
277983
277983
277983
277983
277983
277983
277983
277983
277983
277983
278074
278487
278487
278487
278487
278487
278487
278487
278487
278487
278487
278487
278487
278487
278487
278487
278487
278487
278487
278487
278487
279280
279280
279280
279280
279280
279280
279404
279404
279404
279404
279404
279404
280099
280099
280099
280099
280099
280099
280099
280099
280099
280099
280099
280099
280099
280099
280099
280099
280099
282181
282181
282181
282181
282181
282181
282181
282181
282181
282608
282608
282608
282608
282608
282608
282608
282608
282608
282615
282615
282717
282717
282717
282797
282797
282797
282797
282797
282797
282797
282797
282797
282797
282797
282797
282797
282797
282937
282937
282937
282937
282937
282937
283087
283087
283087
283087
283087
283087
283087
283087
283087
283087
283087
283087
283087
283087
283087
283087
283087
283087
283087
283087
283164
283164
283164
283164
283164
283164
283164
284026
284026
284026
284026
284026
284026
284026
284026
284026
284026
284026
284026
284026
284210
284210
284210
284210
284210
284210
284210
284210
284210
284210
284210
284210
284210
284210
284210
284210
284210
284210
284396
284396
284396
284396
284396
284396
284396
284396
284396
284396
284396
284396
284396
284396
284396
284396
284396
284396
284396
284396
284460
284460
284460
284460
284460
284460
284460
284460
284460
284460
284460
284460
284460
284460
284460
284460
284460
284643
284643
284643
284643
284643
284643
284643
284643
284643
284643
285072
285072
285072
285072
285072
285072
285072
285072
285072
285072
285072
285072
285072
285072
285072
285072
285072
285198
285198
285198
285198
285198
285198
285198
285198
285198
285198
285198
285198
285198
285198
285235
285235
285235
285235
285235
285275
285275
285275
285275
285275
285275
285275
285275
285275
285275
285275
285275
285275
285275
285275
285275
285859
285859
285859
285859
285859
285859
285859
285859
285859
285859
285859
285864
285864
285864
285864
286853
286853
286853
286853
286853
286853
286853
286853
286853
286853
286853
286853
287267
287267
287267
287267
287267
287267
287267
287267
287267
287267
288657
288657
288657
288657
288657
288657
288657
288657
288657
288657
288657
288657
288972
288972
288972
288972
288972
288972
288972
288994
288994
288994
288994
288994
288994
288994
288994
289138
289138
289138
289138
289167
289167
289167
289167
289167
289167
289167
289167
289167
289167
289167
289167
289167
289167
289167
289167
289864
289864
289864
289864
289864
289864
289864
289864
289864
289875
289875
289875
289875
289875
289875
289875
289875
289875
289896
289896
289896
289896
289896
289896
289896
289896
289896
289896
289896
289896
289896
289896
289896
289896
289896
290018
290018
290018
290018
290018
290018
290684
290684
290684
290684
290684
290684
290684
290684
290883
290883
291274
291274
291274
291274
291274
291274
291274
291274
291289
291289
291289
291289
291289
291289
291289
291289
291289
291289
291713
291713
291713
291713
291713
291713
291713
291713
291713
291713
291913
291913
291913
291913
291913
291913
291913
291913
291913
291913
291913
291913
292023
292023
292023
292023
292023
292023
292023
292023
292023
292023
292023
292023
292023
292023
292023
292176
292176
292176
292176
292176
292176
292176
292176
292813
292813
292904
292904
292904
292904
292904
292904
292904
292904
292904
292904
293097
293097
293097
293097
293097
293097
293097
293097
293097
293097
293097
293097
293097
293097
293097
293097
293097
293113
293113
293113
293113
293113
293113
293113
293113
293113
293113
293113
293113
293113
293113
293113
293113
293113
293113
293113
293442
293442
293442
293442
293442
293442
293442
293442
293442
293629
293629
293629
293629
293629
293629
293629
293629
293629
293629
293629
293629
293629
293629
293629
293629
293629
293629
293629
293629
294253
294253
294253
294407
294407
294407
294407
294407
295851
295851
295851
295851
295851
295851
295851
295851
295851
295851
295851
295851
295851
295851
296250
296250
296250
296416
296416
296416
296416
296416
296904
296904
296904
296904
296904
296904
296904
296904
296904
296904
296904
296904
296904
296904
296904
296904
296904
296904
296904
296904
296978
296978
296978
296978
296978
296978
296978
296978
296978
296978
296978
296989
296989
296989
296989
297547
297547
297547
297547
297547
297547
297547
297844
297844
297844
297844
297844
297844
297844
297844
297844
297844
298122
298122
298122
298122
298122
298122
298122
298337
298337
298337
298337
298337
298337
298337
298337
299178
299178
299178
299178
299178
299178
299178
299178
299178
299178
299178
299358
299358
299358
299358
299358
299358
299358
299358
299358
299358
299358
299358
299358
299358
299389
299389
299389
299389
299389
299389
299389
299389
299389
299389
299389
299389
299389
299559
299559
299559
299559
299559
299559
299559
299559
299559
299559
299559
299559
299567
299567
299567
299567
299567
299567
299567
299567
299567
299567
299567
299567
299567
299567
299567
299567
299567
299567
299567
299832
299832
299832
299832
299832
299832
299832
299832
299832
299832
299832
299864
299864
299864
299864
299864
299864
299864
299864
299864
299864
299864
299864
299864
299864
299864
299864
299864
299864
299864
300088
300088
300088
300088
302333
302333
302333
302333
302333
302333
302333
302333
302333
302333
302333
302333
302333
302333
302482
302482
302482
302482
302482
302482
302482
302482
302482
302482
302482
302854
302854
303758
303791
303791
303791
303791
303791
303791
303791
303791
303791
303791
303791
303791
303791
303791
304207
304207
304207
304207
304207
304207
304207
304207
304207
304207
304207
304207
304207
304207
304207
304207
304207
304207
304207
304207
304665
304665
304665
304665
304665
304665
304665
304665
304665
304665
304665
304665
304665
304665
304665
305772
305772
305772
305772
305772
305772
305772
305772
305772
305772
305772
305772
305772
305772
305772
306566
306566
306566
306566
306566
306566
306566
306566
306566
306566
306566
306566
306566
307147
307147
307147
307147
307147
307147
307147
308321
308321
308321
308321
308321
308321
308321
308321
308321
308321
308321
308321
308321
308389
308389
308389
308389
308389
308748
308748
309231
309231
309231
309231
309231
309231
309231
309231
309231
309487
309744
310185
310185
310185
310185
310185
310185
310185
310185
310185
310185
310185
310185
310376
310376
310376
310376
310376
310376
310376
310376
310376
310376
310376
310439
310439
310439
310439
310439
310439
310439
310439
310439
310439
310439
310439
310439
310439
310439
310439
310748
310748
310748
310748
310748
310748
310748
310748
310748
310748
310748
311210
311210
311210
311210
311210
311210
311210
311210
311210
311210
311731
311731
311731
311731
311881
311881
311881
311881
311881
311881
311881
311881
311881
311881
311881
311881
311881
311881
311881
311881
311892
311892
311892
311892
312257
312257
312257
312257
312257
312257
312257
312257
312257
312472
312472
312472
312472
312472
312472
312472
312472
312472
313496
313496
313496
313496
313496
313496
313496
313496
313915
313915
313915
313915
313915
313915
313915
313915
313915
313915
313915
313915
313915
313915
313915
313915
313915
313915
315905
315905
315905
315905
315905
315905
315905
315905
315905
315905
315905
315905
315905
315941
315941
315941
315941
315941
315941
315941
316061
316061
316061
316061
316061
316061
316061
316061
316061
316061
316061
316061
316061
316061
316061
316061
316061
316061
316457
316457
316457
316457
316457
316457
316457
316457
316457
316571
316571
316571
316571
316850
316913
316913
316913
316913
316913
316913
316913
316913
316913
316913
316913
316913
317314
317314
317314
317314
317314
317314
317314
317314
317314
317314
317314
317588
317588
317588
317588
317588
317588
317588
317588
317588
317588
317588
317588
317588
318365
318365
318365
318365
318365
318365
318365
318365
318365
318365
318365
318365
318365
318365
318365
318365
318606
318606
318606
318606
318606
318606
318606
318606
318606
318606
318606
318606
318606
318606
318606
318606
318606
318824
318824
318824
318824
318824
318824
318824
318824
318824
318824
319491
319491
319807
319807
319807
319807
319807
319913
319913
319913
319913
319913
319913
319913
319913
321301
321301
321301
321301
321301
321301
321301
321301
321863
321863
321863
321863
321863
321863
321863
321863
322634
322634
322634
322634
322634
322634
322634
322634
322634
322781
322781
322781
322781
322781
322781
322781
322781
322781
322781
322781
322781
322781
322781
322781
322781
322781
322781
322831
322831
322831
323420
323420
323420
323420
323420
323420
323420
323420
323420
323420
323605
323605
323605
323605
323605
323605
323605
323605
323605
323605
323605
323605
323605
323605
323605
323605
324000
324000
324000
324000
324000
324000
324000
324000
324000
324000
324000
324000
324000
324000
324000
325044
325044
325044
325044
325044
325044
325044
325044
325044
325044
325392
325392
325392
325392
325392
325392
325392
325543
325543
325543
325543
325543
325543
325543
326177
326177
326177
326177
326177
326177
326177
326177
326274
326274
326274
326274
326274
326274
326274
326274
326274
326274
326274
326274
326274
326274
326274
326274
326274
326274
326281
326281
326281
326281
326281
326281
326281
326316
326316
326316
326316
326316
326316
326316
326316
326316
326476
326476
326476
326476
326476
326476
326476
326476
326476
326476
326476
326476
326476
326476
326476
326476
326476
326476
326476
326739
326739
326739
326739
326739
326739
326739
326739
326739
326792
326792
326792
326792
326792
326792
326792
326792
327236
327236
327236
327236
327236
327236
327236
327236
327236
327236
327236
327236
327236
327236
327236
327236
327320
327340
327340
327340
327340
327340
327340
327340
327340
327653
327653
327653
327653
327653
327653
327653
327653
327653
327653
327653
327653
327653
327653
327653
327907
327907
327907
327907
327907
327907
327907
327907
327907
327907
327907
327907
328279
328279
328279
328279
328279
328279
328279
328279
328279
328279
328279
328279
328279
328279
329016
329016
329016
329016
329016
329016
329016
329016
329016
329016
329016
329016
329016
329016
329016
329016
329016
329016
329245
329245
329245
329245
329452
329452
329452
329452
329452
329452
329452
329452
329452
329452
329452
329452
329452
329474
329474
329474
329474
329474
329474
329474
329474
329624
329624
329624
329624
329624
329624
329624
329624
329624
329624
329699
329699
329699
329699
329699
329699
329699
329699
329699
329699
329699
329699
330234
330234
330234
330234
330234
330234
330234
330234
330234
330260
330260
330260
330260
330260
330260
330260
330260
330260
330260
330260
330340
330340
330340
330340
330340
330340
330340
330340
330340
330715
330715
330715
330715
330715
330715
330907
330907
330907
330907
330907
330907
330907
330907
330907
330907
331664
331664
331664
331664
331664
331664
331664
331664
331664
331664
331664
331664
331664
331664
331664
331664
331664
331664
332261
332261
332261
332261
332261
332261
332261
332261
332805
332805
332805
332805
332805
332805
332805
332805
332805
332805
332805
332917
332917
332917
332983
332983
332983
332983
332983
332983
332983
332983
332983
332983
332983
332983
332983
332983
333147
333147
333147
333147
333147
333147
333147
333147
333147
333147
333147
333147
333147
333147
333147
333147
333147
333147
333147
333147
333219
333219
333219
333219
333219
