7647 500000
66900
66900
66900
66900
66900
66900
66900
66900
66900
66900
66900
66900
66900
66900
66900
66900
66900
66900
66900
67077
67077
67077
67077
67077
67077
67077
67077
67077
67077
67077
67285
67502
67502
67502
67502
67502
67502
67502
67502
67502
67502
67502
67502
67502
67502
67502
67502
68348
68348
68348
68348
68348
68348
68348
68348
68348
68348
68348
68348
68348
68348
68348
68348
68348
68348
68348
69089
69089
69089
69089
69131
69131
69152
69152
69152
69152
69152
69152
70947
70947
70947
70947
70947
70947
70947
70947
70947
70947
70947
70947
70947
70947
70947
70947
70947
70947
70947
71027
71027
71027
71027
71027
71027
71027
71027
71027
71027
71027
71027
71027
71027
71027
71027
71027
71027
71027
71413
71413
71413
71413
71413
71413
71463
71463
71463
71463
71463
71463
71463
71463
71463
71463
71463
71463
71463
71463
71463
71463
71463
71463
71789
71789
71789
71789
71789
71789
71789
71789
71789
71789
71789
71789
72646
72646
72646
72646
72646
72646
72646
72646
72646
72646
72646
72646
72646
72646
72646
72646
72646
72646
72824
72824
72824
72824
72824
72824
72824
72824
72824
72824
73465
73465
73465
73465
73465
73465
73465
73465
73465
73465
73465
73465
73465
73465
73976
73976
73976
73976
73976
73976
73976
73976
73976
73976
73976
73976
73976
73976
73976
73976
73976
73976
73976
74570
74570
74570
74570
74570
74570
74570
74570
74570
74570
74570
74570
74570
74570
74852
74852
74852
74852
74852
74852
74852
75428
75428
75428
75428
75428
75428
75428
75557
75557
75557
75557
75557
75557
75624
75624
75624
75624
75624
75624
75624
75624
75624
75624
75632
75632
75632
75632
75632
75632
75632
75632
75632
75632
75632
75632
75632
75632
75632
75632
75632
75632
75779
75779
75779
75779
75779
75779
75779
75779
75784
75784
75784
75784
76044
76044
76044
76044
76044
76044
76044
76044
76044
76044
76044
76044
76045
76045
76045
76045
76045
76045
76045
76045
76045
76045
76502
76502
76502
76502
76502
76502
76502
76502
76502
76502
76502
76502
76502
76502
76502
76502
76502
76502
76860
76860
76860
76860
77143
77143
77143
77143
77872
77872
77872
77872
77872
78026
78026
78026
78026
78026
78026
78026
78026
78026
78026
78026
78198
78198
78198
78198
78198
78198
78198
78198
78198
78198
78198
78198
78198
78198
78198
78198
78198
78198
78198
78198
78478
78478
78478
78478
78478
78478
78478
78478
78478
78478
78478
78478
78478
78478
78478
78478
78478
78755
78755
78755
78755
78755
78755
78755
78755
78755
78755
78755
78755
78755
78755
78755
78755
79033
79033
79033
79597
79597
79597
79597
79597
79597
79597
79694
79694
79694
79694
79694
79694
79694
79694
79694
79694
79694
79694
79694
79837
79837
79837
79837
79837
79837
79837
79837
79837
79837
79837
79837
79837
79837
79869
79869
79869
79869
79869
79869
79869
80564
80564
80564
80564
80564
80564
80564
80564
80564
80564
80564
81044
81211
81211
81211
81211
81211
81211
81211
81211
81211
81211
81211
81211
81211
81489
81489
81489
81489
81489
81911
81911
81911
81911
81911
81911
81911
81911
81911
81911
81911
81911
81911
81911
81999
81999
81999
81999
81999
81999
81999
81999
81999
81999
81999
83200
83200
83200
83200
83200
83200
83200
83200
83200
83200
83200
83200
83200
83200
83200
84182
84182
84182
84675
84675
84675
84675
84675
85149
85149
85149
85149
85149
85149
85149
85159
85159
85159
85159
85159
85159
85166
85166
85166
85166
85166
85568
85568
85568
85568
85568
85568
85568
85568
85568
85568
85568
85568
85568
85568
85568
85963
85963
85963
85963
86341
86341
86341
86341
86341
86341
86341
86341
86341
86341
86465
86465
86465
86465
86465
86465
86465
86465
86465
86465
86465
86826
86826
87438
87438
87438
87438
87438
87572
87572
87572
87572
87572
87681
87681
87681
87681
87681
87681
87681
87681
87681
87681
88058
88058
88058
88058
88058
88058
88075
88075
88075
88075
88075
88075
88075
88075
88075
88075
88075
88075
88075
88700
88700
88700
88700
88700
88700
88700
88700
88700
88700
88700
88700
88700
88700
88700
88700
88700
88700
88815
88815
88815
89149
89149
89149
89196
89196
89196
89196
89196
89196
89196
89196
89196
89196
89196
89196
89196
89196
89196
89196
89196
89196
89627
89627
89627
89627
89627
89627
89627
89799
89905
89905
89905
89905
89905
89905
89905
89905
89905
89905
89905
89905
89905
89905
90133
90133
90133
90133
90171
90171
90171
90171
90171
90171
90171
90171
90171
90171
90171
90171
90171
90171
90171
90171
90171
90244
90244
90244
90244
90244
90244
90244
90244
90244
90244
90244
90244
90244
90244
90244
90244
90244
90272
91174
91174
91174
91174
91174
92349
92349
92365
92365
92365
92365
92509
92509
92509
92509
92518
92518
92518
92518
92518
92518
92518
92518
92580
92580
92580
92580
92580
92580
92580
92580
92580
92580
92580
92580
92580
92580
92580
92580
92716
92716
92716
92716
92716
92716
92748
92748
92748
92748
93573
93573
93573
93573
93573
93573
93573
93573
93573
93573
93573
93573
93594
93594
93594
93594
93594
93594
93594
93594
93594
93594
93594
93594
93594
93594
93594
93594
94111
94111
94111
94111
94111
94111
94111
94111
94111
94111
94111
94111
94111
94111
94111
94111
94686
94686
94686
94686
94686
94686
94686
94686
94686
94686
94686
94686
94693
94693
94693
94693
94693
94693
94693
94693
94693
94693
94693
94693
94693
94693
94693
94693
94693
94693
94693
94693
94916
94916
94916
94916
94916
94916
95618
95618
95618
95618
95618
95618
95618
95618
95618
95618
95618
95618
95618
95618
95618
95618
95618
96218
96218
96218
96218
96218
96218
96218
97145
97145
97145
97266
97266
97266
97266
97266
97266
97914
98009
98009
98009
98009
98009
98009
99263
99512
99512
99512
99512
99512
99512
99512
99512
99512
99512
99512
99512
99512
99512
99512
99512
99512
99512
99602
99602
99602
99602
99602
99602
99602
99602
99602
99602
99602
99602
99602
99602
99602
99602
99602
99602
99602
100054
100054
100054
100054
100054
100054
100054
100054
100054
100054
100168
100168
100168
100168
100168
100168
100233
100668
100668
100668
100668
100668
100668
100668
100668
100668
100668
100668
100997
100997
100997
100997
100997
100997
100997
100997
100997
100997
100997
100997
101184
101184
101184
101184
101184
101184
101184
101184
101184
101184
101785
101785
101785
101785
101785
101785
101785
101785
101785
101785
101857
101857
101857
101857
101857
101857
101857
101857
101857
102012
102012
102012
102012
102012
102012
102012
102012
102012
102012
102012
102012
102012
102030
102030
102030
102030
102030
102030
102030
102030
102030
102030
102030
102082
102082
102082
102082
102082
102082
102082
102082
102082
102082
102082
102082
102082
102082
102082
102082
102082
102082
102082
102082
103097
103097
103594
103594
103594
103594
103594
103594
103594
103594
103594
103594
103594
103594
103594
103646
103646
103646
103646
103646
103646
103646
103646
103646
103646
103646
103646
103646
103646
103646
103646
103646
103646
103733
104454
104454
104454
104454
104454
104454
104454
104454
104454
104454
104454
104454
104454
105205
105205
105205
105205
105205
105205
105205
105205
105205
105205
105205
105205
105205
105423
105423
105423
105423
105423
105423
105423
105423
105423
105537
105718
105718
105718
105997
105997
105997
105997
105997
106052
106052
106052
106060
106060
106060
106060
106060
106060
106060
106060
106060
106060
106060
106060
106060
106060
106060
106060
106198
106198
106198
106198
106198
106198
106198
106198
106198
106198
106198
106198
106198
106198
106198
106198
106198
106674
106674
106674
106674
107231
107231
107231
107231
107231
107231
107231
107231
107231
107231
107231
107231
107231
107231
107231
107231
107231
108152
108152
108152
108152
108152
108152
108152
108152
108909
108938
108938
108938
108938
108938
108938
108938
108938
108938
108938
108938
108938
108938
108938
109939
109939
109939
109939
109939
110015
110015
110015
110015
110015
110015
110015
110015
110015
110015
110015
110015
110015
110044
110044
110044
110044
110044
110044
110044
110044
110044
110044
110044
110044
110044
110044
110044
110044
110154
110154
110154
110154
110154
110154
110154
110154
110269
110269
110269
110269
110269
110269
110269
110269
110269
110269
110269
110269
110269
110269
110269
110269
110269
110269
110269
110269
110447
110447
110447
110447
110447
110447
110447
110447
110447
110447
110447
110447
110447
110447
110447
110447
110447
110447
111367
111367
111367
111367
111367
111367
111367
111458
111458
111458
111458
111458
111458
111458
111458
111458
111808
111808
112208
112208
112208
112208
112208
112208
112984
112984
112984
112984
113446
113446
113446
113446
113446
113446
113446
113446
113446
113446
113446
113446
113446
113446
113446
113446
113446
113446
113446
113446
113464
113464
113464
113464
113464
113513
113563
113563
113563
113563
113563
113563
113563
113563
113563
113563
113563
113563
113563
113563
113563
113563
113563
113563
113563
113563
114049
114049
114049
114717
114717
114717
114717
114717
114717
114717
114717
114717
114717
114717
114717
114717
114717
114720
114720
114720
114720
114720
114720
114720
114720
114720
114727
114727
114727
114727
114727
114727
114727
114923
114923
114923
114923
114923
114923
114923
114923
114923
114923
114923
114923
114923
114923
114923
114923
114923
114923
115309
115309
115309
115309
115309
115309
115309
115309
115309
115309
115309
115309
115309
115309
115309
115309
115346
115346
115346
115346
115346
115346
115346
115510
115510
115510
115510
115510
115510
115510
115510
115510
115510
115510
115510
115510
115510
115510
115510
115897
115897
115897
115897
115897
115897
115897
115897
115897
115897
115897
115897
115897
115897
115897
115897
116011
116011
116041
116041
116041
116041
116041
116041
116041
116041
116041
116693
116693
116693
116693
116966
116966
116966
116966
116966
116966
116966
116966
116966
117576
117576
117576
117576
117576
117576
117576
117576
117576
117576
117576
117576
117576
117576
117576
117576
117576
118009
118009
118009
118009
118009
118009
118009
118009
118009
118009
118009
118009
118085
118085
118398
118398
118398
118398
118398
118398
118398
118398
118398
118398
118398
118398
118452
118452
118452
118452
118452
118452
118452
118452
118452
119029
119029
119029
119410
119410
119410
119410
119410
119410
119410
119571
119571
119571
119571
119571
119571
119571
119571
119571
119571
119571
119571
119571
119571
119571
119571
119571
119718
120353
120353
120353
120353
120353
120353
120353
120353
120353
120353
120353
120353
120353
120429
120429
120429
120429
120429
120429
120648
120671
120671
120671
120671
120671
120671
120671
120671
120671
120671
120671
120671
120671
121367
121367
121367
121367
121367
121367
121367
121427
121427
121427
121427
121427
121427
121427
121427
124416
124553
124553
124553
125632
125632
125638
125638
125638
125638
125638
125638
125638
125638
125638
125638
125638
125638
125638
125638
125638
125638
125642
125642
125642
125642
126048
126048
126048
126048
126048
126048
126048
126048
126048
126048
126048
126048
126048
126048
126048
126048
126048
126358
126358
126358
126358
126358
126358
126358
126358
126358
126358
126358
126358
126358
126358
126358
126358
126358
126635
126635
126635
126635
126635
126635
126635
126635
126635
126635
126635
126635
126635
126635
126635
127026
127026
127026
127026
127026
127026
127026
127026
127104
127327
127327
127327
127327
127327
127327
127327
127327
127327
127327
127327
127327
127327
127327
127327
127808
127808
127808
127808
127808
127808
127808
127808
127886
127886
127886
127886
127886
127886
127886
127886
127886
127886
127886
127886
127886
127886
128075
128864
128864
128864
128864
128864
128864
128864
128864
128864
128864
128864
128864
128864
128864
128864
128864
128864
128864
129328
129328
129328
129328
129328
129328
129328
129328
129370
129370
129370
129370
129370
129370
129370
129370
129370
129370
129370
129370
129370
129370
129370
129370
129692
129692
129692
129692
129692
129692
129692
129692
129692
129692
129692
129692
129692
129692
129692
129692
129754
129754
129754
130095
130095
130095
130095
130095
130095
130095
130095
130095
130095
130095
130095
130236
130236
130236
130236
130236
131274
132212
132212
132212
132212
132212
132212
132212
132212
132212
132212
132212
132212
132212
132760
132760
132760
132760
132760
132760
132760
132760
132760
132760
132760
132760
132760
132760
132760
132760
132982
132982
132982
132982
132982
132982
132982
132982
132982
132982
132982
132982
132982
132982
133092
133092
133092
133092
133092
133230
133230
133230
133230
133230
133230
133230
133230
133230
133230
133230
133230
133230
133230
133249
133249
133249
133249
133249
133249
133249
133249
133249
133249
133249
133249
133249
133249
134380
134380
134380
134380
134380
134380
134380
134380
134380
134380
134380
134380
134380
134723
134723
134723
134723
134723
134723
134723
134723
134723
134723
134723
134723
134723
134723
134723
134723
134723
134723
134723
134723
135612
135612
135612
135612
135612
136195
136195
136195
136195
136195
136195
136195
136195
136195
136195
136195
136195
137446
137481
137481
137481
137481
138092
138092
138092
138092
138092
138092
138092
138092
138441
138441
138441
138441
138441
138441
138441
138441
138441
138441
138441
138441
138441
138441
138509
138509
138509
138509
138509
138509
138509
138509
138509
138509
138548
138548
138548
138548
138548
138548
138548
138548
138548
138548
138548
138548
138548
138548
138548
138548
138548
138548
138778
138778
138778
138778
139290
139290
139290
139290
139290
139290
139290
139290
139402
139402
139402
139402
139402
139402
139402
139402
139402
139402
139402
139402
139402
139920
139920
139920
139920
139920
139920
139920
140038
140038
140038
140038
140038
140038
140038
140038
140038
140038
140038
140038
140038
140038
140038
140038
140038
140038
140038
140038
140502
140502
140502
140502
140502
140502
140502
140502
140502
140682
140682
140682
140682
140682
140682
141705
141705
142040
142040
142216
142216
142216
142216
142216
142216
142216
142216
142216
142216
142216
142216
142216
144360
144360
144360
144360
144544
144544
144544
144544
144544
144544
144544
144544
144544
144544
144544
144544
144544
144544
144544
144544
144544
144544
144544
144544
144957
144957
144957
144957
144957
144957
144957
144957
144957
144957
144957
144957
144957
144957
144957
144957
144957
145280
145280
145280
145280
145280
145280
145280
145280
145280
145280
145280
145280
145280
145280
145280
145280
145280
145280
145280
145280
145835
145835
145835
145835
145835
145835
145835
145835
145835
145835
145835
145835
145835
145835
145835
145835
145835
145835
145835
146062
146062
146062
146062
146062
146062
146062
146062
146062
146062
146206
146206
146206
146206
146206
146423
146423
146423
146423
146423
146423
146423
146423
146423
146423
146446
146446
146446
146446
146446
146446
146446
146446
146446
146446
146446
146446
146446
146446
146607
146607
146607
146607
146607
146607
147060
147060
147060
147060
147060
147060
147060
147060
147060
147060
147060
147060
147060
147060
147060
147060
147060
147060
147243
147243
147243
147243
147243
147243
147243
147243
147243
147243
147243
147243
147243
147243
147243
147243
147243
147675
147675
147828
147828
147828
147828
147828
147828
147828
147828
147828
147828
147828
147828
147828
147828
147828
147828
147828
147828
147828
147828
148015
148015
148015
148015
148015
148015
148015
148015
148015
148015
148015
148026
148100
148100
148100
148100
148254
148254
148254
148254
148254
148254
148254
148254
148254
148254
148254
148254
148254
148766
148766
148766
148766
148766
148766
148766
148766
148766
148766
148766
148766
148766
148766
148766
148766
148984
148984
148984
148984
148984
148984
148984
148984
148984
148984
148984
148984
148984
148984
149190
149190
149190
149190
149190
149190
149190
149190
149190
149190
149190
149190
149190
149190
149190
149190
149190
149727
149727
149727
149727
149727
149727
149727
149727
149727
149727
149727
149727
149727
149727
149727
149727
149727
149727
149727
149727
149897
149897
149897
149897
149897
149897
149897
149897
149897
149897
149897
149897
149897
149897
149897
149897
149897
149897
149897
150042
150174
150174
150174
150174
150174
150174
150630
150630
150630
150630
150630
150630
150630
150630
150630
150630
150630
150630
150630
150630
150630
150902
150902
150902
150902
150902
150902
150902
150902
150902
150902
150902
150902
151293
151293
151293
151293
151293
151293
151293
151293
151293
152171
152171
152171
152171
152171
152171
152171
152171
152171
152171
152171
152171
152171
152171
152171
152171
152171
152171
152171
152171
152288
152288
152288
152288
152288
152288
152288
152288
152288
152493
152493
152632
152632
152632
152632
152632
152632
152632
152632
152632
152632
152632
152632
152676
152676
152676
152676
152676
152676
152676
152676
152676
152676
153148
153148
153148
153148
153148
153148
153148
153148
153148
153148
153148
153148
153148
153148
153851
153851
153851
153851
153851
154082
154566
154566
154566
154566
154566
154566
154566
154566
154566
154566
154566
154566
154566
154566
154566
154566
155146
155146
155181
155181
155181
155181
155181
155181
155181
155181
155181
155181
155181
155181
155181
155181
155181
155417
155417
155417
155417
155417
155417
155417
155417
155417
155417
157038
157038
157038
157038
157038
157038
157194
157194
157194
157194
157194
157194
157194
157194
157194
157194
157194
157194
157194
157194
157194
157194
157194
157197
157197
157197
157197
157197
157197
157197
157197
157459
157459
157459
157459
157459
157459
157459
157459
157459
157459
157459
157459
157796
157796
157796
157796
157796
158087
158087
158087
158087
158087
158087
158087
158087
158087
158087
158087
158087
158087
158087
158087
158087
158087
158087
158286
158286
158286
158286
158286
158286
158286
158286
158286
158286
158452
158452
158452
158452
158452
158475
158475
158475
158475
158476
158476
158476
158476
158476
158476
158476
158476
158476
158476
158476
158476
158476
158476
158476
158476
158476
158476
158505
158505
158505
158505
158505
158565
158565
158565
158565
158565
158565
158565
158565
158565
158565
158565
158565
158565
158565
158754
158754
158754
158754
158754
158754
158754
158754
158754
158754
158754
158754
158754
158754
158754
158754
158754
158754
159305
159305
159305
159305
159305
159305
159305
159305
159305
159305
159305
159305
159584
159795
159795
159795
159795
159795
159795
159795
159795
159795
159795
159795
159795
159795
159795
159795
159795
159795
160045
160045
160045
160045
160045
160045
160045
160045
160045
160045
160045
160045
160045
160375
160375
160375
160375
160375
160375
160375
160375
160375
160938
160938
160938
160938
160938
160938
161428
161428
161428
161440
161440
161440
161440
161440
161440
161440
161440
161440
161440
161440
161440
161440
161440
161440
161440
161440
161457
161457
161457
161457
161457
161457
161457
161457
161457
161457
161457
161457
161457
161457
161457
161457
161706
161846
161846
161846
161846
161846
162676
162676
162676
162676
162676
163715
163715
163715
163715
163715
163715
163715
163715
163715
163715
163715
163715
163715
163715
164026
164026
164026
164026
164026
164026
164026
164026
164026
164256
164256
164256
164256
164256
164256
164256
164256
164256
164256
164256
164256
164314
164314
164314
164314
164314
164314
164314
164314
164314
164314
164314
164314
164314
164314
164314
165006
165006
165006
165006
165006
165006
165006
165006
165006
165006
165006
165006
165006
165182
165182
165182
165182
165182
165189
165250
165250
165250
165250
165250
165250
165250
165250
165250
165250
165893
165893
165893
165893
165893
165893
165893
165893
165893
165893
165893
165893
165893
165893
165893
165893
165893
165893
166355
166355
166355
166355
166355
166355
166355
166355
166700
166700
166700
166700
166700
166700
166700
166700
166906
166906
166906
166906
166906
166906
166906
166906
166906
166906
166906
166906
166906
166906
166906
167187
167187
167187
167187
167187
167187
167187
167187
167187
167187
167187
167187
167187
167187
167187
167187
167595
167595
167595
167595
167595
167595
167791
167791
167791
167791
167791
167791
167791
167791
167791
167791
167791
167791
167791
167791
167791
167791
168123
168123
168123
168123
168123
168123
168123
168295
168295
168295
168295
168295
168295
168295
168295
168295
168295
168295
168295
168295
168295
168295
168295
168295
168295
168295
168295
168974
168974
168974
168974
168974
168974
168974
168974
168974
168974
168974
168974
168974
169211
169211
169211
169211
169211
169211
169211
169211
169282
169282
169282
169282
169282
169282
169282
169282
169282
169282
169282
169282
169282
169282
169282
169282
169282
169282
169282
169550
169550
169550
169550
169550
169550
169550
169550
169550
169550
169550
169550
169550
169550
169823
169823
169823
169823
169823
169823
169823
169823
169823
169823
169823
169823
169823
169823
169823
169823
169823
169823
170049
170049
170049
170049
170049
170049
170049
170049
170049
170049
170049
170049
170049
170049
170049
170049
170049
170049
170049
170049
170315
170315
170315
171373
171373
171373
171373
171373
171373
171373
171373
171373
171373
171373
171373
172007
172007
172007
172007
172007
172007
172007
172007
172007
172007
172007
172007
172007
172007
172007
172007
172007
172007
172007
172007
172018
172018
172018
172018
172018
172018
172018
172018
172018
172018
172018
172018
172018
172018
172018
172018
172018
172018
172018
172380
172380
172380
172380
172380
172380
172380
172570
172570
172570
172570
172570
172570
172570
173228
173228
173228
173228
173228
173228
173228
173228
173228
173228
173228
173228
173228
173228
173228
173750
173750
173750
173750
173750
173750
173750
173750
173750
173750
173750
173750
173750
173750
173750
173750
174086
174086
174086
174086
174086
174086
174086
174380
174380
174380
174380
174380
174380
174380
174393
174393
174393
174393
174393
174393
174393
174585
174585
174585
174585
174585
174585
174585
174585
174585
174643
174643
174643
174643
174643
174643
174643
174643
174643
174643
174643
174842
174842
174842
174842
174842
174842
174842
174842
174867
174867
174867
174867
174867
174867
174867
174867
174867
174867
174867
174867
174867
174867
175018
176044
176044
176044
176044
176044
176044
176044
176044
176044
176044
176158
177249
177249
177249
177249
177249
177249
177249
177249
177249
177249
177249
177249
177249
178665
178665
178665
178665
178665
178665
178665
178665
178665
178665
178665
178665
178665
178665
178665
178665
178665
178665
179453
179453
179453
179453
179899
179899
179899
179899
179899
179899
179899
179899
179899
179899
179899
179899
180292
180292
180292
180292
180292
180292
180292
180292
180292
180292
180292
180292
180292
180292
180292
180292
180292
180292
180753
180753
180753
180753
180753
180753
180753
180753
180753
180808
180808
180808
180808
180808
180808
180808
180808
180808
180808
180808
180808
180808
180808
180808
180808
180851
180851
180851
180851
181173
181173
181173
181173
181604
181604
181604
181604
181604
181604
181604
181604
181604
181604
181604
181604
181604
181735
181735
181735
181735
181735
181735
181735
181735
181735
181735
181735
182123
182123
182123
182123
182123
182123
182123
182123
182123
182123
182123
182123
182381
182381
182381
182381
182381
182381
182381
182381
182381
182381
182381
182381
182381
182381
183254
183254
183254
183254
183254
183254
183254
183254
183254
183254
183254
183254
183580
183580
183580
183580
183580
183580
183580
183580
183580
183580
183580
183580
183580
183580
183580
183580
183580
183580
183580
183722
183722
183722
184258
184258
184258
184258
184258
184258
184258
184258
184258
184258
184258
184258
184258
184258
184258
184258
184258
184560
184560
184560
184560
184560
184560
184560
184560
184560
184560
184560
184560
184560
184560
184560
184560
184560
184735
184735
184735
184735
184735
184735
186190
186190
186190
186190
186190
186190
186645
186645
186645
186645
186645
186681
186681
186681
186681
186681
186681
186681
186681
186681
186681
186681
186681
186681
186847
186847
186847
186847
186847
186847
186847
186847
186847
186847
186895
186895
186895
186895
186895
186895
186895
186895
186895
187548
187548
187548
187548
187548
187548
187548
187548
187548
187548
187548
187548
187548
187548
187548
187548
187548
188286
188286
188286
188286
188286
188286
188286
188286
188286
188286
188286
188286
188286
188286
188286
188286
188286
188286
188434
188434
188434
188434
188434
188434
188434
188434
188434
188434
188434
188434
188434
188434
188434
188434
189406
189406
189406
189406
189406
189406
189406
189406
189406
189406
189690
189690
189690
189690
189690
189690
189690
189690
189690
189690
189697
189697
189697
189697
189697
189697
189697
189697
189697
189697
189697
189773
189773
189773
189773
189773
189773
189773
189773
189773
189773
189773
189773
190044
190044
190044
190044
190044
190044
190044
190044
190044
190044
190044
190044
190044
190044
190044
190044
190044
190044
190044
190328
190328
190328
190328
190328
190328
190328
190328
190328
190328
190328
190328
190328
190328
190328
190328
190328
190328
190861
190861
190861
190861
191369
191369
191391
191391
191709
191709
191709
191709
191846
191846
191846
191846
191846
191846
191846
191846
191846
191846
191846
191846
191846
191846
191846
191846
191846
191846
191846
191890
191890
191890
191890
191890
191890
191890
191890
191890
191890
191890
191890
191890
191960
191960
191960
191960
191960
191960
191960
191960
191960
191960
191960
191960
191960
191960
191960
191960
191960
191960
191960
191960
191967
191967
191967
192016
192016
192016
192016
192016
192016
192016
192016
192016
192016
192016
192016
192016
192016
192080
192080
192080
192080
192080
192080
192080
192080
192080
192080
192080
192080
192080
192936
192936
192936
192936
192936
192936
192936
192936
192936
193092
193092
193092
193092
193092
193092
193092
193092
193092
193092
193256
193256
193256
193256
193256
193541
193541
193541
193541
193541
193541
193662
193662
193662
193662
193662
193662
193662
193662
194140
194140
194140
194140
194140
194140
194140
194140
194140
194140
194140
194140
194140
194219
194219
194219
194219
194219
194219
194219
194219
194219
194219
194219
194219
194424
194424
194424
194424
194424
194424
194424
194424
194424
194424
194424
194424
194424
194424
194550
194550
194550
194550
194550
194550
194550
194550
194550
194550
194550
194550
194550
194550
194597
194597
194597
194597
194597
194597
194597
194597
194597
194597
194597
194597
194597
194597
194597
194597
194597
194597
195012
195012
195012
195012
195012
195012
195012
195012
195012
195012
195012
195012
195372
195372
196583
196583
196583
196583
196583
196583
196583
196583
196583
196583
196583
196583
196583
196583
196583
196583
196583
196821
196821
196821
196821
196821
196821
196821
196821
196821
196821
196821
196821
196821
196821
196821
196821
196821
197156
197156
197156
197156
197156
197156
197156
197156
197156
197156
197156
197156
197156
197156
197156
197156
197156
197156
197156
197156
197499
197499
197499
197499
197499
197499
197499
197499
197499
197499
197499
197499
198299
198299
198299
198299
198299
198299
198299
198299
198299
198299
198299
198299
198299
198299
198299
198636
198636
198636
198636
198636
198636
198636
198636
198636
198636
198679
198679
198679
198679
198679
198679
198679
198679
198679
198679
198679
198679
198679
199047
199047
199047
199638
199638
199638
199638
199638
200166
200166
200166
200166
200166
200166
200166
200166
200166
200166
200803
200803
200803
200803
201354
201354
201354
201354
201354
201354
201354
201354
201418
201418
201418
201418
201418
201418
201418
201418
201418
201418
201418
201418
201418
201418
201473
201473
201473
201473
201473
201473
201473
201473
201473
201473
201473
201516
201516
201516
202084
202084
202084
202084
202084
202684
202684
202684
202684
202684
202684
202684
202684
202874
202874
202874
202874
202874
202874
202874
202874
202874
202874
202874
202874
202874
202874
202874
203118
203118
203118
203118
203118
203118
203118
203118
203118
203118
203118
203118
203118
203118
203118
203825
203825
203825
203825
203825
203825
203825
203825
203825
203825
203825
203825
203825
203825
204015
204015
204015
204015
204015
204015
204015
204015
204015
204015
204015
204015
204043
204666
204666
204666
204666
204666
204666
204666
204666
204666
204666
204666
204666
204775
204775
204775
204775
204775
204775
204775
204775
204775
204775
204775
204775
204775
204913
204913
204913
204913
204913
204913
204913
204913
204913
205041
205041
205041
205041
205041
205041
205041
205041
205165
205165
205165
205165
205165
205165
205165
205165
205165
205165
205165
205165
205283
205930
205930
205930
206620
206620
206620
206620
206620
206620
206736
206736
206736
206736
206736
206736
206736
206736
206736
206736
206736
206921
206921
206921
206921
206921
206921
206921
207343
207343
207343
207343
207343
207343
207463
207463
207463
207463
207463
207463
207463
207463
207463
207463
207463
207463
207463
207463
207463
207463
207463
207723
207723
207723
207723
207723
207723
207723
207723
207723
207723
208222
208222
208222
208222
208222
208222
208222
208222
208222
208222
208222
208222
208222
208222
208222
208222
208222
208222
208222
208222
208717
208717
208717
208717
208717
208717
208717
208717
208717
208717
209241
209241
209241
209241
209241
209241
209241
209508
209508
209508
209508
209508
209508
209831
209831
209831
209836
209836
209836
209836
209836
209836
209836
209836
209836
210344
210344
210344
210344
210344
211278
211278
211278
211278
211278
211278
211278
212056
212056
212056
212056
212056
212056
212056
212056
212056
212056
212084
212084
212084
212084
212084
212084
212084
212084
212084
212084
212084
212084
212084
212084
212084
212269
212269
212269
212269
212269
212269
212269
212269
212269
212269
212269
212269
212269
212269
212269
212269
212269
212431
212431
212431
212431
212738
212738
212738
212738
212738
212738
212738
212738
212738
212738
212738
212738
212738
212738
212738
212845
212845
212845
212845
212845
212845
212845
212845
212845
212845
212845
212845
212845
212845
212845
213035
213035
213035
213035
213035
213035
213035
213035
213078
213078
213078
213078
213078
213078
213078
213078
213275
213275
213275
213275
213888
213888
213888
213888
213888
213888
213888
213888
213888
213888
213888
214541
214541
214541
214541
214541
214541
214541
214541
214541
214541
214541
214541
214541
214541
214541
214541
214541
214541
215258
215258
215258
215258
215258
215258
215258
215258
215258
215258
215258
215258
215258
215258
215258
215258
215258
215258
215726
215726
215726
215726
215726
215726
215726
215726
215726
215726
215726
215726
215810
215810
215810
215810
215810
215810
215810
215810
215810
215810
215810
216716
216716
216716
216716
216716
216716
216716
216716
216716
216716
216716
216716
216716
216716
216716
216716
216716
216716
216716
217115
217115
217115
217115
217115
217115
217873
217873
217873
217873
217873
217873
217873
217873
217873
217873
217873
217873
217873
217873
217873
217873
218075
218075
218075
218075
219376
219377
219377
219377
219377
219377
219377
219377
219377
219377
219377
219377
219377
219377
219377
219377
219377
219377
219650
219650
219650
219650
219650
219650
219650
219650
219650
219650
219650
219650
219784
219784
219784
219784
219784
219821
219821
219821
219821
219821
219821
219821
219821
219821
220163
220163
220163
220163
220163
220163
220163
220163
220163
220163
220163
220163
220163
220163
220163
220163
220163
220163
220163
220163
220629
220629
220629
220629
220629
220629
220629
220629
220629
220629
220629
220629
221008
221008
221008
221008
221008
221008
221008
221008
221008
221008
221008
221008
221008
221008
221008
221008
221008
221008
221008
221008
221261
221261
221261
221261
221261
221261
221261
221261
221261
221261
221261
221261
221261
221261
221261
221261
221261
221360
221360
221360
221360
221360
221360
221360
221360
221360
221360
221360
221530
221530
221530
221530
221530
221530
221530
221530
221530
221530
221530
221530
221530
221530
221530
221530
222022
222022
222022
222022
222022
222022
222022
222022
222022
222022
222022
222510
222924
222924
222924
222924
222924
222924
222924
222924
222924
224072
224072
224072
224072
224072
224072
224072
224072
224072
224072
224298
224298
224298
224298
224298
224298
224298
224298
224298
224298
224298
224298
224298
224298
224298
224298
224298
224298
224696
224696
224696
224696
224696
224696
224696
224696
224696
224696
224696
224696
224696
225379
225379
225379
225379
225379
225379
225379
225379
225379
225379
225379
225379
225379
225379
225814
225814
225814
226234
226234
226234
226234
226234
226234
226234
226234
226234
226234
226234
226234
226234
226887
226887
227067
227067
227067
227067
227067
227067
227067
227067
227067
227067
227067
227067
227067
227067
227303
227303
227303
227303
227303
227303
227303
227303
227303
227317
227317
227317
227713
227713
227713
227713
227713
227713
227790
227790
227790
227790
227790
227790
227790
227790
227790
227790
227790
227790
227790
227790
227901
227901
227901
227901
227901
227901
227901
227901
227901
227901
227901
227901
227901
227901
227912
227912
227912
227912
228178
228178
228178
228179
228179
228179
228179
228179
228179
228179
228179
228179
228179
228179
228179
228179
228179
228236
228236
228236
228236
228236
228236
228236
228236
228325
228325
228325
228325
228325
228325
228325
228616
228616
228616
228616
228616
228616
228760
228760
228760
228760
228760
228760
228760
228760
228760
228760
228760
228760
228760
228760
228760
228760
228760
228760
228760
229369
229369
229819
229819
229819
229819
229819
229819
229819
230026
230026
230026
230026
230026
230026
230026
230026
230026
230026
231039
231039
231039
231039
231039
231039
231039
231039
231039
231039
231039
231094
231094
231094
231094
231094
231094
231094
231094
231094
231094
231094
231094
231094
231094
231094
231094
231094
231094
231094
231094
231699
231699
231699
231699
231699
231699
231699
231699
231883
231883
231883
231883
231883
231883
231883
232200
232200
232916
232916
232916
232916
232916
232916
232916
232916
232916
232916
232916
232916
232916
232916
232916
232916
232916
232921
232921
232921
232921
232921
232921
232921
232921
232921
232921
232921
233201
233201
233201
233201
233201
233201
233201
233201
233201
233406
233406
233406
233406
233406
233523
233523
233523
233523
233523
233523
233523
233523
233523
233523
233523
233523
233523
233523
233523
233523
233523
233526
233526
233526
233526
233526
233526
233526
233526
233526
233526
233526
233699
233699
233699
233699
233699
233699
233699
233699
233699
233699
233699
233699
233699
233699
233699
233784
233784
233784
233784
233784
233784
233784
233784
234621
234621
234621
234621
234621
234621
234621
234621
234621
234621
234621
234621
234621
234621
234621
234621
234621
234621
234621
234621
234808
234808
234808
234808
234808
234808
234808
234808
234808
234808
234808
234808
234808
234808
234808
234808
234808
234847
234847
234847
234847
234847
234922
234922
234922
234922
234922
234922
234922
234922
234922
234922
234922
234922
234922
235244
235244
235244
235244
235244
235244
235244
235275
235275
235275
235275
235275
235275
235275
235275
235275
235275
235275
235275
235275
235275
235275
235275
235352
235352
235352
235352
235352
235352
235352
235352
235584
235584
235584
235584
235584
235584
235584
235584
235584
235584
235584
235584
235584
235584
235584
235584
235584
235584
236219
236219
236219
236219
236219
236219
236219
236219
236304
236320
236320
239009
239009
239009
239009
239009
239009
239009
239009
239009
239009
239009
239009
239009
239009
239009
239237
239237
239237
239237
239324
239324
239324
239324
239324
239324
239324
239324
239324
239324
239324
239324
239324
241461
241461
241461
242834
242908
242908
242908
242908
244277
244277
244277
244277
244277
244277
244277
244277
244277
244434
244434
244434
244434
244434
244434
244434
244434
244434
244434
244503
244503
244503
244503
244503
244503
244503
244503
244503
244503
244503
244503
244503
244503
244503
244849
244849
244849
244849
244849
245010
245010
245010
245010
245010
245010
245010
245010
245010
245782
245782
245782
245782
245782
245782
245782
245782
245782
245782
245782
245782
245782
245782
245782
245782
245896
245896
245896
245896
245896
245896
245896
245896
245896
245896
245896
245896
245896
245896
245896
245896
245896
245896
245896
245896
246113
246113
246113
246224
246224
246224
246224
246224
246224
246224
246224
246224
246224
246224
246543
246543
246543
246543
246543
246543
246543
246543
246543
246543
246543
246543
246543
246543
246543
246868
246868
246868
246868
246868
246868
246868
246991
246991
246991
247242
247242
247242
247242
247242
247242
247242
247242
247242
247242
247242
247242
247242
247242
247242
247242
247242
247242
248220
248220
248220
248220
248220
248220
248220
248220
248220
248220
248220
248220
248220
248220
248220
248220
248220
248220
248220
248402
248402
248402
248402
248402
248402
248402
248402
248402
248402
248402
248402
248402
248402
248402
248402
248402
248402
248402
248939
248939
248939
248939
248939
248939
248939
248939
249790
249790
249790
249790
249790
249790
249790
249790
249790
249790
249790
249790
249790
249790
249790
249790
249790
250204
250204
250204
250204
250204
250204
250204
250204
250204
250204
250204
250204
250204
250204
250204
250204
250271
250271
250271
250271
250271
250271
250271
250271
250271
250271
250271
250271
250791
250791
251311
251311
251311
252111
252111
252111
252111
252111
252111
252111
252111
252111
252111
252111
252111
252111
252111
252111
252111
252111
252111
252111
252199
252199
252199
252199
252199
252199
252199
252199
252199
252199
252199
252199
252570
252570
252570
252570
252570
252570
252570
252570
252570
252570
252570
252570
252570
252570
252570
252570
252570
252570
252570
252570
252754
252754
252754
252754
252754
252754
252754
252754
252754
252754
252754
252754
252816
252816
252816
252816
252816
252816
252816
252816
253600
253600
253600
253600
253600
253600
253600
253600
253600
253600
253600
253600
253600
253600
253600
253600
253661
253661
253661
253661
253661
253661
253928
253928
253928
253928
254140
254140
254140
254140
254140
254140
254140
254140
254140
254140
254140
254140
254140
254140
254332
254332
254332
254332
254332
254332
254332
254332
254332
254332
254332
254332
254332
254332
254332
254332
254332
254332
254332
254475
254475
254475
254475
254475
254475
254475
254475
254475
254475
254475
254475
254475
254475
254475
254475
254475
254475
255258
255258
255258
255258
255258
255258
255258
255258
255258
255258
255258
255258
255258
255258
255258
255404
255404
255404
255404
255614
255614
255614
255614
255614
255614
255920
255920
255920
255920
255920
255920
255920
255920
255920
256646
256646
256646
256646
256646
256646
256646
256646
256646
256646
256646
256646
256646
256646
256646
257461
257461
257461
257461
257461
257461
257461
257461
257461
257461
257461
257461
257738
257738
257738
257738
257738
257738
257738
257738
257738
257738
258997
258997
258997
258997
258997
259973
260232
260232
260232
260232
260232
260232
260232
260232
260232
260232
260666
260666
260666
261363
261363
261363
261363
261363
261363
261363
261363
261363
261363
261363
261363
261366
261366
261366
261366
261366
261366
261366
261366
261366
261366
261366
261366
261366
261366
261366
261366
261366
261366
261366
261366
261641
261641
261641
261641
261641
261641
261641
261641
261641
261641
261641
261646
261646
261646
261646
261757
261757
261757
261757
261757
261757
261757
261757
261757
262672
262672
262672
262672
262672
262672
262672
262672
262672
262672
262672
262672
262672
262672
262672
262672
262672
262964
263024
263024
263024
263024
263024
263024
263024
263154
263154
263360
263418
263418
263418
263418
263418
263418
263418
263418
263418
263418
263418
263616
263616
263616
263616
263616
263616
263616
263616
263616
263776
263776
263776
263776
263776
263776
264436
264436
264521
264521
264521
264521
264521
264521
264521
264521
264521
264521
264521
264521
264521
264521
264527
264527
264527
264527
264527
264527
264527
264527
264527
264527
264527
265081
265081
265081
265081
265081
265081
265081
265116
265116
265116
265116
265116
265116
265116
265116
265116
265116
265116
265116
265116
265116
265116
265116
265838
265838
265838
265838
265838
266123
266123
266123
266123
266123
266123
266123
266123
266123
266123
266269
266269
266269
266269
266269
266269
266269
266269
266269
266269
266319
266319
266319
266319
266319
266319
266324
266324
266324
266324
266324
266324
266324
266324
266324
266324
266324
266324
266615
266615
266615
266615
266670
266670
266670
266913
266913
266913
266913
266913
266913
266913
266913
266967
266967
266967
266967
266967
266967
267375
267375
267375
267375
267375
267375
267375
267375
268278
268278
268278
268278
268278
268278
268278
268278
268278
268278
268278
268278
268278
268278
268278
268278
268278
268278
268278
268475
268475
268475
268475
268475
268475
268475
268475
268475
268475
268475
268475
268475
268475
268475
268475
268475
268582
268582
268582
268582
268582
268582
268582
268582
268582
268582
268582
268582
268582
268582
268582
268582
268582
268582
268582
268582
269228
269228
269228
269228
269228
269228
269228
269228
269347
269347
269347
269347
269349
269349
269349
269349
269349
269349
269349
269349
269349
269349
269349
269349
269349
269349
269349
269395
269395
269395
269395
269395
269395
269395
269395
269395
269395
269395
269395
269395
269395
269395
269395
269699
269699
269699
269699
269699
269699
269699
269699
269699
269699
269699
269699
269699
269699
269699
269699
269699
269699
269699
269699
269900
269900
269900
269900
269900
269900
269900
269900
269900
269900
269900
269900
269900
269900
270188
270188
270188
270188
270188
270188
270188
270188
270188
270188
270493
270493
270493
270493
270493
270493
270493
270493
270493
270493
270493
270493
270493
270493
270493
270493
270894
270894
270894
270894
270894
270894
270894
270894
270894
270894
270894
270894
271228
271228
271228
271228
271228
271228
271228
271228
271228
271228
271228
271228
271228
271622
271622
271622
271622
271622
271849
271849
271849
271849
271849
271849
271849
271849
271849
271849
271849
272989
272989
272989
272989
272989
272989
272989
272989
272989
274039
274039
274039
274039
274039
274039
274039
274039
274039
274039
274039
274039
274039
274039
274039
274039
274039
274039
274039
274814
274814
274814
274814
274814
274814
274814
274814
274814
274814
274814
274814
274814
274814
274814
274814
274814
274814
274814
274814
275103
275103
275103
275103
275103
275103
275103
275103
275103
275103
275103
275103
275103
275103
275103
275103
275619
275619
275619
275619
275619
275619
275619
275619
275736
275736
275736
275736
275736
276036
276036
276036
276036
276036
276036
276036
276036
276036
276036
276786
276786
276786
276786
276786
276786
276786
276786
276786
276786
276786
276786
276786
276786
277940
277940
277940
277940
277940
277940
277940
277940
277940
277940
277940
277940
277940
278093
278093
278093
278093
278093
278093
278093
278093
278093
278093
278093
278093
278093
278093
278093
278093
278751
278751
278751
278760
278760
278760
278760
278760
278760
278760
278760
278760
278760
278760
278760
278760
278760
278760
278900
278900
278900
278900
278900
278900
278900
278972
279333
279333
279333
279333
279333
279333
279333
279333
279333
279333
279333
279333
279333
279333
279333
279333
279333
279333
279333
279670
279932
279932
279932
279932
279932
279932
280086
280086
280086
280086
280086
280086
280086
280086
280086
280086
280086
280086
280086
280086
280086
280086
280086
280086
280086
280152
280152
280152
280152
280152
280732
280732
280732
280732
280732
280732
280732
280732
280732
280732
280732
280732
280732
280732
280732
281162
281162
281162
281162
281162
281162
281162
281162
281162
281162
281162
281477
281477
281477
281477
281477
281477
281477
281477
281477
281477
281477
281477
281477
281477
281477
281477
281477
281821
281821
281879
281879
281879
281879
281879
281879
281879
282496
282496
282496
282496
282496
282496
282496
282496
282976
282976
283302
283302
283620
283620
283620
283620
283620
283620
283620
283620
283620
283620
283620
283620
283620
283620
283620
283911
284116
284116
284116
284116
284116
284116
284116
284116
284116
284336
284659
284659
284659
284659
284659
284659
284659
284659
284659
284659
284659
284659
284659
284659
284659
284659
285189
285189
285189
285189
285189
285189
285189
285189
285189
285189
285189
285189
285189
285189
285189
286557
286557
286557
286557
286557
286557
286557
286557
286557
286557
286557
286557
286557
286557
286557
286557
286557
286557
286557
286557
286568
286568
286568
286568
286568
286568
286568
286568
286568
288401
288401
288401
288401
288401
288401
288401
288401
288401
288401
288435
288435
288435
288435
288435
288435
288435
288435
288435
288435
288435
288435
289160
289160
289160
289160
289160
289160
289160
289160
289160
289160
289160
289160
289160
289160
289160
289160
289160
289160
289413
289413
289413
289413
289413
289665
289665
289665
289665
289665
289665
289665
289665
289665
289665
289665
289665
289885
289885
289885
289885
289885
289885
289885
289885
289885
289885
289885
290209
290209
290209
290209
290209
290209
290209
290209
290209
290209
290209
290209
290209
290209
290209
290209
290209
290209
290209
290306
290306
290306
290306
290306
290306
290306
290306
290306
290306
290306
290306
290306
290306
290306
290447
290447
290447
290447
290447
290447
290447
291026
291026
291026
291026
291026
291026
291026
291026
291026
291026
291026
291026
291026
291026
291026
291026
291137
291137
291137
291137
291137
291137
291137
291137
291137
291137
291137
291137
291531
291531
291642
291642
291642
291642
291642
291642
291642
291642
291642
291642
291642
292263
292965
292965
292965
292965
292965
292965
292965
292965
292965
292965
292965
292965
292965
292965
292965
293486
293486
293486
293486
293486
293486
293486
293486
293486
293486
293486
293486
293486
293486
293486
293589
293589
293589
293589
293589
293589
293589
293589
293589
293589
293589
293589
293589
293649
293649
293649
293649
293649
293649
293649
293649
293771
293771
293771
293771
293771
293771
293771
293771
293771
293771
293771
293771
293771
293771
293771
293913
293913
293913
293913
293913
293913
293913
293913
293913
293913
294014
294014
294014
294014
294014
294207
294207
294207
294207
294207
294207
294207
294207
294207
294207
294207
294207
295131
295131
295131
295131
295131
295131
295131
295131
295131
295131
295131
295131
295131
295131
295131
295131
295131
295131
295229
295229
295229
295229
295229
295229
295229
295229
295229
295229
295229
295229
295229
295229
295229
295229
295229
295229
295229
295853
295853
295853
295853
295853
295853
295853
295853
295853
295853
295853
295853
295853
295853
295853
295853
295853
295853
295853
295853
296116
296116
296116
296353
296353
296353
296353
296353
296353
296633
296633
296633
296633
296633
296633
296633
296633
296633
296633
297317
297317
297411
297411
297411
297411
297411
297411
297411
297411
297411
297411
297411
297411
297411
297411
297411
297411
297411
298373
298373
298373
298373
298373
298373
298373
298373
298373
298373
298373
298373
298373
299137
299137
299137
299137
299137
299137
299137
299137
299561
299561
299561
299561
299561
299561
299561
299561
299939
299939
299939
299939
299939
299939
299939
299939
299939
299939
299939
299939
299939
299939
299939
299939
299939
299939
299939
300676
300676
300676
300934
300934
300934
300934
300934
300934
300934
300934
300934
300934
300934
300934
300934
300934
300934
300934
301714
302363
302363
302363
302363
302363
302363
302363
302363
302363
302363
302363
302363
302378
302378
302378
302378
302378
302378
302378
302378
302378
302378
302378
302378
302378
302378
302378
302378
302378
302378
302378
302378
302485
302485
302485
302485
302485
302485
302485
302485
302485
302485
302485
302485
302485
302485
302485
302485
302485
302816
302816
302816
302816
302816
302816
302816
302816
302816
302816
302816
302816
302816
302816
302816
303157
303157
303157
303157
303157
303157
303157
303157
303157
303157
303157
303157
303157
303157
303157
303157
303157
303157
303187
303187
303187
303187
303187
303187
303187
303187
303187
303187
303187
303377
303377
303377
303377
303377
303377
303698
303698
303698
304166
304166
304166
304166
304166
304166
304166
304166
304166
304166
304166
304166
304166
304166
304166
304166
304166
304166
304166
304166
304228
304228
304228
304228
304228
304228
304228
304228
304228
304228
304228
304228
304228
304228
304228
304886
304886
304886
304886
304886
304886
305334
305334
305334
305334
305334
305334
305334
305334
305334
305334
305334
305334
305334
305334
305334
305334
305334
305334
305371
305371
306033
306033
306033
306033
306033
306033
306033
306033
306033
306033
306033
306033
306033
306033
306033
306033
306033
306033
306033
306033
306826
306826
307735
307735
307735
307735
307735
307735
308106
308106
308106
308106
308106
308106
308106
308106
308106
308553
308553
308553
308553
308553
308553
308553
308553
308553
309201
309201
309201
309201
309201
309201
309201
309201
309201
309767
309767
309782
309782
309782
309782
309782
309782
309782
309782
309782
309782
309782
309782
309782
309782
309782
309909
310187
310187
310187
310453
310453
310453
310453
310453
310453
310453
310453
310453
310453
310484
310484
310484
310484
310484
310484
310484
310484
310484
310484
310484
310484
310484
310484
310484
310484
310761
310761
310761
310761
311630
311630
311630
311630
311630
311630
311630
311630
311630
311630
311630
311931
311931
311931
311931
311931
311931
311931
311931
312773
312773
312773
312773
312773
312773
312773
312773
313044
313044
313044
313044
313044
313044
313044
313044
313044
313044
313044
313044
313044
313044
313044
313044
313065
313065
313065
313065
313065
313065
313065
313065
313065
313065
313065
313065
313065
313065
313065
313065
313065
313065
313220
313220
313220
313220
313220
313220
313220
313220
313220
313220
313220
313220
313220
313220
313220
313220
313220
313220
313220
313263
313263
313263
313408
313408
313408
313408
313408
313408
313408
313408
313408
313408
313408
313408
313640
313640
313640
313640
313640
313640
313640
313640
313640
313793
313793
313794
313794
313794
313794
313794
314240
314240
314240
314240
314240
314240
314240
314240
314240
314240
314240
314773
314773
314773
314773
314773
314773
314773
314773
314773
314773
314773
314773
314773
314773
315066
315066
315066
315066
315066
315308
315308
315308
315308
315308
315308
315308
315308
315533
315533
315533
315533
315533
315533
315533
315533
315533
315533
315533
315533
315533
315533
315533
315533
315533
315533
315533
316034
316034
316034
316034
316034
316402
316402
316402
316402
316402
316402
316402
316402
316684
316684
316684
316684
316684
316684
316684
316684
316684
316684
316684
316684
316684
316684
316684
316684
316684
316684
316684
316684
317645
317645
317645
318455
318455
318455
318455
318455
318455
318455
318455
318455
318455
318455
318455
319669
319669
319669
319669
319842
319842
319842
319842
319842
319842
319842
319842
319842
319842
319842
320151
320151
320151
320151
320151
320151
320151
320151
320151
320151
320151
320151
320151
320151
320151
320151
320151
320151
320469
320469
320469
320469
320972
320972
320972
320972
320972
320972
320972
320972
320972
320972
320972
320972
320972
320972
320972
320972
320972
320972
321083
321083
321083
321083
321083
321083
321083
321083
321415
321415
321580
321580
321580
321580
321580
321580
321580
321580
321580
321580
321580
321580
321580
321676
321676
321676
323986
323986
323986
323986
323986
323986
323986
323986
323986
323986
323986
323986
323986
323986
324377
324624
324624
324624
324624
324624
324624
324624
324624
325173
325173
325325
325325
325325
325325
325325
325325
325325
325325
325325
325325
325325
325325
325325
325325
325325
325325
326009
326009
326009
326643
326643
326643
326643
326643
326643
326643
326643
326643
326643
326669
326669
326669
326800
326983
326983
326983
326983
326983
326983
326983
327126
327126
327126
327305
327305
327305
327305
327305
327305
327305
327305
327305
327526
327526
327526
327526
327526
327526
327526
327526
327526
327526
327526
327941
327941
327941
327941
327941
327993
327993
327993
327993
327993
327993
327993
327993
327993
327993
327993
327993
327993
327993
327993
327993
327993
328357
328357
328357
328357
328357
328357
328950
328950
328950
328950
328950
328950
328950
328950
328950
328950
328950
328950
328950
329368
329368
329368
329368
329368
329368
329368
329368
329368
329368
329368
329775
329775
329775
329775
329775
329775
329775
329892
329892
329892
329892
329892
329892
329892
329892
329892
330406
330406
330406
330443
330443
330443
330443
330443
330443
330443
330443
330443
330443
330443
330443
330443
330443
330443
330443
330443
330443
330450
330450
330450
330450
330450
330450
330450
330450
331223
331223
331223
331223
331223
331223
331223
331223
331223
331223
331223
331223
331223
331223
331223
331223
331223
331223
331816
331816
331816
331816
331816
331816
331816
332433
332495
332495
332495
332495
332495
332495
332495
332495
332553
332553
332553
332553
332553
332553
332553
332553
332553
332553
332553
332553
332614
332614
332614
332614
332614
332614
332614
332614
332614
332614
332614
332614
332614
332760
332760
332760
332760
332760
332760
332760
332760
333006
333006
333006
333006
333006
