7550 500000
66678
66678
66678
66678
66678
66678
66678
66678
66678
66678
66678
66700
66700
66841
66841
66841
66841
66841
66841
66841
66841
66841
66841
66841
67098
67098
67098
67098
67098
67098
67098
67098
67098
67098
67098
67098
67098
67098
67098
67098
67098
67098
67098
67098
67764
67764
67764
67764
67764
67764
67764
67764
67764
67764
67764
67764
67959
67959
67959
67959
67959
68753
68753
68753
68753
68753
68753
68753
68753
68753
68753
68753
68753
68753
68753
68753
68753
68753
68753
68753
68753
68972
68972
68972
68972
68972
68972
68972
68972
68972
68972
68972
70259
70259
70259
70259
70259
70259
70259
70259
70259
70259
70259
70259
70335
70335
70335
70335
70335
70335
70335
70335
70335
70480
70480
70480
70974
70974
71292
71292
71292
71292
71292
71292
71292
71292
71292
71292
71292
71292
71292
71292
71292
71292
71587
71587
71587
71587
71587
71587
71587
71868
71868
71868
72008
72008
72008
72008
72008
72008
72008
72262
72262
72262
72262
72262
72262
72262
72370
72370
72370
72370
72370
72370
72370
72370
72370
72370
72370
72370
72370
72370
72370
72370
72718
72718
72718
72718
72718
72718
72718
72718
72718
72718
72978
72978
72978
72978
72978
72978
72978
72978
72978
72978
72978
72978
72978
72978
72978
72978
72978
73083
73083
73083
73083
73083
73083
73083
73083
73083
73083
73083
73083
73083
73083
73083
73083
73083
73083
73152
73349
73349
73349
73571
73571
73571
73571
73571
73571
73571
73571
73571
73571
73571
73571
73571
73571
73571
73571
73710
73710
73710
73710
73710
73710
73710
73710
73710
73710
73710
73710
73710
74009
74009
74009
74009
74009
74009
74009
74009
74009
74009
74009
74009
74009
74890
74890
74890
74890
74890
74890
74890
74890
74890
74890
74890
74890
74890
74890
74890
74890
74890
74890
74890
74890
74916
74916
74916
74916
74916
74916
74916
74916
74916
74916
74916
74916
75605
75605
75605
75605
75605
75605
75605
75605
75605
75605
75605
75605
75605
75605
75605
75605
75605
75605
75605
76154
76154
76154
76154
76154
76154
76154
76154
76154
76154
76154
76154
76154
76154
76154
76154
76154
76154
76154
76494
76494
76494
76494
76946
76946
76946
76946
76946
76946
76946
77021
77021
77021
77021
77021
77021
77021
77021
77021
77021
77021
77021
77021
77021
77221
77221
77221
77221
77221
77221
77221
77221
77221
77221
77221
77221
77221
77221
77221
77221
77221
77221
77609
77609
77609
77609
77609
77609
77609
77609
77609
77609
77609
77609
77609
77609
77609
77609
78188
78228
78228
78228
78228
78228
78228
78228
78228
78228
78228
78228
78228
78228
78439
78439
78439
78439
78439
78439
78439
78439
78439
78439
78439
78527
78527
78527
78527
78527
78527
78955
78955
78955
78955
78955
78955
78955
78955
78955
78955
78955
79294
79294
79294
79294
79294
79294
79294
79294
79294
79294
79294
79294
79294
79294
79294
79294
79294
79294
79294
79366
79366
80126
80126
80126
80126
80126
80941
80941
80941
80941
80941
80941
80941
80941
80941
80941
81022
81022
81022
81022
81022
81295
81295
81295
81295
81295
81324
81324
81324
81358
81358
81358
81609
81803
81803
81803
81803
81803
81803
81803
81803
81803
81803
81803
81803
81856
81856
81856
81856
81856
81856
81856
81856
81856
81856
81856
81856
81856
81856
81856
81856
81856
82014
82014
82014
82014
82014
82014
82014
82014
82014
82014
82014
82067
82067
82067
82067
82067
82067
82067
82067
83216
83216
83216
83216
83216
83216
83216
83216
83216
83216
83216
83216
83216
83377
83377
83377
83377
83673
83673
83673
83673
83673
83673
83673
83673
83673
83673
83965
83965
83965
83965
83965
83965
83965
84432
84432
84432
84432
84432
84432
84432
84432
84432
84432
84432
84432
84432
84520
84520
84520
84520
84520
84520
84520
84774
84774
84774
85032
85032
85032
85037
85037
85037
85037
85037
85037
85037
85037
85037
85037
85037
85037
85037
85037
85037
85037
85037
85515
85515
85515
85515
85515
85515
85515
85515
85515
85515
85803
85803
85803
85803
86340
86340
86340
86340
86340
86340
86340
86340
86340
86340
86340
86340
86340
86340
86340
86340
86373
86373
86373
86373
86373
86373
86373
86373
86373
86373
86504
86504
86504
86504
86504
86550
86550
86550
86821
86821
86821
86821
86821
86821
86821
86821
86821
86821
86821
86821
86821
86821
86821
86821
86821
86821
87046
87046
87046
87046
87046
87046
87046
87046
87046
87046
87046
87046
87046
87216
87216
87216
87216
87216
87216
87592
87592
87592
87592
87592
87592
87592
87592
87592
87592
88149
88149
88149
88149
88149
88149
88791
88791
88933
88933
88933
88933
89923
89923
89923
89923
89923
89923
89923
89923
89923
89923
89923
89923
89923
90756
90756
90756
90756
90756
90756
90756
90756
90756
90756
90756
90756
90756
90978
90978
90978
90978
90978
90978
90978
90978
90978
90978
90978
90978
90978
91347
91347
91347
91347
91347
91347
91347
91347
91347
91347
91347
91347
91347
91347
91347
93354
93354
93354
93354
93354
93354
93354
93354
93354
93354
93354
93354
93397
93397
93397
93397
93397
93397
93397
93719
93719
93719
93719
93719
93719
93719
93719
93719
94140
94350
94350
94350
94350
94350
94707
94707
94707
94707
94707
95437
95437
95437
95437
95437
95437
95437
95437
95437
95437
95437
95437
95437
95437
95437
95437
95437
95437
95437
96258
96258
96258
96258
96258
96258
96258
96258
97043
97043
97043
97043
97043
97399
97399
97399
97399
97399
97399
97745
97745
97745
97745
97745
97745
97745
97745
97745
97745
97745
97745
97745
97745
97745
97745
97994
97994
98777
98777
98777
98777
98777
98777
98777
98777
98777
98777
98853
98853
98853
98900
98900
98900
98900
98900
98900
98900
98900
99270
99270
99270
99270
99921
99921
100004
100004
100004
100004
100004
100004
100004
100004
100004
100004
100004
100004
100004
100004
100004
100004
100004
100406
100406
100406
100406
100406
100406
100406
100406
100406
100406
100406
100406
100406
100406
100406
100406
100406
100454
100454
100454
100454
101063
101242
101242
101242
101455
101963
101963
101963
101963
101963
101963
101963
101963
101963
101963
101963
101963
101963
101963
101963
101963
101963
101963
101963
101963
102300
102300
102300
102300
102300
102815
102815
102815
102815
102815
102815
102815
102901
102901
102901
102901
102901
102901
103847
103847
103847
103847
103847
103847
103847
103847
103847
103847
103847
103847
103847
103847
103847
103851
103984
103984
103984
103984
103984
103984
103984
103984
103984
103984
103984
103984
103984
103984
103984
104004
104004
104004
104004
104004
104004
104004
104004
104004
104004
104004
104004
104004
104004
104004
104004
104004
104077
104077
104077
104077
104077
104077
104077
104077
104077
104411
104411
104411
104411
104411
104411
104411
104411
104411
104411
104411
104411
104411
104411
104411
104411
104411
104411
104418
104418
104418
104418
104418
104418
104418
104748
104748
104748
104748
104748
104748
104748
104748
104748
104748
104748
104748
106547
106547
106547
106547
106547
106547
106547
106739
106739
106739
106739
106739
106879
106879
106879
106879
107544
107544
107544
107544
107544
107544
107544
107544
107544
107544
107544
107640
107640
107640
107640
107640
108207
108207
108207
108207
108207
108207
108291
108786
108786
108786
108786
108786
108786
108786
108786
108786
108786
108786
108786
108786
108786
108786
108786
108786
108786
109253
109253
109253
109253
109253
109253
109253
109582
109582
109582
109582
109582
109582
109582
109582
109582
109582
109582
109582
109582
109582
109582
109582
109582
109582
109582
109582
109769
109769
109769
110835
110835
110835
110995
110995
110995
110995
110995
110995
110995
110995
110995
110995
110995
110995
110995
110995
110995
111318
111318
111318
111318
111318
111318
111677
111677
111677
111677
111677
111677
112268
112268
112268
112268
112268
112268
112268
112268
112268
112268
112268
112268
112268
112268
112268
112268
112268
112473
112473
112473
112473
113033
113033
113033
113033
113033
113033
113033
113033
113033
113033
113033
113033
113033
113033
113033
113033
113033
113033
113033
113033
113481
113481
113481
113481
113481
113481
113481
113481
113481
113481
113481
113481
113481
113481
114490
114490
114490
114490
114490
114490
114490
114490
114490
114490
114490
114490
114683
114683
114683
115251
115251
115339
115339
115339
115339
115339
115339
115339
115339
115339
115339
115339
115339
115339
115339
115339
115339
115339
116109
116109
116825
116825
116825
116825
116825
116825
116825
116825
116825
116825
116825
116825
116825
116825
116825
116825
116825
116825
116825
116825
117304
117304
117304
117304
117304
117603
117603
117603
117603
118381
118381
118381
118381
118381
118381
118381
118381
118381
118381
118381
118381
118381
118381
118381
118381
118381
118381
118381
118440
118440
118634
118634
118634
118634
118634
119304
119304
119304
119304
119581
119581
119581
119581
119581
119581
119581
119581
119581
119581
119581
119581
119581
119581
119581
119581
119581
119581
119779
119779
119779
119779
119779
119779
119779
119779
119779
119779
119779
119779
119779
119844
119844
119844
119844
119844
119844
120009
120009
120009
120009
120009
120009
120009
120009
120009
120009
120009
120027
120027
120027
120385
120385
120385
120385
120385
120385
120385
120385
120385
120385
120727
120727
120727
120727
120727
120727
120727
120727
120727
120727
121665
121665
121665
121665
121665
121665
121665
121665
121665
121665
121665
121665
121665
121665
121665
121665
121665
121665
121665
121675
121675
121675
121675
121675
121675
121675
121675
121675
121675
121675
121675
121675
121675
121675
122473
122473
122473
122473
122473
122870
122870
122870
122870
122870
122870
122870
122870
122870
122870
122870
123189
123189
123189
123189
123189
123189
123306
123306
123306
123306
123306
123306
123306
123306
123363
123363
123363
123363
123363
123363
123363
123391
123391
123391
123572
123572
123572
123572
123572
123572
123572
123572
123572
123572
123572
123572
123572
123572
123572
123870
123870
123870
123870
123870
123870
124321
124321
124321
124800
124800
124800
124800
124800
124800
124800
124800
124800
124800
124800
124800
124800
124835
124835
124835
124835
124835
124835
124835
124835
124835
124835
124835
124835
124917
124917
124917
124917
124917
124917
124917
124917
124917
124917
125319
125319
125319
125319
125319
125319
125319
125319
125319
125319
125319
125319
125319
125319
125319
125887
125887
125887
125887
125887
125887
125887
125887
125999
125999
125999
125999
125999
125999
125999
126138
126138
126138
126138
126138
126138
126138
126138
126138
126138
126138
126138
126138
126158
126158
126158
126158
126158
126158
126158
126158
126158
126158
126158
126158
126158
126158
126209
126209
126209
126209
126209
126209
126209
126209
126209
126209
126209
126209
126209
126209
126209
126626
126626
126626
126626
126626
126769
126769
126769
126769
126769
126769
126769
126769
126769
126769
126769
126769
126769
126769
126769
126769
126769
126769
126769
126769
127845
127845
128431
128431
128431
128431
128431
128431
128431
128431
128431
128431
128431
128431
128431
128431
128431
128431
128431
128431
128431
128431
129598
129598
129598
129598
129598
129598
129598
129598
129598
129598
129598
129598
129598
129598
129598
129598
129598
129598
129598
129781
129781
129781
129781
129781
129781
129781
129781
129781
129781
129781
129781
130218
130218
130218
130218
130218
130218
130218
130218
130467
130681
130681
130681
130681
130681
130681
131870
131870
131870
131870
131870
131870
131870
131870
131870
131870
131870
131870
131870
131870
131870
131870
131870
132419
132419
132419
132419
132419
132419
132419
133125
133125
133125
133125
133125
133125
133125
133125
133125
135319
135319
135319
135319
135319
135319
135319
135319
135319
135319
135319
135319
135319
135319
135319
135319
135319
135319
135319
135319
135360
135360
135360
135360
135360
135360
135360
135360
135360
135360
135360
135360
135360
135360
135360
135360
135360
135360
135360
136217
136217
136217
136217
136217
136217
136217
136217
136217
136217
136217
136217
136217
136217
136217
136217
136458
136458
136458
136481
136481
136481
136481
136481
136934
136934
137070
137070
137070
137070
137070
137070
137070
137070
137070
137070
137070
137070
137070
137070
137070
137070
137070
137070
137569
137569
137569
137569
137569
137569
137569
137569
137569
137569
137779
137779
137779
137779
138063
138063
138063
138063
138063
138063
138063
138063
138063
138063
138063
138063
138063
138063
138661
138661
138661
138661
138661
138661
138661
138661
138661
138920
138920
138920
138920
138920
138920
139389
139389
139389
139389
139580
139580
139580
139580
139580
139580
139580
139580
139580
139580
139580
139580
139580
139580
139580
139580
139580
139580
139580
139738
139738
139738
139738
139738
139738
139738
139738
139738
139738
139738
139738
139738
140259
140259
140259
140259
140259
140259
140259
140259
140259
140259
140259
140259
140259
140259
140259
140259
140259
141077
141077
141077
141077
141077
141077
141077
141077
141077
141077
141077
141077
141077
141077
141077
141077
141114
141114
141114
141114
141114
141114
141114
141114
141114
141114
141114
141114
141114
141114
141114
141114
141127
141127
141127
141127
141127
141127
141127
141127
141127
141127
141127
141127
141127
141127
141430
141430
141430
141430
141430
141430
141430
141487
141505
141651
141651
141651
141651
141651
141651
141651
141651
141651
141651
141651
142225
142225
142648
142648
142648
142648
142648
142648
142648
142648
142648
142648
142648
142648
142648
142648
142648
142648
142648
142656
142656
142656
142656
142656
142656
142656
142656
142656
142656
142656
142656
143002
143002
143002
143002
143636
143636
143636
143636
143636
143636
143636
143636
143636
143636
143986
143986
143986
143986
143986
143986
143986
143986
143986
143986
143986
143986
143986
143986
143986
143986
143986
143986
143986
143986
144234
144234
144234
144234
144234
144234
144234
144234
144234
144234
144234
144234
144234
144234
144234
144234
144234
144580
144580
144580
144580
144580
144580
144580
144580
144580
144580
144580
145088
145088
145088
145088
145088
145088
145088
145088
145088
145088
145088
145088
145088
145088
145251
145251
145251
145251
145251
145251
145251
145251
145251
145251
145332
145332
145332
145332
145332
145332
145332
145332
145332
145332
145332
145332
145332
145332
145332
145332
145332
145516
145516
145516
145516
145516
145516
145516
145516
145516
146048
146048
146048
146048
146048
146048
146048
146048
146048
146048
146048
146048
146048
146394
146394
146394
146394
146394
146394
146394
146394
146394
146394
146394
146394
146394
146394
146394
146394
146394
146394
146394
146394
147313
147313
147313
147313
147394
147394
147394
147394
147399
147399
147853
147853
147853
147853
147853
147853
147853
147853
147853
147853
147853
147853
147853
147853
147853
147853
147853
147853
147853
147853
147870
147870
147870
147870
147870
147870
147870
147870
147870
148626
148626
148626
148626
148626
148626
148626
148626
148626
148626
148626
148924
149145
149145
149145
149145
149145
149145
149145
149145
149145
149145
149145
149145
149145
149145
149145
149882
149882
149882
149882
149882
149882
149882
149882
149882
150130
150130
150130
150130
150130
150130
150130
150130
150668
150668
150668
150668
150668
150668
150668
150668
150668
150668
150668
150668
150668
150668
150668
150668
150668
150668
151073
151073
151073
151073
151073
151073
151073
151255
151255
152433
152433
152433
152433
152433
152433
152433
152433
152433
152433
152433
152433
152433
152433
152433
152433
152433
152524
152524
152524
152524
152524
152524
152524
152524
152524
152524
152524
152950
152950
152950
152950
152950
152950
152950
152950
152950
152950
152950
152950
152950
152950
152950
152950
152950
152950
153955
153955
153955
153955
153955
153955
153955
153955
153955
153955
153955
153955
153955
153955
153955
153955
153955
153955
153955
156013
156013
156013
156013
156013
156013
156013
156013
157226
157226
157226
157226
157226
157226
157226
157226
157226
157226
157226
157226
157226
157226
157226
157226
157226
157226
157226
157810
157810
157810
157810
157810
157810
157810
157810
157810
157810
157810
157810
157810
157810
157810
157810
157810
157810
157810
157815
157815
157815
157815
157815
157815
157815
158281
158281
158281
158281
158281
158748
158748
158748
158748
158748
158748
158748
158748
158748
158748
158748
158748
158748
158748
158748
158748
159010
159010
159010
159010
159010
159010
159010
159010
159010
159010
159010
159010
159010
159010
159010
159010
159010
159010
159909
159909
159909
159909
159909
159909
159909
159909
159909
159909
159909
159909
159909
159909
159909
159909
160125
160125
160125
160125
160125
160125
160125
160125
160125
160125
160125
160125
160125
160125
160125
160125
160125
160125
160354
160354
160354
160354
160354
160354
160354
160354
160515
160515
160515
160515
160515
160515
160515
160515
160515
160515
160515
160515
160515
160515
160515
160515
160515
160515
160515
160851
160851
160851
160851
160851
160851
160851
160851
161439
161439
161439
161439
161439
161439
161439
161439
161994
161994
161994
161994
161994
161994
161999
161999
161999
161999
161999
161999
162048
162048
162048
162048
162048
162048
162048
162048
162048
162048
162048
162048
162048
162048
162048
162048
162048
162048
162048
162644
162644
162644
162644
162644
162644
162644
162644
162644
162644
162644
162644
162644
162914
162914
162914
162914
162914
162914
162914
162914
162914
162914
162914
162914
162914
162914
162914
163446
163446
163446
163446
163446
163446
163446
163446
163591
163591
163591
163591
163591
163591
163591
163591
164021
164021
164021
164021
164021
164021
164057
164057
164057
164057
164057
164057
164057
164057
164057
164057
164057
164057
164057
164619
164619
164619
164619
164619
164619
164619
164619
164619
164619
164619
164619
164619
164619
165842
165842
165842
165842
165842
165842
166002
166002
166002
166002
166002
166002
166576
166576
166576
166576
166576
166576
166576
166576
166576
166576
166576
166576
167388
167388
167388
167396
167396
167396
167396
167396
167396
167396
167396
167396
167396
167396
167396
167396
167396
167396
167396
167396
167396
167396
167396
167680
167680
167680
167680
167680
167680
167680
167680
168123
168123
168123
168123
168123
168123
168502
168502
168794
168794
168794
168794
168794
168794
168794
168794
168794
168794
168794
168794
168794
168794
168794
169430
169430
169430
169430
169430
169430
169430
169430
169430
169430
169430
169430
170621
170621
170621
170621
170621
170621
170621
170621
170621
170621
170621
170621
170621
170621
170621
170621
170621
170777
170815
170815
170815
170815
170815
170815
170815
170815
170815
170815
170815
170815
170815
170815
170815
170936
170936
170936
170936
170936
170936
170936
170936
170936
170936
170936
170936
170936
170936
170936
171028
171028
171028
171028
171028
171028
171028
171028
171028
171028
171028
171028
171028
171028
171028
171028
171028
171340
171340
171340
171885
171885
171885
171885
171885
171885
171885
171885
171885
171885
171885
171885
171885
171885
171885
171885
171885
171885
172485
172485
172485
172485
172485
172485
172485
172485
172485
172485
172485
172485
172485
172485
172485
172485
172485
172485
172485
172485
172831
172831
172831
172831
172831
172831
172831
172831
172831
172831
172831
172858
172858
172858
172858
172858
172858
172858
172858
172858
172858
172858
172858
172858
172858
172858
172858
172858
172987
172987
172987
172987
172987
172987
172987
172987
172987
173007
173007
173007
173007
173007
173007
173007
173007
173007
173007
173007
173007
173007
173007
173007
173007
173007
173007
173007
173007
173098
173098
173188
173188
173188
173188
173188
173188
173188
173188
173188
173188
173188
173188
173188
173188
173188
173188
173188
173188
173188
173472
173472
173472
173472
173472
173472
173472
173472
173472
173472
173472
173472
173472
173472
173472
173472
173801
173801
173801
173801
173801
173801
173801
173801
173801
173980
173980
173980
173980
173980
173980
173980
173980
173980
173980
173980
173980
173980
174000
174000
174000
174000
174000
174000
174000
174000
174000
174000
174000
174000
174000
174000
174000
174000
174000
174000
174000
174250
174250
174250
174250
174250
174250
174250
174250
174250
174250
174250
174250
174250
174250
174250
174355
174355
174439
174439
174439
174439
174439
174439
174439
174439
174439
174439
174439
174552
174552
174552
174552
174552
174552
174552
174552
174552
174552
174552
174552
174552
174625
174625
174625
174625
174625
174625
174625
174625
174625
175039
175039
175039
175039
175039
175039
175039
175039
175039
175530
175530
175530
175530
175530
175530
175530
175530
175654
175654
175654
175654
175654
175654
175654
175654
175654
175654
175654
175654
175654
175654
175654
175654
176029
176029
176029
176029
176029
176029
176029
176029
176029
176029
176029
176029
176029
176029
176029
176029
176029
176151
176151
176151
176151
176151
176151
176151
176151
176151
176151
176151
176151
176151
176151
176151
176151
176151
176151
176226
176226
177056
177056
177056
177056
177056
177056
177056
177056
177056
177056
177056
177056
177056
177056
177056
177056
177121
177121
177121
177121
177121
177121
177121
177121
177121
177121
177121
177121
177121
177121
177121
177253
177253
177253
177355
177355
177355
177355
177355
177355
177355
177355
177355
177355
177355
177355
177355
177355
177355
178036
178036
178036
178036
178416
178416
178599
178599
178599
178599
178599
178599
178599
178599
178599
178599
178599
178599
178599
178610
178610
178610
178610
178805
178893
178893
178893
178893
178893
179303
179303
179303
179303
179303
179303
179303
179303
179303
179303
179303
179303
179507
179744
179744
179744
179744
179744
179744
179744
179744
179744
179744
179744
180426
180426
180426
180426
180426
180426
180824
180824
180824
180824
180824
180824
180824
180824
180944
180944
180944
180944
180944
180944
181155
181155
181155
181155
181155
181155
181155
181155
181155
181155
181155
181155
181155
181155
181155
181155
181155
181155
181155
181522
181664
181664
181664
181664
181664
181664
181664
181664
181664
181664
181923
182170
182170
182517
182517
182517
182517
182673
182673
182673
182673
182673
182673
182673
182673
182673
182673
182673
182673
182673
182673
183088
183088
183088
183088
183088
183088
183088
183088
183088
183088
183088
183088
183088
183088
183088
183088
183162
183162
183162
183162
183162
183162
183162
183162
183162
183162
183162
183162
183162
183334
183334
183334
183334
183334
183334
183334
183334
183334
183334
183334
183334
183334
183334
183334
183334
183334
183334
185020
185020
185020
185020
185020
185020
185020
185020
185020
185020
185020
185020
185020
185020
185887
185887
185887
185887
185887
185887
185887
185887
185887
185887
185887
187000
187000
187000
187000
187000
187000
187361
187361
187361
187361
187361
187361
187361
187361
187552
187552
187552
187552
187552
187552
187552
187552
187552
187552
187590
187590
187590
187590
187590
187590
187590
187590
188041
188041
188041
188041
188041
188041
188041
188041
188041
188041
188041
188041
188041
188041
188041
188041
188041
188041
188041
188392
188392
188392
188392
188392
188392
188392
188392
188392
188392
188392
188392
188544
188544
188544
188544
188544
188872
188872
188872
188872
188872
188872
188872
188872
188872
188872
189004
189004
189004
189004
189031
189031
189031
189031
189031
189031
189031
189031
189031
189031
189031
189031
189031
189031
189031
189031
189031
189031
189806
189806
189806
189806
189806
189806
189806
189806
189806
189806
189806
189806
189806
189806
189806
189806
189806
189806
189806
189806
190120
190120
190120
190120
190177
190496
190496
190496
190496
190496
190496
190496
190496
190496
190496
190496
190496
190496
190496
190813
190813
190813
190813
190813
190813
190813
190813
190813
190813
190813
190813
190813
190813
190825
190825
190825
190825
190825
190825
190825
190825
190825
190825
190825
190825
190825
190825
190825
190825
190825
190825
190825
191389
191389
191389
191389
191389
191389
191389
191389
191389
191389
191389
191389
191389
191389
191389
191389
191389
191740
191740
191740
191740
191740
191740
191740
191740
191891
191891
191891
191891
191891
191891
191891
191891
191891
191891
191891
191891
191891
191891
191891
191891
191891
191891
191891
192078
192078
192078
192078
192078
192078
192078
192078
192078
192078
192078
192078
192078
192078
192078
192078
192078
192078
192649
192649
192649
192649
192649
192649
192649
192649
192649
192649
193285
193285
193285
193285
193431
193431
193607
193607
193607
193607
193607
193607
193607
193607
193607
193607
193607
193942
193942
193942
193942
193942
193942
193942
193942
193942
193942
193942
193942
193942
193942
193942
195615
195615
195615
195615
195615
195615
195615
195615
195615
195615
195615
195883
195883
195883
195883
195883
195883
195883
195883
195883
196196
196196
196196
196196
196196
196196
196196
196196
196196
196196
196196
196196
196311
196311
196311
196311
196311
196311
196311
196311
196311
196311
196311
196311
196311
196453
196453
196453
196913
196913
196949
196949
196949
196949
196949
196949
196949
196949
196949
196949
196949
197544
197544
197544
197544
197544
197544
197544
197544
197544
197544
197544
197544
197544
197544
197544
197544
197544
197544
197610
197610
197610
197610
197610
197610
197610
197610
197610
197610
197610
197610
197610
197610
197893
197893
197893
197893
197893
197893
197893
197893
198125
198125
198125
198125
198125
198125
198125
198125
198125
198125
198125
198125
198125
198125
198127
198127
198127
198127
198127
198127
198127
198127
198127
198127
198127
198127
198127
198127
198127
198194
198194
198194
198194
198194
198194
198194
198194
198194
198194
199356
199356
199356
199356
199356
199356
199356
199356
199356
199356
199356
199571
199571
199571
199571
199571
199668
199668
199668
199668
199668
199668
199668
199668
199668
199668
199668
199668
199668
199668
199668
199668
199668
199668
200103
200103
200103
200103
200103
200103
200103
200103
200103
200103
200383
200383
200383
200749
200749
200749
200749
200749
200749
200749
200749
200749
200749
200749
200749
200749
200749
200749
200749
200818
200818
200818
200818
200818
200818
200818
200818
200818
200818
200818
200818
200818
200818
200818
200818
200954
200954
200954
200954
200954
200954
200954
200954
200954
200954
200954
200954
200954
200954
200954
200954
203034
203034
203034
203508
203508
204104
204543
204543
204543
204543
204543
204543
204543
204543
204543
204543
204543
204543
204543
204980
204980
204980
204980
205591
205591
205591
205591
205591
205591
205998
205998
205998
205998
205998
205998
205998
205998
205998
205998
205998
205998
205998
205998
205998
205998
205998
205998
205998
205998
206320
206320
206320
206320
206320
206320
206320
206320
206320
206320
206320
206320
206320
206414
206414
206414
206414
206414
206414
206414
206414
206414
206414
206414
206414
206414
206665
206665
206665
208049
208049
208049
208049
208049
208049
208049
208049
208049
208049
208049
208049
208049
208049
208049
208206
208206
208206
208206
208206
208206
208206
208206
208206
208206
208206
208206
208206
208206
208206
208206
208206
208206
208262
208262
208262
208262
208262
208262
208262
208262
208262
208262
208262
208262
208262
208262
208262
208262
208914
208914
208914
209830
209830
209924
209924
209924
209924
209924
209924
209924
209924
209924
209924
209924
209924
210463
210463
210463
210463
210463
210463
210463
210463
210463
210463
210463
210463
210463
210463
210463
210463
210463
210463
210695
210695
210695
210695
210695
210695
210695
210695
211060
211060
211060
211060
211060
211060
211060
211060
211060
211060
211060
211060
211060
211060
211060
211060
211060
211060
211060
211060
211148
211148
211148
211148
211148
211148
211148
211148
211148
211148
211148
211148
211148
211148
211148
211148
211196
211377
211377
211377
211377
211377
211377
211377
211377
211377
211377
211377
211377
211377
211995
211995
211995
211995
211995
211995
211995
211995
211995
211995
211995
211995
211995
211995
212045
212045
212045
212045
212045
212045
212045
212045
212045
212045
212045
212300
212300
212300
212300
212300
212300
212300
212300
212300
212300
212300
212300
212300
212300
212704
212704
212704
212704
212704
212704
212704
212704
212890
212890
212890
212890
212890
212890
212890
212890
212890
212992
212992
212992
212992
212992
212992
212992
212992
212992
212992
212992
212992
212992
213240
213240
213240
213240
213240
214390
214390
214390
214390
214390
214390
214390
214390
214390
214390
214390
214390
214390
214390
214390
214390
214390
214390
214390
214390
215095
215095
215095
215095
215095
215095
215095
215095
215095
215095
215095
215095
215095
215298
215298
215298
215298
215298
215298
215298
215298
215298
215334
215334
215334
215334
215334
215334
215334
215334
215334
215334
215334
215334
215334
216002
216002
216002
216002
216002
216002
216002
216002
216002
216002
216002
216002
216002
216045
216045
216045
216209
216209
216209
216209
216387
216387
216387
216387
216387
216387
216387
216387
216387
217051
217051
217051
217051
217051
217051
217051
217051
217051
217051
217051
217051
217371
217371
217371
217371
217440
217477
217477
217477
217477
217477
217477
217477
217477
217477
217477
217477
217477
217477
217477
217477
217477
217477
217535
217535
217535
217535
217535
217535
217535
217535
217535
217535
217535
217535
217535
217535
217630
217630
217630
217630
217630
217630
217630
217630
217630
217630
218627
218627
218627
218627
218627
218627
218627
218627
218627
218627
218627
218627
218627
218627
218627
218627
218627
218627
218680
218680
218680
218680
218680
218680
218680
218680
218680
218680
219272
219272
219272
219472
219472
219472
219472
219472
219472
219472
220123
220123
220123
220123
220123
220123
220123
220123
220123
220123
220123
220123
220123
220123
220123
220123
220453
220453
220453
220453
221239
221239
221239
221239
221239
221239
221239
221239
221239
221239
221239
221390
221390
221390
221390
221390
221390
221390
221390
221390
221390
221409
221923
221923
221923
221923
221923
221923
221923
221923
221923
221923
221923
221923
221923
221923
221923
221923
221923
221923
221923
221957
221957
221957
221957
221957
221957
221957
221957
221957
221968
221968
221968
221968
221968
221968
221968
221968
221968
221968
221968
221968
221968
221968
222071
222071
222071
222071
222071
222071
222071
222071
222071
222071
222071
222071
222071
222071
222071
222071
222071
222201
222201
222201
222201
222201
222201
222201
222545
222545
222545
222545
222545
222545
222545
222545
222545
222545
222545
222545
222545
222666
222666
222666
222666
222666
222666
222666
222666
222666
224225
224225
224225
224225
224225
224225
224225
224225
224225
224225
224225
224225
224225
224225
224235
224235
224235
224235
224235
224235
224235
224235
224235
224235
224235
224235
224235
224235
224235
224235
224494
224494
224494
224494
224494
224540
224540
224540
224540
224540
224540
224540
224540
224540
224540
224540
225047
225047
225047
225047
225047
225047
225047
225047
225047
225047
225047
225065
225065
225065
225065
225065
225065
225065
225065
225065
225065
225874
225874
225874
225874
225874
225874
225874
225874
225874
225874
225874
225874
225874
225874
225874
226562
226562
226562
226562
226696
226696
226696
226847
226847
226847
226847
226847
226847
226847
226847
226847
226847
226847
226847
226847
226847
226847
227424
227424
227424
227424
227424
227424
227424
227424
227424
227424
227580
227580
227580
227580
227580
227580
227580
227609
227609
227609
227609
227609
227609
227609
227609
227609
227609
227609
228302
228302
228302
228302
228302
228302
228302
228302
228302
228302
228302
228302
228302
228302
228302
228335
228335
228335
228335
228335
228335
228335
228335
228335
228335
228335
228335
228335
228335
228335
228335
228335
228335
228354
228354
228354
228354
228354
228354
228354
228354
228354
228354
228354
228354
228354
228448
229848
229848
229848
229848
229848
229848
229848
229848
229848
229848
229848
229848
229848
229971
229971
229971
229971
229971
230028
230028
230028
230028
230028
230028
230028
230028
230028
230028
230028
230028
230028
230028
230028
230119
230119
230119
230360
230360
230360
230360
230360
230360
230360
230360
230360
230360
230360
230360
230360
230360
230360
230360
230360
230360
230379
230379
230379
230379
230379
230379
230379
230379
230379
230379
230379
230379
230379
230379
230379
230398
230398
230398
230398
230398
230398
230398
230398
230398
230398
230810
230810
231190
231190
231190
231190
231190
231190
231190
231190
231190
231190
232036
232036
232036
232036
232036
232112
232112
232112
232112
232112
232112
232112
232112
232112
232112
232112
232112
232112
232112
232112
232282
232282
232282
232282
232282
232693
232693
232693
232693
232693
232693
232693
232693
232693
232693
232799
232799
232799
232799
232799
232799
232799
232799
232799
232799
232799
232799
232799
232799
232799
232799
232799
232989
232989
232989
232989
232989
233387
233387
233387
233387
233387
233387
233387
233754
233754
233754
233754
233754
233754
233754
233754
233754
233754
233754
233754
233754
233754
233888
233888
233888
233888
233888
233888
233888
233972
233972
233972
233972
233972
233972
233972
233972
233972
233972
233972
233972
233972
234446
234446
234446
234446
234446
234446
234446
234446
234446
234446
234446
234446
234446
234446
234446
234446
234446
234446
234450
234450
234450
234450
234450
234450
234450
234450
234593
234593
234593
234593
235073
235073
235073
235073
235073
235073
235073
235073
235073
235073
235120
235120
235120
235120
235120
235120
235518
235518
235518
235518
235518
235518
235518
235518
235518
235518
235518
236016
236016
236016
236016
236016
236016
236016
236059
236059
236059
236059
236059
236059
236059
236059
236059
236059
236059
236059
236059
236246
236246
236246
236247
236247
236247
236247
236247
236247
236247
236247
236247
236784
236784
236784
236784
236784
236784
236784
237120
237120
237120
237120
237120
237120
237120
237120
237120
237120
237120
237120
237120
237120
237120
237120
237120
237120
237146
237146
237146
237146
237146
237533
237533
237533
237533
237533
237533
237533
237533
238233
238233
238233
238233
238233
238233
238233
238233
238233
238233
238233
238233
238233
238233
240090
240090
240090
240090
240090
240090
240090
240090
240090
240090
240090
240090
240090
240090
240090
240090
240090
240090
240090
240090
240283
240464
240464
240464
240464
240739
240739
240739
240739
240739
240739
241099
241099
241099
241099
241099
241099
241099
241099
241099
241099
241099
241194
241194
241194
241194
241194
241194
241194
241194
241194
241194
241194
241194
241239
241239
241239
241239
241239
241239
241239
241239
241239
241239
241239
241239
241239
241239
241239
241239
241239
241239
241239
241696
241696
241696
241696
241771
241771
242195
242195
242195
242195
242195
242195
242195
242195
242195
242195
242195
242555
242555
242555
242555
242555
242555
242570
242570
242570
242570
242570
242570
242570
242570
242570
242570
242570
243111
243111
243111
243111
243111
243111
243111
243111
243423
243423
243423
243812
243812
243812
243812
245597
245597
245597
246172
246172
246172
246172
246172
246279
246279
246279
246279
246279
246279
246279
246279
246279
246279
246279
246279
246279
246279
246279
246280
246280
246280
247231
247231
247231
247231
247231
247231
247231
247231
247231
247231
247231
247231
247231
247231
247231
247231
247231
247231
247284
247284
247284
247284
247284
247284
247284
247284
247284
247284
247284
247284
247284
247284
247489
247489
247489
247489
247489
247489
247489
247499
247499
247499
247499
247499
247499
247499
247499
247499
247499
247499
247499
247499
247499
247499
247499
247499
247499
247499
247627
247627
248019
248019
248019
248019
248019
248019
248019
248019
248019
248855
248855
248855
248855
248855
248855
248855
248855
248855
248855
248855
248855
248855
248855
248903
248903
248903
248903
248903
248903
248903
248903
248903
248903
248903
248903
248903
248903
248903
248903
248903
248903
248903
249501
249501
249501
249501
249501
249501
251041
251041
251041
251041
251041
251041
251041
251256
251256
251256
251256
251256
251256
251261
251261
251261
251261
251261
251261
251261
251261
251889
251889
251889
251889
251889
251889
251889
251889
251889
251889
251889
251889
251889
251889
251889
252578
252578
252578
252578
252578
252578
252578
252578
252578
252578
252578
252578
252578
252578
252578
252578
252578
252578
253187
253187
253187
253187
253187
253187
253187
253187
253187
253187
253187
253187
253187
253371
253371
253371
253371
253371
253371
253371
253371
253371
253371
253371
253371
253371
253371
253371
253933
253933
253933
253933
253933
253933
253933
253933
253933
253933
253933
253933
253933
254462
254462
254462
254462
254462
254680
254680
254680
254680
254680
254680
254680
254680
254680
254680
254680
254761
254761
254761
254761
254761
254761
254761
254761
254761
255041
255041
255041
255041
255041
255041
255041
255041
255041
255041
255041
255279
255279
255279
255279
255279
255279
255279
255279
255279
255279
255279
255279
255279
255279
255279
255279
255279
255500
255500
255500
255500
255500
255500
255500
255500
255500
255500
255500
255500
255500
255925
255925
255925
255925
255925
255925
255925
255925
255925
255925
255925
255925
255925
255925
255925
255925
255925
256905
256905
256905
256905
256905
256905
256905
256905
256905
257615
257615
257615
257615
257805
257805
257805
257805
257805
257805
257805
257805
257805
257805
257805
257805
257985
257985
257985
257985
257985
257985
257985
257985
257985
257985
257985
257985
257985
257985
258206
258206
258511
258511
258511
258511
258511
258511
258511
258511
258511
258511
258511
258511
258511
258511
258589
258589
258589
258589
258589
258589
258589
258589
258589
258690
258690
258690
258690
258690
258690
258690
258690
258795
258795
258795
258795
258795
258795
258795
258795
258795
259130
259130
259130
259130
259130
259130
259260
259260
259260
259260
259260
259260
259260
259260
259260
259428
259428
259428
259428
259428
259428
259428
259428
259428
259428
259428
259428
259428
259428
260511
260511
260511
260511
260511
260517
260517
260517
260517
260517
260517
260517
260517
260517
260517
260738
260738
260738
260738
260738
260738
260738
260738
260902
261490
261490
261490
261490
261490
261490
261490
261490
261490
261490
261490
261490
261490
261490
261490
261490
261490
261943
261943
261943
261943
261943
261943
261943
261943
261943
261943
261943
261943
261943
262059
262059
262059
262059
262059
262059
262059
262059
262059
262059
262059
262059
262059
262059
262120
262120
262120
262120
262120
262120
262120
262308
262308
262308
262308
262523
262523
262523
262523
262523
262523
262523
262523
262523
262523
262523
262523
262540
262540
262540
262540
262540
262540
262540
262540
262540
262540
262540
262540
262540
262540
262540
262540
262769
262769
262769
262769
262769
262769
263842
263842
263842
263842
263842
263842
263842
263842
263842
263842
263842
263842
263842
263842
263842
263842
263842
263842
263842
263842
263894
263894
263894
263894
263894
263894
263894
263894
263894
263894
263894
264283
264311
264311
264311
264311
264311
264311
264311
264311
264311
264311
264311
264311
264311
264311
264311
264311
264311
264311
264432
264432
264432
264432
264432
264432
264432
264432
264432
264432
264432
264432
264432
264432
264432
264432
264432
264432
264432
264434
264434
264434
264434
264434
264537
264537
264537
264537
264537
264537
264537
264537
264537
264537
264537
264537
264537
264537
264537
264537
264537
265458
265458
265458
265458
265458
265458
265458
265458
265458
265458
265458
265458
265458
265458
265802
265802
265802
265802
265802
265802
265802
266160
266160
266160
266160
266160
266160
266160
266160
266160
266160
266888
266888
266888
267164
267164
267164
267213
267213
267213
267213
267213
267213
267213
267213
267213
267213
267213
267811
267811
267811
267811
267811
267811
267830
268081
268081
268081
268081
268081
268081
268081
268314
268314
268314
268314
268314
268314
268314
268314
268314
268314
268314
268314
268314
268314
268314
268314
268388
268388
268388
268388
269223
269223
269223
269223
269223
269223
269223
269223
269223
269223
269223
269223
269223
269508
269508
269508
269508
269508
269508
269508
269508
269508
269508
269508
269508
269508
269508
269508
269508
269508
269508
269508
269508
269895
269895
269895
269895
269895
269895
269895
269895
269895
269895
269895
269895
269895
270127
270127
270127
270127
270127
270127
270127
270127
270127
270127
270127
270127
270127
270127
270127
270127
270127
270127
271476
271476
271476
271476
271476
271476
271476
271476
271476
271476
271476
271476
271476
271476
271476
271476
271476
271476
271476
271476
271490
271490
271490
271490
271490
271490
271490
271490
271490
271490
271490
271490
271490
271490
271490
271490
271490
271490
271490
271968
271968
271968
272634
272634
272634
272634
272634
272634
272634
272634
272634
272634
272634
272634
272634
272634
273314
273314
273466
273466
273466
273466
273466
273466
273466
274249
274249
274249
274250
274250
274250
274250
274250
274250
274250
274250
274250
275779
275779
275779
275779
275779
275779
275779
275779
275779
275779
275779
275779
275779
275779
275779
275779
275779
275779
275779
275882
275882
275882
275882
275882
275882
275882
275882
275882
275882
275882
275882
275882
275882
275882
275882
275882
275882
275882
275882
276232
276232
276232
276232
276232
276232
276232
276357
276357
276357
276357
276500
276500
276500
276500
276500
276500
276500
276500
276500
276500
276500
276500
276500
276518
276518
276518
276518
276518
276518
277111
277111
277111
277111
277111
277111
277111
277111
277111
277111
277111
277111
277111
278280
278280
278280
278280
278280
278280
278280
278280
278280
278280
279166
279166
279166
279166
279166
279166
279238
279238
279238
280147
280147
280147
280147
280147
280147
281033
281033
281033
281033
281033
281033
281033
281033
281425
281425
281425
281425
281425
281425
281425
281425
281425
281425
281425
281425
281425
281425
282328
282328
282328
282328
282328
282328
282328
282328
282328
282328
282462
282739
282739
282739
282739
282739
282739
282739
282739
282739
282739
282739
282739
282739
282739
282739
282739
282739
282739
282739
283165
283165
283165
283165
283165
283165
283165
283372
283372
283372
283372
283372
283372
283372
283372
283372
283372
283372
283372
283372
283372
283372
283372
283372
283372
283372
283372
283680
283680
283680
283680
283680
283680
283831
283831
283831
283831
283831
283831
283831
283831
283831
283831
283831
283831
283831
283969
283969
283969
283969
283969
283969
283969
283969
283969
283969
283969
283969
283969
283969
283969
283969
283969
283969
283969
285985
286266
286266
286266
286266
286266
286266
286266
286430
286430
286430
286430
286430
286430
286430
286580
286580
286580
286580
286580
286580
286580
286580
286580
286580
286652
286652
286652
286652
286652
286652
286652
286652
286652
286652
286652
286652
286652
286652
286652
286686
286686
286686
286686
286686
286686
286686
286686
286686
286686
286686
286686
286686
286686
286686
286686
287156
287156
287156
287156
287156
287156
287156
287156
287156
287156
287156
287156
287156
287156
287156
287156
287156
287156
287156
287452
287452
287452
287452
287452
287452
287452
287452
287452
287452
287452
287452
287452
287786
287786
287786
287786
287786
287786
287786
287786
287786
287786
287786
287786
287786
288048
288048
288048
288048
288048
288048
288048
288048
288048
288048
288048
288048
288595
288595
288595
288595
288595
288595
288595
288595
288822
288822
288822
288822
288822
288822
288822
288822
288822
288867
288867
289347
289347
289347
289347
289347
289347
289347
289355
289355
289355
289355
289355
289355
289355
289355
289355
289355
289355
289390
289390
289390
289390
289390
289390
289390
289390
289390
289390
289390
289390
289390
289390
289390
289390
289390
289393
289393
289439
289439
289439
289439
289439
289439
289639
289639
289639
289639
289639
289639
289639
289639
290627
290627
290627
290627
290627
290627
290627
290627
290627
290627
290627
290627
290627
290627
290627
290627
290627
290868
290868
290868
290868
290868
290868
290868
290868
290868
290868
290868
290868
290913
291129
291129
291129
291129
291129
291129
291129
291129
291129
291129
291670
291670
291670
291670
291670
291670
291956
291956
291956
291956
291956
291956
291956
291956
291956
291956
291956
291956
291956
291956
291956
291956
291956
291956
291956
292891
292891
292891
292891
292891
292891
292891
292891
292891
293304
293304
293304
293304
293304
293304
293304
293304
293304
293304
293332
293332
293332
293332
293332
293425
293425
293425
293425
293425
293425
293425
293425
293425
293425
293425
293425
293425
293425
293425
293425
293425
293870
293870
293870
293870
293870
293870
294651
294651
294651
294651
294651
294651
294651
294651
294651
294651
294651
294651
294651
294651
294651
294735
294735
294735
294735
294735
294735
294735
294735
294735
294735
294735
294735
294735
294735
294735
294735
295263
295263
295263
295263
295263
295263
295263
295446
295446
295446
295446
295446
295446
295446
295446
295446
295446
295446
295446
295446
295446
295446
295446
295446
295446
295446
295446
295573
295573
295573
295573
295573
295573
295573
295573
295573
295573
295573
295573
295573
295933
295933
295933
295933
295933
295933
295933
295933
295933
295933
295933
295933
295933
295933
296646
296646
296646
296986
296986
296986
296986
296986
296986
296986
296986
296986
296986
296986
296986
296986
296986
296986
296986
296986
297146
297146
297146
297146
297146
297146
297146
297146
297146
297146
297146
297146
297146
297146
297146
297146
297146
297146
297191
297191
297191
297191
297191
297191
297191
297191
297191
297191
297191
297267
297267
297267
297267
297267
297267
297267
297267
297267
297851
297851
297851
297986
297986
297986
297986
297986
297986
297986
297986
297986
297986
297986
297986
297986
298175
298247
298247
298247
298247
298247
298247
298247
298247
298247
298247
298247
298247
298247
298514
298514
298514
298546
298546
298546
298546
298642
298642
298642
298642
298642
298642
298642
298642
298642
298642
298642
298642
298642
298642
298642
298642
298642
299352
299352
299352
299352
299352
299352
299378
299378
299378
299378
299704
299704
299704
299704
299704
299704
299704
299704
299704
299704
299704
299704
299704
300108
300108
300108
300108
300108
300108
300108
300108
300108
300108
300108
300108
300108
300108
300108
300108
300108
300323
300323
300323
300323
300323
300323
300323
300323
300323
300323
300323
300323
301347
301347
301347
301347
301347
301347
301347
301347
301347
301347
301347
301347
301400
301400
301400
301400
301400
301400
301400
301400
301400
301400
301400
301463
301463
301463
301463
301463
301463
301577
301577
301577
301577
301577
301577
301577
301577
301577
301577
301577
301577
301577
302271
302271
302271
302271
302271
302271
302275
302578
302596
302596
302596
302596
302596
302596
302596
302596
302596
302596
303358
303358
303358
303358
303358
303358
303358
303358
303358
303358
303358
303358
303358
303358
303358
303358
304515
304515
304515
304515
304515
304515
304515
304515
304515
304515
305034
305034
305034
305575
305575
305575
305575
305575
305575
305575
305575
305575
305575
305575
305739
305739
305739
305739
305739
305739
305739
305739
305739
305739
305739
305739
305739
305739
305739
305739
305739
305739
305739
305739
306159
306159
306159
306159
306159
306176
306176
306176
306176
306176
306176
306176
306176
306176
307023
307023
307023
307023
307023
307023
307023
307023
307023
307582
307710
307710
307710
307710
307710
307752
307752
307752
307752
307752
307752
307752
307752
307891
307891
307891
307891
307891
307891
307891
308291
308291
308291
308291
308291
308291
308291
308291
308291
308291
308291
308291
308291
308291
308291
308291
308291
308291
308291
308291
309521
309521
309521
310368
310368
310368
310368
310368
310368
310368
310368
310368
310368
310368
310368
310368
310368
310449
310449
310449
310449
310449
310449
311175
311175
311175
311175
311175
311175
311175
311175
311175
312109
312109
312109
312109
312109
312109
312109
312109
312215
312215
312215
312215
312215
312215
312215
312215
312215
312215
312215
312215
312215
312215
312215
312215
312215
312543
312543
312543
312543
312543
312543
312543
312543
312543
312543
312543
312543
312624
312624
312624
312624
312624
312624
312624
312624
312955
312955
312955
312955
312955
312955
312955
312955
312955
312955
312955
312955
312955
313068
313068
313068
313068
313068
313068
313068
313068
313068
313068
313321
313321
313321
313321
313321
313321
313321
313321
313321
313321
313321
313321
313321
313321
313600
313600
313600
313600
313644
313644
313644
313644
313644
313644
313644
313644
313644
313644
313644
313644
313644
313644
313644
313644
313644
313644
313779
313841
313841
314184
314184
314184
314184
314184
314184
314184
314184
314184
314184
314184
314184
314184
314184
314184
314184
314184
314184
314184
315345
315345
315345
315345
315345
315345
315345
315345
315345
315345
315345
315345
315345
315345
315345
315345
315345
315345
315345
315345
315916
315916
315916
315916
315916
315916
316052
316052
316052
316052
316297
316297
316297
316297
316377
316377
316377
316377
316377
316505
316505
316505
316505
316505
316505
316505
316505
316505
316568
316568
316568
316568
316568
316568
316568
316568
316568
316568
316568
316568
316568
316568
316568
316568
316568
316568
316568
316568
316973
316973
316973
316973
316973
317839
317839
317839
317839
318002
318002
318002
318002
318002
318583
318583
318583
318583
318583
318583
318583
318583
318583
318583
318583
318674
318674
318674
318674
318728
318728
318786
318786
318786
318786
318786
318786
318786
318786
318786
318786
318786
319017
319017
319017
319017
319017
319017
319017
319017
319017
319017
319017
319073
319073
319073
319073
319073
319073
319073
319073
319073
319073
319073
319073
319120
319120
319120
319120
319120
319120
319120
319120
319120
319120
319120
319240
319240
319240
319240
319240
319240
319240
319240
319240
319240
319240
319240
319240
319240
319240
319240
319980
319980
319980
319980
319980
319980
319980
319980
320711
320711
320711
320711
320711
320711
320711
320711
320711
320711
320711
320711
320711
320711
320711
320711
320711
320711
320711
321081
321081
321081
321081
321081
321081
321081
321081
321081
321081
321081
321081
321081
321081
321081
321081
321260
321260
321260
321260
321260
321260
321260
321260
321260
321260
321260
321402
321651
321651
321651
321651
321651
321651
321651
321651
321651
321651
321651
321651
321651
321770
321770
321770
321770
321770
321770
321770
321869
321869
321869
321869
321869
321869
321869
321869
321869
321869
321869
321869
321869
321869
321869
322078
322078
322078
322078
322078
322078
322078
322078
322078
322078
322078
322078
322078
322078
322078
322082
322082
322082
322082
322082
322082
322082
322082
322082
322082
322082
322082
322082
322082
322082
322082
322082
322082
322082
322384
322384
322384
322384
322384
322384
322384
322384
322384
322384
322384
322384
322384
322384
322384
323076
323076
323076
323076
323076
323318
323318
323318
323318
323318
323318
323318
323318
323318
323318
323318
323318
323318
323996
323996
323996
323996
323996
323996
323996
324285
324285
324285
324285
324285
324285
324285
324285
324285
324285
324996
324996
324996
324996
324996
324996
324996
324996
324996
324996
324996
324996
325144
325149
325149
325149
325149
325149
325149
326021
326021
326021
326021
326021
326021
326021
326021
326021
326021
326021
326021
326021
326024
326024
326024
326024
326375
326375
326375
326375
326375
326375
326496
326496
326496
326496
326496
326660
326660
326920
326920
326920
326920
326920
327555
327555
327555
327555
327555
327555
327845
327845
327845
327845
327845
327845
327845
327845
328025
328025
328025
328025
328025
328025
328025
328025
328025
328025
328025
328618
328618
329170
329170
329170
329170
329170
329170
329170
329170
329170
329170
329170
329170
329170
329170
329170
329170
329170
329856
329856
329856
330041
330041
330041
330041
330041
330041
330041
330041
330041
330041
330041
330041
330041
330041
330215
330215
330215
330215
330215
330215
330215
330215
330215
330215
330215
330215
330215
330256
330256
330256
330256
330256
330256
330256
330256
330830
330830
330830
330830
330830
330830
330830
331091
331091
331091
331091
331091
331091
331091
331091
331091
331092
331092
332340
332340
332340
332340
332340
332340
332340
332399
332399
332399
332399
332399
332399
332399
332399
332399
332399
332399
332399
332399
332399
332399
332399
332516
332516
332516
332516
332516
332516
332516
332516
332516
332516
332516
332516
332516
332516
332516
332516
332516
332516
332639
332639
332639
332639
332639
332639
