7621 500000
66698
66698
66698
66698
66698
66698
66698
66779
66779
66779
66779
66779
66779
66779
66779
66861
66861
66861
66861
66861
66861
66861
66861
66861
66861
66861
66861
66861
66861
66861
66861
66861
66861
66893
66893
66893
66893
66893
66893
66893
66893
67211
67211
67211
67211
67211
67211
67211
67211
67211
67211
67211
67461
67461
67461
67461
67461
67461
67461
67461
67461
67840
67840
67840
67840
67840
67840
67840
67840
68233
68233
68233
68233
68233
68233
68233
69193
69193
69193
69193
69193
69923
69923
69923
69923
69923
69923
69923
69923
69923
69923
69923
70396
70396
70396
70396
70396
70396
70396
70396
70661
70661
70661
70661
70661
70661
70661
70661
70661
70661
70661
70661
70661
70661
70661
70661
70661
70661
70661
70902
70902
70902
70902
70902
70902
70902
70902
70902
70902
70902
70902
70902
70902
70998
70998
70998
70998
70998
70998
70998
70998
70998
70998
70998
70998
70998
70998
70998
71183
71183
71905
71905
71905
71905
71905
71905
71905
71905
71905
71905
71905
71905
71905
71905
71905
71905
72371
72371
72371
72371
72572
72572
72572
72572
72572
72572
72572
72572
72572
72572
72572
72572
72572
72572
73132
73132
73132
73132
73132
73132
73132
73132
73132
73132
73132
73132
73132
73132
73295
73295
73295
73295
73295
73295
73295
73295
73377
73377
73377
73377
73377
73377
73377
73377
73787
73787
73787
73787
73787
73787
73787
73787
73787
73787
73787
73787
73787
73787
75482
75482
75482
75482
75482
75482
75482
75482
75482
75482
75482
75482
75482
75482
75482
75482
75482
75482
75482
75482
76162
76162
76162
76162
76162
76162
76162
76162
76162
76162
76162
76240
76240
77144
77144
77144
77144
77358
77358
77358
77358
77358
77358
77358
77358
77358
77877
77877
77877
77877
77877
77905
77905
77905
77905
77905
79173
79173
79173
79173
79237
79237
79237
79237
79237
79237
79237
79237
79237
79237
79237
79237
79237
79237
79237
79346
79346
79346
79346
79346
79346
79346
79346
79771
79771
79771
79771
79771
79771
79771
79771
79771
79771
79771
79771
79771
79771
79923
79923
79923
79923
79923
79923
79923
79923
79923
79923
79923
79923
79923
79923
80344
80344
80344
80344
80344
80637
80637
81168
81168
81168
81168
81291
81507
81507
81507
81507
81507
81507
81507
81507
81507
81507
81507
81507
81507
81507
81507
81507
81701
81701
81701
81742
81742
81742
81742
81742
81742
81742
81742
81742
81742
81742
81742
81742
81742
81742
81859
81859
81859
81859
81859
81859
81859
81859
81859
81859
81859
81859
81859
81940
81940
81940
81940
81940
81940
81940
81940
81940
81940
81940
81940
81940
81940
81940
82137
82137
82137
82137
82137
82137
82137
82137
82137
82137
82137
82137
82137
82137
82137
82137
82226
82877
82877
82877
82877
82877
82877
82896
82896
82896
82896
82896
82896
82896
83311
83311
83311
83311
83311
83311
83311
83311
83311
83311
83311
83311
83311
83311
83311
83311
83311
83311
83526
83526
83526
83526
83526
83526
83960
83960
83960
83960
83960
83960
83960
83960
83960
83960
83960
83960
83960
83960
83960
83960
83960
83960
83960
84440
84440
84440
84440
84440
84440
84440
84440
84440
84440
84440
84440
84440
84440
84440
84440
84440
84440
84466
84466
84466
84466
84466
84466
85089
85089
85089
85089
85089
85089
85089
85089
85089
85089
85089
85089
86131
86131
86131
86131
86131
86131
86131
86131
86131
86131
86131
86131
86131
86131
86183
86183
86183
86183
86183
86183
86183
86183
86183
86183
86183
86183
86183
86183
86183
86183
86183
86183
86183
86183
86285
86285
86285
86285
86285
86285
86285
86306
86306
86306
86306
86306
86306
86306
86306
86306
86306
86306
86306
86306
86306
86306
86306
87063
87063
87063
87063
87063
87063
87063
87063
87063
87063
87063
87063
87063
87063
87343
87343
87343
87343
87343
87343
88347
88347
88347
88347
88347
88347
88347
88347
88347
88347
88347
88347
88347
88347
88347
88347
88347
88347
88347
88426
88426
88426
88426
88493
88493
88493
88493
88493
88493
88493
88493
88771
88771
88771
88771
88771
88771
88802
88802
88802
88802
88802
88802
88802
88802
88802
88802
88802
88802
88802
88802
88802
88802
88802
88802
88802
88808
88808
88808
88808
88808
88808
88808
88808
88808
88808
88808
88808
88808
88808
88808
88808
88808
88808
88859
88859
88859
88859
88859
88859
88859
88859
88859
88859
88859
88864
88864
88864
88864
88864
88864
88864
88864
88864
88864
88864
88864
88864
88864
88864
88864
88864
89390
89390
89390
89390
89390
89390
89390
89390
89390
89390
89390
89390
89390
89390
89390
89390
89390
89819
89819
89819
89819
90146
90146
90146
90146
90146
90146
90146
90146
90146
90146
90146
90146
90146
90155
90155
90155
90155
90155
90155
90155
90301
90301
90301
90826
90826
90826
90826
90826
90826
90826
90826
90826
90826
90826
90826
90826
90826
90826
90904
90904
90904
90904
90904
90904
90904
90904
90904
90904
90904
90904
91271
91271
91271
91271
91271
91271
91271
91271
91271
91271
91723
91723
91723
91723
91723
91723
91723
91723
91723
91723
91723
91723
91723
91723
91723
91723
92090
92090
92090
92090
92090
92090
92090
92090
92090
92090
92090
92090
92090
92090
92296
92296
92296
92296
92296
92296
92296
92296
92296
92296
92655
92655
92655
92655
92655
92655
92655
92655
92655
92655
92655
92655
92655
92655
92787
92787
93079
93079
93079
93079
93079
93079
93079
93079
93079
93079
93079
93079
93079
93079
93079
93579
93579
93579
93579
93579
93579
93579
93579
93579
93579
93579
93579
93579
93579
93579
94430
94430
94430
94430
94430
94430
94430
94430
95448
95448
95448
95448
95448
95448
95448
95448
95448
95448
95448
95448
95448
95448
95448
95448
95448
95448
95448
95723
95723
95723
95723
95723
95723
95723
95723
95735
95735
95887
95887
95887
95887
95887
95887
95887
95887
95887
95887
95887
95887
95887
95887
95887
96024
96024
96024
96024
96244
96244
96244
96244
96244
96244
96244
96244
96244
96244
96244
96244
96244
96244
96244
96244
96244
96244
96244
96452
96452
96452
96452
96452
96452
96452
96452
96452
96452
96452
96452
96452
96898
96898
96898
96898
96898
96898
96898
96898
96898
96898
96898
96898
96898
96898
96898
97481
97481
97481
97481
97530
97530
97530
97530
97530
97530
97530
97530
97530
97530
97530
97530
97530
97530
97530
97904
97904
97904
97904
97904
97904
97904
97904
97904
97904
97904
99057
99057
99057
99057
99057
99057
99420
99420
99420
99516
99516
99516
99516
99516
99863
99863
99863
99863
99863
99863
99863
99863
99863
99863
99863
99863
99863
99863
99863
100257
100257
100257
100257
100257
100257
100257
100257
100257
100257
100257
100307
100307
100307
100307
100307
100307
100307
100893
100893
100893
100893
100893
100893
100893
100965
100965
100965
100965
100965
100965
101678
101678
101678
101678
101678
101678
101678
101678
101678
101678
101678
101678
101678
101678
101678
101678
101678
101775
101775
101775
101959
101959
101959
101959
101959
101959
101959
101959
101959
101960
101960
101960
101960
101960
101960
101960
101960
101960
101960
101960
101960
101960
101960
101960
101960
101960
101960
101960
101963
101963
101963
101963
101963
101963
101963
101963
101963
101963
101963
101963
101963
101963
101963
101963
101963
101963
101963
102185
102185
102185
102221
102221
102221
102221
102221
102221
102221
102221
102221
102221
102221
102221
102221
102221
102221
102221
102690
102690
102690
102690
102690
102690
102690
102690
102690
102690
102690
102690
102880
102880
102880
102880
102880
102880
102950
102950
102950
102950
102950
102950
102950
102950
102950
102950
102950
102950
102950
102950
102950
102950
102950
102950
103133
103138
103138
103138
103138
103138
103138
103138
103138
103138
103138
103138
103138
103138
103138
104303
104303
104303
104303
104303
104303
104303
104303
104303
104303
104303
104424
104424
104424
104424
104424
104424
104424
104424
104424
104424
104424
104424
104424
104489
104489
104489
104489
104489
104489
104489
104489
104489
104489
104574
104574
104574
104574
104574
104574
104574
104574
104574
104574
104574
104574
104574
104574
104574
104574
104574
104574
104574
105600
105600
105600
105600
105600
105600
105600
105600
105600
105600
105600
105600
105600
105600
105600
105600
105600
105600
105600
106256
106256
106256
106256
106256
106256
106256
106256
106256
106256
106256
106256
106256
106495
106495
106495
106495
107855
107855
107855
107855
107855
107855
107855
107855
107855
107855
107855
107855
107855
107981
107981
107981
107981
107981
107981
107981
107981
107981
107981
107981
107981
107981
107981
107981
107981
107981
107981
107981
109292
109292
109292
109292
109292
109292
109292
109917
109917
109917
109917
109917
109917
109917
109917
109917
109917
109917
109917
109917
109917
109917
109917
109917
109917
109917
109917
110494
110494
110694
110694
110694
110694
110694
110694
110694
110694
110694
110694
110694
110694
110694
110694
110694
111584
111584
111584
111584
111584
111584
111584
111584
111584
111584
111584
111584
111719
111719
111719
111719
111719
111719
111719
111978
111978
111978
111978
111978
111978
111978
111978
111978
111978
111978
111978
111978
111978
111978
112345
112345
112345
112345
112345
112345
113588
113588
113588
113588
113588
113588
113588
113588
113588
113588
113588
113588
113588
113588
114278
114278
114278
114513
114513
114513
114513
114513
114513
114513
114513
114513
114513
114513
114513
114513
114513
114513
114513
114513
114513
114513
114665
114665
114764
114764
114764
114764
115025
115025
115025
115025
115025
115025
115025
115025
115172
115172
115172
115172
115172
115172
115172
115172
115172
115172
115172
115427
115427
115427
115427
115427
115427
115427
115427
115427
115427
115427
115427
115427
115427
115427
115427
115681
115681
115681
115681
115836
116296
116296
116296
116296
116296
116296
116296
116296
116296
116296
116296
116296
116296
116360
116395
116395
116395
116395
116395
116395
117914
117914
117914
117914
117914
117914
117914
117914
117914
117914
117914
117914
117914
117914
117914
117914
117914
118880
118880
118880
118880
119092
119092
119092
119092
119092
119092
119092
119092
119092
119092
119092
119092
119092
119092
119092
119092
119092
119092
119092
119242
119242
119242
119242
119242
119242
119242
119242
119242
119242
119751
119751
119751
119751
119751
119751
119751
119751
119751
119751
119751
119751
119751
119751
119751
119763
119763
119763
119763
119763
119763
119763
119763
119763
119763
119763
119763
119763
119763
119763
119763
119906
119906
119906
119906
119906
119906
119906
119906
119906
119906
119906
120357
120357
120357
120357
120357
120357
120357
120357
120357
120357
120539
120539
120539
120539
120539
120539
120539
120539
120539
120539
120539
120539
120539
121289
121289
121536
121536
121536
121536
121536
121536
121536
121536
121536
121536
121536
122573
122573
122573
122573
122573
122573
122573
122573
122573
122573
122573
122573
122573
122573
122573
122573
122573
123180
123180
123180
123180
123180
123180
123195
123195
123195
123195
123195
123195
123195
123195
123195
123242
123242
123242
123242
123242
123242
123242
123242
123242
123242
123242
123242
123430
123430
123430
123430
123430
123430
123430
123430
123430
123430
123430
123430
123430
123430
123430
123430
123430
123430
123430
123430
123602
123602
123602
123602
123602
123602
123602
123602
123602
123602
123602
123602
123602
123602
123602
123602
123602
123602
123687
123687
123687
123687
123687
123687
123687
123687
123687
124193
124193
124193
124193
124193
124193
124193
124193
124193
124193
124193
124193
124193
124193
124193
124193
124332
124332
124332
124332
124332
124332
124332
124332
124332
124332
124332
124332
124332
124332
124332
124332
124332
124332
124332
125323
125323
125323
125323
125323
125323
125323
125323
125323
125323
125323
125323
125323
125323
125405
125405
125405
125405
125609
125609
125609
125609
125609
125609
125609
125609
125609
125609
125609
125609
125609
125609
125609
125609
125609
125609
125609
125615
125615
125615
125615
125615
125615
125615
125615
125615
125615
125615
125615
125615
125615
125615
125615
125615
125615
125615
125615
126084
126084
126084
126084
126084
126084
126084
126084
126084
126084
126084
126084
126084
126084
126084
126084
126092
126092
126092
126092
126092
126648
126648
126648
126648
126648
126648
126648
127036
127036
127036
127036
127036
127036
127036
127036
127036
127036
127036
127036
127284
127284
127284
127284
127284
127284
127284
127284
127284
127284
127284
127284
127284
127904
127904
127904
127904
127904
127904
127904
127904
128450
128450
128450
128450
128450
128450
128450
128450
128450
128450
128450
128583
128583
128583
128583
128583
128583
128583
128583
128583
128583
128583
128583
128583
128583
129243
129243
129243
129243
129243
129243
129243
129243
129243
129243
129243
129243
129243
129243
129243
129243
129243
129243
129243
129699
129699
129699
129699
129699
129699
129699
129699
129699
129699
129699
129699
129790
129790
129790
129790
129790
129790
129790
129790
129790
129790
130059
130059
130059
130059
130059
130059
130059
130059
130059
130059
130059
130059
130059
130059
130059
130059
130059
130059
130340
130340
130340
130340
130340
130340
130340
130340
130340
130340
130340
130340
130340
130425
130425
130425
130425
130425
130425
130425
130425
130425
130425
130796
130796
130796
130796
130796
130796
130796
130797
130797
130797
130797
130797
130797
130797
130797
130797
130797
130797
130797
130797
130797
130797
130807
130807
131101
131101
131101
131101
131101
131101
131101
131101
131101
131101
131101
131667
131667
131667
131893
131893
132285
132285
132285
132285
132285
132285
132285
132285
132285
132285
132285
132285
132285
132285
132285
132285
132285
132285
132285
132285
133378
133378
133378
133378
133378
133977
133977
134082
134082
134082
134082
134082
134082
134082
134082
134082
134082
134082
134082
134082
134082
134082
134082
134082
134082
134082
134390
134390
134390
134390
134390
134390
134390
134390
134390
134390
134390
134390
134390
134390
134390
134390
134390
134390
134390
134390
134937
134937
134937
134937
134937
134937
134937
134937
134937
135145
135145
135145
135145
135145
135145
135145
135145
135145
135145
135145
135145
135145
135145
135145
135145
135145
135145
135145
136013
136013
136013
137076
137076
137076
137076
137076
137076
137076
137076
137076
137392
137392
137392
137392
137726
137726
137726
138029
138029
138029
138029
138029
138029
138029
138029
138029
138029
138029
138029
138517
138517
138517
138517
138517
138517
138517
138517
138517
138517
138517
138517
138517
138517
138517
138517
138517
138829
138829
138829
138829
138829
138829
138829
139422
139422
139422
139728
139728
139728
139728
139728
139728
139728
139728
139728
139728
139728
139728
139728
139728
139728
139728
139728
139728
139728
139728
141087
141087
141087
142001
142001
142001
142001
142001
142001
142001
142001
142001
142476
142476
142476
142476
142476
142476
142476
142476
142562
142562
142562
142562
142562
142562
142562
142562
142916
142916
142916
142916
142916
143697
143697
143697
143697
143697
143697
143697
143697
144041
144041
144041
144041
144041
144041
144041
144041
144041
144041
144041
144041
144041
144041
144041
144041
144041
144041
144041
145158
145158
145158
145223
145223
145223
145375
145375
145375
145375
145375
145375
145375
145375
145375
145538
145538
145538
146015
146015
146902
146902
146902
146902
146902
146902
146902
146902
146902
146902
146902
146902
146902
146902
146902
146902
146902
146902
147124
147124
147124
147124
147124
147124
147124
147124
147124
147124
147124
147124
147124
147264
147264
147264
147264
147264
147264
147264
147264
147264
147264
147264
147264
147264
147264
147264
147264
147264
147485
147485
147485
147485
147485
147485
147485
147485
147485
147485
147485
147485
147485
147485
147485
147485
147485
147485
147863
147863
147863
147863
147863
147863
147863
147863
147863
147863
147863
147863
147863
147863
147863
147863
147863
148504
148504
148504
148504
148504
148504
148504
148504
148504
148504
148504
148504
148504
148504
148504
148504
149611
149611
149611
149611
149611
149611
149611
149611
149777
149777
149777
149777
150559
150559
150559
150559
150603
150603
150603
150603
150603
150603
150603
150603
150603
150603
150603
150603
151110
151110
151110
151110
151110
151110
151110
151110
151110
151110
151110
151110
151287
151287
151287
151388
151388
151388
151388
151388
151388
151388
151388
151635
151635
151635
151635
152048
152048
152269
152269
152269
152269
152269
152269
152269
152269
152269
152269
152269
152293
152348
152348
152348
152348
152348
152348
152348
152348
152348
152348
152348
152378
152378
152378
152378
152378
152378
152378
152378
152378
152378
152378
152378
152378
152378
152378
152378
152378
152378
152533
152533
152533
152533
152533
152533
152533
152533
152533
152533
152533
152533
152533
152533
152533
152533
152533
152533
152533
152533
152844
152844
153039
153039
153039
153039
153039
153039
153039
153039
153039
153039
153039
153039
153039
153039
153039
153039
153429
153429
153429
153429
153429
153429
153429
153429
153429
153429
153429
153429
153429
153429
153429
153429
153429
153429
153548
153548
153548
153548
153548
153548
153548
153548
153548
153548
153548
153548
153548
153548
153548
153548
153548
153578
153578
153578
153578
153578
153578
153578
153578
153578
153578
153578
153578
153578
153578
153578
153831
154113
154113
154113
154113
154113
154113
154113
154113
154113
154113
154113
154113
154113
154113
154113
154113
154113
155489
155489
155489
155489
155489
155489
155489
155489
155489
155489
155693
155824
155824
155869
155869
155869
155869
155869
155869
156750
156750
156750
156750
156750
156750
156750
156750
156750
158506
158506
158506
158869
158869
158869
158869
158869
158869
158869
158869
158869
158869
158869
158869
159251
159251
159251
159251
159251
159251
159251
159251
159251
159251
159251
159251
159251
159251
159251
159251
159251
159304
159304
159304
159304
159304
159304
159304
159304
159487
159487
159487
159487
159487
159487
159487
159550
159550
159550
159550
159550
159550
159974
159974
159974
159974
159974
159974
159974
159974
159974
159974
159974
160129
160129
160129
160129
160129
160129
160129
160129
160129
160129
160129
160129
160129
160129
160656
160656
160791
160791
160791
160791
160791
160791
160791
160791
160791
160791
160791
160791
160791
160791
160791
160791
160791
160791
160791
160791
160866
162007
162007
162007
162007
162007
162007
162007
162007
162530
162530
162530
162530
162530
162530
162530
162530
162530
162530
162530
162530
162919
162919
162919
162919
162919
162919
162919
162919
162919
162919
162919
162919
162919
163063
163063
163063
163063
163063
163063
163063
163063
163063
163063
163063
163063
163641
163641
163641
163641
163641
163641
163641
163641
163641
163641
163641
165289
165289
165289
165289
165289
165289
165289
165289
165289
165289
165289
165289
165371
165371
165371
165371
165371
165371
165371
165371
165371
165371
165371
165371
165638
165638
165638
165638
165638
165638
165638
165638
165638
165638
165638
165638
165638
165638
165638
165638
165638
165638
165638
166117
166117
166117
166117
166117
166117
166117
166117
166117
166117
166117
166117
166117
166117
166117
166117
166117
166117
166117
166117
166304
166304
166304
166304
166304
166617
166617
166617
166617
166617
166617
166617
166617
166617
166617
166617
166617
166617
166617
166816
166816
166816
166816
166816
166816
166816
166816
166816
166816
166816
166816
166816
167319
167319
167319
167319
167319
167319
167319
167319
167319
167319
167448
167448
167448
167448
167448
167448
167448
167448
167448
167592
167592
169369
169369
169369
169369
169369
169369
169369
169369
169369
169369
169369
169369
169499
169499
169499
169499
169499
169499
169499
169499
169499
169499
169499
169499
169499
169499
169499
169499
169499
169499
169499
169499
169602
169602
169602
169602
169602
169602
169602
169602
169602
169602
169602
169602
169602
169878
169878
169878
169878
169878
169878
169878
169878
169878
169878
169878
170112
170112
170112
170112
170112
170112
170112
170112
170112
170112
170112
170112
170112
170162
170162
170162
170162
170162
170162
170162
170162
170162
170162
170162
170162
170162
170162
170162
170162
170162
170162
170162
170202
170202
170202
170202
170202
170202
170202
170202
170202
170202
170202
170202
170202
170202
170202
170202
170202
170202
170974
170974
170974
170974
170974
170974
170974
170974
170974
170974
170974
170974
170974
171064
171064
171064
171064
171064
171064
171064
171064
171064
171064
171064
171064
171064
171239
171239
171239
171239
171239
171239
171239
171239
171239
171239
171239
171239
171239
171239
171239
171239
171239
172337
172337
172337
172337
172337
173132
173132
173132
173132
173132
173844
173844
173844
174161
174161
174161
174161
174161
174161
174162
174162
174162
174162
174162
174162
174162
174162
174162
174162
174162
174162
174164
174164
174164
174164
174164
174164
174164
174164
174164
174164
174164
174164
174164
174164
174164
174164
174164
174164
174164
174164
174424
174424
174424
174424
174424
174424
174424
174451
174451
174451
174451
174451
174451
174451
174451
174451
174451
174451
174451
174451
174451
174451
174451
174451
174451
174956
174956
174956
174956
174956
175267
175267
175267
175267
175267
175267
175267
175267
175267
175509
175509
175509
175509
175509
175509
175509
175509
175509
175509
175509
175509
175509
175509
175509
175509
175509
175509
175509
175942
175942
175942
175942
175942
175942
175942
175942
176223
176223
176359
176359
176359
176359
176359
176359
176359
176359
176359
176359
176359
176359
176359
176359
176481
176481
176880
176880
176880
176880
176880
176880
176880
177545
177545
177545
177545
177545
177545
177545
177545
177545
177545
177545
178176
178176
178176
178176
178176
178176
178176
178176
178176
178176
178176
178176
178176
178176
178321
178321
178321
178321
178321
178321
178321
178321
178321
178321
178321
178321
178321
178393
178393
178393
178748
178748
178748
178748
178748
178748
178748
178748
178748
178748
178748
178748
178748
178748
178748
178748
178748
178748
178977
178977
178977
178977
178977
178977
178977
178977
178977
179101
179101
179101
179101
179101
179101
179101
179101
179101
179101
179197
179197
179197
179197
179197
179197
179197
179197
179197
179197
179197
179197
179197
179197
179515
179515
179515
179515
179515
179515
179515
180171
180171
180171
180171
180171
180171
180171
180171
180171
180171
180171
180171
180171
180171
180171
180171
180863
180863
180863
180863
180863
180863
180863
180863
180863
180863
180919
180919
180919
180919
180919
180919
180919
180919
180919
180919
180919
180919
180919
180967
180967
180967
180967
180967
180967
180967
180967
180967
180967
180967
180967
180967
180967
180967
180967
180967
180967
180967
180967
180968
180968
180968
180968
180968
180968
180968
180968
180968
180968
180968
180968
180968
180968
180968
180968
180968
180968
180968
180968
181142
181142
181142
181142
181142
181142
181142
181142
181142
181142
181142
181142
181142
181142
181142
181142
181142
181142
181142
181401
181401
181401
181401
181401
181401
181401
181401
182048
182048
182048
182048
182048
182048
182048
182048
182048
182919
182919
182919
182919
182919
182919
182919
182919
182919
182919
182919
182919
182919
182919
182919
183278
183278
183348
183348
183348
183348
183348
183348
183348
183348
183348
183348
183348
183348
183348
183348
183348
183348
183348
183348
183348
183348
184508
184508
184508
184508
184508
184508
184508
184508
184508
184508
184508
184508
184508
184508
184508
184508
184611
184611
184611
184611
184611
184611
184611
184611
184611
184611
184611
184611
184611
184611
184611
184611
184611
184692
184692
184692
184692
184692
184692
184692
184834
184834
184834
185544
185544
185544
185544
185544
185544
185544
185544
185544
185544
185817
185817
185817
185817
185817
185817
185817
185817
186083
186083
186083
186083
186083
186083
186083
186083
186083
186083
186083
186083
186083
186083
186083
186083
186083
186287
186287
186287
186287
186287
186576
186576
186576
186576
186576
186576
186635
186635
186635
186635
186635
186635
186635
186635
186635
186635
186635
186635
186635
186635
186635
186635
186635
186635
186635
186635
187189
187189
187189
187189
187737
187737
187737
187737
187737
187737
187737
187737
187737
187737
187737
187737
187737
187737
187737
187737
187737
187737
187937
187937
187937
187937
188149
188149
188149
188149
188149
188149
188149
188149
188149
188149
188149
188447
188447
188447
188447
188447
188447
188447
188447
188447
188447
188756
188756
188756
188756
188756
188756
188756
188756
188756
188756
188756
188756
188756
188756
188756
188997
188997
188997
188997
188997
188997
188997
188997
189887
189887
189887
189887
189887
189887
189887
189887
189973
189973
189973
189973
189973
189973
190308
190308
190308
190308
191023
191023
191023
191023
191023
191023
191023
191023
191023
191023
191313
191313
191313
191313
191313
191313
191313
191313
191313
191313
191313
191313
191313
191749
191749
191749
191749
191749
191749
191749
191749
191749
191749
191749
192035
192035
192035
192035
192035
192035
192035
192035
192035
192035
192100
192100
192100
192100
192100
192100
192100
192100
192100
192100
192100
192100
192100
192100
192100
192100
192100
192366
192366
192366
192366
192366
192366
192366
192366
192366
192366
192366
192366
192366
192366
192366
192366
192366
192656
192656
192656
192656
192656
192656
192656
192656
192656
192656
192656
192656
192656
192656
192656
192656
192656
192656
192656
193054
193054
193054
193054
193121
193121
193121
193121
193136
193136
193136
193136
193136
193136
193136
193136
193136
193136
193136
193136
193136
193136
193136
193136
193136
193136
193136
193587
193587
193587
193587
193587
193587
193587
193990
194002
194002
194002
194002
194002
194002
194678
194678
194678
194678
194678
194678
194678
194678
194678
194768
194768
194768
194768
194768
194768
194768
194768
194768
194768
194768
194768
194768
194768
195232
195232
195250
195250
195250
195250
195250
195250
195250
195250
195250
195250
195250
195250
195250
195818
195818
195818
195818
195976
195976
196006
196006
196006
196006
197067
197245
197245
197245
197245
197245
197245
197245
197245
197245
197245
197245
197245
197245
197245
197245
197245
197245
197245
197245
197245
197487
197487
197487
197487
197487
197487
197487
197487
197487
197487
197487
197487
197487
197487
197487
197487
197571
197571
197571
198393
198393
198393
198393
198393
198393
198393
198393
198393
198393
198393
198393
198393
198393
198393
198393
198393
198393
198393
198393
198563
198563
198563
198563
198563
198563
198563
199141
199141
199141
199141
199141
199141
199141
199141
199141
199415
199415
199415
199415
199415
199415
199415
199415
199415
199415
199415
199454
199454
199454
199454
199454
199454
199454
199454
199454
199454
199454
199454
199454
199454
199454
199454
199454
199454
199454
199793
199793
199793
199793
199793
199793
199793
199793
199952
199952
200053
200053
200053
200053
200053
200053
200053
200053
200053
200053
200053
200053
200053
200053
200053
200053
200053
200053
200057
200057
200057
200228
200228
200228
200228
200228
200228
200228
200287
200287
200287
200287
200463
200774
200774
200774
200774
201121
201121
201121
201121
201121
201121
201121
201121
201121
201121
201883
201883
201883
201883
201883
201883
201883
202483
202483
202483
202483
202483
202483
202483
202483
202483
202483
202483
202483
202483
203098
203098
203098
203098
203098
203098
203098
203098
203098
203098
203098
203098
203098
203098
203124
203124
203124
203124
203124
203124
203124
203124
203124
203124
203124
203679
203679
203679
203679
203679
203679
203679
203679
203679
203679
203679
203679
203679
203679
203679
203679
203679
203679
203679
203759
203759
203759
203759
203759
203759
203759
203759
203759
203759
203759
203759
203759
203759
203759
203759
203759
203812
203812
203812
203812
203812
203812
203812
203812
203812
203812
203812
203812
203812
203812
203812
203812
203812
203812
203812
204399
204399
204399
204399
204399
204399
204399
204399
204399
204399
204399
204399
204399
204399
204399
204399
204399
204402
204402
204402
204402
204402
204402
204402
204402
204402
204402
204402
204478
204478
204830
204830
204830
204830
204830
205433
205433
205433
205433
205433
205433
205433
205433
205433
205433
205433
205433
205433
205433
205433
205433
205433
205785
205785
205785
205785
205785
205785
205785
205785
205785
205785
205785
205854
205854
205854
205854
205854
205854
205854
205854
205854
205854
205854
205854
205854
205854
205854
205854
205854
206086
206086
206086
206086
206086
206086
206086
206086
206086
206086
206086
206086
206086
206086
206127
206127
206127
206127
206127
206127
207359
207359
207359
207359
207630
207630
208194
208194
208194
208194
208194
208194
208194
208194
208194
208194
208194
208194
208194
208194
208194
208384
208384
208384
208384
208384
208384
208384
208384
208384
208384
208384
208384
208384
208546
208546
208546
208773
208815
208815
208815
208815
208815
208815
208815
208815
208815
208815
208815
208815
208815
208815
208815
209642
209642
209642
209642
209642
209642
209642
209642
209642
209642
209642
209642
209642
209642
209642
209829
209829
209829
209829
209829
209829
209829
209829
209829
209829
209829
209829
209829
209829
210127
210127
210127
210127
210127
210127
210127
210127
210127
210127
210851
210851
210851
210851
210851
211033
211033
211033
211033
211033
211033
211033
211033
211033
211033
211033
211033
211033
211033
211033
211033
211033
211078
211078
211078
211078
211396
211396
211396
211396
211396
211843
211843
211843
211843
211843
212104
212104
212104
212104
212104
212104
212104
212104
212104
212104
212104
212104
212104
212104
212104
212497
212497
212497
212497
212497
212497
212497
212497
212497
212497
212497
212513
212513
212513
212513
212513
212513
212513
212513
212513
212513
212513
212513
213049
213049
213049
213049
213049
213049
213049
213322
213322
213322
213322
213322
213322
213619
213619
213619
213619
213619
213619
213619
213619
213619
213619
213619
213619
214033
214033
214033
214033
214033
214033
214033
214033
214033
214033
214033
214033
214033
214033
214033
214033
214033
214033
214033
214033
214520
214520
214520
214520
214520
214697
214697
214697
214697
214697
214697
214697
214697
214697
214697
214697
214697
214697
214805
214805
214805
215089
215089
215089
215089
215089
215089
215089
215089
215089
215089
215089
215089
216178
216178
216178
216178
216178
216178
216518
216518
216518
216518
216518
216518
216518
216518
216518
216518
216518
216518
216518
216518
216518
216518
216518
216518
216518
216964
216964
216964
216964
216964
216964
217424
217424
217424
217424
217424
217424
217424
217424
217424
217424
217424
217424
217424
217424
218391
218391
218391
218391
218391
218391
218391
218391
218391
218391
218391
218391
218391
218391
218391
218391
218418
218418
218418
219475
219475
219475
220064
220064
220064
220064
220064
220064
220064
220064
220064
220064
220064
220064
220064
220064
220064
220064
220064
220326
220326
220326
220326
220326
220326
220326
220326
220326
220326
220326
220326
220326
220326
220326
220326
220326
220326
220326
220828
220828
220828
220828
220828
220828
220875
221364
221364
221364
221364
221364
221692
221692
221692
221692
221692
221692
221692
221692
221811
221925
221925
221925
221925
221925
221925
221925
221925
221925
221925
221925
221925
221925
221925
221925
221925
221925
221925
221925
221925
221943
221943
221943
221943
221943
221943
221943
221943
221943
221943
222763
222763
222763
222763
222763
222763
222763
222763
222763
222763
222763
222763
222763
222769
222769
222769
222769
222769
222769
222769
223155
223155
223155
223155
223155
223155
223155
223155
223155
223155
223155
223155
223155
223155
223198
223198
223198
223198
223198
223616
223616
223616
223616
223616
223616
223616
223616
223616
223616
223616
223616
223616
223616
223616
223616
223616
223616
223616
223616
223764
223764
223764
223764
223764
223764
223764
223764
223764
223764
223764
223764
223764
223764
223764
223764
223764
223764
223764
223764
223825
223825
223825
223825
223825
223825
223825
223825
223825
224558
224558
224558
224558
224558
224558
224558
224558
224626
224626
224626
224626
224626
224626
224626
224626
224824
224824
224824
225090
225090
225090
225090
225090
225090
225090
225199
225199
225199
225199
225199
225199
225199
225199
225199
225199
225199
225199
225199
225199
225199
225199
225199
225199
225199
225199
225257
225257
225257
225257
225257
225257
225257
225257
225257
225257
225257
225257
225257
225257
225257
225257
225257
225257
225257
225493
225493
225493
225493
225493
225493
225493
225493
225493
225493
225493
225493
225493
225493
225493
225493
225493
225493
225651
225651
225651
225651
225651
225651
225651
225651
225651
225651
225651
225651
225651
225651
226095
226095
226095
226095
226095
226102
226102
226102
226102
226102
226102
226102
226102
226102
226102
226102
226102
226102
226102
226102
226102
226854
226854
226854
226854
226854
226854
227570
228649
228649
228649
229356
229356
229356
229413
229413
229413
229413
229413
229413
229413
229413
229413
229713
229713
229713
229713
229713
229713
229713
229713
229713
229713
229713
229713
229713
229713
229713
229713
229713
229858
229858
229858
229858
229858
229858
229858
229858
229858
229858
229858
229858
229858
229858
230132
230132
230132
230132
230132
230132
230132
230132
230132
230132
230132
230132
230132
230132
230778
230778
230778
230778
230778
230778
230923
231093
231093
231093
231093
231093
231093
231093
231093
231093
231093
231093
231093
231093
231093
231093
231093
231093
231093
231093
231093
231789
231789
231789
231789
231789
231789
232459
232459
232459
232459
232459
232459
232459
232459
232459
232459
232459
232459
232459
232459
232459
232459
233299
233299
233299
233299
233299
233299
233397
233397
233397
233397
233397
233397
233397
233397
233397
234791
234791
234791
234791
234791
234791
234791
234791
234791
234791
235628
235628
235628
235628
235628
235628
235628
235628
235628
235628
235628
235628
235628
235628
235628
235628
235628
235628
235840
237128
237128
237128
237128
237128
237128
237128
237128
237128
237128
237128
237128
237128
237128
237128
237128
237128
237128
237128
237128
237354
237354
237431
237431
237431
237431
237431
237431
237431
237431
237431
237431
237431
237431
237431
237747
237747
237747
237747
237747
237747
237747
237747
237747
237747
237747
237747
237747
237747
237747
237747
237747
237747
238782
238782
238782
238788
238788
238788
238788
238959
238959
238959
238959
240113
240113
240113
240157
240157
240157
240157
240157
240157
240678
240678
240678
240678
240678
240678
240678
240678
240678
240678
240678
240678
240678
240678
240678
240678
240819
240819
240819
240819
240819
240819
240819
240819
240819
240819
240819
240819
240819
240819
240819
240819
240819
241093
241093
241093
241093
241093
241093
241093
241093
241093
241318
241318
241318
241318
241318
241318
241318
241318
241356
241356
241356
241356
241356
241356
241356
241356
241356
241356
241894
241894
241894
241894
241894
241894
241894
241894
241894
241894
241894
241894
241894
242099
242099
242891
242891
242891
242891
242891
244481
244481
244481
244481
244481
244481
244481
244744
244744
244744
244744
244744
244744
244744
244744
244744
244744
244744
244744
244744
244744
244744
244744
244744
244744
244979
244979
244979
245488
245488
245488
245488
245488
245488
245488
246089
246089
246089
246089
246089
246089
246089
246089
246089
246089
246089
246089
246089
246089
246089
246608
246608
246608
246608
246608
246608
246608
246608
246608
246608
247096
247096
247096
247096
247096
247096
247096
247096
247096
247096
247096
247096
247096
247096
247096
247096
247096
247096
247096
247096
247382
249104
249104
249104
249104
249104
249104
249104
249512
249512
249512
249512
249512
249512
249512
249512
249512
249512
249512
249512
249512
249512
249512
249512
249512
249512
249512
249594
249594
249594
249594
249594
249594
249594
250333
250333
250333
250333
250333
250734
250734
250734
250734
250734
250734
250734
250734
250734
250734
250734
250734
250927
250927
250927
250927
250927
250927
250927
250927
250927
250927
250927
250927
250927
250927
250927
250927
250988
250988
250988
250988
250988
250988
250988
250988
251028
251028
251028
251028
251028
251028
251028
251571
251571
251571
251571
251571
251571
251571
251571
251571
251776
251776
251776
251776
251776
251868
251868
251868
251868
251868
251868
251868
251868
252051
252051
252051
252051
252051
252051
252083
252083
252083
252083
252083
252160
252160
252160
252160
252160
252160
252160
252160
252160
252160
252160
252160
252160
252160
252321
252321
252321
252488
252488
252488
252488
252488
252488
252488
252488
252488
252488
252488
252947
252947
252947
252947
252947
252947
252947
252947
253039
253039
253039
253039
253039
253039
253039
253039
253039
253039
253521
253521
253724
253724
253724
253724
253724
253724
253724
253724
253724
253724
253724
253724
253724
253724
253724
253724
253953
253953
253953
253953
253953
253953
253953
255382
255382
255382
255382
255382
255382
255382
255382
255382
255382
255382
255382
255382
255382
255382
255445
255445
255445
255445
255445
255445
255606
255606
255606
255606
255606
255606
255606
255606
255606
255809
255809
255809
255809
255809
255809
256136
256136
256136
256136
256136
256136
256136
256136
256136
256136
256136
256136
256136
256136
256136
256136
256278
256278
256278
256379
256379
256379
256379
256379
256379
256379
256379
256379
256543
256543
256543
256543
256543
256543
256543
256543
256543
256543
256692
256692
256692
256692
256692
256692
256692
256692
256692
256692
257039
257039
257039
257039
257039
257039
257039
257039
257039
257039
257039
257723
257723
257723
257723
257723
257723
257723
257723
257723
257723
257723
257723
257723
257723
257723
257723
257723
257723
257723
258460
258460
258460
258460
258460
258460
258460
258460
258460
258460
258460
258460
258571
258571
258571
258571
258571
258571
258741
258741
258741
258741
258741
258741
258741
258741
258741
258741
258741
258741
258741
258784
258784
258784
258784
258784
258791
258791
258791
258791
258791
258791
258791
258791
258791
259359
259359
259359
259359
259359
259359
259359
259359
259359
259359
259359
259359
259359
259359
259359
259359
259359
259359
259359
259464
259464
259464
259464
259464
259464
259464
259464
259464
259464
259464
259464
259464
259464
259464
259464
261010
261010
261010
261010
261010
261010
261010
261010
261010
261010
261010
261010
261010
261010
261635
261635
261635
261635
261635
261635
261635
261635
261635
261635
261635
261635
262016
262016
262016
262016
262016
262331
262331
262331
262331
262331
262331
262331
262331
262331
262331
262331
262331
262331
262331
262331
262331
262331
262331
262331
262331
262473
262473
262473
262473
262473
262495
262495
262495
262495
262495
262495
262495
262495
262495
262910
262910
262910
262910
262910
262910
262910
262930
262930
262930
262930
262930
262930
262930
262930
262930
262930
262930
262930
262930
262930
262930
262930
262930
262930
263184
263184
263184
263184
263184
263184
263184
263184
263184
263184
263184
263184
263184
263189
263189
264070
264070
264070
264070
264070
264070
264070
264070
264070
264070
264070
264070
264070
264070
264673
264673
264673
264673
264673
264673
265094
265094
265094
265094
265094
265094
265094
265094
265094
265094
265094
265094
265094
265094
265094
265094
265094
265094
265094
265094
265450
265450
265450
265450
265979
265979
265979
265979
265979
265979
265979
265979
265979
265979
265979
265979
265979
265979
265979
265979
266127
266127
266127
266127
266127
266127
266127
266127
266127
266127
266127
266290
266290
266290
266290
266290
266290
266290
266290
266895
266895
266895
267609
267609
267609
267609
267609
267609
267609
267609
267609
267609
267609
267609
267609
267609
267609
267723
267723
267723
267723
267723
267865
267865
267865
267865
267865
267865
267865
267865
267865
267865
267865
267865
267865
267865
267865
267865
267865
267865
267865
267886
267886
267886
267886
267886
268240
268240
268240
268240
268240
268240
268240
268240
268301
268301
268301
268301
268301
268301
268301
268576
268576
268576
268576
268576
268576
268576
268576
268576
268576
268576
268576
268576
269592
269990
269990
269990
269990
269990
269990
269990
269990
269990
269990
269990
269990
269990
269990
269990
269990
269990
269990
269990
269990
270215
270215
270443
271921
271921
271921
271921
271921
271921
271921
271921
271921
271921
271921
271921
271921
271981
271981
271981
271981
271981
271981
271981
272447
272447
272447
272447
272447
272447
272447
272447
272447
272447
272447
272447
272447
272447
272447
272447
272447
272447
272447
272447
272602
272602
272602
272710
272710
272710
272710
272710
272710
272710
272710
273102
273102
273102
273102
273102
273102
273238
273238
273238
273238
273238
273238
273238
273238
273238
273243
273243
273243
273243
273243
273243
273418
273418
273418
273418
273476
273476
273476
273476
273476
273476
273476
273476
273476
273476
273476
273476
274691
274691
274691
274691
274691
274941
274941
274941
274941
275085
275085
275085
275085
275085
275085
275085
275085
275085
275085
275085
275085
275085
275085
275914
275914
275914
275914
275914
275914
275914
275914
275914
275914
275914
275914
275914
275914
275914
275914
275914
276249
276249
276249
276249
276249
276249
276249
276249
276249
276249
276249
276249
276249
276249
276249
276249
276249
276598
276598
276598
276598
276844
276844
276844
276844
276844
276844
276844
276844
276844
276844
276844
276844
276844
276844
276905
276905
276905
276905
276905
276905
276905
276905
276905
276905
276905
276905
276905
276905
276905
276905
277013
277013
277013
277013
277013
277013
277013
277013
277324
277324
277324
277324
277324
277324
277324
277324
277324
277324
277324
277324
277324
277324
277340
277340
277340
277340
277340
277343
277343
277343
277343
277343
277343
277343
277343
277343
277707
277816
277816
278295
278402
278402
278402
278402
278402
278402
278402
278402
278402
278402
278402
278402
278402
278402
278402
278402
278402
278664
278664
278664
278664
278664
278683
278683
278683
278683
278683
278683
278683
278683
278683
278683
278683
278683
278690
278690
278690
278690
278690
278690
278690
278690
278690
278690
278690
278690
278690
278690
278690
278690
278690
278690
279282
279737
279737
279737
279737
279737
279737
279737
279737
279737
279737
279737
279737
279737
279737
279737
279737
279737
279737
279845
279845
279845
279935
279935
279935
279935
279935
279935
279935
279935
279935
279935
279935
279935
279935
279935
279935
279935
279935
279935
279935
279935
280418
280418
280418
280806
280806
280806
280904
280904
280904
280904
280904
280904
280904
280904
280904
280904
280904
280904
281611
281611
281611
281611
281800
281800
281800
281800
281800
281800
281800
281800
281800
281986
281986
281986
281986
281986
281986
281986
281986
281986
281986
281986
281986
281986
282523
282523
282523
282523
282523
282523
282523
282523
282676
282676
282676
282676
282676
282676
282676
282676
282676
282676
282676
282676
282676
282676
282676
282676
282676
282676
283524
283524
283524
283524
283524
283524
283524
283524
283524
283524
283524
283524
283524
283524
283941
283941
283941
283941
283941
283941
283941
283941
284303
284303
284303
284303
284303
284717
284717
284717
284717
284717
284717
284717
285070
285070
285070
285070
285070
285070
285070
285070
285070
285527
285527
285527
285527
285527
285527
285527
285527
285527
285527
285658
285658
285658
285658
285658
285658
285658
285904
285904
286067
286067
286067
286067
286067
286067
286067
286067
286067
286067
286067
286363
286363
286363
286363
286365
286365
286365
286365
286365
286365
286365
286365
287018
287281
287281
287281
287281
287281
287281
287281
287281
287333
287333
287333
287333
287333
287333
287333
287333
287333
287333
287333
287333
287333
287333
287333
287333
287333
287333
287530
287530
287530
287530
287541
287541
287541
287541
287541
287541
287541
287541
287541
287541
287541
287541
287541
287541
287541
287541
287541
287541
287541
287541
287951
287951
287951
287951
287951
287951
287951
287951
287951
287951
287951
287951
287951
288065
288065
288065
288065
288065
288065
288065
288065
288065
288065
288065
288065
288543
288543
288543
288543
288543
288543
288543
288543
288561
288561
288561
288561
288561
288561
288561
288561
288561
288561
288561
288561
288561
288561
288561
288561
288561
288561
289113
289113
289113
289113
289871
289871
289871
289871
289871
289871
289871
289871
290690
290690
290690
290690
290871
290871
290871
290871
290871
290871
290871
290934
290934
290934
290934
290934
290934
290934
290944
290944
290944
290944
290944
291138
291138
291138
291138
291138
291138
291503
291503
291503
291503
291503
291503
291503
291503
291503
291503
291864
291864
291864
291864
291864
291864
291864
291864
291864
291864
291864
291864
291864
291864
292103
292103
292103
292103
292103
292103
292103
292248
292667
292667
292667
292667
292667
292667
292667
292667
292667
292667
292806
292806
292806
294026
294026
294294
294294
294294
294294
294294
294294
294294
294878
294878
294878
294878
294878
294878
294878
295032
295363
295363
295363
295363
295363
295363
295363
295363
295363
295363
295363
295363
295363
295363
295363
295363
295363
295363
295363
295363
295493
295493
295493
295493
295493
295493
295493
295493
295493
295493
295493
295493
295493
295493
295493
295493
295493
295493
296564
296564
296564
296564
296564
296564
296564
296564
296564
296564
296564
296564
296564
296564
296564
296717
296717
296717
296717
296717
296717
296717
296717
296717
296717
296717
297115
297115
297115
297115
297115
297115
297115
297115
297115
297115
297115
297115
297115
297115
297115
297115
297320
297320
298218
298218
298218
298218
298218
298218
298218
298218
298218
298218
298218
298218
298218
298218
298218
298218
298218
298218
298218
298457
298457
298457
298457
298457
298457
298457
298457
298457
298457
298457
298457
298457
298457
298457
298457
298457
298457
298457
298472
298472
298472
298472
298472
298472
298472
298472
298472
298472
298472
298472
298472
298472
298472
298472
298472
298472
299501
299501
299501
299501
299501
299501
299501
299501
299501
299501
299501
299501
299501
299501
299770
299770
299770
300580
300580
300580
300580
300580
300696
300696
300696
300696
300696
300696
300696
300696
300696
300696
300696
300948
300948
300948
300948
300948
300948
300948
300948
300948
300948
300948
302096
302096
302096
302096
302096
302096
302096
302096
302096
302096
302096
302096
302658
302658
302658
302658
302658
302658
302658
302658
302658
302658
302658
302658
302658
302658
302658
302658
302658
302658
302899
302899
302899
302899
302899
302899
302899
302899
302899
302899
302899
302899
302899
302899
302899
302899
302899
302899
303516
303516
303516
303516
303516
303516
303516
303516
303516
303516
303516
303516
303516
303798
303798
303798
303798
303798
303798
303798
303798
303798
303798
303798
303798
303798
303798
303798
303798
304703
304703
304786
304786
304786
304786
304981
304981
304981
304981
304981
304981
304981
304981
304981
305118
305118
305118
305118
305118
305118
305118
305210
305210
305272
305272
306246
306246
306377
306377
306377
306377
306377
306377
306377
306377
306377
306377
306377
306377
306377
306377
306574
306574
306876
306876
306876
306876
306876
306876
306876
306876
306876
306876
306876
306876
306876
306876
306876
306876
306876
307772
307772
307772
307772
307772
307772
307772
307772
307772
307772
307772
307772
307772
307772
307772
307772
307811
307811
307811
307811
307811
307811
307811
307811
307811
307811
307811
307811
307811
307811
308147
308147
308147
308147
308147
308147
308147
308147
308147
308147
308147
308147
308147
308147
308147
308147
308147
308147
309064
309064
309064
309064
309064
309064
309064
309064
309064
309064
309064
309064
309220
309220
309304
309304
309304
309304
309304
309304
309752
309752
309752
309752
309752
309752
309752
309752
309752
310125
310125
310125
310125
310125
310125
310125
310125
310125
310125
310125
310125
310125
310125
310125
310283
310283
310283
310283
310283
310283
310283
310283
310283
310283
310283
310283
310283
310283
310283
310283
310283
310283
310325
310325
310421
310421
310421
310421
310421
310421
310421
310421
310515
310515
310515
310515
310515
311472
311472
311472
311472
311472
311472
311643
311658
311658
311658
311658
311658
311658
311658
311658
311658
311658
311658
311658
311658
311658
311658
311658
312059
312059
312059
312059
312059
312059
312059
312085
312085
312085
312085
312085
312085
312085
312085
312085
312085
312085
312085
312085
312085
312085
312085
312528
312528
312528
312528
312528
312528
312528
312528
312528
312528
312528
312528
312528
312528
312528
312528
312528
312528
312528
312528
313193
313193
313193
313193
313250
313250
313250
313250
313250
313250
313250
313262
313262
313262
313262
313262
313262
313262
313262
313262
313262
313262
313262
313272
313272
313272
313272
313272
313272
313272
313272
313272
313500
313500
313500
313500
313500
313500
313500
313500
313500
313500
313500
313500
313500
313500
313500
313500
313500
313500
313500
313523
313523
313523
313523
313523
313523
313523
313523
313523
314139
314139
314139
314139
314139
314139
314139
314139
314139
314139
314139
314139
314139
314546
314546
314546
314546
314731
314731
314731
314731
314731
314731
314731
314731
314731
314731
314731
314731
314731
314731
314731
314731
314731
314731
314731
314734
314734
314734
314734
314734
314734
314734
314734
314734
314734
314734
314734
314734
314734
314734
314734
314817
314817
314817
314817
314817
314817
314817
314817
314817
314817
314817
314817
314817
314817
314817
314817
314817
314817
314817
314817
314822
314822
314822
314822
314822
315828
315828
315828
315828
315828
315828
315828
315828
315828
315828
315828
315828
315828
315828
315828
315828
315828
315828
316318
316318
316318
316318
316318
316318
316318
316318
316318
316318
316318
316318
316318
316318
316318
316318
316318
316426
316426
316426
316426
316426
316426
316426
316426
316426
316426
316426
316426
316426
316426
316426
316998
316998
316998
316998
316998
316998
316998
317109
317109
317109
317109
317109
317109
317109
318170
319052
319052
319052
319052
319052
319052
319052
319052
319052
319052
319052
319052
319052
319052
319052
319052
319052
319052
319052
319204
319204
319204
319204
319204
319204
319204
319204
319204
319204
319206
319206
319206
319206
319206
319206
319206
319267
319267
319267
319267
319267
319278
319684
319684
319684
319684
319684
319684
319684
319684
319684
319684
319684
319684
319684
320432
320432
320432
320432
320432
320432
320432
320432
320432
320432
320432
320432
320432
320432
320432
320432
320432
320432
320788
320788
320788
320788
321084
321084
321084
321084
321084
321084
321084
321084
321084
321084
321563
321563
321563
321563
321563
321563
321563
321563
321972
321972
321972
322255
322255
322255
322255
322255
322255
322255
322255
322641
322892
322892
322892
322892
322892
322892
322892
322892
322892
322892
322892
322892
322892
322892
322892
322892
322892
322892
322892
322892
322948
322948
322948
322948
322948
322948
322948
324130
324130
324130
324130
324130
324130
324130
324130
324130
324130
324130
324130
324130
324130
324130
324130
324759
324759
324759
324759
324759
324759
324759
324929
324929
324929
324929
324929
324962
324962
324962
324962
324962
324962
324962
324962
324962
324962
324962
325230
325230
325230
325230
325230
325230
325230
325230
325230
325230
325230
325230
325230
325581
325581
325581
325581
325581
325581
325581
325587
325587
325587
325587
325587
325587
325587
325587
325587
325587
325587
325587
325587
325587
325587
325587
325587
325621
325621
325621
325621
325621
325621
325621
325621
325621
325621
325621
325698
325698
325698
325698
325698
325698
325698
325698
325698
326058
326058
326058
326058
326058
326058
326058
326058
326058
326058
326058
326058
326058
326058
326252
326252
326252
326252
326252
326252
326252
326534
326534
326534
326534
326534
326534
326534
326534
326655
326655
326655
326655
326655
326655
326655
326655
326655
326655
326655
326655
326655
326655
326655
326655
326655
326655
326655
326655
327051
327051
327051
327051
327051
327051
327051
327051
327051
327051
327051
327051
327051
327051
327051
327051
327051
327051
327051
327051
327199
327199
327199
327199
327199
327199
327199
327199
327199
327199
327199
327199
327199
327672
327672
327672
327672
327672
327672
327672
327672
327672
327672
327672
327672
327672
327672
327672
328093
328093
328093
328093
328093
328142
328142
328142
328142
328142
328142
328142
328142
328142
328361
328361
328361
328361
328361
328361
328361
328361
328361
328361
328361
328361
328361
328361
328361
328361
330321
330321
330856
330856
330856
330856
330856
330856
330856
330856
330856
330856
330856
330856
330856
330856
330856
330856
330859
331756
331756
331756
331948
331971
331971
331971
332167
332167
332167
332167
332167
332167
332167
332167
332264
332264
332264
332264
332264
332264
332264
332264
332264
332264
332264
332264
332264
332613
332613
332613
