7846 1500000
203411
203411
203411
204981
204981
204981
204981
204981
204981
204981
204981
205361
205361
205361
205361
205361
205361
205361
207095
207095
207225
207225
207225
207225
207225
207225
207225
207225
207225
207225
207225
207225
207225
207225
207225
207225
207225
207696
207696
207696
207696
207696
207696
207696
207696
208375
208375
208375
208375
208375
208375
208375
208375
208712
210222
210222
210222
210222
211345
211345
211345
211345
211345
211345
211345
211345
211345
211345
211345
212186
212186
212186
212186
213532
213532
213532
213532
213532
213532
213532
213532
213532
213532
213532
216099
216099
216099
216099
216953
216953
216953
216953
216953
216953
216953
216953
216953
216953
216953
216953
216953
216953
216953
216953
217419
217419
217419
217419
217419
217419
217419
217419
217419
217419
217419
217419
217934
217934
217934
217934
217934
217934
217934
217934
217934
218768
218768
219084
219084
219084
219084
220336
220336
220336
220336
220336
220336
220336
220336
220336
220336
220336
220336
220336
220336
220336
220336
220336
220336
222639
222639
222739
222739
224919
225242
225242
225242
225242
225242
225242
225436
225436
225436
225436
225436
225436
225436
225436
225436
225436
225436
225436
225436
225436
225436
225436
225436
225436
225436
225436
226021
226021
226021
226021
226021
226021
226021
226021
226021
226021
226021
226021
226021
226021
227900
227900
228629
228629
228629
228629
229624
229663
229663
229663
229663
229663
229663
229663
229663
229663
229663
229663
229663
229663
229663
229663
229663
229663
229857
229857
229857
229857
229857
230644
230644
230644
230644
230644
230644
230644
230644
230644
230644
230644
230644
230644
230644
230644
230644
233465
233465
233465
233465
233465
233465
233465
233465
233465
233465
233465
233465
233465
233465
233465
233465
236394
236394
236394
236394
236394
236394
236394
236394
236394
236394
236394
236394
236394
236394
236394
236394
236394
236394
236394
236394
236404
236404
236404
236404
236404
236404
236404
236404
236404
236404
236404
236404
236404
236404
236404
236404
236404
236404
237136
237136
237136
237136
237136
237136
237136
237136
237136
237136
237985
237985
237985
237985
237985
237985
237985
237985
237985
238238
238238
239827
239827
239827
239827
239827
239827
239827
239827
239827
239827
240728
240728
240728
240728
240728
240728
241529
241529
241529
241529
241529
241529
241529
241529
241529
241529
241529
241529
241529
241529
241529
241529
241529
241529
241891
241891
241891
241891
241891
241891
241891
241891
241891
241891
241891
242005
242005
242005
242005
242005
242005
242005
242005
242005
242005
242005
242005
242005
242005
242005
242005
242005
242005
242005
242005
242254
242254
242254
242254
242254
242254
242254
242254
242254
242254
242254
242254
242254
242978
242978
242978
242978
242978
242978
242978
242978
242978
242978
242978
242978
242978
242978
242978
242978
243292
243292
243292
243292
243292
243292
243292
243292
243292
243292
243292
243292
243292
243292
243292
243292
243292
243292
243292
243709
243709
243709
243709
243709
243709
243709
243709
243709
243709
243709
243709
243709
243709
243709
243709
243709
243709
243709
243709
243921
243921
243921
243921
243921
243921
243921
245856
245856
245856
245856
245856
245856
246301
246301
246301
246301
246301
246301
246301
246301
246301
246301
246301
246301
246301
246301
246301
246301
247282
247282
247282
247282
247282
247282
247282
247282
247282
247282
247282
248299
248299
248714
248714
248714
248714
248714
248714
248714
248714
248714
249307
249307
249315
249315
249315
249315
249315
249315
249315
249762
249762
249762
249762
249762
249762
249762
249762
249762
249762
249762
249762
249762
249762
249762
251348
251348
251348
251348
251348
251348
251392
251392
251392
251392
251392
251392
251392
251392
251392
251392
251392
253296
253296
254503
254503
254503
254503
254503
254503
254503
255858
255858
255858
255858
255858
255858
255858
255858
255858
255858
255858
255858
255858
255858
255858
255858
255858
256996
256996
256996
256996
256996
256996
256996
256996
256996
259784
259784
259784
259784
259784
259784
259784
259784
259784
259784
259784
259784
259784
259784
259784
259784
259784
260731
260731
260731
260731
260731
260731
264338
264338
264338
264338
264338
264338
264338
264338
264338
266133
266133
266133
266133
266133
266133
266635
266635
266635
266635
266635
266635
266635
266635
266635
266635
266635
266635
266635
266635
266635
266635
267788
267788
267788
267788
267788
267788
267788
267788
267788
267788
270880
270880
270880
270880
270880
270880
270880
270880
270880
270880
270880
270880
270880
270880
270924
270924
270924
273796
273796
273796
273796
273796
273796
273796
273796
273796
273796
273796
273796
273796
273796
273796
273796
273796
273796
273796
275013
275013
275013
275013
275013
275013
275013
275013
277324
277324
277324
277324
277324
277324
277324
277324
277324
277324
277324
277324
277772
277772
277772
278795
278795
278795
278795
278795
278795
278795
278795
278795
278795
279186
279186
279186
279186
279686
279686
279686
279686
279686
279686
279686
279686
279686
279686
279686
279686
279686
279686
279686
279686
280262
280262
280262
280262
280262
280262
280262
280852
280852
280852
280852
280852
280852
280852
280852
280852
280852
280852
280852
280852
280852
280852
280852
280852
280852
280852
280852
281302
281302
281302
281302
281302
281302
281302
281302
281302
281302
281302
281302
281302
281302
281302
281302
284068
284068
284068
284068
284068
284068
284068
284068
284068
284068
284068
284068
284068
284068
284243
284243
284243
284243
284243
284243
284243
284243
284243
284243
284243
284243
284243
284243
284243
284243
284243
284243
284243
284243
285006
285006
285006
285006
285006
285006
285006
285006
285006
285006
285006
285006
285006
285006
285006
285006
285006
285006
285364
285364
285364
285364
285364
285364
285364
285364
285364
285364
285364
285364
285364
285364
285364
285364
285364
285709
285709
285709
285709
285709
285709
285709
285709
285942
285942
285942
285942
285942
285942
285942
285942
285942
285942
285942
285942
287465
287465
287465
287774
287774
287774
287774
287774
287774
287774
287774
287774
287774
287774
287774
287774
287774
291222
291222
291222
291222
291222
291222
291222
291222
291222
291222
291222
291222
291222
291222
291222
291222
291635
291635
291635
291635
291635
291635
291635
291635
292655
292655
292655
292655
292655
292655
292655
292655
293073
293073
293073
293073
293073
293073
293073
293073
293073
293084
293084
293084
293084
293084
293084
293084
293084
293084
293084
293084
293084
293084
293084
293084
293084
293084
293084
293084
293520
293520
295332
295332
295332
295332
295332
295332
295332
295332
295332
295332
295332
295332
296556
296556
296556
296556
296556
296556
296556
296556
296556
296556
296556
296556
296556
296556
296746
296746
296746
296746
296746
296746
296746
296746
296746
296746
296746
297856
297856
297856
298968
298968
298968
298968
298968
298968
298968
298968
298968
298968
298968
298968
298968
298968
298968
299517
299517
299517
302191
302191
302191
302191
302191
302191
302191
302191
302191
302191
303564
303564
303564
303564
303564
303564
303564
303564
303564
303564
303564
303564
303564
303564
303564
303564
303564
303564
303564
305762
305762
305762
305762
305883
305883
305883
306390
306390
306390
306390
306390
306390
306390
306390
306390
306390
306390
306390
306390
306390
307085
307085
307085
307085
307085
307085
307085
307085
307085
307085
307085
307085
307085
307085
307085
307085
307085
307085
307587
308831
308831
308831
308831
308831
308831
308831
308831
308831
308831
308831
308831
308831
308831
308831
308831
308831
308831
308831
308831
308895
308895
308895
308895
308895
308895
308895
308895
308895
308895
308895
308895
308895
308895
308895
310105
310105
310105
310105
310105
310105
310105
310105
310577
310577
310577
310577
310577
310577
310577
310577
310577
310577
310577
310577
310577
310577
310577
310577
310577
310577
310577
311465
311465
311465
311465
311465
311465
311465
311465
311465
311465
311465
311465
311465
311749
311749
311749
311749
311749
311749
312545
312545
312545
312545
312545
312545
312545
312545
312545
312545
312545
312545
312545
314515
314515
314515
314515
314515
314515
314515
314515
314515
314515
314515
314515
314515
314515
314515
314515
314515
315202
315202
315202
316924
316924
316924
316924
316924
316924
316924
316924
316924
316924
316924
316924
316924
316924
316924
316924
316924
316924
316924
317688
317688
317688
317688
317688
317688
317688
317688
317688
317688
318244
318244
318244
318244
318244
318244
318244
318244
318244
322358
322358
322358
322358
322358
322358
322358
322358
322358
323470
323470
323470
323470
324078
324078
324078
324078
324078
324078
324078
324078
324078
324078
325917
325917
325917
325917
325917
325917
325917
325917
325917
325917
325917
325917
325917
325917
325917
325917
325917
327644
327644
327644
327644
327644
327644
327644
327644
327644
327644
327644
327644
327644
327708
327708
327708
327708
327708
327708
327708
327708
327708
327708
327708
327708
327708
327708
327708
327708
327708
327708
327708
328096
328096
328096
328096
328096
328096
328096
328096
328096
328096
328096
328096
328694
328694
328694
328694
328694
328694
328694
328694
328694
328694
328694
328694
328694
328694
328694
328694
328694
328694
328694
328694
328953
328953
328953
328953
329005
329005
329005
329005
329005
329005
329005
329005
329005
329005
329584
329584
329584
329584
329584
329584
329584
329584
329584
329584
329584
329584
329584
329584
329584
329584
329584
329584
330518
330518
330518
330518
330518
331484
331484
331484
331484
331484
331484
331484
331484
331484
332417
332417
332417
332417
332417
332417
332417
332417
332417
332417
332717
332717
332717
335374
335374
335374
335374
335374
335374
335374
335374
335374
335374
335374
335374
335374
335374
336915
336915
336915
336915
336915
336915
336915
336915
336915
336915
336915
336915
336915
336915
336915
336915
336915
336915
336920
336920
336920
336920
336920
336920
336920
336920
336920
336920
336992
336992
336992
338526
338526
338526
340202
340202
340202
340202
340202
340202
340207
340207
340207
340207
340207
340207
340207
340207
340207
340207
340207
340207
340207
340207
340207
340207
340207
342811
342811
342811
342811
342811
342811
342811
342811
342811
342811
346862
346862
346862
346862
346862
346862
346862
346862
346862
346862
346862
346862
346862
346862
346862
346862
346862
347047
347047
347702
347702
347702
347702
347702
347702
347702
347702
348983
348983
348983
348983
348983
349930
349930
349930
349930
349930
349930
349930
349930
349930
349930
349930
349930
350939
350939
350939
350939
350939
350939
350939
350939
350939
350939
350939
350939
350939
350939
350939
350939
350939
350939
350939
351791
352065
352065
352065
352560
352560
352571
356623
356623
356623
356623
356623
356623
356623
356623
357889
357889
357889
357956
357956
362655
362655
365437
365437
365437
365437
365437
365437
365437
365437
365437
365437
365437
365437
366076
366076
366076
366076
366076
366076
366076
366076
366076
366076
366295
371593
371593
371593
371593
371593
371593
371593
371593
371593
371593
371644
371644
371644
371644
371644
371644
371644
371644
371644
371644
371644
371644
371644
371644
371644
371644
371644
371644
371644
371644
373092
373092
373092
373092
373092
373092
373092
373092
373092
373092
373092
373092
374389
374389
374389
374389
374389
374389
374389
374389
374389
374389
374389
374389
374389
374389
376157
377454
377454
377454
378216
378216
378216
378464
378464
378464
378464
378464
378464
378464
378464
378464
378464
378464
378464
378464
378464
378464
378464
378464
378464
378464
378464
379161
379161
379161
379161
379161
379161
379161
379161
379161
379161
379161
379161
379161
379161
379791
379791
379791
379791
379791
379791
379791
379791
379791
379876
379876
379876
379876
379876
379876
379876
379876
379876
379876
379876
379876
379876
379876
379876
380163
380163
380163
380163
380163
380163
380163
380163
380163
381345
381345
381345
381345
381345
381345
381345
381345
381345
381345
381345
381345
381345
381345
381345
381345
381345
381345
382249
382249
382249
382249
382249
382249
382249
382249
382249
382249
382249
382249
382249
382249
382249
382249
382249
382249
382249
382249
382459
382459
382459
382459
382459
382459
382459
382459
382459
383346
383346
383346
383346
383346
383346
383346
383346
383346
383346
383346
383346
384503
384503
384503
384503
384503
384503
384503
384503
384503
384503
384503
385891
385891
385891
385891
385891
385891
385891
385891
385891
385891
385891
385891
387869
387869
387869
387869
387869
387869
387869
387869
387869
387869
387869
387869
387948
387948
387948
387948
387948
387948
387948
387948
387948
387948
387948
387948
387948
387948
387948
387948
388518
388518
388518
388518
388518
388518
388518
388518
388518
388518
388518
388518
388518
388518
388518
388518
388518
388518
390738
390738
390738
390738
390738
390738
390738
390738
390738
391370
391370
391370
391370
391370
391370
391370
391370
391370
391370
391370
391370
391370
391370
391370
391370
391370
391370
392326
392326
392326
392326
392326
393570
393570
393570
393570
393570
393570
393570
393570
393570
393570
393570
393570
393570
393570
393570
393811
393811
393811
395639
395639
395639
395639
395639
395639
395639
395639
395639
395639
395639
395639
395639
395639
402588
402588
402588
402588
402588
402588
402588
402588
404798
404798
404798
404798
404798
404798
404798
404798
404798
404798
406077
406077
406077
406077
406077
406077
406077
406077
406077
406077
406077
406077
406077
406077
406077
406077
406077
406316
406316
406316
406316
406316
406691
406691
406691
406691
406691
406691
406691
406691
409647
409647
409647
409647
409647
409647
409647
409647
409647
409647
409647
410704
410704
410704
410704
410704
410704
410704
410704
410704
413338
413338
413338
413338
413338
413338
413338
414940
414940
414940
414940
414940
414940
414940
414940
414940
414940
414940
414940
414940
414940
414940
414944
414944
414944
414944
414944
414944
414944
414944
414944
414944
417586
417586
417586
417586
417586
417586
417586
417586
417586
417586
417586
417586
417586
417586
417586
417586
420271
420271
420271
420271
420271
420271
420271
420271
420271
420271
420271
420271
420271
420271
420271
420271
420271
420271
420271
420271
421046
421046
421046
421046
421046
421046
421046
421046
421046
421046
421046
421046
421046
421046
421046
421046
421046
421046
421046
421046
422521
422521
422521
422521
422521
422521
422521
422521
422521
422521
422521
422521
422521
422521
422521
422521
422521
422521
422836
422836
422836
422836
422836
422836
426497
426497
426497
426497
426497
426497
426497
426497
426497
426497
426945
426945
426945
426945
426945
426945
426945
426945
428109
428109
428109
428109
428109
428109
428109
428109
428109
428109
428109
428109
428109
428109
428109
428109
428109
428513
428513
428513
428513
428513
428513
428513
428513
428513
429884
429884
429884
429884
429884
430221
430221
430221
430221
430221
430221
430221
430221
430221
432968
432968
432968
433451
433451
433451
433451
433451
433451
433582
433582
433582
433582
433582
433582
433582
433582
433582
433582
433582
433582
433582
433582
433582
433582
433582
434852
434852
434852
434852
434852
434852
434852
434852
434852
434852
434852
434852
435832
435832
435832
435832
436458
436458
436458
436458
436458
436458
436458
437407
438090
438090
438090
438090
438090
438090
438090
438090
438090
438090
438090
438090
438090
438090
438266
438266
438266
438266
438266
438266
438266
438266
438266
438266
438266
438266
438266
439562
439562
439562
439562
439562
439562
439562
439562
439562
439562
439562
439562
439562
439562
439562
439562
439562
439562
439562
439562
446104
446104
446104
446104
446104
446104
446104
446104
446104
446104
446104
446104
446104
446104
446104
446640
446640
446640
446640
446640
446640
446640
446640
446640
446640
446640
446640
446640
446640
448258
448258
448258
448258
448258
448258
448258
448258
448258
448258
448258
448258
450012
450012
450012
450012
450012
450012
450012
450012
450012
450012
450012
450012
450012
450012
450156
450156
450156
450156
450156
450156
450156
450156
450156
450156
450156
450156
450156
450369
450369
450369
450369
450369
450369
450369
450369
450369
450369
450369
450369
450369
450369
451817
451817
451817
451817
454169
454169
454169
454169
454169
454169
454169
454169
454169
454169
454169
454169
454169
454169
454169
454169
454169
454169
454240
454240
454240
454240
457078
457078
457078
457078
457078
457078
457078
457078
457078
457078
457819
457819
457819
457819
457819
457819
457819
457819
457819
457819
457819
457819
457819
459063
459063
459063
459063
459063
459991
460746
460746
460746
460746
460746
460746
460746
460746
460746
460746
460746
460746
460746
460746
460746
460746
462888
462888
462888
463658
463658
463658
463658
463658
463658
465459
465459
465459
465459
465459
465459
465459
465459
465459
465459
465459
465459
465459
465459
465459
465459
465459
465459
465459
465675
465675
465675
465675
465675
465675
465675
465675
465675
465675
465675
465675
465675
465675
465675
465675
465675
465675
465675
465675
467267
467267
467267
467267
467267
467267
467267
467267
467267
467267
467267
467267
467267
467267
467267
467267
468256
468256
468256
468256
468256
468256
468256
468256
468256
468256
468256
468256
468256
468256
468256
468256
468256
468256
468256
468256
468362
468362
468362
468362
468362
468362
468362
468362
468362
468362
468362
468362
468362
468362
468362
468362
468362
469166
469166
469166
469166
469166
469166
469166
469166
469234
469234
469234
469234
469234
469234
469234
469234
469314
469314
469314
469314
469314
469314
469314
469314
469314
469314
469314
469314
469314
469314
469314
469314
469327
469327
469327
469327
469327
469327
469327
469327
469327
469327
469327
469327
469327
469327
469327
469327
469327
469327
470177
470177
470177
470177
470177
470177
470177
470177
470177
470177
470177
470177
470177
470177
470177
470177
470177
470177
470177
470177
471173
471173
471173
471173
471173
475744
476202
476202
476202
476202
476410
476410
476410
476410
476410
476410
476410
476410
476410
476410
476410
476410
476410
476410
476410
477213
477213
477213
477213
477213
477213
477213
477213
477213
477213
479440
479440
479440
479440
479440
479440
479440
479440
479440
479440
479440
479440
479440
479440
479440
480853
480853
480853
480853
480853
480853
480853
480853
480853
480853
480853
480853
480853
480853
480853
480853
480853
480866
480866
480866
480866
480866
480866
480866
480866
480866
480866
480866
480866
480866
480866
480866
480866
480866
480866
480866
480972
480972
480972
480972
480972
480972
480972
480972
480972
480972
481493
481493
481493
481493
481493
481493
481493
481493
481493
481493
481548
481548
481548
483332
483332
483332
483332
483332
483332
483332
483332
483332
483332
483332
483332
483332
485559
485559
485559
485559
485559
485559
485559
485559
485559
485559
485559
485559
485559
485559
485559
485559
485559
485559
485746
485746
485746
485746
485746
485746
485746
485746
485746
485746
486833
486833
486833
486833
486833
486833
486833
486833
487810
487810
487810
487810
487810
487810
487810
487810
487810
487810
487810
487810
488657
488657
488657
488657
488657
488657
488657
488657
488657
488657
488657
488657
489383
489383
489383
489647
489647
489647
489647
489647
489647
489647
489647
489647
489647
489647
489647
489647
489647
489647
489647
489647
491084
491084
491084
491084
491084
491084
491084
491084
491084
491084
491084
491084
492110
492110
492110
492110
492110
492110
492110
492110
492110
492110
492110
492110
492110
492110
492110
492110
492110
492110
492110
492110
492493
492493
494028
494028
494028
494028
494028
494028
494028
494028
494028
494028
494028
494028
494028
494146
494146
494146
494146
494146
494146
494146
494146
494146
494146
494146
494146
494146
494146
494146
494923
494923
494923
494923
494923
494923
494923
494923
494923
495709
495709
495709
495709
495709
495709
495709
495709
495709
495709
495709
495709
495709
495709
495709
495709
495709
495709
496658
496658
496658
496658
496658
496658
496658
496658
496658
496658
496658
496658
496658
496658
496658
496658
496864
496864
496864
496864
496864
496864
496864
496864
496864
496864
496864
496864
496864
496864
496864
496864
496864
497393
497393
497393
497393
497393
497926
497926
497926
497926
497926
497926
497926
497926
497926
498605
498605
498605
498605
498605
498605
498605
498605
498925
498925
498925
498925
498925
498925
498925
498925
498925
498925
498925
498925
498925
498925
498925
498925
500003
500003
500003
500003
500003
500003
500003
500022
500022
500022
500022
500022
500022
500022
500022
500022
500022
500022
500022
500022
500022
500022
500022
501337
501337
501337
501337
501337
501337
502796
502796
502796
502796
502796
502796
502796
502796
502796
502796
502796
502796
502796
502796
502796
503620
503620
503620
503620
503620
503620
503620
503620
505510
505510
505510
505510
505510
505510
505510
505510
505510
505510
505510
505510
510474
510474
510474
510474
510474
510474
510474
510474
510474
510474
510474
511727
511727
511727
511727
511727
511727
511727
511727
511727
511727
511727
511727
511851
511851
511851
511851
513491
513491
513491
513491
513491
513491
513491
513491
513491
513491
513491
513491
513506
513506
513506
513506
513506
513506
513506
513506
515482
515482
515935
515935
516244
516244
516976
516976
516976
516976
516976
516976
516976
516976
516976
516976
516976
516976
516976
517680
517680
517680
517680
517680
517680
517680
517680
517680
517680
517680
517680
517680
517680
517680
517680
517680
517680
517680
517944
517944
517944
517944
517944
517944
517944
517944
517944
517944
517944
517944
517944
517944
519833
519833
519833
519833
519833
521585
521585
521585
521585
521585
524890
524890
524890
524890
524890
524890
524890
524890
524890
524890
524890
524890
524890
524890
524890
524890
524890
524890
524890
524923
525474
525474
525474
525474
525474
525474
525474
525474
525474
525474
526074
526074
526074
526074
526074
526074
526074
526074
526074
526074
526074
526074
526074
526074
526074
526074
526074
527051
527051
527858
527858
527858
529903
529903
529903
532128
532128
532128
532128
534607
534607
534607
534607
534607
534607
534607
534607
534607
534607
534607
534607
534607
534607
534607
534607
534607
534887
534887
534887
534887
534887
534887
534887
534887
534887
536891
536891
536891
536891
536891
536891
536891
536891
536891
536944
536944
536944
536944
536944
536944
536944
538884
538884
538884
538884
538884
538884
538884
538884
538884
538884
538884
538884
539214
539214
539214
539214
539214
539214
539214
539214
539214
539214
539214
539214
539214
539214
539214
539214
539214
539286
539286
539286
539286
539286
539286
539286
540525
540525
540525
540525
540525
542894
542894
542894
542894
542894
542894
542894
542894
542894
542894
542894
542894
542894
542894
542894
543804
543804
543804
543804
543804
543804
543804
543804
543804
544390
544390
544390
544390
544390
545632
545632
545632
545632
545632
545632
545632
545632
545632
545632
545632
545632
545632
545632
545632
545632
545632
546629
546629
546859
546859
546859
546859
546859
546859
546859
546859
546859
546859
547211
547211
547211
547211
549162
549162
549162
549162
549162
549162
549162
549162
549162
549162
549162
549162
549162
549162
549162
549162
549162
549974
549974
550115
550115
550115
550115
550115
550115
550115
550115
550115
550115
550115
550115
550115
550115
550662
550662
550662
550662
550662
550662
550662
550662
550747
550747
550747
550747
550747
556021
556021
556021
556021
556021
556021
556021
556021
556139
556139
556139
556139
556139
556139
556951
556951
556951
556951
556951
556951
556951
556951
556951
556951
556951
556951
556951
556951
558095
558095
558095
558095
558095
558095
558095
558095
558095
558095
558095
558095
560451
560451
560451
560451
560451
560451
560451
560492
560492
560492
560492
560492
560492
560492
560492
560492
560492
560492
560492
560492
560492
560492
560492
560607
560607
560607
560607
560607
560607
560607
560607
560607
560607
560607
560607
560607
560607
560607
562083
562083
562083
562083
562083
562083
562260
562260
562260
562260
562260
562260
562260
562345
562345
562345
562938
562938
562938
562938
562938
562938
562938
562938
562938
562938
562938
562938
563332
563332
563332
563332
563332
563332
563332
563332
563332
563332
563332
563332
563332
563332
563332
563332
563332
563332
563332
563332
565376
565376
566271
566271
568053
568053
568053
568053
568053
568053
568053
568053
568053
568053
568053
568075
568075
568075
568075
568075
568075
568075
568075
568075
568075
568075
568075
568075
568075
568075
568075
568075
568075
568075
568506
568506
568506
568506
568506
568506
568506
569183
569183
569183
569183
569183
569183
569183
569183
569183
569183
569207
569207
569207
569207
569207
569207
569207
569207
569207
569207
569207
569207
569207
569207
569207
570003
570003
570003
570003
570003
570003
570003
570003
570003
570178
570178
570178
570178
570178
570178
570178
570178
570178
570178
570178
570178
570178
570178
570178
570178
571048
571048
571102
571102
571102
571102
571102
571102
571102
571102
571102
571102
571102
571102
571102
571102
571102
571559
571559
571559
571559
571559
571559
571559
572542
574397
574397
574397
574397
574397
574397
574397
574397
574397
574397
574397
574397
574569
574569
574569
574569
574569
574569
574569
574569
574569
574569
574569
574569
576573
576573
576573
576573
576573
576573
576573
576573
576573
576573
576573
576573
576573
576573
576573
576573
576573
576573
576573
578315
578315
578315
578315
578315
578315
578315
578315
578315
578315
578315
578315
578315
578315
578315
580709
580709
580709
580709
580709
580709
580709
580709
580709
580709
580709
580709
580709
581022
581022
581022
581022
581022
581022
581459
581459
581459
581459
581459
581459
581459
581459
581459
581459
581459
581459
581459
581820
581820
581820
581820
581820
581820
581820
581820
581820
581820
581820
581820
581820
581820
581820
581820
581820
581820
581820
581820
582436
582436
582436
582436
582436
582436
582436
582436
582436
582436
582436
582436
582436
582436
582436
582436
582436
584284
584284
584284
584284
584284
584284
584284
584651
584651
584651
584651
584651
584651
584651
584651
585132
585132
585132
585132
585323
585323
585323
585323
585323
585323
585323
585323
585323
585323
585323
585323
585323
585323
585323
585323
586058
586683
586683
586683
586683
586683
586683
587134
587134
587134
587134
587134
587134
587134
587134
587134
587134
587134
587134
587134
587134
587134
587134
587134
587162
587162
587162
587162
587162
587162
587162
587162
587162
587299
587299
587299
587299
587299
587299
587299
587299
587299
587299
587299
587299
587299
587826
587826
587826
587826
587826
587826
587826
587826
587826
587826
587826
587826
587826
587826
587826
587826
589037
589037
589037
589037
589037
589037
589037
589037
589037
589037
589037
589037
589037
589037
589037
589037
589037
589037
589037
589037
589449
589449
589453
589453
589453
589453
589453
589453
589453
589453
590591
590591
590591
590591
590591
590591
590591
590591
590591
590591
590591
590591
590591
591958
591958
591958
591958
591958
591958
591958
591958
591958
591958
594196
594196
594196
594196
594196
594196
594196
594196
594196
594196
595105
595105
595105
595105
595105
595105
595105
595105
595105
595105
595105
595105
597065
597065
597065
597803
597803
597803
597803
597803
597803
597803
597803
597803
598270
598270
598270
598270
598270
598270
598270
598270
598270
598270
598270
598270
598270
598270
598270
598270
601433
601433
601433
601433
601433
601433
601433
601433
601433
601433
601433
601433
601433
601433
602215
602215
602215
602215
602215
602215
602215
602215
602215
602215
602215
602215
602215
602215
602215
602215
602215
602215
602215
602215
602525
602525
602525
602525
602525
602525
602525
602525
602525
602525
602525
602525
602525
602525
602525
602525
602525
602525
602525
602525
603406
603406
603406
603406
603406
603406
603406
603406
603406
603406
603406
603406
603406
603406
603406
603406
603406
603406
603406
605420
605420
605420
605420
605420
605420
605420
605971
605971
605971
605971
605971
605971
605971
605971
605971
605971
605971
605971
609746
609746
609746
609746
611471
611471
611471
611471
611471
611471
611471
611471
611471
611471
611471
611471
611471
611471
612600
612600
612600
612600
612600
612600
612600
612600
612600
612600
612600
612600
614890
614890
614890
614890
614890
614890
614890
614890
614890
614890
614890
615708
615708
615708
615708
615708
615708
615708
615708
615708
615708
615708
615708
615708
615708
615708
615708
615708
615708
615708
615941
615941
615941
615941
615941
615941
615941
615941
615941
615941
615941
615941
615941
615941
616684
616684
616684
616684
616684
616684
616684
616684
616684
616684
616684
616684
616684
616684
616684
619334
619334
619334
619334
621298
621298
621298
621298
621298
621298
621869
621869
621869
621869
621869
621869
621869
621869
621869
621869
622911
622911
622911
622911
622911
622911
622911
622911
622911
622911
622911
622911
622911
622911
622911
622911
622911
622938
622938
622938
622938
622938
622938
622938
622938
622938
622938
622938
622938
622938
622938
622938
624445
624445
624445
624445
624445
624445
624445
624445
624445
624445
624445
624445
624445
624445
624445
624445
624445
624506
624506
624506
625296
628060
628060
628060
628060
628060
628060
628060
628060
628060
628060
628060
628060
628060
628060
628060
628060
628060
628060
628060
628060
628309
628309
628885
628885
628885
628885
628885
628885
628885
628885
628885
628885
628885
628885
628885
628885
628885
628885
628885
629124
629124
629124
629124
629124
629124
629124
629124
629124
629124
629124
629124
629124
629124
629124
629124
629124
629124
630244
630244
630244
630244
630244
630244
630806
630806
630806
630806
630806
632416
632416
632416
632416
632416
632416
632416
632416
632416
632416
632416
632416
632416
632416
632416
632416
632416
632809
632809
632809
632809
632809
632809
634195
634195
634402
634402
634402
634402
634402
634402
634402
634402
634402
634402
634402
634402
634402
634402
634402
634402
635236
635236
635236
635236
635236
635236
635236
635236
635236
635236
635236
635236
635236
635236
635236
635236
635236
637453
637453
637453
637453
637453
637453
637453
637453
637453
637652
639104
639104
639104
639104
639104
639104
639104
639104
639104
639104
639104
639104
639104
639104
639104
639104
639104
639104
639104
639104
640935
640935
640935
640935
640935
640935
640935
640935
642071
642748
642748
642748
642748
642748
642748
642748
642748
642748
642748
642748
642748
642748
642748
642748
642748
643582
643582
643582
643582
643582
643582
643582
643582
643582
643582
643694
643694
643694
643694
643694
643694
645050
645050
645050
645050
645050
645050
647396
647396
647396
647396
647396
647396
647396
647396
647396
647396
647396
649890
649890
649890
649890
649890
649890
649890
649890
649890
649890
649890
649890
649890
649890
649890
649890
649890
649890
649890
651973
651973
651973
651973
651973
651973
651973
651973
651973
651973
652241
652241
652241
652241
652241
652241
652241
652241
652241
652241
652241
652241
652241
652241
652241
652241
652241
653027
653027
653027
653027
653027
653027
653735
653735
653735
653735
653735
653735
653735
653735
653735
653735
653735
653735
653735
653735
653735
654743
654743
654743
654743
654743
654743
654743
654743
654743
654743
654743
654743
654743
654743
654743
654743
654743
654743
654743
655147
655147
655147
655147
655147
655147
655147
655472
655472
655472
655472
657945
657945
657945
657945
657945
657945
657945
657945
657945
657945
657945
657945
657945
659641
659641
659641
659641
659641
659641
661487
661487
661487
661487
661487
661487
661487
661487
661487
661487
661487
661487
661487
661487
661487
662550
662550
662550
662550
663902
663902
663902
663902
663902
663902
663902
663902
663902
663902
663902
664443
664443
664443
664443
664443
664443
664443
664443
664443
664443
664448
664448
664448
664448
664448
664448
666266
666266
666266
666266
666266
666266
666266
666266
666266
666266
666266
666266
666266
666903
666903
666903
666903
666903
666903
666903
666903
666903
666903
666903
666903
666903
666903
666903
666903
667243
667243
667243
667243
667243
667243
667243
667243
667243
667243
667243
667243
667495
667495
667495
667495
668916
668916
668916
668916
668916
668916
668916
668916
668916
668916
668916
668916
669261
669261
669261
669261
669261
669261
669261
669261
669261
669261
671743
671743
671743
675056
675056
675056
675056
675056
675056
675056
675056
675056
675056
675056
675056
675056
676511
676511
676511
676511
676511
676511
676511
676511
676511
679225
679225
679225
679225
679225
679225
679225
679225
679225
679225
679225
679225
679225
679225
679225
679225
679491
679491
679491
679491
679491
679491
679491
679491
679491
679491
679491
679491
679491
679491
679491
679491
685049
685049
685049
685049
685049
685049
685049
685049
685049
685049
685049
685049
685267
685267
685267
685267
685267
685267
685267
685267
685267
685267
685267
685640
685640
685640
685640
685640
685640
685640
685640
685640
685640
685640
685640
685640
685640
685640
685640
685640
686689
686689
686689
686689
686689
686689
686952
686952
686952
686952
686952
686952
686952
686952
686952
686952
686952
686952
686952
686952
686952
686952
686952
686952
686952
687308
687308
687308
687308
687308
687308
687308
687308
687308
687308
687308
687308
687308
687308
687308
687308
687308
687308
687308
687308
687732
687732
687732
687732
687732
688408
688408
688408
688408
688408
688408
688408
688408
688408
688408
688408
688408
688408
688408
689068
689068
689068
689068
689068
689845
689845
692441
692441
692441
692441
692441
692441
692441
692441
693685
693685
693685
693685
694018
694018
694018
694018
694018
694018
694018
694018
694018
694018
694018
694018
694018
694018
694018
694018
694348
694348
694348
694348
694348
694348
694560
694560
694560
694560
694560
694560
694560
695579
695579
695579
695579
695579
695579
695579
695579
695579
695579
695579
695579
695579
695579
695579
695579
696043
696043
696043
696043
696043
696043
696043
696043
696043
696043
696043
696043
697156
697156
697156
697156
697156
697156
698160
698160
698160
698160
698160
698160
698160
698160
698160
698160
698160
698160
698160
698160
698160
698160
698698
698698
698698
698698
698698
698698
700135
703485
703485
703485
703485
703485
703485
703485
703485
703485
703485
703485
703485
703485
703485
703485
703485
703485
703485
703485
703485
704306
704306
704306
704306
704306
704306
704306
704306
704306
704306
704306
705184
705184
705184
705184
705184
705184
705184
705184
705184
705184
705184
705184
705184
705184
705192
705192
705192
705192
705192
705192
705192
705192
705192
705192
705192
705192
705192
705192
705192
706194
706194
706194
706194
706194
706194
706194
706194
706699
706955
706955
706955
706955
706955
706955
706955
706955
706955
706955
706955
706955
706955
706955
708229
708229
708693
708693
708693
709193
709193
709193
709193
709193
709193
709193
709193
709955
709955
709955
709955
709955
709955
709955
709955
709955
711036
711036
711036
711036
711036
711036
711036
711036
711036
711036
711036
711567
711567
711567
711567
711567
711823
711823
711823
711823
711823
711823
711823
711823
711823
711823
712833
712833
712833
712833
713771
713771
713771
713771
713771
713771
713771
713771
713771
713771
713771
713771
713771
713771
713771
713771
713771
714742
714742
714742
714742
714742
716287
716287
716287
716287
716287
716287
716287
716287
716287
716287
716287
716287
716287
716287
716287
716287
716287
716287
717168
717168
717168
717168
717168
717168
717168
717168
717168
717168
717400
717400
717400
717400
717400
717400
717400
717400
717400
717400
717400
717400
717400
717400
717400
717400
717400
717462
717462
717462
717462
717462
717462
717462
717462
717462
717462
717462
718141
718141
718141
718141
718141
718141
718141
718141
718141
718141
718141
718141
718141
718141
718290
718290
718290
718290
718290
718290
718290
718290
718290
718290
718290
718290
718290
718290
718290
718290
718290
718290
719300
719300
719300
719300
719300
719300
719300
719300
719300
719300
719300
719300
719300
719300
719300
719843
719843
719843
719843
719843
719843
719843
719843
719843
719843
719843
719843
719843
720208
720208
720208
720208
720208
720208
720208
720208
720208
720208
720208
720208
720208
720208
720208
720208
722118
722118
722118
722118
722118
722118
722118
722118
722261
722261
722261
722261
722261
722261
722261
722261
722261
722621
722621
722621
722621
722621
722621
722621
722621
722621
722646
722646
722646
722646
722646
722646
722646
722646
722646
722646
722646
722646
722646
722646
722646
723047
723622
723622
723622
723622
723622
723622
723622
723622
723622
723622
723622
723622
723622
723622
724420
724420
724420
724420
724420
724420
724420
724420
724420
724420
724420
724420
724657
724657
724657
724657
724657
724657
724657
724657
725014
725014
725014
725014
725014
725070
725070
725070
725070
725070
725070
725070
725070
725070
725070
725070
725070
725070
725070
725070
725070
725070
725070
725070
725070
726995
726995
726995
726995
726995
726995
726995
726995
726995
726995
726995
726995
727262
727262
727262
727262
727262
727262
727262
727262
727262
727262
727262
727262
727262
727262
727262
729350
729350
729350
729350
729350
729350
729350
729350
729495
729495
729495
729495
729495
729495
729495
729495
729495
729495
729495
729495
729495
729495
730668
730668
730668
730668
730934
730934
730934
730934
730934
730934
730934
730934
730934
730934
735745
735745
735745
735745
735745
735745
735745
735945
736105
736105
736105
736105
736105
736105
736105
736762
736762
736762
736762
736762
738908
738908
738908
741214
741214
741214
741214
743484
743484
743484
743484
743484
743484
743484
743484
745247
745247
745247
745247
745247
745247
745247
745247
745247
745521
745521
745521
745521
745521
745521
746739
746739
746739
746739
746739
746739
746739
746739
749132
749132
749132
749132
749132
749132
749132
749132
749132
749132
749295
749295
749295
749295
749295
749295
749295
749295
749295
749295
749295
749295
749295
751375
751375
751375
751375
751375
753815
753815
753815
753815
753815
753815
753815
753815
753815
753815
753815
753815
753815
753815
753815
753815
753815
758707
758707
758707
760919
761302
761302
761302
761302
762128
762128
763770
763770
763770
763770
763770
763770
763770
763770
763770
763770
763770
763770
763770
763770
763770
763770
763770
763770
763770
763770
763864
763864
763864
763864
763864
763864
763864
763864
763864
763864
763864
763864
763864
763864
763926
767631
767631
767631
767631
767829
767829
767829
767829
767829
767829
767829
767829
767829
767829
767829
767829
767829
767829
767829
770040
770040
770040
770040
770040
770040
770040
770040
770040
771381
771381
771381
771381
771381
771381
771381
771381
771381
771381
771381
771381
771450
771450
771450
771450
771450
771450
771450
771450
771450
771450
771450
771523
771523
771523
771523
771523
771947
771947
771947
771947
771947
771947
771947
773618
773618
773618
773618
773618
773618
773618
773618
773618
774975
774975
774975
774975
776141
776141
776141
776141
776141
776141
776141
776141
776141
776141
777361
777361
777361
777361
777361
777361
778621
778621
778621
778621
778621
778621
778621
778621
778621
778621
778621
778621
778621
778621
779921
779921
779921
779921
779921
779921
779921
779921
779921
779921
779921
779921
779921
779921
779921
779921
779921
779921
780299
780299
780299
780299
780299
780299
780299
780299
780299
780299
780299
780299
780299
780299
780299
780567
780567
780567
780567
782034
782034
782034
782034
782034
782034
782034
782034
782034
783339
783339
783339
783339
783339
783339
783339
783339
783339
783339
783339
783339
783339
783339
783339
783856
783856
783856
783856
783856
783856
783856
783856
783856
783856
783856
784140
784140
784140
784140
784140
784140
785828
785891
785891
785891
785891
785891
785891
785891
785891
785891
785891
785891
785891
785891
785891
788673
788673
788673
788673
788673
789623
789623
789623
789623
789623
789623
789623
789623
789623
789623
789623
789623
789623
789623
789623
791898
791898
791898
791898
791898
791898
791898
791898
791898
791898
791898
791898
791898
791898
791898
791898
791898
791898
791898
791898
792173
792173
792173
796506
796506
796506
796506
797687
797687
797687
797687
797687
797687
797687
797687
797687
797687
797687
797687
797687
797687
797687
797687
800921
800921
800921
800921
800921
800921
800921
800921
800921
800921
800921
800921
800921
800921
806174
806174
806244
806244
808493
808493
808493
808493
808493
808493
808493
808493
808493
808493
808493
808493
808493
808493
808493
808493
808493
808575
808575
808575
808575
808575
808575
808575
808575
808575
808575
808575
810375
810375
810375
811444
811444
811444
811444
815323
815978
815978
815978
815978
815978
815978
815978
815978
815978
815978
817551
817551
817551
817551
817551
817551
817551
817551
817551
817551
817551
817551
817551
817551
817551
817551
817757
817757
817757
817757
817757
818326
818326
818326
818326
818326
818326
818326
818326
818326
818326
818326
818326
818326
818326
818326
818326
818326
818326
818326
818326
820340
820340
820340
820340
820340
820340
820340
820340
820340
820340
820340
820340
820340
820340
820340
820340
821212
821212
821212
821212
821212
821212
821212
821212
821212
821212
821212
821212
822510
822510
822510
822510
822510
822510
822510
822510
822510
822510
822510
822510
822510
822510
822510
822510
822510
822727
822727
822727
822727
822727
822727
822727
822727
822727
822727
822727
822727
822727
822727
822727
822727
822727
822727
822915
822915
822915
822915
822915
822915
822915
823301
823301
823301
823301
823301
823301
823511
823511
823511
823511
823511
823511
823511
823511
823511
823511
823511
823511
823511
823511
823511
823511
823511
823511
823511
825902
825902
825902
825902
825902
825902
825902
825902
825902
825902
825902
825902
825902
825902
825902
825902
827750
827750
827750
827750
827750
827750
827750
827750
827750
827750
827750
827750
827750
827750
827750
827750
827750
827750
827750
829155
829155
829155
829155
829155
829155
829155
829155
829155
829155
829155
829155
829155
829155
829155
829155
829155
829155
829155
829777
829777
829777
829777
829777
829777
829777
829777
831234
831234
831234
831234
831234
831234
831234
831234
831234
831234
831234
831234
831234
831234
831234
831234
831234
832070
832070
832070
832070
832070
832070
832070
832365
832365
832365
832365
832365
832365
832365
832365
832365
832365
832365
832365
832365
832365
832365
832365
832365
832365
832365
832814
832814
832898
832898
832898
832898
832898
832898
832898
832898
832898
832898
832898
832898
833679
833679
833679
833679
833679
833679
833679
833679
833679
833679
833679
833679
833679
833679
833679
833679
833679
833679
833679
833679
834514
834514
834514
834514
834514
834514
834514
834514
834514
834514
834514
834514
834514
834514
834514
834514
834514
834514
834603
834603
834603
834603
834603
834603
834603
834603
834603
834603
834603
834603
834603
834603
834603
834603
834603
834603
834603
834708
834708
834708
834708
834708
834708
834708
834708
834708
834708
834708
835870
835870
835870
835870
835870
835870
835870
835870
835870
835870
835870
835870
835870
835870
835870
835870
837421
837421
837421
837421
837421
837421
837421
837421
837421
837421
837421
837421
838024
838024
838024
838024
838024
838024
838024
838024
838024
838207
839690
839690
839690
839690
839690
839690
839690
839690
839690
839690
839690
839690
839690
839690
839690
840244
840244
840244
840244
840244
840244
840244
840244
840244
840244
840244
840244
840244
840244
840244
844236
844554
844554
844554
844554
844554
844554
844554
844554
844554
844554
844554
844554
844554
844554
844554
844554
844554
844554
844554
844554
847476
847476
847476
847476
847476
847499
847499
847499
847499
847499
849498
849498
849498
849498
849498
849498
849498
849498
849498
850244
850244
850244
850244
850244
850244
850244
850244
850244
850244
850244
850244
850244
850244
850244
850244
850244
850244
850822
850822
850822
850822
850822
850822
850822
850822
850822
850822
850822
850822
850822
850822
851055
851055
851055
851055
851055
852397
852448
852448
852448
852448
852448
852523
852523
852523
852523
852523
852523
852523
852523
852523
852523
852523
852523
852523
852523
852523
852523
852523
852523
852523
852523
852871
852871
852871
852871
852871
852871
852871
852871
852871
852871
852960
852960
852960
852960
852960
852960
852960
852960
852960
852960
852960
852960
852960
852960
852960
852960
852960
852960
852960
852960
853020
853020
853020
853020
853020
853020
853020
853020
853020
853020
853020
853020
853020
853020
853020
853020
853020
853020
853020
853020
853314
853314
853314
853314
853314
853314
853314
853314
853314
853314
853314
853314
853314
853314
853314
853314
853314
853314
854032
854032
854032
854032
854032
854556
854556
854556
854556
857254
857254
857254
857254
857254
857254
857254
857254
857254
857254
857254
857254
857254
857254
857254
857254
857254
857254
857254
858530
858530
858530
858530
858530
858530
858530
858530
858530
858530
858530
858530
858530
858530
858530
858530
858556
858556
858556
858556
858556
858556
864405
864405
864405
864405
864405
866034
866034
866034
866876
866876
866876
866876
866876
866876
866876
866876
866876
868330
868330
868330
868330
870062
870062
870062
870062
870331
870331
873632
873632
873632
873632
873632
873632
873632
873632
873632
873632
873632
873632
873632
873632
873632
874068
874068
874068
874068
874068
874068
874068
874068
874068
874068
874068
874068
874068
874068
874546
874546
876410
876410
876410
876410
876410
876410
876410
876410
876410
876478
876478
877260
877260
877260
877260
877260
877260
877260
877260
877260
877260
877260
877260
877260
877260
877260
879608
879608
879608
879608
879608
879608
879608
881370
881370
881370
881370
881370
881370
881370
881755
881755
881755
881755
881755
881755
883412
883412
883412
883412
883412
883412
883412
883412
883511
883511
883511
883511
883511
883511
883511
883511
883511
883511
883511
883511
883511
883511
883511
883511
883726
883726
883726
883726
883726
883726
883726
884963
884963
884963
884963
884963
884963
884963
884963
884963
884963
884963
884963
884963
884963
884963
884963
884963
884963
885005
885005
885005
885005
885005
885005
885005
885005
885005
885005
885005
885005
885005
886232
886232
886232
886232
886232
886232
886232
886232
887684
887684
887684
887684
887684
887684
887684
887684
887684
887684
887684
887684
887684
887684
887684
887688
887688
887688
887688
887688
887688
887688
887688
887688
887688
887688
887688
887688
887688
887688
887688
887688
887952
887952
887952
887952
887952
888209
888209
888209
888209
888209
888515
888515
888515
888515
888515
888515
888515
888515
888515
888515
888515
888515
888515
888515
890209
890209
890209
890209
890209
890209
890209
890209
890209
890209
890209
890209
891404
891404
891404
891404
891404
891404
891404
891404
891404
891404
891404
891404
891404
891404
891404
891404
891404
891404
891551
891551
891551
891551
891551
891551
891551
891551
891551
891551
891551
891551
891551
891551
891551
892055
892055
893644
893644
893644
893644
893644
893644
893644
893644
893644
893644
893644
893644
893644
893644
893644
893644
893644
893644
893644
893644
893913
893913
893913
893913
893913
893913
893913
893913
893913
893913
893913
893913
893913
893913
893913
893913
893913
893913
893913
893913
894186
894186
894186
894186
894186
894186
894186
894186
894186
894186
894186
894541
894541
894541
894541
894541
894541
894541
894541
894541
894541
894541
894541
894541
894541
894541
894541
894541
895791
895791
895791
895791
895791
895791
895791
895791
895791
895791
895791
895791
895791
895791
895791
895791
895833
895833
897141
897141
897141
897141
897141
897141
897141
898507
898507
900699
900699
900699
900699
900699
900699
900699
900699
900972
900972
900972
900972
900972
900972
900972
900972
900972
900972
900972
900972
900972
900972
900972
900972
900972
900972
900972
901064
901064
901064
901064
901064
901064
901064
901064
901064
901064
901064
901064
901064
901064
901064
901064
901064
901064
901064
901064
902011
902011
902011
902011
902011
902011
902011
902011
902011
902011
902011
902011
902011
902011
902011
902342
902342
902342
902342
902342
902342
902342
902342
902342
903833
903833
903833
904269
904269
904269
904269
904269
905771
905777
907149
907149
907149
907149
907149
907149
907149
907149
907149
907149
907149
907149
907149
907149
907149
907149
907149
907149
907149
907149
907329
907329
907329
907329
907329
907329
907329
907329
907329
907329
907329
908044
908044
908044
908044
908044
908044
908044
908044
908044
908044
908044
908044
908583
908583
908583
908583
908583
908583
908583
908583
908583
908583
908583
908583
908583
908583
908583
908583
908583
908583
910685
910685
910685
910685
910685
910685
910685
910685
910685
910685
910685
910950
910950
910950
910950
910950
910950
910950
910950
910950
910950
910950
910950
910950
910950
910950
910950
910950
910950
910950
911101
911101
911101
911101
911101
911101
912622
912622
912622
912622
912622
912622
916191
917852
917852
917852
917852
917852
917852
917852
917852
917852
917852
917852
917852
918534
918534
918534
920161
920161
920161
920161
920161
920161
920161
920161
920161
920161
920161
920161
920161
920161
920161
920161
920185
920185
920185
920185
920185
920185
920185
920185
920185
920185
920185
920185
920185
920193
921747
925771
925771
925771
925771
925771
925771
925771
925771
925876
925876
925876
925876
925876
925876
925876
925876
925876
925876
925876
925876
925876
925876
925976
925976
925976
925976
925976
925976
925976
925976
925976
925976
925976
925976
925976
925976
925976
925976
925976
925976
926096
926096
926096
926096
926096
926096
926096
926096
926096
926096
926096
926096
926096
926096
926096
926096
926096
927688
927688
927688
927688
927688
927688
927688
927688
927688
927688
927688
927688
928154
928154
928154
928154
928154
928828
928828
928828
928828
928828
928828
928828
928828
928828
928828
928828
928828
928828
928828
928828
928828
928828
930885
930885
930885
930885
930885
930885
930885
930885
930885
930885
930885
930885
930885
930885
930885
930885
931011
931011
931011
931011
931011
931011
931011
931011
931011
931011
931011
931011
931011
931011
931011
931725
931725
931725
931725
931725
931725
931725
931725
931725
931725
934276
934276
934723
934723
934723
934723
934723
934723
934723
934723
934885
934885
934885
934885
934885
934885
934885
934966
934966
934966
934966
934966
934966
934966
934966
934966
934966
934966
934966
934966
934966
934966
937306
937306
937306
937306
937306
937306
937306
937306
937306
937306
937306
937306
937306
937306
937306
937306
937818
937818
937818
937818
937818
940388
940388
940388
940388
940903
940903
940903
940903
940903
940903
940903
941575
941575
941575
941575
941575
941575
941575
941575
941575
941575
943861
943861
943861
943861
943861
943861
943861
943861
943861
943861
943861
943861
945265
945265
945265
945265
945265
945265
945265
945265
945265
945265
945265
945265
945265
945265
945265
945265
945265
945265
945265
945265
947679
947679
947679
947679
947679
947679
947679
947679
947679
947679
947679
947679
947679
947679
947679
947679
947679
947863
947863
947863
947863
947863
947863
947863
947863
947863
947863
947863
947863
947863
947863
949060
949060
949060
949060
949060
950373
950373
950373
950373
950373
951553
951553
951553
951553
953849
953849
953849
953849
953849
953849
953849
953849
953849
953849
954554
954554
954554
954554
954554
954554
954554
954554
954554
954587
954587
954587
954587
954587
954587
954587
954587
954587
954587
954587
954587
954587
954587
954587
954587
954587
954587
954587
954587
955584
955584
955584
955584
955584
955584
955584
955584
955584
955584
955584
955584
955584
955584
957557
957557
957557
957557
957557
957557
957557
957557
957557
957557
957557
957557
957557
957557
957557
957557
957557
958583
958583
958583
958583
958583
958583
958583
958583
958583
958583
958583
958583
958583
958583
958583
958583
958583
958583
958969
958969
958969
958969
958969
958969
958969
958969
958969
958969
958969
959690
959690
959690
959690
959690
959690
959690
959690
959690
959690
959690
959690
959690
959690
959690
960058
960058
960058
961172
961172
961172
961172
961172
961172
961172
961172
961172
961172
961172
961172
961172
962303
962303
962303
962303
962303
962303
962303
962303
962303
962303
962303
962303
962303
962303
962303
962303
962303
962303
962303
962303
964430
964430
964430
964430
964430
964430
964430
964430
964430
964430
964430
964430
964430
964430
964430
964430
964430
964430
964430
964526
964526
964526
964526
964684
964684
964684
964684
964684
964684
964684
964684
964684
964684
965083
965083
965083
965083
965083
965083
965083
965083
965083
965083
965083
965560
965560
966834
966834
966834
967769
967769
967769
967843
967843
967843
967843
967843
967843
967843
967843
967843
967843
967843
967843
967843
967843
967843
967843
967843
967843
967843
967843
968461
968461
968461
968461
968461
968461
968461
968461
968461
970031
970031
970031
970031
970031
970031
970031
970031
970031
971026
971026
971026
971405
971405
971405
971405
971405
971405
971405
973102
973102
973102
973102
973102
973102
973691
973691
973691
973691
973691
973691
973691
973691
973691
973691
973691
973691
973691
976653
976653
976653
976653
976653
976653
976653
976653
976653
976653
976653
976653
976653
976653
976653
976653
976653
978163
978163
978163
978163
978163
978163
978163
978163
978163
978163
978540
978540
981638
981638
981736
981736
981736
981736
981736
981736
981736
981736
981736
981736
981736
981736
981736
981736
981736
981736
981736
982582
982582
982582
982582
982582
982582
982582
982582
982582
984655
984655
984655
984655
984655
984655
984655
984655
984655
984655
984655
984655
984655
984655
984655
984655
984655
984655
984655
984655
984804
984804
984804
984804
984804
984804
984804
984804
986730
986730
986730
986730
986730
986730
986730
986730
986730
986730
986730
986730
986730
986730
987498
987498
987498
987498
987498
987498
987498
987498
987498
987498
987498
987498
988560
988560
988633
988633
988633
988633
988633
988633
988633
988633
988633
988633
988633
988633
988633
988633
988633
988633
988633
988633
988633
988946
988946
988946
988946
988946
988946
988946
989412
989412
989412
989412
989412
989412
989412
989412
989412
990066
990066
990066
990066
990066
990066
990066
990066
990066
990066
990066
990066
990066
990066
990066
990066
990066
990066
992216
992216
992216
992216
992216
992216
992216
992216
992216
992216
992216
992216
992216
992216
992216
992216
992216
992216
992216
992216
992583
992583
992583
992583
992583
992583
992583
992583
992616
993987
993987
993987
993987
993987
993987
993987
993987
993987
993987
993987
993987
993987
993987
993987
994429
994429
994429
994429
994429
994429
994429
994429
994429
994429
994429
994429
994429
994429
994429
994429
994429
994429
995203
995203
995203
996942
996942
996942
996942
996942
996942
996942
996942
996942
996942
999518
999518
999518
999518
999518
999518
999518
999518
999518
999518
999518
999518
999518
999683
999683
999683
999683
999683
999683
999683
999683
999683
999683
999683
999683
999683
999683
999683
999820
999820
999820
999820
999820
999820
999820
999820
999820
999820
999820
999820
999820
999820
999820
999820
