9827
20000
14842
14842
14842
14842
14842
14842
14842
14842
14842
14842
14842
14842
14842
14842
14842
14842
14842
14842
14842
14842
14842
14842
14842
14842
14842
14842
14842
14842
14842
14842
14842
14842
14842
14842
14842
14842
14842
14842
14842
14842
14842
14842
14842
14842
14842
14842
14842
14842
14842
14842
14842
14842
14842
14842
14842
14842
14842
14842
14842
14842
14842
14842
14842
14842
14842
14842
14842
14842
14842
14842
14842
14842
14842
14842
14842
14842
14842
14842
14842
14842
14842
14842
14842
14842
14842
14842
14842
14842
14842
14842
14842
14842
14842
14842
14842
14842
14839
14839
14839
14839
14839
14839
14839
14839
14839
14839
14839
14839
14839
14839
14839
14839
14839
14839
14839
14839
14839
14839
14839
14839
14839
14839
14839
14839
14839
14839
14839
14839
14839
14839
14839
14839
14839
14839
14839
14839
14839
14839
14839
14839
14839
14839
14839
14839
14839
14839
14839
14839
14839
14839
14839
14839
14839
14839
14839
14839
14839
14839
14770
14770
14770
14770
14770
14770
14770
14770
14770
14770
14770
14770
14770
14681
14681
14681
14681
14681
14681
14681
14681
14681
14681
14681
14681
14582
14582
14582
14582
14582
14582
14582
14582
14582
14582
14582
14582
14582
14582
14582
14582
14582
14582
14582
14582
14582
14582
14582
14582
14582
14582
14582
14582
14582
14582
14582
14582
14582
14582
14582
14582
14582
14582
14582
14582
14582
14582
14582
14582
14582
14582
14582
14582
14582
14582
14582
14582
14582
14582
14582
14582
14582
14582
14582
14582
14533
14533
14533
14533
14533
14533
14533
14533
14533
14533
14533
14533
14533
14533
14533
14533
14533
14533
14533
14533
14533
14533
14533
14533
14533
14533
14533
14533
14533
14533
14533
14533
14533
14533
14533
14533
14533
14533
14533
14533
14533
14533
14533
14533
14533
14533
14533
14533
14533
14533
14533
14533
14533
14533
14533
14533
14533
14425
14425
14425
14425
14425
14425
14425
14425
14425
14425
14425
14425
14425
14425
14425
14425
14425
14425
14425
14425
14425
14425
14425
14425
14425
14425
14425
14425
14425
14425
14425
14425
14425
14425
14425
14425
14425
14425
14425
14425
14425
14425
14425
14425
14425
14425
14425
14425
14425
14425
14425
14425
14425
14425
14425
14425
14425
14425
14425
14425
14425
14425
14425
14425
14425
14425
14425
14425
14425
14425
14425
14425
14425
14425
14425
14425
14425
14425
14425
14425
14425
14425
14425
14425
14425
14425
14425
14420
14420
14420
14420
14420
14420
14420
14420
14420
14420
14420
14420
14420
14420
14420
14420
14420
14420
14420
14420
14420
14420
14420
14420
14420
14420
14420
14420
14420
14420
14420
14420
14420
14420
14420
14420
14420
14420
14420
14420
14420
14420
14420
14420
14420
14420
14420
14420
14420
14420
14420
14420
14420
14420
14420
14420
14420
14420
14420
14420
14420
14420
14420
14420
14420
14420
14420
14420
14420
14420
14420
14420
14420
14420
14420
14420
14420
14420
14420
14420
14400
14400
14400
14400
14400
14400
14400
14400
14400
14400
14400
14400
14400
14400
14400
14400
14400
14400
14400
14400
14400
14400
14400
14400
14400
14400
14400
14400
14400
14400
14400
14400
14400
14400
14400
14400
14400
14400
14400
14400
14400
14400
14400
14400
14400
14400
14400
14400
14400
14400
14400
14400
14400
14400
14400
14400
14400
14400
14400
14400
14400
14400
14400
14400
14400
14400
14400
14400
14400
14400
14362
14362
14362
14362
14362
14362
14362
14362
14362
14362
14362
14362
14362
14362
14362
14362
14362
14362
14362
14362
14362
14362
14362
14362
14362
14362
14362
14362
14362
14362
14362
14362
14362
14362
14362
14362
14362
14362
14362
14362
14362
14362
14362
14362
14362
14362
14362
14362
14362
14362
14362
14362
14362
14362
14362
14362
14362
14362
14362
14362
14362
14362
14362
14362
14306
14306
14306
14306
14306
14306
14306
14306
14306
14306
14306
14306
14306
14306
14306
14306
14306
14306
14306
14306
14306
14306
14306
14306
14306
14306
14306
14306
14306
14306
14306
14306
14306
14306
14306
14306
14306
14306
14306
14306
14306
14306
14306
14306
14306
14306
14306
14306
14306
14306
14306
14306
14306
14306
14306
14306
14306
14306
14306
14306
14136
14136
14136
14136
14136
14136
14136
14107
14107
14107
14107
14107
14107
14107
14107
14107
14107
14107
14107
14107
14107
14107
14107
14100
14100
14100
14100
14100
14100
14100
14100
14100
14100
14100
14100
14006
14006
14006
14006
14006
14006
14006
14006
13998
13998
13998
13998
13998
13998
13998
13998
13998
13998
13998
13998
13998
13998
13998
13998
13998
13998
13998
13998
13998
13998
13998
13998
13998
13998
13998
13998
13998
13998
13998
13998
13998
13998
13998
13998
13998
13998
13998
13998
13998
13998
13998
13998
13998
13998
13998
13998
13998
13998
13985
13985
13985
13985
13985
13985
13985
13985
13985
13985
13985
13985
13985
13985
13985
13985
13985
13985
13985
13985
13985
13985
13985
13985
13985
13985
13985
13985
13985
13985
13985
13985
13985
13985
13985
13985
13985
13985
13985
13985
13985
13985
13985
13985
13985
13985
13985
13985
13985
13985
13985
13985
13985
13985
13985
13985
13985
13985
13985
13985
13985
13985
13985
13985
13985
13985
13985
13985
13985
13985
13958
13958
13958
13958
13958
13958
13958
13958
13958
13958
13958
13958
13958
13958
13958
13958
13958
13958
13958
13958
13958
13958
13958
13830
13830
13830
13830
13830
13830
13830
13830
13830
13830
13830
13830
13830
13830
13830
13830
13830
13830
13830
13830
13830
13830
13830
13830
13830
13830
13830
13830
13830
13830
13830
13830
13830
13830
13830
13830
13830
13830
13830
13830
13830
13830
13830
13830
13830
13830
13830
13830
13830
13830
13830
13830
13830
13830
13830
13830
13830
13830
13830
13830
13830
13830
13830
13830
13830
13830
13830
13830
13830
13830
13830
13830
13830
13830
13830
13830
13830
13830
13830
13822
13822
13822
13822
13822
13822
13822
13822
13822
13822
13822
13822
13822
13822
13822
13822
13822
13822
13822
13822
13822
13822
13822
13822
13822
13822
13822
13822
13822
13822
13822
13822
13822
13822
13822
13822
13822
13822
13822
13822
13822
13822
13822
13822
13822
13822
13822
13822
13822
13822
13822
13822
13822
13822
13822
13822
13822
13822
13822
13822
13822
13822
13822
13822
13822
13822
13822
13822
13822
13811
13811
13811
13811
13811
13811
13811
13811
13811
13811
13811
13811
13811
13811
13811
13811
13811
13811
13811
13811
13811
13811
13811
13811
13811
13811
13811
13811
13811
13811
13811
13811
13811
13811
13811
13811
13811
13811
13811
13811
13811
13811
13811
13811
13811
13811
13811
13811
13811
13811
13811
13811
13811
13811
13811
13811
13811
13811
13811
13811
13811
13811
13811
13811
13811
13811
13811
13811
13811
13811
13811
13811
13621
13621
13621
13621
13621
13621
13621
13621
13621
13621
13621
13621
13621
13621
13621
13621
13621
13621
13621
13621
13621
13621
13621
13621
13621
13621
13621
13621
13621
13621
13621
13621
13621
13621
13621
13621
13621
13621
13621
13621
13621
13621
13621
13621
13621
13621
13621
13621
13621
13621
13621
13621
13621
13621
13621
13621
13621
13621
13582
13582
13582
13582
13582
13582
13582
13582
13582
13582
13582
13582
13582
13582
13582
13582
13582
13582
13582
13582
13582
13582
13582
13582
13582
13582
13582
13582
13582
13582
13582
13582
13582
13582
13582
13582
13582
13582
13582
13582
13582
13582
13582
13582
13582
13582
13582
13582
13582
13582
13582
13582
13582
13567
13567
13567
13567
13567
13567
13567
13567
13567
13567
13567
13567
13567
13567
13567
13567
13567
13567
13567
13567
13567
13567
13567
13567
13567
13567
13567
13567
13567
13567
13567
13567
13567
13567
13567
13567
13567
13567
13567
13567
13567
13567
13567
13567
13567
13567
13567
13567
13567
13567
13567
13567
13567
13567
13567
13484
13484
13484
13484
13484
13484
13484
13484
13484
13484
13484
13484
13484
13484
13484
13484
13484
13483
13483
13483
13483
13483
13483
13483
13483
13483
13483
13483
13483
13483
13483
13483
13483
13483
13483
13483
13483
13483
13483
13483
13483
13483
13483
13483
13483
13483
13483
13483
13483
13483
13483
13483
13483
13483
13483
13483
13483
13483
13483
13483
13483
13483
13483
13483
13483
13483
13483
13483
13483
13483
13483
13483
13483
13483
13483
13483
13483
13483
13483
13483
13483
13483
13483
13483
13483
13483
13483
13483
13483
13483
13483
13483
13483
13483
13483
13483
13483
13483
13483
13483
13483
13483
13483
13483
13483
13483
13448
13448
13448
13448
13448
13448
13448
13448
13448
13448
13448
13448
13448
13448
13448
13448
13448
13448
13448
13448
13448
13448
13448
13448
13448
13448
13448
13448
13420
13403
13403
13403
13403
13403
13403
13403
13403
13403
13403
13403
13403
13403
13403
13403
13403
13403
13403
13403
13403
13403
13403
13403
13403
13403
13403
13403
13403
13403
13403
13403
13403
13403
13403
13403
13403
13403
13403
13403
13403
13403
13403
13403
13403
13403
13403
13403
13403
13403
13403
13403
13403
13403
13403
13403
13403
13403
13403
13403
13403
13403
13403
13403
13403
13403
13403
13403
13403
13403
13403
13403
13403
13403
13403
13403
13403
13403
13403
13403
13403
13403
13403
13403
13403
13403
13403
13403
13403
13403
13403
13403
13376
13376
13376
13376
13376
13376
13376
13376
13376
13376
13376
13376
13376
13376
13376
13376
13376
13376
13376
13376
13376
13376
13376
13376
13376
13376
13376
13376
13376
13376
13376
13376
13376
13376
13376
13376
13376
13376
13376
13376
13376
13376
13376
13376
13376
13376
13376
13376
13376
13376
13376
13376
13376
13376
13376
13376
13376
13376
13376
13376
13376
13376
13376
13376
13376
13376
13376
13376
13376
13376
13376
13376
13376
13376
13376
13376
13302
13302
13302
13302
13302
13302
13302
13302
13302
13302
13302
13302
13302
13302
13302
13302
13302
13302
13302
13302
13302
13302
13302
13302
13302
13302
13302
13302
13302
13302
13302
13302
13302
13302
13302
13302
13302
13302
13226
13226
13226
13226
13226
13226
13226
13226
13226
13226
13226
13226
13226
13226
13226
13226
13226
13226
13226
13226
13226
13226
13226
13226
13226
13226
13226
13226
13226
13226
13226
13226
13226
13226
13226
13226
13226
13226
13226
13226
13226
13226
13226
13226
13226
13226
13226
13226
13226
13226
13226
13226
13226
13226
13226
13226
13226
13226
13226
13226
13226
13209
13209
13209
13209
13209
13209
13209
13209
13209
13209
13209
13209
13209
13209
13209
13209
13209
13209
13209
13209
13209
13209
13209
13209
13209
13209
13209
13209
13209
13209
13209
13209
13209
13209
13209
13209
13209
13209
13209
13209
13209
13209
13209
13209
13209
13209
13209
13190
13190
13190
13190
13190
13190
13190
13190
13190
13190
13190
13190
13190
13190
13190
13190
13190
13190
13190
13190
13190
13190
13190
13190
13190
13190
13190
13190
13190
13190
13190
13190
13190
13190
13190
13190
13190
13190
13190
13190
13190
13190
13190
13190
13190
13190
13190
13190
13190
13190
13190
13190
13190
13190
13190
13190
13190
13190
13190
13190
13190
13190
13190
13190
13190
13190
13190
13190
13190
13190
13190
13190
13190
13190
13190
13190
13190
13190
13190
13190
13190
13190
13190
13060
13060
13060
13060
13060
13060
13060
13060
13060
13060
13060
13060
13060
13060
13060
13060
13060
13060
13060
13060
13060
13060
13060
13060
13060
13060
13034
13034
13034
13034
13034
13034
13034
13034
13034
13034
13034
13034
13034
13034
13034
13034
13034
13034
13034
13034
13034
13034
13034
13034
13034
13034
13034
13034
13034
13034
13034
13034
13034
13034
12899
12899
12899
12899
12899
12899
12899
12899
12899
12899
12899
12899
12899
12899
12899
12899
12899
12899
12899
12899
12899
12899
12899
12899
12899
12899
12899
12899
12899
12899
12899
12899
12899
12899
12899
12899
12899
12899
12899
12899
12899
12899
12899
12899
12899
12899
12899
12899
12899
12899
12899
12899
12899
12899
12899
12899
12899
12899
12899
12899
12899
12899
12899
12899
12899
12899
12899
12899
12899
12899
12899
12899
12899
12899
12899
12899
12899
12899
12899
12621
12621
12621
12621
12621
12621
12621
12621
12621
12621
12621
12621
12621
12621
12621
12621
12621
12621
12621
12621
12621
12621
12621
12621
12621
12621
12621
12621
12621
12621
12621
12621
12621
12621
12621
12621
12621
12554
12554
12554
12554
12554
12554
12554
12554
12554
12554
12554
12554
12554
12554
12554
12554
12554
12554
12554
12554
12554
12554
12554
12554
12554
12554
12554
12554
12554
12554
12554
12554
12554
12554
12554
12554
12554
12554
12554
12554
12554
12554
12554
12554
12554
12554
12554
12554
12554
12554
12554
12554
12554
12554
12554
12554
12554
12554
12554
12554
12554
12554
12554
12554
12554
12554
12554
12554
12554
12554
12554
12554
12554
12554
12554
12554
12554
12554
12554
12554
12554
12554
12554
12554
12554
12554
12554
12554
12554
12554
12554
12554
12554
12554
12554
12554
12554
12535
12535
12535
12535
12535
12535
12535
12535
12535
12535
12535
12535
12535
12535
12535
12535
12535
12535
12535
12535
12535
12535
12535
12535
12535
12535
12535
12535
12535
12535
12535
12535
12535
12535
12535
12535
12535
12535
12535
12535
12535
12514
12514
12514
12514
12514
12514
12514
12514
12514
12514
12514
12514
12514
12514
12514
12514
12514
12514
12514
12514
12514
12514
12514
12514
12514
12514
12514
12514
12514
12514
12514
12514
12514
12514
12514
12514
12514
12514
12514
12514
12514
12514
12514
12514
12514
12441
12441
12441
12441
12441
12441
12441
12441
12441
12441
12441
12441
12441
12441
12441
12441
12441
12441
12441
12441
12441
12441
12441
12441
12441
12441
12441
12441
12441
12441
12441
12441
12441
12441
12441
12441
12441
12441
12441
12441
12441
12441
12441
12441
12441
12441
12441
12441
12441
12441
12441
12441
12441
12441
12441
12441
12441
12441
12441
12441
12441
12441
12441
12441
12441
12441
12441
12441
12441
12441
12441
12441
12441
12441
12441
12441
12441
12441
12441
12441
12441
12441
12431
12431
12431
12431
12416
12416
12416
12416
12416
12416
12416
12416
12416
12416
12416
12416
12416
12416
12416
12416
12416
12416
12416
12416
12410
12410
12410
12410
12410
12410
12410
12410
12410
12410
12410
12410
12410
12410
12410
12410
12410
12410
12410
12410
12410
12410
12410
12410
12410
12410
12410
12410
12410
12410
12410
12410
12410
12410
12410
12410
12410
12410
12410
12410
12410
12410
12410
12410
12410
12410
12410
12410
12410
12410
12410
12410
12410
12410
12410
12410
12410
12410
12410
12410
12410
12410
12410
12410
12410
12410
12410
12410
12410
12410
12410
12410
12410
12410
12410
12410
12410
12410
12410
12410
12410
12410
12410
12410
12410
12410
12410
12348
12348
12348
12348
12348
12348
12348
12348
12348
12348
12348
12348
12348
12348
12348
12348
12348
12348
12348
12348
12348
12348
12348
12295
12295
12295
12295
12295
12295
12295
12295
12295
12295
12274
12274
12223
12223
12223
12223
12223
12223
12223
12223
12223
12223
12223
12223
12223
12223
12223
12223
12223
12223
12223
12223
12223
12223
12223
12223
12223
12223
12223
12223
12223
12223
12223
12223
12223
12223
12223
12223
12223
12223
12223
12223
12223
12223
12223
12223
12223
12223
12223
12223
12223
12223
12223
12223
12223
12223
12223
12223
12223
12223
12223
12223
12223
12223
12223
12223
12223
12223
12223
12210
12210
12210
12210
12210
12210
12210
12210
12210
12210
12210
12210
12210
12210
12210
12210
12210
12210
12210
12210
12210
12210
12210
12210
12210
12210
12210
12210
12210
12210
12210
12210
12210
12210
12210
12210
12210
12210
12206
12206
12206
12206
12206
12206
12206
12206
12206
12206
12206
12206
12206
12206
12206
12206
12206
12206
12206
12206
12206
12206
12206
12206
12206
12206
12206
12206
12206
12206
12206
12206
12206
12206
12206
12206
12206
12206
12206
12206
12206
12206
12206
12206
12206
12206
12206
12206
12206
12206
12206
12206
12206
12206
12206
12206
12206
12206
12206
12206
12206
12206
12206
12206
12206
12206
12206
12206
12206
12206
12206
12206
12206
12206
12206
12206
12206
12206
12206
12206
12206
12206
12206
12206
12206
12206
12206
12206
12206
12206
12206
12206
12122
12122
12122
12122
12122
12122
12122
12122
12122
12122
12122
12122
12122
12122
12122
12122
12043
12043
12043
12043
12043
12043
12043
12043
12043
12043
12043
12043
12043
12043
12043
12043
12043
12043
12043
12043
12043
12043
12043
12043
12043
12043
12043
12043
12043
12043
12043
12043
12043
12043
12043
12043
12043
12043
12043
12043
12043
12043
12043
12043
12043
12043
12043
12043
12043
12043
12043
12043
12043
12043
12043
12043
12043
12043
12043
12043
12043
12043
12043
12043
12043
12043
12043
12043
12043
12043
12043
12043
12043
12043
12043
12043
12043
12043
12043
12043
12043
12043
12043
12043
12043
12043
12043
12043
12043
12043
12043
12043
12043
11951
11951
11951
11951
11951
11951
11951
11951
11951
11951
11951
11951
11951
11951
11951
11951
11951
11951
11951
11951
11951
11951
11951
11951
11951
11951
11951
11951
11951
11951
11951
11951
11951
11951
11951
11951
11951
11951
11951
11951
11951
11951
11951
11951
11951
11951
11951
11951
11951
11951
11951
11951
11951
11951
11951
11951
11951
11951
11951
11951
11951
11951
11951
11951
11951
11951
11951
11951
11951
11951
11951
11951
11951
11951
11951
11951
11951
11951
11951
11951
11951
11951
11951
11951
11951
11951
11951
11951
11951
11951
11951
11951
11951
11951
11951
11951
11886
11886
11886
11886
11886
11886
11886
11886
11886
11886
11886
11886
11886
11886
11886
11886
11886
11886
11886
11886
11886
11886
11886
11886
11886
11886
11886
11886
11886
11886
11886
11886
11886
11886
11886
11886
11886
11886
11886
11886
11886
11839
11839
11839
11839
11839
11839
11839
11839
11839
11839
11839
11839
11839
11839
11839
11839
11839
11839
11839
11839
11839
11839
11839
11839
11839
11839
11839
11839
11839
11839
11839
11839
11839
11839
11839
11839
11839
11839
11839
11839
11839
11839
11839
11839
11839
11839
11839
11839
11839
11839
11839
11839
11839
11839
11839
11839
11839
11839
11839
11839
11839
11839
11839
11839
11839
11839
11839
11839
11839
11833
11833
11833
11833
11833
11833
11833
11833
11833
11833
11833
11833
11833
11833
11811
11811
11811
11811
11811
11811
11811
11811
11811
11811
11811
11811
11811
11811
11811
11811
11811
11811
11811
11811
11811
11811
11811
11811
11811
11811
11811
11811
11811
11811
11811
11811
11811
11811
11811
11811
11811
11811
11811
11811
11811
11811
11811
11811
11811
11811
11811
11811
11811
11811
11811
11811
11811
11811
11811
11811
11811
11811
11811
11811
11811
11811
11811
11811
11811
11811
11811
11792
11792
11792
11792
11792
11792
11792
11792
11792
11792
11792
11792
11792
11792
11792
11792
11792
11792
11792
11792
11792
11792
11792
11792
11792
11792
11792
11792
11792
11792
11792
11792
11792
11792
11792
11792
11792
11792
11792
11792
11792
11792
11792
11792
11792
11792
11792
11792
11792
11792
11792
11792
11792
11792
11792
11792
11792
11792
11792
11792
11792
11792
11792
11792
11792
11792
11792
11792
11792
11792
11792
11792
11792
11792
11792
11792
11792
11792
11789
11789
11789
11789
11789
11789
11789
11789
11789
11789
11789
11789
11789
11789
11789
11789
11789
11789
11789
11789
11789
11789
11789
11789
11789
11789
11735
11735
11735
11735
11735
11735
11735
11735
11735
11735
11735
11735
11735
11735
11735
11735
11735
11735
11666
11666
11666
11666
11666
11666
11666
11666
11666
11666
11666
11666
11666
11666
11666
11666
11666
11666
11666
11666
11666
11666
11666
11666
11666
11666
11666
11666
11666
11666
11666
11666
11666
11666
11666
11666
11666
11666
11666
11666
11666
11666
11666
11666
11666
11666
11666
11666
11666
11666
11666
11666
11666
11666
11666
11666
11666
11666
11666
11666
11666
11666
11666
11666
11666
11666
11666
11666
11666
11666
11666
11666
11666
11666
11666
11666
11666
11666
11666
11666
11666
11666
11666
11666
11666
11666
11666
11666
11666
11666
11666
11666
11666
11666
11666
11620
11620
11620
11620
11620
11620
11620
11620
11620
11620
11620
11620
11620
11620
11620
11620
11620
11620
11620
11620
11620
11620
11620
11620
11620
11620
11620
11620
11620
11620
11620
11620
11620
11620
11620
11620
11620
11620
11591
11591
11591
11591
11591
11591
11591
11591
11591
11591
11591
11591
11591
11591
11591
11591
11591
11591
11591
11591
11591
11591
11591
11591
11591
11591
11489
11489
11489
11489
11489
11489
11489
11489
11489
11489
11489
11489
11489
11489
11489
11489
11489
11415
11415
11415
11415
11415
11415
11415
11415
11415
11415
11415
11415
11415
11415
11415
11415
11415
11415
11415
11415
11415
11415
11415
11415
11415
11415
11415
11415
11415
11415
11415
11415
11415
11415
11415
11415
11415
11415
11415
11415
11415
11415
11415
11415
11415
11415
11415
11415
11415
11415
11415
11415
11415
11415
11415
11415
11415
11415
11415
11415
11415
11415
11415
11415
11415
11415
11415
11415
11415
11415
11415
11415
11415
11415
11415
11415
11415
11415
11415
11415
11415
11415
11415
11415
11415
11415
11415
11415
11415
11415
11415
11415
11374
11374
11374
11374
11374
11374
11374
11374
11374
11374
11374
11374
11374
11374
11374
11374
11374
11374
11374
11374
11374
11374
11374
11374
11374
11374
11374
11374
11374
11374
11374
11374
11374
11374
11374
11374
11374
11374
11374
11374
11374
11374
11374
11374
11374
11374
11374
11374
11374
11374
11331
11331
11331
11331
11331
11331
11331
11331
11331
11331
11331
11331
11331
11331
11331
11294
11294
11294
11294
11294
11294
11294
11294
11294
11294
11294
11294
11294
11274
11274
11274
11274
11274
11274
11274
11274
11274
11274
11274
11274
11274
11274
11274
11274
11274
10983
10983
10983
10983
10983
10983
10983
10983
10983
10983
10983
10983
10983
10983
10983
10983
10983
10983
10983
10983
10983
10983
10983
10983
10983
10983
10983
10983
10983
10958
10958
10958
10958
10958
10958
10958
10958
10958
10958
10958
10958
10958
10958
10958
10958
10958
10958
10958
10958
10958
10958
10958
10958
10958
10958
10958
10958
10958
10958
10958
10958
10958
10958
10958
10958
10958
10958
10958
10958
10958
10958
10958
10958
10958
10958
10958
10958
10958
10958
10958
10958
10958
10958
10958
10958
10958
10958
10958
10958
10958
10958
10958
10958
10958
10958
10958
10958
10958
10958
10958
10958
10958
10958
10958
10958
10958
10958
10958
10958
10904
10904
10904
10904
10904
10904
10904
10904
10904
10904
10904
10904
10904
10904
10904
10904
10904
10904
10904
10904
10904
10904
10904
10904
10904
10904
10904
10904
10904
10904
10904
10904
10904
10904
10904
10904
10904
10904
10904
10904
10904
10904
10843
10843
10843
10843
10843
10843
10843
10843
10843
10843
10843
10843
10843
10843
10843
10843
10843
10843
10843
10843
10843
10843
10843
10843
10843
10843
10843
10843
10843
10843
10843
10843
10843
10843
10843
10843
10843
10843
10843
10843
10843
10843
10843
10843
10843
10843
10843
10843
10843
10843
10843
10843
10843
10843
10843
10843
10843
10843
10843
10843
10843
10843
10843
10843
10843
10843
10843
10843
10843
10843
10843
10843
10843
10843
10843
10843
10843
10843
10843
10843
10843
10843
10843
10843
10843
10843
10843
10843
10843
10843
10843
10843
10843
10843
10843
10647
10647
10647
10647
10647
10647
10647
10647
10647
10647
10647
10647
10647
10647
10647
10647
10647
10647
10647
10647
10647
10647
10647
10647
10647
10647
10647
10647
10647
10647
10647
10647
10647
10647
10647
10647
10647
10647
10647
10647
10647
10647
10647
10647
10647
10647
10647
10647
10647
10647
10647
10647
10647
10647
10647
10647
10647
10647
10647
10647
10647
10647
10647
10647
10574
10574
10574
10574
10574
10574
10574
10574
10574
10574
10574
10574
10574
10574
10574
10574
10574
10574
10574
10574
10574
10574
10574
10574
10574
10574
10574
10574
10574
10574
10574
10574
10574
10574
10574
10574
10574
10574
10574
10574
10574
10574
10574
10574
10574
10574
10574
10574
10574
10574
10574
10574
10574
10574
10574
10574
10574
10574
10574
10574
10574
10574
10574
10574
10574
10574
10574
10574
10574
10574
10574
10574
10574
10574
10574
10574
10574
10574
10574
10574
10574
10574
10574
10574
10574
10574
10574
10574
10574
10574
10574
10574
10574
10574
10521
10521
10521
10521
10521
10521
10521
10521
10521
10521
10521
10454
10454
10454
10454
10454
10454
10454
10454
10454
10454
10454
10454
10454
10454
10454
10454
10454
10454
10454
10454
10454
10454
10454
10454
10454
10454
10454
10454
10454
10454
10454
10454
10454
10454
10454
10454
10454
10454
10454
10454
10454
10454
10454
10454
10454
10454
10454
10454
10454
10454
10454
10454
10454
10454
10454
10454
10454
10409
10409
10409
10409
10409
10409
10333
10333
10333
10333
10264
10264
10264
10264
10264
10264
10264
10264
10264
10264
10264
10264
10264
10264
10264
10264
10264
10264
10264
10264
10264
10264
10264
10264
10264
10264
10264
10264
10264
10264
10264
10264
10264
10264
10264
10264
10264
10264
10264
10264
10264
10264
10264
10264
10264
10264
10264
10264
10264
10264
10264
10264
10264
10264
10264
10264
10264
10264
10264
10264
10264
10264
10264
10264
10264
10264
10264
10264
10264
10264
10264
10264
10264
10264
10264
10264
10264
10264
10264
10264
10264
10264
10260
10260
10260
10260
10260
10260
10260
10204
10204
10204
10204
10204
10204
10204
10204
10204
10204
10204
10103
10103
10103
10103
10103
10103
10103
10103
10103
10103
10103
10103
10103
10103
10103
10103
10103
10103
10103
10103
10103
10103
10103
10103
10103
10103
10103
10103
10103
10103
10103
10103
10103
10103
10103
10103
10103
10103
10103
10103
10103
10103
10103
10103
10103
10103
10103
10103
10103
10103
10103
10103
9850
9850
9850
9850
9850
9850
9850
9850
9850
9756
9756
9756
9756
9756
9756
9756
9756
9756
9756
9756
9756
9756
9756
9756
9756
9756
9756
9756
9756
9756
9756
9756
9756
9756
9756
9756
9756
9756
9756
9756
9756
9756
9756
9756
9756
9756
9756
9756
9756
9756
9756
9756
9756
9756
9756
9756
9756
9756
9756
9756
9756
9756
9756
9756
9756
9756
9756
9756
9756
9756
9756
9756
9756
9756
9756
9756
9756
9756
9756
9756
9756
9756
9756
9756
9756
9756
9756
9756
9756
9756
9756
9756
9756
9756
9756
9731
9731
9731
9731
9731
9731
9731
9731
9731
9731
9731
9731
9731
9731
9731
9731
9731
9731
9731
9731
9731
9731
9731
9731
9731
9731
9731
9731
9731
9731
9731
9731
9731
9731
9731
9731
9731
9731
9731
9731
9731
9731
9649
9649
9649
9649
9649
9649
9649
9649
9649
9649
9649
9649
9649
9649
9649
9649
9649
9649
9649
9649
9649
9649
9649
9649
9649
9649
9649
9649
9649
9649
9649
9649
9649
9649
9649
9649
9649
9649
9649
9649
9649
9649
9649
9649
9649
9649
9649
9649
9649
9649
9649
9649
9649
9649
9649
9649
9649
9649
9649
9649
9649
9649
9649
9649
9649
9649
9649
9649
9649
9649
9649
9649
9649
9649
9649
9649
9649
9649
9649
9649
9649
9517
9512
9512
9512
9512
9512
9512
9512
9512
9512
9512
9512
9512
9512
9512
9512
9512
9512
9512
9512
9512
9512
9512
9512
9512
9512
9512
9512
9512
9512
9512
9512
9512
9512
9512
9512
9512
9512
9512
9512
9512
9512
9512
9512
9512
9512
9512
9512
9512
9512
9512
9512
9512
9512
9512
9512
9512
9512
9512
9512
9512
9512
9479
9479
9479
9479
9479
9479
9479
9479
9479
9479
9479
9479
9479
9479
9479
9479
9479
9479
9479
9479
9479
9479
9479
9479
9479
9479
9479
9479
9479
9479
9479
9479
9479
9479
9479
9479
9479
9479
9479
9479
9479
9479
9479
9458
9458
9458
9458
9458
9458
9458
9458
9458
9458
9458
9458
9458
9458
9458
9458
9458
9458
9458
9458
9458
9458
9458
9458
9458
9458
9458
9458
9458
9458
9458
9458
9458
9458
9458
9458
9458
9458
9458
9458
9458
9458
9458
9458
9200
9200
9200
9200
9200
9200
9200
9200
9200
9200
9200
9200
9200
9200
9200
9200
9200
9200
9200
9200
9200
9200
9200
9200
9200
9200
9200
9200
9200
9200
9200
9200
9200
9200
9200
9200
9200
9200
9200
9200
9200
9200
9200
9200
9200
9200
9200
9200
9200
9200
9200
9200
9200
9200
9200
9200
9200
9200
9200
9200
9200
9200
9200
9200
9200
9200
9200
9200
9200
9200
9200
9175
9175
9175
9175
9175
9175
9175
9175
9175
9175
9175
9175
9175
9175
9175
9175
9175
9175
9175
9175
9175
9175
9175
9175
9175
9149
9149
9149
9149
9149
9149
9149
9149
9149
9149
9149
9149
9149
9149
9149
9149
9149
9149
9149
9149
9149
9149
9149
9149
9149
9149
9149
9149
9149
9149
9149
9149
9149
9149
9149
9149
9149
9149
9149
9149
9149
9149
9149
9149
9149
9149
9149
9149
9149
9149
9149
9149
9149
9149
9149
9149
9149
9149
9149
9149
9149
9149
9133
9133
9133
9133
9133
9133
9133
9133
9133
9133
9133
9133
9133
9133
9133
9133
9133
9133
9133
9133
9133
9133
9133
9133
9133
9133
9133
9133
9133
9133
9133
9133
9133
9133
9133
9133
9133
9133
9133
9133
9133
9133
9133
9133
9133
9133
9133
9133
9133
9133
9133
9133
9133
9133
9133
9133
9133
9133
9133
9133
9133
9133
9133
9133
9133
9133
9133
9133
9133
9133
9133
9133
9133
9133
9133
9133
9133
9115
9115
9115
9115
9115
9115
9115
9115
9115
9115
9115
9115
9115
9115
9115
9115
9115
9115
9115
9115
9115
9115
9115
9115
9115
9115
9115
9115
9115
9115
9115
9115
9115
9115
9115
9115
9115
9115
9115
9115
9115
9115
9115
9115
9115
9115
9115
9115
9115
9115
9115
9115
9115
9115
9115
9115
9115
9115
9115
9115
9115
9115
9115
9115
9115
9115
9115
9115
9115
9115
9097
9097
9097
9097
9097
9097
9097
9097
9097
9097
9097
9097
9097
9097
9097
9097
9097
9097
9097
9097
9097
9097
9097
9097
9097
9097
9097
9097
9097
9097
9097
9097
9097
9097
9097
9097
9097
9097
9097
9097
9097
9097
9097
9097
9097
9097
9097
9097
9097
9097
9097
9097
9097
9097
9097
9097
9097
9097
9097
9097
9097
9097
9097
9097
9097
9097
9097
9024
9024
9024
9024
9024
9024
9024
9024
9024
9024
9024
9024
9024
9024
9024
9024
9024
9024
9024
9024
9024
9024
9024
9024
9024
9024
9024
9024
9024
9024
9024
9024
9024
9024
9024
9024
9024
9024
9024
9024
9024
9024
9024
9024
9024
9024
9024
9024
9024
9024
9024
9024
9024
9024
9024
9024
9024
9024
9024
9024
9024
9024
9024
9024
9024
9024
9024
9024
9024
9024
9024
9024
9024
9024
9024
9005
9005
9005
9005
9005
9005
9005
9005
9005
9005
9005
9005
9005
9005
9005
9005
9005
9005
9005
9005
9005
9005
9005
9005
9005
9005
9005
9005
9005
9005
9005
9005
9005
9005
9005
9005
9005
9005
9005
9005
9005
9005
9005
9005
9005
9005
9005
9005
9005
9005
9005
9005
9005
9005
9005
9005
9005
9005
9005
9005
9005
9005
9005
9005
9005
9005
9005
9005
9005
9005
9005
9005
9005
9005
9005
9005
9005
9005
9005
8985
8985
8985
8985
8985
8985
8985
8985
8985
8985
8985
8985
8956
8956
8620
8620
8620
8620
8620
8620
8620
8620
8620
8620
8620
8620
8620
8620
8620
8620
8620
8620
8620
8620
8620
8620
8620
8620
8620
8620
8620
8620
8620
8620
8620
8620
8620
8620
8620
8620
8620
8620
8620
8620
8620
8620
8620
8620
8620
8620
8620
8620
8620
8620
8620
8620
8620
8620
8620
8620
8620
8620
8620
8620
8620
8620
8620
8620
8620
8620
8620
8620
8620
8620
8620
8620
8620
8620
8620
8620
8620
8620
8620
8608
8608
8608
8608
8608
8608
8608
8608
8608
8608
8608
8608
8608
8608
8608
8608
8608
8608
8608
8608
8608
8608
8608
8608
8608
8608
8608
8608
8608
8608
8608
8608
8608
8608
8608
8608
8608
8608
8608
8608
8608
8608
8608
8608
8608
8608
8608
8608
8608
8608
8608
8608
8608
8608
8608
8608
8608
8608
8608
8608
8608
8608
8608
8608
8608
8608
8608
8608
8608
8608
8608
8608
8608
8608
8608
8608
8608
8608
8608
8531
8531
8531
8531
8531
8531
8531
8531
8531
8531
8531
8531
8531
8531
8531
8531
8531
8531
8531
8531
8531
8531
8531
8531
8531
8531
8531
8531
8531
8531
8531
8531
8531
8531
8531
8531
8531
8531
8531
8531
8531
8531
8531
8531
8531
8531
8531
8531
8531
8531
8531
8531
8531
8531
8531
8531
8531
8531
8531
8531
8531
8531
8531
8531
8531
8531
8531
8531
8531
8531
8531
8531
8531
8531
8531
8531
8531
8531
8531
8531
8531
8531
8531
8497
8497
8497
8497
8497
8497
8497
8497
8497
8497
8497
8497
8497
8497
8497
8497
8497
8497
8497
8497
8497
8497
8497
8497
8497
8497
8497
8497
8497
8497
8497
8497
8497
8497
8497
8497
8497
8497
8497
8497
8497
8497
8497
8497
8497
8425
8425
8425
8425
8425
8425
8425
8425
8425
8425
8425
8425
8425
8425
8425
8425
8425
8425
8425
8425
8425
8425
8425
8425
8425
8425
8425
8425
8425
8425
8425
8425
8425
8425
8425
8425
8425
8425
8425
8425
8425
8425
8425
8425
8425
8425
8425
8425
8425
8425
8425
8281
8281
8281
8281
8281
8281
8281
8281
8281
8281
8281
8281
8281
8281
8281
8281
8248
8248
8248
8248
8248
8248
8248
8248
8248
8248
8248
8248
8248
8248
8248
8248
8248
8248
8248
8248
8248
8248
8248
8248
8248
8248
8248
8248
8248
8248
8248
8248
8248
8248
8248
8248
8248
8248
8248
8248
8248
8248
8248
8128
8128
8128
8128
8128
8128
8128
8128
8128
8128
8128
8128
8128
8128
8128
8128
8128
8128
8128
8128
8128
8128
8128
8128
8128
8128
8128
8128
8128
8128
8128
8128
8128
8128
8128
8128
8128
8128
8128
8128
8128
8128
8128
8128
8128
8128
8128
8128
8128
8128
8128
8128
8128
8128
8128
8128
8128
8128
8128
8128
8128
8128
8128
8128
8128
8128
8128
8128
8128
8128
8128
8128
8128
8128
8128
8128
8128
8128
8128
8117
8117
8117
8117
8117
8117
8117
8117
8117
8117
8117
8117
8117
8117
8117
8117
8117
8100
8100
8100
8100
8100
8100
8100
8100
8100
8100
8100
8100
8100
8100
8100
8100
8100
8100
8100
8100
8100
8100
8100
8100
8100
8100
8100
8100
8100
8069
8069
8069
8069
8069
8069
8069
8069
8069
8047
8047
8047
8047
8047
8047
8047
8047
8047
8047
8047
8047
8047
8047
8047
8047
8047
8047
8047
8047
8047
8047
8047
8047
8047
8047
8047
8047
8047
8047
8047
8047
8047
8047
8047
8047
8047
8047
8047
8047
8047
8047
8047
8047
8047
8047
8047
8047
8047
8047
8047
8047
8047
8047
8047
8047
8047
8047
8047
8047
8047
8047
8047
8047
8047
8047
8047
8047
8047
8047
8047
8047
8047
8047
8047
8047
8047
8047
8047
8047
8047
8047
8047
8027
8027
8027
8027
8027
8027
8027
8027
8027
8027
8027
8027
8027
8027
8027
8027
8027
8027
8027
8027
8027
8027
8027
8027
8027
8027
8027
8027
8027
8027
8027
8027
8027
8027
8027
8027
8027
8027
8027
8027
8027
8027
8027
8027
8027
8027
8027
8027
8027
8027
8027
8027
8027
8027
8027
8027
8027
8027
8027
8027
8027
8027
7998
7998
7998
7998
7998
7998
7998
7998
7998
7998
7998
7998
7998
7998
7998
7998
7998
7998
7998
7998
7998
7998
7998
7998
7998
7998
7998
7998
7998
7998
7998
7998
7998
7998
7998
7998
7998
7998
7998
7998
7998
7998
7998
7998
7998
7998
7998
7998
7998
7998
7998
7998
7998
7998
7998
7998
7998
7998
7998
7998
7998
7998
7998
7998
7998
7998
7998
7998
7998
7998
7998
7998
7998
7998
7998
7852
7852
7852
7852
7852
7852
7852
7852
7852
7852
7852
7852
7852
7852
7852
7852
7852
7852
7852
7852
7852
7852
7852
7852
7852
7852
7852
7852
7852
7852
7852
7852
7852
7852
7852
7852
7852
7852
7852
7852
7852
7852
7852
7852
7852
7852
7852
7852
7852
7852
7852
7852
7848
7848
7848
7848
7848
7848
7848
7848
7848
7848
7848
7848
7848
7848
7848
7848
7848
7848
7848
7848
7848
7848
7848
7848
7848
7848
7848
7848
7848
7848
7848
7848
7848
7848
7848
7848
7848
7848
7848
7848
7848
7848
7848
7848
7848
7848
7848
7848
7848
7848
7848
7848
7848
7848
7848
7848
7848
7848
7848
7843
7843
7843
7843
7843
7843
7843
7843
7843
7843
7843
7843
7843
7843
7843
7843
7843
7843
7843
7843
7843
7843
7843
7781
7781
7781
7781
7781
7781
7781
7781
7781
7781
7781
7781
7781
7781
7781
7781
7781
7781
7781
7781
7781
7781
7781
7781
7711
7711
7711
7711
7711
7711
7711
7711
7711
7711
7711
7711
7711
7711
7711
7711
7711
7711
7711
7711
7711
7711
7711
7711
7711
7711
7711
7711
7711
7711
7711
7711
7711
7711
7711
7711
7711
7711
7711
7711
7711
7711
7711
7711
7711
7711
7711
7711
7711
7711
7711
7711
7711
7711
7711
7711
7711
7711
7711
7711
7711
7711
7711
7711
7711
7711
7711
7711
7711
7711
7711
7711
7711
7711
7711
7711
7711
7711
7711
7610
7610
7610
7610
7610
7610
7610
7610
7610
7610
7610
7610
7610
7610
7610
7610
7610
7610
7610
7610
7610
7610
7610
7610
7610
7610
7610
7610
7610
7610
7610
7610
7610
7610
7610
7610
7610
7610
7610
7610
7610
7610
7610
7610
7610
7610
7610
7610
7610
7610
7610
7610
7610
7610
7610
7603
7510
7510
7510
7510
7510
7510
7510
7510
7510
7510
7510
7510
7510
7510
7510
7510
7510
7510
7510
7510
7510
7510
7510
7510
7510
7510
7510
7510
7510
7510
7510
7510
7510
7510
7510
7510
7510
7510
7510
7510
7510
7510
7510
7510
7510
7510
7510
7510
7510
7510
7510
7510
7510
7510
7510
7510
7510
7510
7510
7510
7510
7510
7510
7510
7510
7510
7510
7510
7510
7510
7510
7510
7510
7510
7510
7510
7510
7510
7510
7510
7510
7510
7510
7510
7510
7510
7510
7510
7510
7510
7510
7510
7510
7510
7510
7510
7415
7415
7415
7415
7415
7415
7415
7415
7415
7415
7415
7415
7415
7415
7415
7415
7415
7415
7415
7415
7415
7415
7415
7415
7415
7415
7415
7415
7415
7415
7415
7415
7415
7415
7415
7415
7415
7415
7415
7415
7415
7415
7415
7415
7415
7415
7415
7415
7415
7415
7415
7415
7415
7415
7415
7415
7415
7415
7415
7415
7415
7415
7415
7415
7415
7415
7415
7415
7415
7415
7415
7415
7415
7415
7415
7415
7415
7415
7415
7415
7415
7415
7415
7415
7415
7415
7415
7415
7415
7415
7415
7415
7415
7415
7415
7415
7415
7415
7415
7415
7415
7415
7415
7415
7415
7415
7415
7382
7382
7382
7382
7382
7382
7382
7382
7382
7382
7382
7382
7382
7382
7382
7382
7382
7382
7382
7382
7382
7353
7353
7353
7353
7353
7353
7353
7353
7353
7353
7353
7353
7353
7353
7353
7353
7353
7353
7353
7353
7353
7335
7335
7335
7335
7335
7335
7335
7335
7335
7335
7335
7335
7335
7313
7313
7313
7313
7313
7313
7313
7313
7313
7313
7313
7313
7313
7313
7313
7313
7313
7313
7313
7313
7313
7313
7313
7313
7313
7313
7313
7313
7313
7313
7313
7313
7313
7313
7313
7313
7313
7313
7313
7313
7313
7313
7313
7313
7313
7313
7313
7313
7313
7313
7313
7313
7313
7313
7313
7313
7313
7067
7067
7067
7067
7067
7067
7067
7067
7067
7067
7067
7067
7067
7067
7067
7067
7067
7067
7067
7067
7067
7067
7067
7067
7067
7067
7067
7067
7067
7067
7067
7067
7067
7067
7067
7067
7067
7067
7067
7067
7067
7067
7067
7067
7067
7067
7067
7067
7067
7067
7067
7067
7067
7067
7067
7067
7067
7067
7067
7067
7067
7067
7012
7012
7012
7012
7012
7012
7012
7012
7012
7012
7012
7012
7012
7012
7012
7012
7012
7012
7012
7012
7012
7012
7012
7012
7012
7012
7012
7012
7012
7012
7012
7012
7012
7012
7012
7012
7012
7012
7012
7012
7012
7012
7012
7012
7012
7012
7012
7012
7012
7012
7012
7012
7012
7012
7012
7012
7012
7012
7012
7012
7012
7012
6832
6832
6832
6832
6832
6832
6832
6832
6832
6832
6832
6832
6832
6832
6832
6832
6832
6832
6832
6832
6832
6832
6832
6832
6832
6832
6832
6832
6832
6832
6832
6832
6832
6832
6832
6832
6832
6832
6832
6832
6832
6832
6832
6832
6832
6832
6832
6832
6832
6832
6832
6832
6832
6832
6832
6832
6832
6832
6832
6832
6832
6832
6832
6832
6832
6827
6827
6827
6827
6827
6827
6827
6827
6827
6594
6594
6594
6594
6594
6594
6594
6594
6594
6594
6594
6594
6594
6594
6594
6594
6594
6594
6594
6594
6594
6594
6594
6594
6594
6594
6576
6576
6576
6576
6576
6576
6576
6576
6576
6576
6576
6576
6576
6576
6576
6576
6576
6576
6576
6576
6576
6576
6576
6576
6576
6576
6576
6576
6576
6576
6576
6576
6576
6576
6576
6576
6576
6576
6576
6576
6576
6576
6576
6576
6576
6576
6576
6576
6576
6576
6576
6576
6576
6576
6576
6576
6576
6576
6576
6576
6576
6570
6570
6570
6569
6569
6569
6569
6569
6569
6569
6569
6569
6569
6569
6569
6569
6569
6569
6569
6569
6569
6569
6569
6569
6555
6555
6555
6555
6555
6555
6555
6555
6555
6555
6555
6555
6555
6555
6555
6555
6555
6555
6555
6555
6555
6555
6555
6555
6555
6555
6555
6555
6555
6555
6555
6555
6555
6555
6555
6555
6555
6555
6555
6555
6555
6555
6555
6555
6555
6555
6555
6555
6555
6555
6555
6555
6555
6555
6555
6555
6555
6555
6555
6555
6555
6555
6555
6555
6555
6555
6555
6555
6555
6532
6532
6532
6532
6532
6532
6532
6532
6532
6532
6532
6532
6532
6532
6532
6532
6532
6532
6532
6532
6532
6532
6532
6532
6532
6532
6532
6532
6532
6532
6532
6532
6532
6532
6532
6532
6532
6532
6532
6532
6532
6532
6532
6532
6532
6532
6532
6532
6532
6532
6532
6532
6532
6532
6532
6532
6532
6532
6532
6532
6532
6532
6532
6532
6532
6532
6532
6532
6532
6532
6532
6532
6532
6532
6532
6532
6532
6532
6532
6532
6521
6521
6521
6521
6521
6521
6521
6521
6521
6521
6521
6521
6521
6521
6521
6521
6521
6521
6521
6521
6521
6521
6521
6521
6521
6521
6521
6521
6521
6521
6521
6521
6521
6521
6521
6521
6521
6521
6521
6521
6521
6521
6521
6521
6521
6521
6521
6521
6521
6521
6521
6521
6521
6521
6521
6521
6521
6521
6521
6521
6521
6521
6521
6521
6521
6521
6521
6521
6521
6521
6521
6521
6521
6521
6521
6521
6521
6521
6521
6521
6521
6521
6521
6521
6521
6521
6521
6521
6521
6521
6521
6521
6521
6521
6521
6521
6521
6521
6521
6521
6423
6423
6423
6423
6423
6423
6423
6423
6423
6423
6423
6423
6423
6423
6423
6423
6423
6423
6423
6423
6423
6423
6423
6423
6423
6423
6423
6423
6423
6423
6423
6423
6423
6423
6423
6423
6423
6423
6423
6423
6423
6423
6423
6423
6423
6423
6423
6423
6423
6423
6423
6423
6423
6423
6423
6423
6423
6423
6423
6423
6423
6423
6423
6423
6423
6423
6423
6423
6423
6423
6423
6423
6423
6423
6423
6423
6423
6423
6225
6225
6225
6225
6225
6225
6225
6225
6225
6225
6225
6225
6225
6225
6225
6225
6225
6225
6225
6225
6225
6225
6225
6225
6225
6225
6225
6225
6225
6225
6225
6225
6225
6225
6225
6225
6225
6225
6225
6225
6225
6225
6225
6225
6225
6225
6225
6225
6225
6225
6225
6225
6225
6225
6225
6225
6225
6225
6225
6225
6225
6225
6225
6225
6225
6225
6225
6225
6225
6225
6225
6225
6225
6225
6225
6225
6225
6225
6225
6222
6222
6222
6222
6222
6222
6222
6222
6222
6222
6222
6222
6222
6222
6222
6222
6222
6222
6222
6222
6222
6222
6222
6222
6222
6222
6222
6222
6222
6222
6222
6222
6222
6222
6222
6222
6222
6222
6222
6222
6222
6222
6222
6222
6222
6222
6222
6222
6222
6222
6222
6222
6222
6222
6222
6222
6222
6222
6222
6222
6222
6222
6222
6222
6222
6222
6222
6222
6222
6222
6222
6222
6222
6222
6222
6222
6222
6222
6222
6222
6222
6222
6222
6091
6091
6091
6091
6091
6091
6091
6091
6091
6091
6091
6091
6091
6091
6091
6091
6091
6091
6091
6091
6091
6091
6091
6091
6091
6091
6091
6091
6091
6091
6091
6091
6091
6091
6091
6091
6091
6091
6091
6091
6091
6091
6091
6091
6091
6091
6065
6065
6065
6065
6065
6065
6065
6065
6065
6065
6065
6065
6065
6065
6065
6065
6065
6065
6065
6065
6065
6065
6065
6065
6065
6065
6065
6065
6065
6065
6065
6065
6065
6065
6065
6065
6065
6065
6065
6065
6065
6065
6065
6065
6065
6065
6065
6065
6065
6065
6065
6065
6065
6065
6065
6065
6065
6065
6065
6065
6065
6065
6065
6065
6065
6065
6065
6065
6065
6065
6065
6065
6065
6065
6065
6065
6065
6065
6065
6065
5927
5927
5927
5927
5927
5927
5927
5927
5927
5927
5873
5873
5873
5873
5873
5873
5873
5873
5873
5873
5873
5873
5873
5873
5873
5873
5873
5873
5866
5866
5866
5866
5866
5866
5866
5866
5866
5866
5866
5866
5866
5866
5866
5866
5866
5866
5866
5866
5866
5866
5866
5866
5866
5866
5866
5866
5866
5866
5866
5866
5866
5866
5866
5866
5866
5866
5866
5866
5866
5866
5866
5866
5866
5866
5866
5866
5866
5866
5866
5866
5866
5866
5866
5866
5866
5866
5866
5866
5866
5808
5808
5808
5808
5808
5808
5723
5723
5723
5723
5723
5723
5723
5723
5723
5723
5723
5723
5723
5723
5723
5723
5723
5723
5723
5723
5723
5723
5723
5723
5723
5723
5723
5723
5723
5723
5723
5723
5723
5723
5723
5723
5723
5470
5470
5470
5470
5470
5470
5470
5470
5470
5470
5470
5470
5470
5470
5470
5470
5470
5470
5470
5470
5470
5470
5470
5470
5470
5470
5470
5470
5470
5470
5470
5470
5470
5470
5470
5470
5381
5381
5381
5381
5381
5381
5381
5381
5381
5381
5381
5381
5381
5381
5381
5381
5381
5381
5381
5381
5381
5381
5381
5381
5381
5381
5381
5381
5381
5381
5381
5381
5381
5381
5381
5381
5381
5381
5381
5381
5381
5381
5381
5381
5381
5381
5381
5381
5381
5381
5381
5381
5381
5381
5381
5381
5381
5381
5381
5381
5381
5381
5381
5288
5288
5288
5288
5288
5288
5288
5288
5288
5288
5288
5288
5288
5288
5288
5288
5288
5288
5288
5288
5288
5288
5288
5288
5288
5288
5288
5288
5288
5288
5288
5288
5288
5288
5288
5288
5288
5288
5288
5288
5288
5288
5288
5288
5288
5288
5288
5288
5288
5288
5288
5288
5288
5288
5288
5288
5288
5288
5288
5288
5288
5288
5288
5288
5288
5288
5288
5288
5288
5288
5288
5288
5288
5288
5288
5288
5288
5288
5288
5288
5288
5288
5288
5288
5288
5174
5174
5174
5174
5174
5174
5174
5174
5174
5174
5174
5174
5174
5174
5174
5174
5174
5174
5174
5174
5174
5174
5174
5174
5174
5174
5174
5174
5174
5174
5174
5174
5174
5174
5174
5174
5174
5174
5174
5174
5174
5174
5174
5174
5174
5174
5174
5174
5174
5174
5174
5174
5174
5174
5174
5174
5174
5174
5174
5174
5174
5174
5174
5174
5174
5174
5174
5174
5174
5174
5053
5053
5053
5053
5053
5053
5053
5053
5053
5053
5053
5053
5053
5053
5053
5053
5053
5053
5053
5053
5053
5053
5053
5053
5053
5053
5053
5053
5053
5053
5053
5053
5053
5053
5053
5053
5053
5053
5053
5053
5053
5053
5053
5053
5053
5053
5053
5053
5053
5053
5053
5053
5053
5053
5053
5053
5053
5053
5053
5053
5053
5053
5053
5053
5053
5053
5053
5053
5053
5053
5053
5053
5053
5053
5053
5053
5053
5053
5053
5053
5053
5053
4964
4964
4964
4964
4964
4964
4964
4964
4964
4964
4964
4964
4964
4964
4964
4964
4964
4964
4964
4964
4964
4964
4964
4964
4964
4964
4964
4964
4964
4964
4964
4964
4964
4964
4964
4964
4964
4964
4964
4964
4964
4964
4964
4964
4964
4964
4964
4964
4964
4964
4964
4964
4964
4964
4964
4964
4964
4964
4964
4964
4964
4964
4964
4964
4964
4964
4950
4950
4950
4950
4950
4950
4950
4950
4950
4950
4950
4950
4950
4950
4950
4950
4950
4950
4950
4950
4950
4950
4950
4950
4950
4950
4950
4950
4950
4950
4950
4950
4950
4950
4950
4950
4950
4950
4950
4950
4950
4950
4950
4950
4950
4950
4950
4950
4950
4950
4950
4950
4950
4950
4950
4950
4950
4950
4950
4950
4950
4950
4950
4950
4950
4950
4950
4950
4950
4950
4950
4950
4950
4950
4950
4950
4950
4950
4950
4950
4950
4950
4950
4950
4950
4950
4950
4950
4950
4950
4950
4950
4950
4873
4873
4873
4873
4873
4773
4773
4773
4773
4773
4773
4773
4773
4773
4773
4773
4773
4773
4773
4773
4773
4773
4773
4773
4773
4773
4773
4773
4773
4773
4773
4773
4773
4773
4773
4773
4773
4773
4773
4773
4773
4773
4773
4773
4773
4773
4773
4773
4773
4773
4773
4773
4773
4773
4773
4773
4773
4773
4773
4773
4773
4773
4773
4773
4773
4773
4773
4773
4773
4773
4773
4773
4773
4773
4773
4773
4773
4773
4773
4682
4682
4682
4682
4682
4682
4682
4682
4682
4682
4682
4682
4590
4590
4590
4590
4590
4590
4590
4590
4590
4590
4590
4590
4590
4590
4590
4590
4590
4590
4590
4590
4590
4590
4590
4590
4590
4590
4590
4590
4590
4590
4590
4590
4590
4590
4590
4590
4590
4590
4590
4590
4590
4590
4590
4590
4590
4590
4590
4590
4590
4590
4590
4590
4590
4590
4590
4590
4590
4590
4590
4590
4590
4590
4590
4590
4590
4590
4590
4590
4590
4590
4590
4590
4590
4590
4590
4590
4590
4590
4489
4489
4489
4416
4416
4416
4416
4416
4416
4416
4416
4416
4416
4416
4416
4416
4416
4416
4416
4416
4416
4416
4416
4416
4416
4416
4416
4416
4416
4416
4416
4416
4416
4416
4416
4416
4416
4416
4416
4416
4416
4416
4416
4416
4416
4416
4416
4416
4416
4416
4416
4416
4416
4416
4416
4416
4416
4416
4416
4416
4416
4416
4416
4416
4416
4416
4416
4416
4393
4393
4393
4393
4393
4393
4393
4393
4393
4393
4393
4393
4393
4393
4393
4393
4393
4393
4393
4393
4393
4393
4393
4393
4393
4393
4393
4393
4393
4393
4393
4393
4393
4393
4393
4393
4393
4393
4393
4393
4393
4393
4393
4393
4393
4393
4393
4393
4393
4393
4393
4393
4393
4393
4393
4393
4393
4393
4393
4393
4393
4393
4393
4393
4393
4288
4288
4288
4288
4288
4288
4288
4288
4288
4288
4288
4288
4288
4288
4288
4288
4288
4288
4288
4288
4288
4288
4288
4288
4288
4288
4288
4288
4288
4288
4288
4288
4288
4288
4288
4288
4288
4288
4288
4288
4288
4288
4288
4288
4288
4288
4288
4288
4288
4288
4288
4288
4288
4288
4288
4288
4288
4288
4288
4288
4288
4288
4288
4288
4205
4205
4205
4205
4205
4205
4205
4205
4205
4205
4205
4195
4195
4195
4195
4195
4195
4195
4195
4195
4195
4195
4195
4195
4195
4195
4195
4195
4195
4195
4195
4195
4195
4195
4195
4195
4195
4195
4195
4195
4195
4195
4195
4195
4195
4195
4195
4195
4195
4195
4195
4195
4195
4195
4195
4195
4195
4195
4195
4195
4195
4093
4093
4093
4093
4093
4093
4093
4093
4093
4093
4093
4093
4093
4093
4093
4093
4093
4093
4093
4093
4093
4093
4093
4093
4093
4093
4093
4093
4093
4093
4093
4093
4093
4093
4093
4093
4093
4093
4093
4093
4093
4093
4093
4093
4093
4093
4093
4093
4093
4093
4093
4093
4093
4093
4093
4093
4093
4093
4093
4093
4093
4093
4093
4093
4093
4093
4093
3876
3876
3876
3876
3876
3876
3876
3876
3876
3876
3876
3876
3876
3876
3876
3876
3876
3876
3876
3876
3876
3876
3876
3876
3876
3876
3876
3876
3876
3876
3876
3876
3876
3876
3876
3876
3876
3876
3876
3876
3876
3876
3876
3876
3876
3876
3876
3876
3876
3876
3876
3876
3876
3876
3876
3876
3876
3876
3876
3876
3876
3876
3876
3876
3876
3876
3876
3876
3876
3876
3876
3876
3876
3876
3876
3876
3876
3876
3876
3876
3851
3851
3851
3851
3851
3851
3851
3851
3851
3851
3851
3851
3851
3851
3851
3851
3851
3851
3851
3851
3851
3851
3851
3851
3851
3704
3704
3704
3704
3704
3704
3704
3704
3704
3704
3704
3704
3704
3704
3704
3704
3704
3704
3704
3704
3704
3704
3704
3704
3704
3704
3704
3704
3704
3704
3704
3704
3704
3704
3704
3704
3704
3704
3704
3704
3704
3704
3704
3704
3704
3704
3704
3704
3704
3704
3704
3704
3704
3704
3704
3704
3704
3704
3704
3704
3571
3571
3571
3571
3571
3571
3571
3571
3571
3571
3571
3571
3571
3571
3571
3571
3571
3571
3571
3571
3571
3571
3571
3571
3571
3571
3571
3571
3551
3551
3551
3551
3551
3551
3551
3551
3551
3551
3551
3551
3551
3551
3551
3551
3551
3551
3551
3551
3551
3551
3551
3551
3551
3551
3551
3551
3551
3551
3551
3551
3551
3551
3551
3551
3551
3551
3551
3551
3551
3551
3551
3551
3551
3551
3551
3551
3551
3551
3551
3551
3551
3551
3551
3551
3551
3551
3551
3551
3551
3551
3551
3551
3551
3551
3551
3551
3551
3551
3551
3551
3551
3551
3551
3551
3551
3551
3551
3551
3551
3551
3551
3496
3496
3496
3496
3496
3496
3496
3496
3496
3496
3496
3496
3496
3496
3496
3496
3496
3496
3496
3496
3496
3496
3496
3496
3496
3496
3496
3496
3496
3496
3496
3496
3496
3496
3496
3496
3496
3496
3496
3496
3496
3496
3496
3496
3496
3496
3496
3496
3496
3496
3496
3496
3496
3496
3496
3496
3496
3496
3496
3496
3496
3496
3496
3496
3496
3496
3496
3496
3496
3496
3496
3496
3496
3474
3474
3474
3474
3474
3474
3474
3474
3474
3474
3474
3474
3474
3474
3474
3474
3474
3474
3474
3474
3474
3474
3474
3474
3474
3474
3474
3474
3474
3474
3474
3474
3474
3474
3474
3474
3474
3474
3474
3474
3474
3474
3474
3474
3474
3474
3474
3474
3474
3474
3474
3474
3474
3474
3474
3474
3474
3474
3474
3474
3474
3474
3474
3474
3474
3474
3474
3474
3474
3474
3474
3474
3474
3474
3461
3461
3461
3461
3461
3461
3461
3461
3461
3461
3461
3461
3461
3461
3461
3461
3461
3461
3461
3461
3461
3461
3461
3461
3461
3461
3461
3461
3461
3461
3461
3461
3461
3461
3461
3461
3461
3461
3461
3461
3461
3461
3461
3461
3461
3461
3461
3461
3461
3461
3461
3461
3461
3417
3417
3417
3417
3417
3417
3417
3417
3417
3417
3417
3417
3417
3417
3417
3417
3417
3417
3417
3417
3417
3417
3417
3417
3417
3417
3417
3417
3417
3417
3417
3417
3417
3417
3417
3417
3417
3417
3417
3417
3417
3417
3417
3417
3417
3417
3417
3417
3417
3417
3417
3417
3417
3417
3417
3417
3417
3417
3417
3417
3417
3417
3417
3417
3417
3417
3417
3417
3417
3417
3417
3417
3417
3417
3417
3417
3417
3417
3417
3417
3417
3417
3417
3417
3417
3417
3417
3417
3417
3417
3417
3417
3417
3417
3417
3417
3417
3417
3417
3417
3403
3403
3403
3403
3403
3403
3403
3403
3403
3403
3403
3403
3403
3403
3403
3403
3403
3403
3403
3403
3403
3403
3403
3403
3403
3322
3322
3322
3322
3322
3322
3322
3322
3322
3322
3322
3322
3322
3322
3322
3322
3322
3322
3322
3322
3322
3322
3322
3322
3322
3322
3322
3322
3322
3322
3322
3322
3322
3322
3322
3322
3322
3322
3322
3322
3322
3322
3322
3322
3322
3322
3322
3322
3322
3322
3322
3322
3322
3322
3322
3322
3240
3240
3240
3240
3240
3240
3240
3240
3240
3240
3240
3240
3240
3240
3240
3240
3240
3240
3240
3240
3240
3240
3240
3240
3240
3240
3240
3240
3240
3240
3240
3240
3240
3240
3240
3240
3240
3240
3240
3240
3240
3240
3240
3240
3240
3240
3092
3092
3092
3092
3092
3092
3092
3092
3092
3092
3092
3092
3092
3092
3092
3092
3092
3092
3092
3092
3092
3092
3092
3053
3053
3053
3053
3053
3053
3053
3053
3053
3053
3053
3053
3053
3053
3053
3053
3053
3053
3053
3053
3053
3053
3053
3053
3053
3053
3053
3053
3053
3053
3053
3053
3053
3053
3053
3053
3053
3053
3053
3053
3053
3053
3053
3053
3053
3053
3053
3053
3053
3053
3053
3053
3053
3053
3026
3026
3026
3026
3026
3026
3026
3026
3026
3026
3026
3026
3026
3026
3026
3026
3026
3026
3026
3026
3026
3026
3026
3026
3026
3026
3026
3026
3026
3026
3026
3026
3026
3026
3026
3026
3026
3026
3026
3026
3026
3026
3026
3026
3026
3026
3026
3026
3026
3026
3026
3026
3026
3026
3026
3026
3026
3026
3026
3026
3026
3002
3002
3002
3002
3002
3002
3002
3002
3002
3002
3002
3002
3002
3002
2984
2984
2984
2984
2984
2984
2984
2984
2984
2984
2984
2984
2984
2984
2984
2984
2984
2984
2984
2984
2984
2984
2984
2984
2984
2984
2984
2984
2984
2984
2984
2984
2984
2984
2984
2984
2984
2984
2984
2984
2984
2984
2984
2984
2984
2984
2984
2984
2984
2984
2984
2984
2984
2984
2984
2984
2984
2984
2984
2984
2974
2974
2974
2974
2974
2974
2974
2974
2974
2974
2974
2974
2974
2974
2974
2974
2974
2974
2974
2974
2974
2974
2974
2974
2974
2974
2974
2974
2974
2974
2974
2974
2974
2974
2974
2974
2974
2829
2829
2829
2829
2829
2829
2829
2829
2829
2829
2829
2829
2829
2829
2829
2829
2829
2829
2829
2829
2829
2829
2829
2829
2829
2829
2829
2829
2829
2829
2829
2829
2829
2829
2829
2829
2829
2829
2829
2829
2829
2829
2829
2829
2829
2829
2829
2829
2829
2829
2829
2829
2829
2829
2829
2829
2829
2829
2829
2829
2829
2829
2829
2829
2829
2829
2829
2829
2829
2829
2829
2829
2829
2829
2829
2829
2829
2829
2829
2829
2829
2829
2829
2829
2829
2829
2829
2829
2829
2829
2679
2679
2679
2679
2679
2679
2679
2679
2679
2679
2679
2679
2679
2679
2679
2679
2679
2679
2679
2679
2679
2679
2679
2679
2679
2679
2679
2679
2679
2679
2679
2679
2679
2679
2679
2679
2679
2679
2679
2679
2679
2679
2679
2679
2679
2679
2679
2679
2679
2679
2679
2679
2679
2679
2679
2679
2679
2679
2679
2679
2679
2679
2679
2679
2679
2679
2471
2471
2471
2471
2471
2471
2471
2471
2471
2471
2471
2471
2471
2471
2471
2471
2471
2471
2471
2471
2471
2471
2471
2471
2471
2471
2471
2471
2471
2471
2471
2471
2471
2471
2471
2471
2471
2471
2471
2471
2471
2471
2471
2471
2471
2471
2471
2471
2471
2471
2471
2471
2471
2471
2471
2471
2471
2471
2471
2471
2471
2471
2471
2471
2471
2471
2471
2471
2471
2471
2471
2471
2471
2471
2471
2471
2471
2471
2471
2471
2471
2471
2471
2471
2471
2471
2471
2461
2461
2461
2461
2461
2461
2461
2461
2461
2461
2461
2461
2461
2461
2461
2461
2461
2461
2461
2461
2461
2461
2461
2461
2461
2461
2461
2461
2461
2461
2461
2461
2461
2461
2461
2461
2461
2461
2461
2461
2461
2461
2461
2461
2461
2461
2461
2461
2461
2461
2461
2461
2461
2431
2431
2431
2431
2431
2431
2431
2431
2431
2431
2431
2431
2431
2431
2431
2431
2431
2431
2431
2431
2431
2431
2431
2431
2431
2431
2431
2431
2431
2431
2431
2431
2431
2431
2431
2431
2431
2431
2431
2431
2431
2431
2431
2431
2431
2431
2431
2431
2431
2431
2431
2431
2431
2431
2431
2431
2431
2431
2431
2431
2431
2431
2431
2431
2431
2329
2329
2329
2329
2329
2329
2329
2329
2329
2329
2329
2329
2329
2329
2329
2329
2329
2329
2329
2329
2329
2329
2329
2306
2306
2306
2306
2306
2306
2306
2306
2306
2306
2306
2306
2306
2306
2306
2306
2306
2306
2306
2306
2306
2306
2306
2306
2306
2306
2161
2161
2161
2161
2161
2161
2161
2161
2161
2161
2161
2161
2161
2161
2161
2161
2161
2161
2161
2161
2161
2161
2161
2161
2161
2161
2161
2161
2161
2161
2161
2161
2161
2161
2161
2161
2161
2161
2161
2161
2161
2161
2161
2161
2161
2161
2161
2161
2161
2161
2161
2161
2161
2161
2161
2161
2149
2149
2149
2149
2149
2149
2149
2149
2149
2149
2149
2149
2149
2149
2149
2149
2149
2083
2077
2077
2077
2077
2077
2077
2077
2077
2077
2077
2077
2077
2077
2077
2077
2077
2077
2077
