10131
30000
22251
22251
22251
22251
22251
22251
22251
22251
22251
22251
22251
22251
22251
22251
22251
22251
22251
22251
22251
22251
22251
22251
22251
22251
22251
22251
22251
22251
22251
22251
22251
22251
22251
22251
22251
22251
22251
22251
22251
22205
22205
22205
22205
22205
22205
22205
22205
22205
22205
22205
22205
22205
22205
22205
22205
22205
22205
22205
22205
22205
22205
22205
22205
22205
22205
22205
22205
22205
22205
22205
22205
22205
22205
22205
22205
22205
22205
22205
22205
22205
22205
22205
22205
22205
22205
22205
22205
22205
22205
22205
22205
22205
22205
22205
22205
22205
22205
22205
22205
22205
22205
22205
22205
22205
22205
22205
22205
22205
22205
22205
22205
22205
22205
22205
22205
22205
22205
22205
22205
22205
22205
22205
22205
22205
22205
22205
22135
22135
22135
22135
22135
22135
22135
22135
22135
22135
22135
22135
22135
22135
22135
22135
22135
22135
22135
22135
22135
22135
22135
22135
22135
22135
21971
21971
21971
21971
21971
21971
21971
21971
21971
21971
21971
21971
21971
21971
21971
21971
21971
21971
21971
21971
21971
21971
21971
21971
21971
21971
21971
21971
21971
21971
21971
21971
21971
21971
21971
21971
21971
21971
21971
21971
21971
21971
21971
21971
21971
21971
21971
21971
21971
21958
21958
21958
21958
21958
21958
21958
21958
21958
21958
21958
21958
21958
21958
21958
21958
21958
21958
21958
21958
21958
21958
21958
21958
21958
21958
21958
21958
21958
21958
21958
21958
21958
21958
21958
21958
21958
21958
21958
21958
21958
21958
21958
21958
21958
21958
21943
21943
21943
21943
21943
21943
21943
21943
21891
21891
21891
21891
21891
21891
21891
21891
21891
21891
21891
21891
21891
21891
21891
21891
21891
21891
21891
21891
21891
21891
21891
21891
21891
21891
21891
21891
21891
21891
21891
21891
21891
21891
21891
21891
21891
21891
21891
21891
21891
21891
21891
21891
21891
21891
21891
21891
21891
21891
21891
21891
21891
21891
21891
21891
21891
21891
21891
21891
21891
21891
21891
21891
21891
21891
21891
21891
21891
21891
21891
21891
21891
21891
21891
21891
21891
21891
21891
21891
21891
21891
21891
21891
21891
21891
21891
21891
21891
21891
21891
21891
21891
21891
21891
21891
21891
21875
21875
21875
21875
21875
21875
21875
21875
21686
21686
21686
21686
21686
21686
21686
21686
21686
21686
21686
21686
21686
21686
21686
21686
21686
21686
21686
21686
21686
21686
21686
21686
21686
21686
21686
21686
21686
21686
21686
21686
21686
21649
21649
21649
21649
21649
21649
21649
21649
21649
21649
21649
21649
21649
21649
21649
21649
21649
21649
21649
21649
21649
21649
21649
21649
21649
21385
21385
21385
21385
21385
21385
21385
21385
21385
21385
21385
21385
21385
21385
21385
21385
21385
21385
21385
21385
21385
21385
21385
21385
21385
21385
21385
21385
21385
21385
21385
21385
21385
21385
21385
21385
21385
21385
21385
21385
21385
21385
21385
21385
21385
21385
21385
21385
21385
21385
21385
21385
21367
21367
21367
21367
21367
21367
21367
21367
21367
21367
21367
21367
21367
21367
21367
21367
21367
21367
21367
21367
21367
21367
21367
21367
21367
21367
21367
21367
21367
21367
21367
21367
21367
21367
21367
21367
21367
21367
21367
21367
21367
21367
21367
21367
21367
21367
21367
21367
21367
21367
21367
21367
21367
21367
21367
21367
21367
21367
21367
21367
21367
21367
21367
21367
21367
21367
21367
21367
21367
21367
21367
21367
21367
21367
21367
21367
21367
21367
21367
21367
21367
21367
21367
21367
21367
21367
21367
21367
21367
21367
21298
21298
21298
21298
21298
21298
21298
21298
21298
21298
21291
21291
21291
21291
21291
21291
21291
21291
21291
21291
21291
21291
21291
21291
21291
21291
21291
21291
21291
21291
21291
21291
21291
21291
21291
21291
21291
21291
21291
21291
21291
21291
21291
21291
21291
21291
21291
21291
21291
21291
21291
21291
21291
21291
21291
21291
21291
21291
21291
21291
21291
21291
21291
21291
21291
21291
21291
21291
21291
21291
21291
21291
21291
21291
21291
21291
21291
21291
21291
21291
21291
21291
21291
21291
21291
21291
21291
21291
21291
21291
21291
21291
21165
21165
21165
21165
21165
21165
21165
21165
21165
21165
21165
21165
21165
21165
21165
21165
21165
21165
21151
21151
21151
21151
21151
21151
21151
21151
21151
21151
21151
21151
21151
21151
21151
21151
21151
21151
21151
21151
21151
21151
21151
21151
21151
21151
21151
21151
21151
21151
21151
21151
21151
21151
21151
21151
21151
21151
21151
21151
21151
21151
21092
21092
21092
21092
21092
21092
21092
21092
21092
21092
21092
21092
21092
21092
21092
21092
21092
21092
21092
21092
21092
21092
21092
21092
21092
21092
21092
21092
21092
21092
21092
21092
21092
21092
21092
21092
21092
21092
21092
21092
21092
21092
21092
21036
21036
21036
21036
21036
21036
21036
21036
21036
21036
21036
21036
21036
21036
21036
21036
21036
21036
21036
21036
21036
21036
21036
21036
21036
21036
21036
21036
21036
21036
21036
21036
21036
21036
21036
21036
21036
21036
21036
21036
21036
21036
21036
21036
21036
21036
21036
21036
21036
21036
21036
21036
21036
21036
21036
21036
21036
21036
21036
21036
21036
21036
21036
21036
21036
21036
21036
21036
21036
21036
21036
21036
21036
21036
21036
21036
21036
21036
21036
21036
21036
21036
21036
21036
21036
21036
21036
21036
21036
21036
21036
21036
21002
21002
21002
21002
21002
21002
21002
21002
21002
21002
21002
21002
21002
21002
21002
21002
21002
21002
21002
21002
21002
21002
21002
21002
21002
21002
21002
21002
21002
21002
21002
21002
21002
21002
21002
21002
21002
21002
21002
20983
20977
20977
20977
20977
20977
20977
20977
20977
20977
20977
20977
20977
20977
20977
20977
20977
20977
20977
20977
20977
20977
20977
20977
20977
20977
20977
20977
20977
20977
20977
20977
20977
20977
20977
20977
20977
20977
20977
20977
20977
20977
20977
20977
20977
20977
20977
20977
20977
20977
20977
20977
20977
20977
20977
20977
20977
20977
20977
20977
20977
20977
20977
20970
20970
20970
20970
20970
20970
20970
20970
20970
20970
20970
20970
20970
20970
20970
20970
20970
20970
20970
20970
20970
20970
20970
20970
20970
20970
20970
20970
20970
20970
20970
20970
20970
20970
20970
20970
20970
20970
20970
20970
20970
20970
20970
20970
20970
20970
20970
20970
20970
20970
20970
20970
20970
20970
20970
20970
20970
20970
20970
20970
20970
20970
20970
20970
20970
20970
20970
20970
20970
20970
20970
20970
20970
20970
20970
20970
20970
20970
20970
20970
20970
20970
20970
20970
20970
20970
20970
20970
20970
20859
20859
20859
20859
20859
20859
20859
20859
20859
20859
20859
20859
20859
20859
20859
20859
20859
20859
20859
20859
20859
20859
20859
20859
20859
20859
20859
20859
20859
20859
20859
20859
20859
20859
20859
20859
20859
20859
20859
20859
20859
20859
20859
20859
20859
20859
20859
20859
20859
20859
20859
20859
20859
20859
20859
20859
20859
20859
20859
20859
20859
20859
20859
20859
20859
20859
20859
20859
20859
20859
20859
20859
20859
20859
20859
20859
20859
20859
20859
20859
20859
20757
20757
20757
20757
20757
20757
20757
20757
20757
20757
20757
20757
20757
20757
20757
20757
20757
20757
20757
20757
20757
20757
20757
20757
20757
20757
20757
20757
20757
20757
20757
20757
20757
20757
20757
20757
20757
20757
20757
20757
20757
20757
20386
20386
20386
20386
20386
20386
20386
20386
20386
20386
20386
20386
20386
20386
20386
20386
20386
20386
20386
20386
20386
20386
20386
20386
20386
20386
20386
20386
20386
20386
20386
20386
20386
20386
20386
20386
20386
20386
20386
20305
20305
20305
20305
20305
20305
20305
20305
20305
20305
20305
20305
20305
20305
20305
20305
20305
20305
20305
20305
20305
20305
20305
20305
20305
20305
20305
20305
20305
20305
20305
20305
20305
20305
20305
20305
20305
20305
20305
20305
20305
20305
20305
20305
20305
20305
20305
20305
20305
20305
20305
20305
20305
20305
20305
20305
20305
20305
20305
20305
20305
20305
20305
20305
20305
20305
20305
20305
20305
20305
20305
20305
20305
20305
20305
20305
20305
20305
20305
20305
20305
20305
20305
20305
20305
20305
20305
20305
20305
20305
20305
20305
20305
20305
20188
20188
20188
20188
20188
20188
20188
20188
20188
20188
20188
20188
20188
20188
20188
20188
20188
20188
20188
20188
20188
20188
20188
20188
20188
20188
20188
20188
20188
20188
20155
20155
20155
20155
20155
20155
20155
20155
20155
20155
20155
20155
20155
20155
20155
20155
20082
20082
20082
20082
20082
20082
20082
20082
20082
20082
20082
20082
20082
20082
20082
20082
20082
20082
20082
20082
20082
20082
20082
20082
20082
20082
20082
20082
20082
20082
20082
20082
20082
20082
20082
20082
20082
20082
20082
20082
20082
20082
20082
20082
20082
20082
20082
20082
20082
20082
20082
20082
20082
20082
20082
20082
20082
20082
20082
20082
20082
20082
20082
20082
20082
20082
20082
20082
20082
20047
20047
20047
20047
20047
20047
20047
20047
20047
20047
20047
20047
20047
20047
20047
20047
20047
20047
20047
20047
20047
20047
20047
20047
19973
19973
19973
19948
19948
19948
19948
19948
19948
19948
19948
19948
19948
19948
19948
19948
19948
19948
19948
19948
19948
19948
19948
19948
19948
19948
19948
19948
19948
19948
19948
19948
19948
19948
19948
19948
19948
19948
19948
19948
19948
19948
19948
19948
19948
19948
19948
19948
19948
19948
19948
19948
19948
19948
19948
19948
19948
19948
19948
19948
19948
19948
19948
19948
19948
19948
19948
19948
19948
19948
19948
19948
19896
19896
19896
19504
19504
19504
19504
19504
19504
19504
19504
19504
19504
19504
19504
19504
19504
19504
19504
19504
19504
19504
19504
19504
19504
19504
19504
19504
19504
19504
19504
19504
19504
19504
19504
19504
19504
19504
19504
19504
19504
19504
19504
19504
19345
19305
19305
19305
19305
19305
19305
19305
19305
19305
19305
19305
19305
19305
19305
19305
19305
19305
19305
19305
19305
19305
19305
19305
19305
19305
19305
19305
19305
19305
19305
19305
19305
19305
19305
19305
19305
19305
19305
19305
19305
19305
19305
19305
19305
19305
19305
19305
18978
18978
18978
18978
18978
18978
18978
18978
18978
18978
18978
18978
18978
18978
18978
18978
18978
18978
18978
18978
18978
18978
18978
18978
18978
18978
18978
18978
18978
18978
18978
18978
18978
18978
18978
18978
18978
18978
18978
18978
18978
18978
18978
18978
18978
18978
18978
18978
18978
18978
18978
18978
18978
18978
18978
18978
18978
18978
18978
18978
18978
18978
18978
18978
18978
18978
18978
18978
18978
18978
18978
18978
18978
18978
18978
18978
18978
18978
18978
18978
18978
18978
18978
18978
18978
18978
18978
18978
18978
18978
18978
18978
18978
18978
18978
18978
18978
18978
18978
18978
18968
18968
18968
18968
18657
18657
18657
18657
18657
18657
18657
18657
18657
18657
18657
18657
18657
18657
18657
18657
18657
18657
18657
18657
18657
18657
18657
18657
18657
18657
18657
18657
18657
18657
18657
18657
18657
18657
18657
18657
18657
18657
18657
18657
18657
18657
18657
18657
18657
18657
18657
18657
18657
18657
18657
18657
18657
18657
18657
18657
18657
18657
18657
18657
18564
18564
18564
18564
18564
18564
18564
18564
18564
18564
18564
18564
18564
18564
18564
18564
18564
18564
18564
18564
18564
18564
18564
18564
18564
18564
18564
18564
18564
18564
18564
18564
18564
18564
18564
18564
18564
18564
18564
18564
18564
18564
18564
18564
18564
18564
18564
18564
18564
18564
18564
18564
18564
18564
18564
18564
18564
18564
18564
18564
18564
18564
18564
18564
18564
18564
18564
18564
18564
18564
18564
18564
18564
18564
18564
18564
18564
18564
18564
18564
18564
18564
18564
18564
18564
18564
18564
18564
18564
18564
18564
18551
18551
18551
18551
18551
18551
18551
18551
18551
18424
18424
18424
18424
18424
18424
18424
18424
18424
18424
18424
18424
18424
18424
18424
18424
18424
18424
18424
18424
18424
18424
18424
18424
18424
18424
18424
18424
18424
18424
18424
18424
18424
18424
18424
18424
18424
18272
18272
18272
18272
18272
18272
18272
18272
18272
18272
18272
18272
18272
18272
18272
18272
18272
18272
18272
18272
18272
18272
18272
18272
18272
18272
18272
18272
18272
18272
18272
18272
18272
18272
18272
18272
18272
18272
18272
18272
18272
18272
18272
18272
18272
18272
18253
18253
18253
18253
18253
18253
18253
18253
18253
18253
18253
18253
18253
18198
18198
18198
18198
18198
18198
18198
18198
18198
18198
18198
18198
18198
18198
18198
18198
18198
18198
18198
18198
18198
18198
18198
18198
18198
18198
18198
18198
18198
18198
18198
18198
18198
18198
18198
18198
18198
18198
18198
18198
18198
18198
18198
18198
18198
18198
18198
18198
18198
18198
18198
18198
18198
18198
18198
18198
18198
18198
18198
18198
18198
18198
18198
18198
18198
18198
18198
18198
18198
18198
18198
18198
18198
18198
18198
18198
18198
18198
18198
18198
18198
18198
18198
18198
18198
18198
18198
18198
18198
18198
18198
18198
18198
18198
18198
17936
17936
17936
17936
17936
17936
17936
17936
17936
17936
17936
17936
17936
17936
17936
17936
17936
17936
17936
17936
17936
17936
17936
17936
17936
17936
17936
17936
17936
17936
17936
17936
17936
17936
17936
17936
17936
17936
17936
17936
17936
17936
17936
17936
17936
17936
17936
17936
17936
17936
17936
17936
17936
17936
17936
17936
17936
17936
17936
17936
17936
17936
17936
17936
17936
17936
17936
17936
17936
17936
17936
17936
17936
17936
17936
17936
17936
17936
17936
17936
17936
17936
17936
17936
17936
17936
17936
17936
17936
17936
17936
17932
17932
17932
17932
17932
17932
17932
17932
17932
17932
17932
17932
17932
17932
17932
17932
17932
17932
17932
17932
17932
17932
17932
17932
17932
17932
17932
17932
17932
17932
17932
17932
17932
17932
17932
17932
17932
17932
17932
17932
17932
17932
17932
17932
17932
17932
17932
17932
17932
17932
17932
17932
17932
17932
17932
17932
17932
17932
17932
17932
17932
17932
17932
17932
17932
17932
17932
17932
17932
17932
17932
17932
17932
17932
17691
17691
17691
17691
17691
17691
17691
17691
17691
17691
17691
17691
17691
17691
17691
17691
17691
17691
17691
17691
17691
17691
17691
17691
17691
17691
17691
17691
17691
17691
17691
17691
17691
17691
17691
17691
17691
17691
17691
17691
17691
17691
17691
17691
17691
17691
17691
17691
17691
17691
17691
17691
17691
17691
17691
17691
17691
17691
17691
17691
17691
17691
17691
17691
17691
17691
17691
17691
17691
17691
17691
17691
17691
17691
17691
17691
17691
17691
17691
17691
17691
17691
17691
17454
17454
17454
17454
17454
17454
17454
17454
17454
17454
17454
17454
17454
17454
17454
17454
17454
17454
17454
17454
17454
17454
17454
17454
17454
17454
17454
17454
17454
17454
17454
17454
17454
17454
17454
17454
17454
17454
17454
17454
17454
17454
17454
17454
17454
17454
17454
17454
17454
17454
17454
17454
17454
17454
17454
17454
17454
17454
17454
17454
17454
17454
17454
17454
17454
17454
17454
17454
17421
17421
17421
17421
17421
17421
17421
17421
17421
17421
17421
17421
17421
17421
17421
17421
17421
17421
17421
17421
17421
17421
17421
17421
17421
17421
17421
17421
17421
17421
17421
17421
17421
17421
17421
17421
17421
17421
17421
17421
17421
17421
17421
17421
17421
17421
17421
17421
17421
17421
17421
17421
17323
17323
17323
17323
17323
17323
17323
17323
17323
17323
17323
17323
17323
17323
17323
17323
17323
17323
17323
17323
17323
17323
17323
17323
17323
17323
17323
17323
17323
17323
17323
17323
17323
17323
17323
17323
17323
17323
17323
17323
17323
17323
17323
17323
17323
17323
17323
17323
17323
17323
17323
17323
17323
17323
17323
17323
17323
17323
17323
17323
17323
17323
17323
17323
17323
17323
17323
17323
17221
17221
17221
17221
17221
17221
17221
17221
17221
17221
17221
17221
17221
17221
17221
17221
17221
17221
17221
17221
17221
17221
17221
17221
17221
17221
17221
17221
17221
17221
17221
17221
17221
17221
17221
17221
17221
17221
17221
17221
17221
17221
17221
17221
17221
17221
17221
17221
17221
17221
17221
17221
17221
17221
17221
17221
17221
17221
17221
17221
17221
17221
17221
17221
17221
17221
17221
17221
17221
17221
17221
17221
17221
17221
17221
17221
17221
17024
17024
17024
17024
17024
17024
17024
17024
17024
17024
17024
17024
17024
17024
17024
17024
17024
17024
17024
17024
17024
17024
17024
17024
17024
17024
17024
17024
17024
17024
17024
17024
17024
17024
17024
17024
17024
17024
17024
17024
17024
17024
17024
17024
17024
17024
17024
17024
17024
17024
17024
17024
16795
16795
16795
16795
16795
16795
16795
16795
16795
16795
16795
16795
16795
16795
16795
16795
16795
16795
16795
16795
16795
16795
16795
16795
16795
16795
16795
16795
16795
16795
16795
16795
16795
16795
16795
16795
16795
16795
16795
16795
16795
16795
16795
16795
16795
16795
16795
16795
16795
16795
16795
16795
16795
16795
16795
16795
16795
16795
16795
16795
16795
16795
16795
16795
16795
16712
16712
16712
16712
16712
16712
16712
16712
16712
16712
16712
16712
16712
16712
16712
16712
16712
16712
16712
16712
16712
16712
16712
16712
16712
16712
16712
16712
16712
16712
16712
16712
16712
16712
16688
16688
16688
16688
16688
16688
16688
16688
16688
16688
16688
16688
16688
16688
16688
16688
16688
16688
16688
16688
16688
16530
16530
16530
16530
16530
16530
16530
16530
16530
16530
16530
16530
16530
16530
16530
16530
16530
16530
16530
16530
16530
16530
16530
16530
16530
16530
16530
16530
16530
16530
16530
16530
16530
16530
16530
16530
16530
16530
16530
16530
16530
16530
16530
16530
16530
16530
16530
16530
16530
16530
16530
16530
16530
16530
16530
16530
16530
16530
16530
16530
16530
16530
16530
16530
16530
16530
16530
16530
16530
16530
16530
16530
16530
16530
16530
16530
16530
16530
16530
16530
16530
16351
16351
16351
16351
16351
16351
16351
16351
16351
16351
16351
16351
16351
16351
16351
16351
16351
16351
16351
16351
16351
16351
16351
16351
16351
16351
16351
16351
16351
16351
16351
16351
16351
16351
16351
16351
16351
16351
16351
16351
16351
16351
16351
16351
16351
16351
16351
16351
16351
16351
16351
16351
16351
16351
16351
16351
16351
16351
16351
16351
16351
16351
16351
16351
16351
16351
16351
16351
16351
16351
16351
16351
16351
16351
16351
16351
16351
16351
16351
16351
16351
16351
16351
16351
16351
16351
16351
16351
16351
16351
16351
16351
16351
16351
16351
16351
16351
16351
16229
16229
16229
16060
16060
16060
16060
16060
16060
16060
16060
16060
16060
16060
16060
16060
16060
16060
16060
16060
16060
16060
16060
16060
16060
16060
16060
16060
16060
16060
16060
16060
16060
16060
16060
16060
16060
16060
16060
16060
16060
16060
15997
15997
15997
15997
15997
15997
15997
15997
15997
15997
15997
15997
15997
15997
15997
15997
15997
15997
15997
15997
15997
15931
15931
15903
15903
15903
15903
15903
15903
15903
15903
15903
15903
15903
15903
15903
15903
15903
15903
15903
15903
15903
15903
15903
15903
15903
15903
15903
15903
15903
15903
15903
15903
15903
15903
15903
15903
15903
15903
15903
15903
15903
15903
15903
15903
15903
15903
15903
15903
15903
15903
15903
15903
15903
15903
15903
15903
15903
15903
15903
15903
15903
15691
15691
15691
15691
15691
15691
15691
15691
15691
15691
15691
15691
15691
15691
15691
15691
15691
15691
15691
15691
15691
15691
15691
15691
15691
15691
15691
15691
15691
15691
15691
15691
15691
15691
15691
15691
15691
15691
15691
15691
15691
15691
15691
15691
15691
15691
15691
15691
15691
15691
15691
15691
15691
15691
15691
15691
15691
15691
15691
15691
15691
15691
15691
15691
15691
15691
15691
15438
15438
15438
15438
15438
15438
15438
15438
15438
15438
15438
15438
15438
15438
15438
15438
15332
15332
15332
15332
15332
15332
15332
15332
15332
15332
15332
15332
15332
15332
15332
15332
15332
15332
15332
15332
15332
15332
15332
15332
15332
15332
15332
15332
15332
15332
15332
15332
15332
15332
15332
15332
15332
15285
15285
15285
15285
15285
15285
15285
15285
15285
15285
15285
15285
15285
15285
15285
15285
15285
15285
15285
15285
15285
15285
15285
15285
15285
15285
15285
15285
15285
15285
15285
15285
15285
15285
15285
15285
15285
15285
15285
15285
15285
15285
15285
15285
15285
15285
15285
15285
15285
15285
15285
15285
15285
15285
15285
15285
15285
15285
15285
15285
15285
15285
15285
15285
15285
15285
15285
15285
15285
15285
15285
15285
15285
15285
15285
15285
15285
15285
15285
15285
15285
15285
15285
15222
15222
15222
15222
15222
15222
15222
15222
15222
15222
15222
15222
15222
15222
15222
15222
15222
15222
15222
15222
15222
15222
15222
15222
15222
15222
15222
15222
15222
15222
15222
15222
15222
15222
15222
15222
15222
15222
15222
15222
15222
15222
15222
15222
15222
15222
15222
15222
15222
15222
15222
15222
15222
15222
14963
14963
14963
14963
14963
14963
14963
14963
14963
14963
14963
14963
14963
14963
14963
14963
14963
14963
14963
14963
14963
14963
14963
14963
14963
14963
14963
14963
14963
14963
14963
14963
14963
14963
14963
14963
14963
14963
14963
14963
14963
14963
14963
14963
14963
14963
14963
14963
14963
14963
14963
14963
14963
14963
14963
14963
14963
14963
14963
14884
14884
14884
14884
14884
14884
14884
14884
14884
14884
14884
14884
14884
14884
14884
14884
14884
14884
14884
14884
14884
14884
14884
14884
14884
14884
14884
14884
14884
14884
14884
14884
14884
14884
14884
14884
14884
14884
14884
14884
14884
14884
14884
14884
14884
14884
14884
14884
14884
14884
14884
14884
14884
14884
14884
14884
14884
14884
14884
14884
14884
14884
14884
14884
14884
14884
14884
14884
14884
14884
14884
14884
14884
14884
14884
14884
14884
14884
14873
14873
14873
14873
14873
14873
14873
14873
14873
14873
14873
14873
14873
14873
14873
14873
14873
14873
14873
14873
14873
14873
14873
14873
14873
14873
14873
14873
14873
14873
14873
14873
14873
14873
14873
14873
14873
14873
14873
14873
14873
14873
14873
14873
14873
14873
14873
14873
14873
14873
14873
14873
14873
14873
14873
14873
14873
14873
14873
14873
14873
14873
14873
14873
14873
14873
14873
14873
14873
14873
14873
14873
14873
14873
14873
14873
14873
14873
14873
14873
14873
14873
14873
14873
14873
14873
14873
14873
14873
14873
14873
14873
14873
14873
14873
14873
14873
14873
14769
14769
14769
14769
14769
14769
14769
14769
14769
14769
14769
14769
14769
14769
14769
14769
14769
14769
14769
14769
14769
14769
14769
14769
14769
14769
14769
14769
14769
14657
14657
14657
14657
14657
14657
14657
14657
14657
14657
14657
14657
14657
14657
14657
14657
14657
14657
14657
14657
14657
14657
14657
14657
14657
14657
14657
14657
14657
14657
14657
14657
14657
14657
14657
14657
14657
14657
14657
14657
14657
14657
14657
14657
14657
14657
14657
14657
14657
14657
14657
14657
14657
14657
14657
14657
14657
14657
14657
14657
14657
14657
14657
14657
14657
14657
14657
14657
14657
14657
14657
14657
14657
14657
14657
14657
14657
14657
14657
14657
14657
14657
14657
14657
14657
14657
14657
14657
14657
14657
14657
14657
14657
14657
14657
14657
14657
14657
14657
14618
14618
14618
14618
14618
14618
14618
14618
14618
14618
14618
14618
14618
14618
14618
14618
14618
14618
14618
14618
14618
14618
14618
14618
14618
14618
14618
14618
14618
14618
14618
14618
14618
14618
14618
14618
14618
14618
14618
14618
14618
14618
14618
14618
14618
14618
14618
14618
14618
14618
14618
14618
14618
14618
14618
14618
14618
14618
14618
14618
14618
14618
14618
14618
14618
14618
14427
14427
14427
14427
14427
14427
14427
14427
14427
14427
14427
14427
14427
14427
14427
14427
14427
14427
14427
14427
14427
14427
14427
14427
14427
14427
14427
14427
14427
14427
14427
14427
14427
14427
14427
14427
14427
14427
14427
14427
14427
14427
14427
14427
14427
14427
14427
14427
14427
14427
14427
14427
14415
14415
14415
14415
14415
14415
14415
14415
14415
14415
14415
14415
14415
14415
14415
14415
14415
14415
14415
14415
14415
14207
14207
14207
14207
14207
14207
14207
14207
14207
14207
14207
14207
14207
14207
14207
14207
14207
14207
14207
14207
14207
14207
14207
14207
14207
14207
14207
14207
14207
14207
14207
14207
14207
14207
14207
14207
14207
14207
14207
14207
14207
14207
14207
14207
14207
14207
14207
14207
14207
14207
14207
14207
14207
14207
14207
14207
14207
14207
14207
14207
14207
14207
14207
14207
14207
14207
14207
14207
14207
14049
14049
14049
14049
14049
14049
14049
14049
14049
14049
14049
14049
14049
14049
14049
14049
14049
14049
14049
14049
14049
14049
14049
14049
14049
14049
14049
14049
14049
14049
14049
14049
14049
14049
14049
14049
14049
14049
14049
14049
14049
14049
14049
14049
14049
14049
14049
14049
14049
14049
14049
14049
14049
14049
14049
14049
14049
14049
14049
14049
14049
14049
14049
14049
14049
14049
14009
14009
14009
14009
14009
14009
14009
14009
14009
14009
14009
14009
14009
14009
14009
14009
14009
14009
14009
14009
14009
14009
14009
14009
14009
14009
14009
14009
14003
14003
14003
14003
14003
14003
14003
14003
14003
14003
13924
13924
13924
13924
13924
13924
13924
13924
13924
13924
13924
13924
13924
13924
13924
13924
13843
13843
13843
13843
13843
13843
13843
13843
13843
13843
13843
13843
13843
13843
13843
13843
13843
13843
13843
13843
13843
13843
13843
13843
13843
13843
13843
13843
13843
13843
13843
13843
13669
13669
13669
13669
13669
13669
13669
13669
13669
13669
13669
13669
13669
13669
13669
13669
13669
13669
13669
13669
13669
13669
13669
13669
13669
13669
13669
13669
13669
13669
13669
13669
13669
13669
13669
13669
13669
13669
13669
13669
13669
13669
13669
13388
13388
13388
13388
13388
13388
13388
13388
13388
13388
13388
13388
13388
13388
13186
13186
13186
13186
13186
13186
13164
13164
13164
13164
13164
13164
13164
13164
13164
13164
13164
13164
13164
13164
13164
13164
13164
13164
13164
13164
13164
13164
13164
13164
13164
13164
13164
13164
13164
13164
13164
13164
13164
13164
13164
13164
13164
13164
13164
13164
13164
13164
13164
13164
13164
13164
13164
13164
13164
13164
13164
13164
13164
13164
13164
13164
13164
13164
13164
13164
13164
13164
13164
12929
12929
12929
12929
12929
12929
12929
12929
12929
12929
12929
12929
12929
12929
12929
12929
12929
12929
12929
12929
12929
12929
12929
12929
12929
12929
12929
12929
12929
12929
12929
12929
12929
12929
12929
12929
12929
12929
12929
12929
12929
12929
12929
12929
12929
12929
12929
12929
12929
12929
12929
12929
12929
12929
12929
12929
12929
12929
12929
12929
12929
12929
12929
12929
12929
12929
12929
12889
12889
12889
12889
12889
12889
12889
12889
12889
12889
12889
12889
12889
12889
12889
12889
12889
12889
12889
12889
12889
12889
12889
12889
12889
12889
12889
12889
12889
12889
12889
12889
12889
12889
12889
12889
12889
12889
12889
12889
12889
12889
12889
12889
12889
12889
12889
12889
12889
12889
12889
12889
12889
12889
12889
12889
12889
12889
12889
12889
12889
12889
12889
12889
12889
12889
12889
12889
12889
12889
12889
12889
12889
12889
12889
12889
12889
12889
12889
12889
12889
12889
12889
12889
12889
12889
12889
12889
12889
12889
12889
12889
12889
12889
12889
12889
12889
12889
12889
12846
12846
12846
12846
12846
12846
12846
12846
12846
12846
12846
12846
12846
12846
12846
12846
12846
12846
12846
12846
12846
12846
12846
12846
12846
12846
12846
12846
12846
12846
12846
12846
12846
12846
12846
12846
12846
12846
12846
12846
12846
12846
12846
12735
12735
12735
12735
12735
12735
12735
12735
12735
12735
12735
12735
12735
12735
12735
12735
12735
12735
12735
12735
12735
12735
12735
12735
12735
12735
12735
12735
12735
12735
12735
12735
12735
12735
12735
12735
12735
12735
12735
12576
12576
12531
12531
12531
12531
12531
12531
12531
12531
12531
12531
12531
12531
12531
12531
12531
12531
12531
12531
12531
12531
12531
12531
12531
12531
12531
12531
12531
12531
12531
12531
12531
12531
12531
12531
12531
12531
12531
12531
12531
12462
12462
12462
12462
12462
12462
12462
12462
12462
12462
12462
12462
12462
12462
12462
12462
12462
12462
12462
12462
12462
12462
12462
12462
12462
12462
12462
12462
12462
12462
12462
12462
12462
12462
12462
12462
12462
12462
12462
12462
12383
12383
12383
12383
12383
12383
12383
12383
12383
12383
12383
12383
12383
12383
12383
12383
12383
12383
12383
12383
12383
12383
12383
12383
12383
12383
12383
12383
12383
12383
12383
12383
12383
12383
12383
12383
12383
12383
12383
12383
12383
12312
12312
12312
12312
12312
12312
12312
12312
12312
12312
12312
12312
12312
12312
12312
12312
12312
12312
12312
12312
12312
12312
12312
12312
12312
12312
12312
12312
12312
12312
12312
12312
12312
12312
12312
12312
12312
12312
12312
12312
12312
12312
12312
12312
12312
12312
12312
12312
12312
12312
12312
12312
12312
12312
12312
12312
12312
12312
12312
12312
12312
12312
12312
12312
12312
12312
12312
12312
12312
12312
12312
12312
12312
12312
12312
12312
12299
12299
12299
12299
12299
12299
12299
12299
12299
12299
12299
12299
12299
12299
12299
12299
12299
12299
12299
12299
12299
12299
12299
12299
12299
12299
12299
12299
12299
12299
12299
12299
12299
12299
12299
12299
12299
12299
12299
12299
12299
12299
12299
12278
12278
12278
12278
12278
12278
12278
12278
12278
12278
12278
12278
12278
12278
12278
12278
12278
12278
12278
12278
12278
12278
12278
12278
12278
12278
12199
12199
12199
12199
12199
12199
12199
12199
12199
12199
12199
12199
12199
12199
12199
12199
12199
12199
12199
12199
12199
12199
12199
12199
12199
12199
12199
12199
12199
12199
12199
12199
12199
12199
12199
12199
12199
12199
12199
12199
12199
12199
12155
12155
12155
12155
12155
12155
12155
12155
12155
12155
12155
12155
12155
12155
12155
12155
12155
12155
12155
12155
12155
12155
12155
12155
12155
12155
12155
12155
12155
12155
12155
12155
12155
12155
12155
12155
12155
12155
12155
12155
12155
12155
12155
12155
12155
12155
12155
12155
12155
12155
12155
12155
12155
12155
12108
12108
12108
12108
12108
12108
12108
12108
12108
12108
12108
12108
12108
12108
12108
12108
12108
12108
12108
12108
12108
12108
12108
12108
12108
12108
12108
12108
12108
12108
12108
12108
12108
12108
12108
12108
12108
12108
12108
12108
12108
12108
12108
12108
12108
12108
12108
12108
12108
12108
12108
12108
12108
12108
12108
12108
12108
12108
12108
12108
12108
12108
12108
12108
12108
12108
12108
12108
12108
12108
12108
12108
12108
12108
12108
12108
12108
12108
12108
12108
12108
12108
12108
12108
12108
12108
12108
12108
12108
12108
12108
12108
12108
12108
12108
12108
12108
12108
12096
12096
12096
12096
12096
12096
12096
12096
12096
12096
12096
12096
12096
12096
12096
12096
12096
12096
12096
12096
12096
12096
12096
12096
12096
12096
12096
12096
12096
12096
12096
12096
12096
12096
12096
12096
12096
12096
12096
12096
12066
12066
12066
12066
12066
12066
12066
12066
12066
12066
12066
12066
12066
12066
12066
12066
12066
12066
12066
12066
12066
12066
12066
12066
12066
12066
12066
12066
12066
12066
12066
12066
12066
12066
12066
12066
12066
12066
12066
12066
12066
12066
12066
12066
12066
12066
12066
12066
12066
12066
12066
12066
12066
12066
12066
12066
12066
12066
12066
12066
12066
12066
12066
12066
12066
12066
12066
12066
12066
12066
12066
12066
12066
12066
12066
12066
12066
12066
12066
12066
12066
12002
12002
12002
12002
12002
12002
12002
12002
12002
12002
12002
12002
12002
12002
12002
12002
12002
12002
12002
12002
12002
12002
12002
12002
12002
12002
12002
12002
12002
12002
12002
12002
12002
12002
12002
12002
12002
12002
12002
12002
12002
12002
12002
12002
12002
12002
12002
12002
12002
12002
12002
12002
12002
12002
12002
12002
12002
12002
12002
12002
12002
12002
12002
12002
12002
12002
12002
12002
12002
12002
12002
12002
12002
12002
12002
12002
12002
12002
12002
12002
12002
12002
12002
12002
12002
11895
11895
11895
11895
11895
11895
11895
11895
11895
11895
11895
11895
11895
11895
11895
11895
11895
11895
11895
11895
11895
11895
11895
11895
11895
11895
11895
11895
11895
11895
11895
11895
11895
11895
11895
11895
11895
11895
11895
11895
11895
11895
11895
11895
11895
11895
11895
11895
11895
11895
11895
11895
11865
11865
11865
11865
11865
11865
11865
11865
11865
11865
11865
11865
11865
11865
11865
11865
11865
11865
11865
11865
11865
11865
11865
11865
11865
11865
11865
11865
11865
11865
11865
11865
11865
11865
11865
11865
11865
11865
11865
11865
11865
11865
11865
11865
11865
11865
11865
11865
11865
11865
11865
11865
11865
11865
11865
11865
11865
11865
11865
11865
11865
11865
11865
11865
11865
11865
11865
11865
11865
11865
11865
11865
11865
11865
11742
11742
11742
11742
11742
11742
11742
11742
11742
11742
11742
11742
11742
11742
11742
11742
11742
11742
11742
11742
11742
11742
11742
11742
11742
11742
11742
11742
11742
11742
11742
11742
11742
11742
11742
11742
11742
11742
11742
11742
11742
11742
11742
11742
11742
11742
11742
11742
11742
11742
11742
11742
11742
11742
11742
11742
11742
11742
11742
11742
11742
11742
11742
11742
11742
11742
11742
11742
11742
11742
11742
11742
11742
11742
11742
11742
11742
11742
11742
11742
11742
11742
11742
11742
11742
11742
11742
11742
11742
11742
11742
11742
11742
11742
11742
11742
11742
11742
11742
11742
11703
11703
11703
11703
11703
11703
11703
11703
11703
11703
11703
11703
11703
11703
11703
11703
11703
11703
11703
11703
11703
11703
11703
11703
11703
11703
11703
11703
11703
11703
11703
11703
11703
11703
11703
11703
11703
11703
11703
11703
11703
11703
11703
11703
11703
11703
11703
11703
11703
11703
11703
11703
11703
11703
11703
11703
11703
11703
11703
11703
11703
11703
11703
11703
11703
11703
11703
11703
11703
11703
11703
11703
11703
11703
11703
11703
11700
11700
11700
11700
11700
11700
11700
11700
11700
11700
11700
11700
11700
11700
11700
11700
11700
11700
11700
11700
11700
11700
11700
11700
11700
11700
11700
11700
11700
11700
11700
11700
11700
11700
11700
11700
11700
11700
11700
11700
11700
11700
11700
11700
11700
11700
11700
11700
11700
11700
11700
11700
11700
11700
11700
11700
11700
11700
11700
11700
11700
11700
11700
11700
11700
11700
11700
11700
11700
11700
11700
11700
11700
11700
11700
11700
11700
11700
11700
11700
11700
11700
11700
11700
11700
11700
11700
11700
11700
11700
11700
11700
11700
11700
11700
11700
11700
11700
11700
11665
11665
11665
11665
11665
11665
11665
11665
11665
11665
11665
11665
11665
11665
11665
11665
11665
11665
11665
11665
11665
11665
11665
11665
11665
11665
11665
11665
11665
11665
11665
11665
11665
11665
11665
11665
11665
11665
11665
11665
11665
11665
11665
11665
11665
11665
11665
11665
11665
11665
11665
11665
11665
11665
11665
11665
11665
11665
11665
11665
11665
11665
11665
11665
11665
11665
11665
11665
11665
11665
11665
11665
11665
11665
11665
11665
11543
11543
11543
11543
11543
11543
11543
11543
11543
11543
11543
11543
11543
11543
11543
11543
11543
11543
11543
11543
11543
11543
11543
11543
11543
11543
11543
11543
11543
11543
11543
11543
11543
11543
11543
11543
11543
11543
11543
11543
11543
11543
11543
11543
11543
11543
11543
11543
11543
11543
11543
11543
11543
11543
11543
11543
11543
11543
11543
11543
11543
11543
11543
11543
11543
11406
11406
11406
11406
11406
11406
11406
11406
11406
11406
11406
11406
11406
11406
11406
11406
11406
11406
11406
11406
11406
11406
11406
11406
11406
11406
11406
11406
11406
11406
11406
11406
11406
11406
11406
11406
11406
11406
11362
11362
11362
11362
11362
11362
11362
11362
11362
11362
11362
11362
11362
11362
11362
11362
11362
11362
11362
11362
11362
11362
11362
11362
11362
11362
11362
11362
11362
11362
11362
11362
11362
11362
11362
11362
11362
11362
11362
11362
11362
11362
11362
11362
11362
11362
11362
11362
11362
11362
11362
11362
11362
11362
11362
11362
11362
11362
11362
11362
11362
11362
11362
11362
11362
11362
11362
11362
11362
11362
11362
11362
11362
11362
11362
11362
11362
11362
11362
11362
11362
11362
11362
11362
11356
11356
11356
11356
11356
11356
11356
11356
11356
11356
11356
11356
11356
11356
11356
11356
11356
11356
11356
11356
11356
11356
11356
11356
11356
11356
11356
11356
11356
11356
11356
11356
11356
11356
11356
11356
11356
11356
11356
11356
11356
11356
11356
11356
11356
11356
11356
11356
11356
11309
11309
11309
11309
11309
11309
11309
11309
11309
11309
11309
11309
11309
11309
11309
11309
11309
11309
11309
11309
11309
11309
11309
11309
11309
11309
11309
11309
11309
11309
11309
11309
11309
11309
11309
11309
11309
11309
11309
11309
11309
11309
11309
11309
11309
11309
11309
11309
11309
11309
11309
11309
11309
11309
11309
11309
11309
11309
11309
11309
11160
11160
11160
11160
11160
11160
11160
11160
11160
11160
11160
11160
11160
11160
11160
11160
11160
11160
11160
11160
11160
11160
11160
11160
11160
11160
11160
11160
11160
11160
11160
11160
11160
11160
11160
11160
11160
11160
11160
11160
11160
11160
11160
11160
11160
11160
11160
11160
11160
11160
11160
11160
11160
11160
11160
11160
11160
11160
11160
11160
11160
11160
11160
11160
11160
11160
11160
11160
11160
11160
11160
11160
11160
11160
11160
11160
11160
11160
11160
11160
11160
11160
11160
11160
11160
11160
11160
11160
11160
11160
11160
11160
11160
11146
11146
11146
11146
11146
11146
11146
11146
11146
11146
11146
11146
11146
11146
11146
11045
11045
11045
11045
11045
11045
11045
11020
11020
11020
11020
11020
11020
11020
11020
11020
11020
11020
11020
11020
11020
11020
11020
11020
11020
11020
11020
11020
11020
11020
11020
11020
11020
11020
11020
11020
11020
11020
11020
11020
11020
11020
11020
11020
11020
11020
11020
11020
11020
11020
11020
11020
11020
11020
11020
11020
11020
11020
11020
11020
11020
11020
11020
11020
11020
11020
11020
11020
11020
11020
11020
11020
11020
11020
11020
11020
11020
11011
11011
11011
11011
11011
11011
11011
11011
11011
11011
11011
11011
11011
11011
11011
10976
10976
10976
10836
10836
10836
10836
10836
10836
10836
10836
10836
10836
10836
10836
10836
10836
10836
10836
10836
10749
10749
10749
10749
10749
10749
10749
10749
10749
10749
10749
10749
10749
10749
10749
10749
10749
10749
10749
10749
10749
10749
10749
10749
10749
10749
10749
10749
10749
10749
10749
10749
10749
10749
10749
10749
10749
10749
10749
10749
10749
10749
10749
10681
10681
10681
10681
10681
10681
10681
10681
10681
10681
10681
10681
10681
10681
10681
10681
10681
10681
10681
10681
10681
10681
10681
10681
10681
10681
10681
10681
10681
10681
10681
10681
10681
10681
10681
10681
10681
10681
10681
10681
10681
10681
10681
10681
10681
10681
10681
10681
10681
10681
10681
10681
10681
10681
10681
10681
10681
10681
10681
10681
10681
10681
10681
10681
10681
10681
10681
10681
10681
10681
10681
10681
10681
10681
10681
10681
10681
10681
10681
10681
10681
10681
10681
10681
10681
10681
10681
10681
10681
10681
10681
10663
10663
10663
10663
10413
10413
10413
10413
10413
10413
10413
10413
10413
10413
10413
10413
10413
10413
10413
10413
10413
10413
10413
10413
10413
10413
10413
10413
10413
10413
10413
10413
10413
10413
10413
10413
10413
10413
10413
10413
10413
10413
10413
10413
10413
10413
10413
10413
10413
10413
10413
10413
10413
10413
10413
10413
10413
10413
10413
10413
10413
10413
10413
10413
10413
10413
10413
10413
10413
10413
10413
10413
10413
10413
10413
10413
10413
10390
10390
10390
10390
10390
10390
10390
10390
10390
10390
10390
10390
10390
10390
10390
10390
10390
10390
10390
10390
10390
10390
10390
10390
10390
10390
10390
10390
10390
10390
10390
10390
10390
10390
10390
10390
10390
10390
10390
10390
10390
10390
10390
10390
10390
10390
10390
10390
10390
10390
10390
10390
10390
10390
10390
10280
10280
10280
10280
10280
10280
10280
10280
10280
10280
10280
10280
10280
10280
10280
10280
10280
10280
10280
10280
10280
10280
10280
10280
10280
10280
10280
10280
10280
10280
10280
10280
10280
10280
10280
10280
10280
10280
10280
10280
10280
10280
10280
10280
10280
10280
10280
10280
10280
10280
10280
10280
10280
10280
10280
10280
10245
10245
10245
10245
10245
10245
10245
10245
10245
10245
10245
10245
10245
10245
10245
10245
10245
10245
10245
10245
10083
10083
10083
10083
10083
10083
10083
10083
10083
10083
10083
10083
10083
10083
10083
10083
10083
10083
10083
10083
10083
10083
10083
10083
10083
10083
10028
10028
10028
10028
10028
10028
10028
10028
10028
10028
10028
10028
10028
10028
10028
10028
10028
10028
10028
10028
10028
10028
10028
10028
10028
10028
10028
10028
10028
10028
10028
10028
10028
10028
10028
10028
10028
10028
10028
10028
10028
10028
10028
10028
10028
9857
9857
9857
9857
9857
9857
9857
9857
9857
9857
9857
9857
9857
9857
9857
9857
9857
9857
9857
9857
9857
9857
9857
9857
9857
9857
9857
9857
9857
9857
9857
9857
9857
9857
9857
9857
9857
9857
9857
9857
9857
9857
9857
9857
9857
9857
9857
9857
9857
9857
9857
9857
9857
9857
9857
9857
9857
9857
9857
9857
9857
9857
9857
9857
9857
9857
9857
9857
9857
9857
9857
9857
9857
9857
9857
9857
9857
9857
9857
9857
9857
9857
9857
9857
9857
9857
9857
9857
9857
9857
9748
9734
9734
9734
9734
9734
9734
9734
9734
9734
9734
9734
9734
9734
9734
9734
9734
9734
9734
9734
9734
9734
9734
9734
9734
9734
9734
9734
9734
9734
9734
9734
9734
9734
9734
9734
9734
9734
9734
9734
9734
9734
9734
9734
9734
9734
9734
9734
9734
9734
9734
9734
9734
9734
9734
9734
9734
9734
9734
9734
9734
9734
9734
9734
9734
9734
9734
9734
9734
9734
9734
9734
9734
9734
9734
9734
9734
9734
9734
9734
9734
9734
9734
9734
9734
9734
9734
9734
9734
9734
9734
9734
9734
9734
9734
9734
9734
9734
9684
9684
9684
9684
9684
9684
9684
9684
9684
9684
9684
9684
9684
9684
9684
9684
9684
9684
9684
9684
9684
9684
9684
9684
9684
9684
9684
9684
9684
9684
9684
9684
9684
9684
9684
9684
9684
9684
9684
9684
9684
9684
9684
9684
9684
9684
9684
9684
9684
9684
9684
9684
9684
9684
9684
9684
9684
9684
9684
9684
9684
9684
9684
9684
9684
9684
9684
9684
9684
9684
9657
9657
9657
9657
9657
9657
9657
9657
9657
9657
9657
9657
9657
9657
9657
9657
9657
9657
9657
9657
9657
9657
9657
9657
9657
9657
9657
9657
9657
9657
9657
9657
9657
9657
9657
9657
9657
9657
9657
9657
9657
9657
9657
9657
9657
9657
9657
9657
9657
9657
9657
9657
9657
9657
9657
9657
9657
9657
9657
9657
9657
9657
9657
9657
9657
9657
9657
9657
9657
9657
9657
9657
9657
9657
9657
9657
9657
9657
9648
9648
9648
9648
9648
9648
9648
9648
9648
9648
9648
9648
9648
9648
9648
9648
9648
9648
9648
9648
9648
9648
9648
9648
9648
9648
9648
9648
9648
9648
9648
9648
9648
9648
9648
9648
9648
9648
9648
9648
9648
9648
9648
9648
9648
9648
9648
9648
9648
9648
9648
9648
9648
9648
9648
9648
9648
9648
9648
9648
9648
9648
9648
9648
9648
9648
9648
9648
9648
9648
9648
9648
9648
9648
9648
9648
9648
9608
9608
9608
9608
9608
9608
9608
9608
9608
9608
9608
9608
9608
9608
9608
9608
9608
9608
9608
9608
9608
9608
9608
9608
9608
9608
9608
9608
9608
9608
9608
9608
9608
9608
9608
9608
9608
9608
9608
9608
9608
9608
9608
9608
9608
9608
9608
9608
9608
9608
9608
9608
9608
9608
9608
9608
9608
9608
9608
9608
9608
9608
9608
9608
9608
9608
9608
9608
9608
9608
9608
9608
9608
9608
9608
9608
9606
9606
9606
9606
9606
9606
9606
9606
9606
9606
9606
9606
9606
9606
9606
9606
9606
9606
9606
9606
9606
9606
9606
9606
9606
9606
9606
9606
9606
9606
9606
9606
9606
9606
9606
9606
9606
9606
9606
9606
9606
9606
9606
9606
9606
9606
9606
9606
9606
9606
9606
9606
9606
9606
9606
9606
9606
9606
9606
9606
9606
9606
9606
9606
9606
9606
9606
9606
9606
9606
9606
9606
9606
9606
9606
9606
9606
9606
9606
9606
9606
9606
9606
9606
9606
9606
9606
9606
9606
9606
9606
9606
9346
9346
9346
9346
9346
9346
9346
9346
9346
9346
9346
9346
9346
9346
9346
9346
9346
9346
9346
9346
9346
9346
9346
9346
9346
9346
9346
9346
9346
9346
9346
9346
9346
9346
9346
9346
9346
9346
9346
9346
9346
9346
9346
9346
9346
9346
9346
9346
9346
9346
9346
9346
9346
9346
9346
9346
9346
9346
9346
9346
9346
9346
9346
9346
9346
9346
9346
9346
9346
9346
9346
9346
9346
9346
9346
9346
9346
9346
9346
9346
9346
9346
9346
9346
9346
9346
9346
9346
9346
9346
9346
9346
9331
9331
9331
9331
9331
9331
9331
9331
9331
9331
9331
9331
9331
9331
9331
9331
9331
9331
9331
9331
9331
9331
9331
9331
9331
9331
9331
9331
9331
9331
9331
9331
9331
9331
9331
9331
9331
9331
9331
9331
9331
9331
9331
9331
9331
9331
9331
9331
9331
9331
9331
9331
9331
9170
9170
9170
9170
9170
9170
9170
9170
9170
9170
9170
9170
9170
9170
9170
9170
9170
9170
9170
9170
9170
9116
9116
9116
9116
9116
9116
9116
9116
9116
9116
9116
9116
9116
9116
9116
9116
9116
9116
9116
9116
9116
9116
9116
9116
9116
9116
9116
9116
9116
9116
9116
9116
9116
9116
9116
9116
9116
9116
9116
9116
9116
9116
9116
9116
9116
9116
9116
9116
9116
9116
9116
9116
9116
9116
9116
9116
9116
9116
9116
9116
9116
9087
9087
9087
9087
9087
9087
9087
9087
9087
9087
9087
9087
9087
9087
9087
9087
9087
9087
9087
9087
9087
9087
9087
9087
9087
9087
9087
9087
9087
9087
9087
9087
9087
9087
9087
9087
9087
9087
9087
9087
9087
9087
9087
9087
9087
9087
9087
9087
9087
9087
9087
9087
9087
9087
9087
9087
9087
9087
9087
9087
9087
9087
9087
9087
9087
9087
9087
9087
9087
9087
9087
9087
9087
9087
9087
9087
9087
9087
9087
9087
9087
9087
9087
9087
9087
9087
9087
9087
9087
9087
9087
9032
9032
9032
9032
9032
9032
9032
9032
9032
9032
9032
9032
9032
9032
9032
9032
9032
9032
9032
9032
9032
9032
9032
9032
9032
9032
9032
9032
9032
9032
9032
9032
9032
9032
9032
8982
8982
8982
8982
8982
8982
8982
8982
8982
8982
8982
8982
8982
8982
8982
8982
8982
8982
8982
8982
8982
8982
8982
8982
8982
8982
8982
8982
8982
8982
8982
8982
8982
8982
8982
8982
8982
8982
8982
8982
8982
8982
8982
8982
8982
8982
8982
8982
8982
8982
8982
8982
8982
8982
8982
8982
8982
8982
8982
8982
8982
8982
8982
8982
8982
8982
8982
8982
8982
8982
8982
8982
8982
8982
8982
8982
8982
8982
8982
8982
8982
8982
8982
8982
8982
8982
8982
8982
8982
8982
8982
8786
8786
8786
8786
8786
8786
8786
8786
8786
8786
8683
8683
8683
8683
8683
8683
8683
8683
8683
8683
8683
8683
8683
8683
8683
8683
8683
8559
8559
8559
8559
8559
8559
8559
8559
8559
8559
8559
8559
8559
8559
8559
8559
8559
8559
8559
8559
8559
8559
8559
8559
8559
8559
8559
8559
8559
8559
8559
8559
8559
8559
8559
8559
8559
8559
8559
8559
8559
8559
8559
8559
8559
8559
8559
8559
8559
8559
8559
8559
8559
8559
8559
8559
8559
8559
8559
8559
8559
8559
8559
8559
8559
8559
8559
8559
8559
8559
8559
8559
8559
8559
8559
8559
8559
8559
8559
8559
8559
8559
8559
8559
8559
8559
8559
8559
8559
8559
8559
8559
8559
8559
8559
8559
8559
8372
8372
8372
8372
8372
8372
8372
8372
8372
8372
8372
8372
8372
8372
8372
8372
8371
8371
8371
8371
8371
8371
8371
8371
8371
8371
8371
8371
8371
8371
8371
8371
8371
8371
8371
8371
8371
8371
8371
8371
8371
8371
8371
8371
8371
8371
8371
8371
8371
8371
8371
8371
8371
8371
8371
8371
8371
8371
8371
8371
8371
8371
8371
8371
8371
8371
8371
8371
8371
8371
8371
8371
8371
8371
8371
8371
8371
8371
8371
8371
8371
8371
8371
8371
8371
8371
8371
8371
8371
8301
8301
8301
8301
8301
8301
8301
8301
8301
8301
8301
8301
8301
8301
8301
8301
8301
8301
8301
8301
8301
8301
8301
8301
8301
8301
8301
8301
8301
8301
8301
8301
8301
8301
8301
8301
8301
8301
8301
8301
8301
8301
8301
8301
8301
8301
8301
8301
8301
8301
8301
8301
8301
8301
8301
8301
8301
8301
8301
8301
8301
8301
8301
8301
8301
8301
8301
8301
8301
8301
8301
8301
8301
8301
8301
8301
8204
8204
8204
8204
8204
8204
8204
8204
8204
8204
8200
8200
8200
8200
8200
8200
8200
8200
8200
8200
8200
8200
8200
8200
8200
8200
8200
8200
8200
8200
8200
8200
8200
8200
8200
8200
7977
7977
7977
7977
7977
7977
7977
7977
7977
7977
7977
7927
7927
7927
7927
7927
7756
7756
7756
7756
7756
7756
7756
7756
7756
7756
7756
7756
7756
7756
7756
7756
7756
7756
7756
7756
7756
7756
7756
7756
7756
7756
7756
7756
7756
7756
7756
7756
7756
7756
7756
7756
7756
7756
7756
7756
7756
7756
7756
7756
7756
7756
7756
7756
7756
7756
7756
7756
7756
7756
7756
7756
7756
7756
7756
7756
7756
7756
7756
7756
7756
7756
7756
7756
7756
7756
7756
7756
7756
7729
7729
7699
7699
7699
7699
7699
7699
7699
7699
7699
7699
7699
7699
7699
7699
7699
7699
7699
7699
7699
7699
7699
7699
7699
7699
7699
7699
7643
7643
7643
7643
7643
7643
7643
7643
7643
7643
7643
7643
7643
7643
7643
7643
7643
7643
7643
7643
7643
7643
7643
7643
7643
7643
7643
7643
7643
7643
7643
7643
7643
7643
7643
7643
7643
7643
7643
7643
7643
7643
7643
7643
7643
7643
7643
7643
7643
7643
7643
7643
7643
7643
7643
7643
7643
7643
7643
7643
7643
7643
7643
7643
7643
7643
7643
7643
7643
7643
7643
7643
7643
7643
7643
7643
7643
7643
7643
7643
7643
7643
7643
7643
7643
7643
7643
7643
7643
7643
7643
7643
7643
7561
7561
7561
7561
7561
7561
7561
7561
7561
7561
7561
7561
7561
7561
7561
7561
7561
7561
7561
7561
7561
7561
7561
7561
7561
7561
7561
7561
7561
7561
7561
7561
7561
7561
7561
7561
7561
7561
7561
7561
7561
7561
7561
7561
7561
7561
7561
7561
7561
7561
7561
7561
7561
7561
7561
7561
7561
7561
7561
7561
7561
7561
7561
7561
7561
7561
7561
7561
7561
7561
7561
7561
7347
7347
7347
7347
7347
7347
7347
7347
7347
7347
7347
7347
7347
7347
7347
7347
7347
7347
7347
7347
7347
7347
7347
7347
7347
7347
7347
7347
7347
7347
7347
7347
7347
7347
7347
7347
7347
7347
7347
7347
7347
7347
7347
7347
7347
7347
7347
7347
7347
7347
7347
7347
7347
7347
7347
7347
7347
7347
7347
7347
7347
7347
7347
7347
7347
7347
7347
7347
7347
7347
7262
7262
7262
7262
7262
7262
7262
7262
7262
7262
7262
7262
7262
7262
7262
7262
7180
7180
7180
7180
7180
7180
7180
7180
7180
7180
7180
7180
7180
7180
7180
7180
7180
7180
7180
7180
7180
7180
7180
7180
7180
7180
7180
7180
7180
7180
7180
7180
7180
7180
7180
7180
7180
7180
7180
7180
7180
7180
7180
7180
7180
7180
7180
7180
7180
7180
7180
7180
7180
7180
7180
7180
7180
7125
7125
7125
7125
7125
7125
7125
7125
7125
7125
7125
7125
7125
7125
7125
7125
7125
7125
7125
7125
7125
7125
7125
7125
7125
7125
7125
7125
7125
7125
7125
7125
7125
7125
7125
7125
7125
7125
7125
7125
7125
7125
7125
7125
7125
7125
7125
7125
7125
7125
7125
7125
7125
7125
7125
7125
7125
7125
7125
7125
7125
7125
7125
7125
7125
7125
7125
7125
7125
7125
7125
7125
7125
7125
7125
7125
7125
7125
6845
6730
6730
6730
6730
6730
6730
6730
6730
6730
6730
6730
6730
6730
6730
6730
6730
6730
6730
6730
6730
6730
6730
6730
6730
6730
6730
6730
6730
6730
6730
6730
6730
6730
6730
6730
6730
6730
6730
6730
6730
6730
6730
6730
6594
6594
6594
6594
6594
6594
6594
6594
6594
6594
6594
6594
6594
6594
6594
6594
6594
6583
6583
6583
6583
6583
6583
6583
6583
6583
6583
6583
6583
6583
6583
6583
6583
6583
6583
6583
6583
6444
6444
6444
6444
6444
6444
6444
6444
6444
6444
6444
6444
6444
6444
6444
6444
6444
6444
6444
6444
6444
6444
6444
6444
6444
6444
6444
6444
6444
6444
6444
6444
6444
6444
6444
6444
6444
6444
6444
6444
6444
6444
6444
6444
6444
6444
6444
6444
6444
6444
6444
6444
6444
6444
6444
6444
6444
6444
6444
6444
6444
6444
6444
6444
6444
6444
6444
6444
6444
6444
6444
6444
6444
6444
6444
6444
6444
6444
6444
6444
6444
6444
6444
6444
6444
6444
6444
6444
6444
6444
6444
6444
6444
6444
6444
6444
6289
6289
6289
6289
6289
6289
6289
6289
6289
6289
5852
5852
5852
5852
5852
5852
5852
5852
5852
5852
5852
5852
5852
5852
5852
5852
5852
5852
5852
5852
5852
5852
5852
5852
5852
5852
5852
5852
5852
5852
5852
5852
5852
5852
5852
5852
5852
5852
5852
5852
5852
5852
5852
5852
5852
5852
5852
5852
5852
5852
5852
5852
5852
5852
5852
5852
5852
5852
5852
5852
5852
5852
5852
5852
5852
5852
5852
5852
5852
5852
5852
5852
5852
5835
5835
5835
5835
5835
5835
5835
5835
5835
5835
5835
5835
5835
5835
5835
5835
5835
5835
5835
5835
5835
5835
5835
5835
5835
5835
5835
5835
5835
5835
5835
5835
5835
5835
5835
5835
5835
5835
5835
5835
5835
5835
5835
5835
5835
5835
5835
5835
5835
5835
5835
5835
5835
5835
5835
5835
5835
5835
5835
5835
5835
5835
5835
5835
5835
5835
5835
5835
5835
5835
5835
5835
5835
5835
5835
5835
5835
5835
5835
5835
5835
5835
5835
5835
5835
5835
5785
5785
5785
5785
5785
5785
5785
5785
5785
5785
5785
5785
5785
5785
5785
5785
5785
5785
5785
5785
5785
5785
5785
5785
5785
5785
5785
5785
5785
5785
5749
5749
5749
5749
5749
5749
5749
5749
5749
5749
5749
5749
5749
5749
5749
5749
5749
5749
5749
5749
5749
5749
5749
5749
5749
5749
5749
5749
5749
5749
5749
5749
5749
5749
5749
5749
5749
5749
5749
5749
5749
5749
5749
5749
5749
5749
5749
5749
5749
5749
5749
5749
5749
5749
5749
5749
5749
5749
5749
5749
5749
5749
5749
5749
5749
5749
5749
5749
5749
5749
5749
5749
5749
5749
5749
5749
5749
5749
5749
5749
5749
5749
5749
5749
5749
5749
5749
5749
5749
5749
5749
5749
5749
5749
5749
5719
5719
5719
5719
5719
5719
5719
5719
5719
5719
5719
5719
5719
5719
5719
5719
5719
5719
5719
5719
5719
5719
5719
5719
5719
5719
5719
5719
5719
5719
5719
5719
5719
5719
5719
5719
5719
5719
5719
5719
5719
5505
5505
5505
5505
5505
5505
5505
5505
5505
5505
5505
5505
5505
5505
5505
5505
5505
5505
5505
5505
5505
5505
5505
5505
5505
5505
5505
5505
5505
5505
5505
5505
5505
5505
5505
5505
5505
5505
5505
5505
5505
5505
5505
5505
5505
5505
5504
5504
5504
5504
5504
5504
5504
5504
5336
5336
5193
5193
5193
5193
5193
5139
5139
5139
5139
5139
5139
5139
5139
5139
5139
5139
5139
5139
5139
5139
5139
5139
5139
5139
5139
5139
5139
5139
5139
5139
5139
5139
5139
5139
5139
5139
5139
5139
5139
5139
5139
5139
5139
5005
5005
5005
5005
5005
5005
5005
5005
5005
5005
5005
5005
5005
5005
5005
5005
5005
5005
5005
5005
4986
4986
4986
4986
4986
4986
4986
4986
4986
4986
4986
4986
4986
4986
4986
4986
4986
4986
4986
4986
4986
4986
4986
4986
4986
4986
4986
4986
4986
4986
4986
4986
4986
4986
4986
4986
4986
4986
4980
4980
4980
4980
4980
4980
4980
4980
4980
4980
4980
4980
4980
4980
4980
4980
4980
4980
4688
4688
4688
4688
4688
4688
4688
4688
4688
4688
4688
4688
4688
4688
4688
4688
4688
4688
4688
4688
4688
4688
4688
4688
4688
4688
4688
4688
4688
4688
4688
4688
4688
4688
4688
4688
4688
4688
4688
4688
4688
4688
4688
4688
4596
4596
4596
4596
4596
4596
4596
4596
4596
4596
4596
4596
4596
4596
4596
4596
4596
4596
4596
4596
4596
4596
4596
4596
4596
4596
4596
4596
4596
4596
4596
4596
4596
4596
4596
4596
4596
4596
4596
4596
4596
4596
4596
4596
4596
4596
4596
4596
4596
4596
4596
4596
4596
4596
4596
4596
4596
4596
4596
4596
4596
4596
4596
4596
4596
4596
4596
4596
4596
4596
4596
4596
4596
4596
4596
4596
4596
4596
4596
4596
4596
4596
4596
4596
4596
4596
4596
4596
4596
4596
4596
4596
4596
4596
4596
4596
4596
4596
4596
4596
4594
4594
4594
4594
4594
4594
4594
4594
4594
4594
4594
4594
4594
4594
4594
4594
4594
4594
4594
4594
4594
4594
4594
4594
4594
4594
4594
4594
4594
4594
4594
4594
4594
4594
4594
4594
4594
4594
4594
4594
4594
4594
4594
4594
4594
4594
4594
4594
4594
4594
4594
4594
4594
4594
4594
4594
4594
4594
4594
4594
4594
4594
4594
4594
4594
4594
4594
4594
4594
4594
4594
4594
4594
4594
4594
4594
4594
4594
4594
4594
4594
4594
4594
4594
4594
4594
4594
4594
4594
4594
4594
4594
4594
4594
4578
4578
4578
4578
4578
4578
4578
4578
4578
4578
4578
4578
4578
4578
4578
4578
4578
4578
4578
4578
4578
4578
4578
4578
4578
4578
4578
4578
4578
4578
4578
4578
4578
4578
4578
4578
4578
4578
4578
4578
4394
4394
4394
4394
4394
4394
4394
4394
4394
4394
4394
4394
4394
4394
4394
4394
4394
4394
4394
4394
4394
4394
4394
4394
4394
4394
4394
4394
4394
4394
4394
4394
4394
4394
4394
4394
4394
4394
4394
4394
4394
4394
4394
4394
4394
4394
4394
4394
4394
4394
4394
4394
4394
4394
4394
4394
4394
4394
4394
4394
4394
4394
4394
4394
4394
4394
4394
4394
4394
4394
4394
4394
4394
4394
4394
4394
4394
4394
4394
4394
4394
4394
4394
4394
4394
4394
4394
4394
4394
4394
4394
3935
3935
3935
3935
3935
3935
3935
3935
3935
3935
3935
3935
3935
3935
3935
3935
3935
3935
3935
3935
3935
3935
3935
3935
3935
3935
3935
3935
3935
3935
3935
3935
3935
3935
3935
3935
3935
3935
3935
3935
3935
3935
3935
3935
3935
3935
3935
3935
3935
3935
3935
3935
3935
3935
3935
3935
3935
3935
3935
3935
3935
3935
3935
3935
3935
3935
3935
3803
3803
3803
3803
3803
3803
3803
3803
3803
3803
3803
3803
3803
3803
3803
3803
3803
3803
3803
3803
3803
3803
3803
3803
3803
3803
3803
3803
3803
3803
3803
3803
3803
3803
3803
3803
3803
3803
3803
3803
3803
3803
3803
3803
3803
3803
3803
3803
3803
3803
3803
3803
3803
3803
3803
3803
3718
3718
3718
3718
3718
3718
3718
3718
3718
3718
3718
3718
3718
3718
3718
3718
3718
3718
3718
3718
3718
3718
3718
3718
3718
3718
3718
3718
3718
3718
3718
3718
3718
3718
3718
3718
3718
3718
3718
3718
3718
3718
3718
3718
3718
3718
3718
3718
3718
3718
3718
3718
3718
3718
3718
3718
3718
3718
3718
3718
3718
3718
3718
3718
3718
3718
3718
3718
3718
3718
3718
3718
3718
3718
3718
3718
3718
3718
3718
3718
3718
3718
3718
3718
3718
3718
3718
3718
3718
3718
3718
3718
3718
3718
3718
3718
3718
3718
3718
3718
3556
3556
3556
3556
3556
3556
3556
3556
3556
3556
3556
3556
3556
3556
3556
3556
3556
3556
3556
3556
3556
3556
3556
3556
3556
3556
3556
3556
3556
3556
3556
3556
3556
3556
3556
3556
3556
3556
3556
3556
3556
3556
3556
3556
3556
3556
3556
3556
3556
3556
3556
3556
3556
3556
3556
3556
3556
3556
3556
3556
3556
3556
3556
3556
3556
3556
3492
3492
3492
3492
3492
3492
3492
3492
3492
3492
3492
3440
3440
3440
3440
3440
3440
3440
3440
3440
3440
3440
3440
3440
3440
3440
3440
3440
3440
3440
3440
3440
3440
3440
3440
3440
3440
3440
3440
3440
3440
3440
3440
3440
3440
3440
3440
3440
3440
3440
3440
3440
3440
3440
3440
3440
3440
3440
3440
3440
3440
3440
3440
3440
3440
3312
3312
3312
3312
3312
3312
3312
3312
3312
3312
3312
3312
3312
3312
3312
3312
3312
3312
3312
3312
3312
3312
3312
3312
3312
3312
3312
3312
3312
3312
3312
3312
3312
3312
3312
3312
3312
3312
3312
3312
3312
3312
3312
3312
3312
3312
3312
3312
3312
3312
3312
3312
3312
3312
3312
3312
3312
3312
3312
3312
3312
3312
3312
3312
3312
3312
3312
3312
3312
3312
3312
3312
3312
3312
3312
3312
3312
3312
3312
3312
3312
3265
3265
3265
3265
3265
3265
3265
3265
3265
3265
3265
3265
3265
3265
3265
3265
3265
3265
3265
3265
3265
3265
3265
3240
3240
3240
3240
3240
3240
3240
3240
3240
3240
3240
3240
3240
3240
3240
3240
3240
3240
3240
3240
3240
3240
3240
3240
3240
3240
3240
3240
3240
3240
3240
3240
3240
3240
3240
3240
3240
3240
3240
3240
3240
3240
3240
3240
3240
3240
3240
3240
3240
3240
3240
3240
3240
3240
3240
3240
3240
3240
3240
3240
3240
3230
3230
3230
3230
3230
3230
3230
3230
3230
3230
3230
3230
3230
3230
3230
3230
3230
3230
3230
3230
3230
3230
3230
3230
3230
3230
3230
3230
3230
3230
3230
3230
3230
3230
3230
3230
3230
3230
3230
3230
3230
3230
3230
3230
3230
3230
3230
3230
3230
3230
3230
3230
3230
3230
3230
3135
3135
3135
3135
3135
3135
3135
3135
3135
3135
3135
3135
3135
3135
3135
3135
3135
3135
3135
3135
3135
3135
3135
3135
3135
3135
3135
3135
3135
3135
3135
3135
3135
3135
3135
3135
3135
3135
3135
3135
3135
3135
3135
3135
3135
3135
3135
3135
3135
3135
3135
3135
3135
3135
3135
3135
3135
3135
3135
3135
3135
3135
3135
3135
3135
3135
3135
3135
3135
3135
3135
3135
3135
3135
3135
3135
3135
3135
3135
3135
3135
3135
3135
3135
3135
3135
3135
3135
3055
3055
3055
3055
3055
3055
3055
3055
3055
3055
3055
3055
3055
3055
3055
3055
3055
3055
3055
3055
3055
3055
3055
3055
3055
3055
3055
3055
3055
3055
3055
3055
3055
3055
3055
3055
3055
3055
3055
3055
3055
3055
3055
3055
3055
3055
3055
3055
3055
3055
3055
3055
3055
3055
3055
3055
3055
3055
3055
3055
3055
3055
3055
3055
3055
3055
3055
3055
3055
3055
3055
3055
3055
3055
3055
3055
3055
3055
3055
3055
3055
3055
3055
3055
3055
3055
3055
3055
3055
3055
3055
3055
3055
