10009
50000
37371
37371
37371
37371
37371
37371
37371
37371
37371
37371
37371
37371
37371
37371
37371
37371
37371
37371
37371
37371
37371
37371
37371
37371
37371
36955
36955
36955
36955
36955
36955
36955
36955
36955
36955
36955
36955
36955
36955
36955
36955
36955
36955
36955
36955
36955
36955
36955
36955
36955
36955
36955
36955
36955
36955
36955
36955
36955
36955
36955
36955
36955
36955
36955
36955
36955
36955
36955
36955
36955
36955
36955
36955
36955
36955
36955
36955
36955
36955
36955
36955
36955
36955
36955
36955
36955
36955
36955
36955
36955
36955
36955
36955
36955
36955
36955
36955
36955
36955
36955
36955
36955
36955
36955
36955
36955
36955
36955
36955
36955
36955
36955
36955
36955
36955
36955
36955
36955
36955
36955
36883
36883
36883
36883
36883
36883
36883
36883
36883
36883
36883
36883
36883
36883
36883
36883
36883
36883
36883
36883
36883
36883
36883
36883
36883
36883
36883
36883
36883
36883
36883
36883
36883
36883
36883
36883
36883
36883
36883
36883
36883
36883
36883
36883
36883
36883
36883
36883
36883
36876
36876
36876
36876
36876
36876
36876
36876
36876
36876
36876
36876
36876
36876
36876
36876
36876
36876
36876
36876
36876
36876
36876
36876
36876
36876
36876
36876
36876
36876
36876
36876
36876
36876
36876
36876
36876
36876
36876
36876
36876
36876
36876
36876
36876
36876
36876
36876
36876
36876
36876
36876
36876
36876
36876
36876
36876
36876
36876
36876
36876
36876
36876
36876
36876
36876
36876
36876
36873
36873
36873
36873
36873
36873
36873
36873
36873
36873
36873
36873
36873
36873
36873
36873
36873
36873
36873
36873
36873
36873
36873
36873
36873
36873
36873
36873
36873
36873
36873
36873
36873
36873
36873
36873
36873
36873
36873
36873
36873
36873
36873
36873
36873
36873
36873
36873
36873
36873
36873
36873
36873
36873
36873
36873
36873
36873
36873
36873
36873
36873
36873
36866
36866
36866
36866
36866
36866
36866
36866
36866
36866
36866
36866
36866
36799
36799
36799
36799
36799
36799
36799
36799
36799
36799
36799
36799
36799
36799
36799
36799
36799
36799
36799
36799
36799
36799
36799
36799
36799
36799
36799
36799
36799
36799
36799
36799
36799
36799
36799
36799
36799
36799
36799
36799
36799
36799
36799
36799
36799
36799
36799
36799
36799
36799
36799
36799
36799
36799
36799
36799
36799
36799
36799
36799
36799
36799
36799
36799
36799
36799
36799
36799
36799
36799
36799
36799
36799
36799
36799
36779
36779
36779
36779
36779
36779
36779
36779
36779
36779
36779
36779
36779
36779
36779
36779
36779
36779
36779
36779
36779
36779
36779
36779
36779
36779
36779
36779
36779
36538
36538
36538
36538
36538
36538
36538
36538
36538
36538
36538
36538
36538
36538
36446
36446
36446
36446
36446
36446
36446
36446
36446
36446
36446
36446
36446
36446
36446
36446
36446
36354
36354
36354
36354
36354
36354
36354
36354
36354
36354
36354
36354
36354
36354
36354
36354
36354
36354
36354
36354
36354
36354
36354
36354
36354
36354
36354
36354
36354
36354
36354
36354
36354
36354
36354
36354
36354
36354
36354
36354
36354
36354
36354
36354
36354
36354
36354
36354
36354
36354
36354
36354
36354
36354
36354
36354
36354
36354
36354
36354
36354
36354
36354
36354
36354
36354
36354
36354
36354
36354
36354
36354
36354
36354
36354
36354
36354
36354
36354
36354
36354
35893
35893
35893
35893
35893
35893
35893
35893
35893
35893
35893
35893
35893
35893
35893
35893
35893
35893
35893
35893
35893
35893
35893
35893
35893
35893
35893
35893
35893
35893
35893
35893
35893
35893
35893
35893
35893
35893
35893
35893
35893
35893
35893
35893
35893
35893
35893
35893
35893
35893
35893
35893
35893
35893
35893
35893
35893
35893
35893
35893
35893
35893
35893
35893
35893
35893
35893
35893
35893
35893
35893
35893
35893
35893
35893
35893
35893
35893
35893
35893
35893
35880
35880
35880
35880
35880
35880
35880
35880
35880
35880
35880
35880
35880
35880
35880
35880
35880
35880
35880
35880
35880
35880
35880
35880
35880
35880
35880
35880
35783
35783
35783
35783
35783
35783
35783
35783
35783
35783
35783
35736
35736
35736
35736
35736
35736
35736
35736
35736
35736
35736
35736
35736
35736
35736
35736
35736
35736
35736
35736
35736
35736
35736
35736
35736
35736
35736
35736
35736
35736
35736
35736
35736
35736
35736
35736
35736
35625
35625
35625
35625
35625
35625
35625
35625
35625
35625
35625
35625
35625
35625
35625
35625
35625
35625
35625
35625
35625
35625
35625
35625
35625
35625
35625
35625
35625
35625
35625
35625
35625
35625
35625
35625
35625
35625
35625
35625
35625
35625
35625
35625
35625
35625
35625
35625
35625
35625
35625
35625
35625
35625
35625
35625
35625
35625
35625
35625
35625
35625
35625
35625
35625
35625
35625
35625
35625
35625
35625
35625
35625
35625
35625
35625
35625
35625
35625
35625
35625
35625
35625
35625
35625
35625
35625
35625
35625
35625
35625
35625
35625
35625
35625
35625
35625
35625
35625
35411
35411
35411
35411
35411
35411
35411
35411
35411
35411
35411
35411
35411
35411
35411
35411
35310
35310
35310
35310
35310
35310
35310
35310
35310
35310
35310
35310
35310
35310
35310
35310
35310
35310
35310
35310
35310
35310
35310
35310
35310
35310
35310
35310
35310
35310
35310
35310
35310
35310
35310
35310
35310
35310
35310
34623
34623
34623
34623
34623
34623
34623
34623
34623
34623
34623
34623
34623
34623
34623
34623
34623
34623
34623
34623
34623
34623
34623
34623
34623
34623
34623
34429
34429
34429
34429
34429
34429
34429
34429
34429
34429
34429
34429
34429
34429
34429
34429
34429
34429
34429
34429
34429
34429
34429
34429
34429
34429
34429
34429
34429
34429
34429
34429
34429
34429
34429
34429
34429
34429
34429
34429
34429
34429
34429
34429
34429
34429
34429
34429
34429
34429
34429
34429
34429
34429
34429
34429
34429
34429
34429
34429
34429
34429
34429
34429
34429
34429
34429
34429
34366
34366
34366
34366
34366
34366
34366
34366
34366
34366
34366
34366
34366
34366
34366
34366
34366
34366
34366
34366
34366
34366
34366
34366
34366
34366
34242
34242
34242
34242
34242
34242
34242
34242
34242
34242
34242
34242
34242
34242
34242
34242
34242
34242
34242
34242
34242
34242
34242
34242
34242
34242
34242
34242
34242
34242
34242
34242
34242
34242
34242
34242
34242
34242
34242
34242
34242
34242
34242
34242
34242
34242
34242
34242
34242
34242
34242
34242
34242
34242
34242
34242
34242
34242
34242
34242
34242
34242
34242
34242
34242
34242
34242
34242
34242
34242
34242
34242
34242
34242
34242
34242
34242
34242
34242
34242
34191
34191
34191
34191
34191
34191
34191
34191
34191
34191
34191
34191
34191
34191
34191
34191
34191
34191
34191
34191
34191
34191
34191
34191
34191
34191
34191
34191
34191
34191
34191
34191
34191
34191
34191
34191
34191
34141
34141
34141
34141
34141
34141
34141
34141
34141
34141
34141
34141
34141
34141
34141
34141
34141
34141
34141
34141
34141
34141
34141
34141
34141
34141
34141
34141
34141
34141
34141
34141
34141
34141
34141
34141
34141
34141
34141
34141
34141
34141
34141
34141
34141
34141
34141
34141
34141
34141
34141
34141
34141
34141
34141
34141
34141
34141
34141
34141
34141
34141
34141
34141
34141
34141
34141
34141
34141
34131
34131
34131
34131
34131
34131
34131
34131
34131
34131
34131
34131
34131
34131
34131
34131
34131
34131
34131
34131
34131
34131
34131
34131
34131
34131
34131
34131
34131
34131
34131
34131
34131
34131
34131
34131
34131
34131
34131
34131
34131
34131
34131
34131
34131
34131
34131
34131
34131
34131
34131
34131
34131
34131
34131
34131
34131
34131
34131
34131
34131
34131
34131
34131
34131
34131
34131
34131
34131
34131
34131
34131
34131
34131
34131
33392
33392
33392
33392
33392
33392
33392
33392
33392
33392
33392
33392
33392
33392
33392
33392
33392
33392
33392
33392
33392
33392
33392
33392
33392
33392
33392
33392
33392
33392
33392
33392
33392
33392
33392
33392
33392
33392
33392
33392
33392
33392
33320
33320
33320
33320
33320
33320
33320
33320
33320
33320
33320
33320
33320
33320
33320
33320
33320
33320
33320
33320
33320
33092
33092
33092
33092
32547
32547
32547
32547
32547
32547
32547
32547
32547
32547
32547
32547
32547
32547
32547
32547
32547
32547
32547
32547
32547
32547
32547
32547
32547
32547
32547
32547
32547
32547
32547
32547
32547
32393
32393
32393
32393
32393
32393
32393
32393
32393
32393
32393
32393
32393
32393
32393
32393
32393
32393
32393
32393
32393
32393
32393
32393
32393
32393
32393
32393
32393
32393
32393
32393
32393
32393
32393
32393
32393
32393
32393
32393
32393
32393
32393
32393
32393
32393
32393
32393
32393
32393
32393
32393
32393
32393
32393
32393
32393
32393
32393
32393
32393
32393
32393
32393
32393
32393
32393
32393
32393
32393
32393
32393
32393
32393
32393
32393
32323
32323
32323
32323
32323
32323
32323
32323
32323
32323
32323
32323
32323
32323
32323
32323
32323
32323
32323
32323
32323
32288
32288
32288
32288
32288
32288
32288
32288
32288
32288
32288
32288
32288
32288
32288
32288
32288
32288
32288
32288
32288
32288
32288
32288
32277
32277
32277
32277
32277
32277
32277
32277
32277
32277
32277
32277
31729
31729
31729
31729
31729
31729
31729
31729
31729
31729
31729
31729
31729
31552
31552
31552
31552
31552
31552
31552
31552
31552
31552
31552
31552
31552
31552
31552
31552
31552
31552
31552
31552
31552
31552
31552
31552
31552
31552
31552
31552
31552
31552
31552
31552
31552
31552
31552
31552
31552
31552
31552
31552
31552
31552
31552
31552
31552
31552
31432
31432
31432
31432
31432
31432
31432
31432
31432
31432
31075
31075
31075
31075
31075
31075
31075
31075
31075
31002
31002
31002
31002
31002
31002
31002
31002
31002
31002
31002
31002
31002
31002
31002
31002
31002
31002
31002
31002
31002
31002
31002
31002
31002
31002
31002
31002
31002
31002
31002
31002
31002
31002
31002
31002
31002
31002
31002
31002
31002
31002
31002
31002
31002
31002
31002
31002
31002
31002
31002
31002
31002
31002
31002
31002
31002
31002
31002
31002
31002
31002
31002
31002
31002
31002
31002
31002
31002
31002
31002
31002
31002
31002
31002
31002
31002
31002
31002
31002
31002
30247
30247
30247
30247
30247
30247
30247
30247
30247
30247
30247
30247
30247
30247
30247
30247
30247
30247
30247
30247
30247
30082
30082
30082
30082
30082
30082
30082
30082
30082
30082
30082
30082
30082
30082
30082
30082
30082
30082
30082
30082
30082
30082
30082
30082
30082
30058
30058
30058
30058
30058
30058
30058
30058
30058
30058
30058
30058
30058
30058
30058
30058
30058
30058
30058
30058
30058
30058
30058
30058
30058
30058
30058
30058
30058
30058
30058
30058
30058
30058
30058
30058
30058
30058
30058
30058
30058
30058
30058
29350
29350
29350
29350
29350
29350
29350
29350
29350
29350
29350
29350
29350
29350
29350
29350
29350
29350
29350
29350
29350
29350
29350
29350
29350
29350
29350
29152
29152
29152
29152
29152
29152
29152
29152
29152
29152
29152
29152
29152
29152
29152
29152
29152
29152
29152
29152
29152
29152
29152
29152
29152
29152
29152
29152
29152
29152
29152
29152
29152
29152
29152
29152
29152
29152
29152
29152
29152
29152
29152
29152
29152
29152
29152
29152
29152
29152
29152
29152
29152
29152
28586
28299
28299
28299
28299
28299
28299
28299
28299
28299
28299
28299
28299
28299
28299
28299
28299
28299
28299
28299
28299
28299
28299
28299
28299
28299
28299
28299
28299
28299
28299
28299
28299
28299
28299
28299
28299
28299
28299
28299
28299
28299
28299
28299
28299
28299
28299
28299
28299
28299
28299
28299
28299
28299
28299
28299
28299
28299
28299
28299
28299
28299
28299
28299
28299
28299
28299
28299
28299
28299
28299
28299
28299
28299
28299
28299
28299
28299
28299
28299
28299
28299
28299
28299
28299
28299
28299
28299
28277
28277
28277
28277
28277
28277
28277
28277
28277
28277
28277
28277
28277
28277
28277
28277
28277
28277
28277
28208
28208
28208
28208
28208
28208
28208
28208
28208
28208
28208
28208
28208
28208
28208
28208
28208
28208
28208
28208
28208
28208
28208
28208
28208
28208
28208
28208
28208
28208
28208
28208
28208
28208
28208
28208
28208
28208
28208
28208
28208
28208
28208
28208
28208
28208
28208
28208
28208
28208
28208
28208
28208
28208
28208
28208
28208
28208
28208
28208
28208
28208
28208
28208
28208
28208
28208
28208
28208
28208
28208
28204
28204
28204
28204
28204
28204
28204
28204
28204
28204
28204
28204
28204
28204
28204
28204
28204
28204
28204
28204
28204
28204
28204
28204
28204
27621
27621
27621
27621
27621
27621
27621
27621
27621
27621
27621
27621
27621
27621
27621
27621
27621
27621
27621
27621
27621
27621
27621
27621
27621
27621
27621
27621
27621
27621
27621
27621
27621
27621
27621
27621
27583
27583
27583
27583
27583
27583
27583
27583
27583
27583
27583
27583
27583
27583
27583
27583
27583
27583
27583
27583
27583
27583
27583
27583
27583
27583
27583
27583
27583
27583
27583
27583
27583
27583
27583
27583
27583
27583
27583
27583
27583
27583
27583
27583
27583
27583
27583
27583
27583
27583
27583
27583
27583
27583
27583
27583
27583
27583
27583
27583
27583
27583
27583
27583
27583
27583
27583
27583
27583
27583
27583
27583
27583
27583
27583
27583
27583
27583
27583
27583
27583
27583
27583
27583
27583
27583
27583
27583
27583
27583
27583
27583
27583
27583
27583
27583
27583
27528
27528
27528
27528
27528
27528
27528
27528
27528
27528
27528
27528
27528
27528
27528
27528
27528
27528
27528
27528
27528
27528
27528
27528
27528
27528
27528
27528
27528
27528
27528
27528
27528
27528
27528
27528
27528
27528
27528
27528
27528
27528
27528
27528
27528
27528
27528
27528
27528
27528
27528
27528
27528
27528
27528
27528
27528
27528
27528
27528
27528
27528
27528
27528
27528
27528
27528
27528
27528
27528
27528
27528
27528
27528
27528
27528
27528
27528
27528
27528
27528
27528
27528
27528
27528
27528
27528
27528
27528
27528
27528
27528
27528
27528
27528
27528
27528
27528
27528
27449
27449
27449
27449
27449
27449
27449
27449
27449
27449
27449
27449
27449
27449
27449
27449
27449
27449
27449
27449
27449
27449
27449
27449
27449
27449
27449
27449
27449
27449
27449
27449
27449
27449
27449
27449
27449
27449
27449
27449
27449
27449
27449
27449
27449
27449
27449
27176
27176
27176
27176
27176
27176
27176
27176
27176
27176
27110
27110
27110
27110
27110
27110
27110
27110
27110
27110
27110
27110
27110
27110
27110
27110
27110
27110
27110
27110
27110
27110
27110
27110
27110
27110
27110
27110
27110
27110
27110
27110
27110
27110
27110
27110
27110
27110
27110
27110
27110
27110
27110
27110
27110
27110
27110
27110
27110
27110
27110
27110
27110
27110
27110
27110
27110
27110
27110
27110
27110
27110
27110
27077
27077
27077
27077
27077
27077
27077
27077
27077
27077
27077
27077
27077
27031
27031
27031
27031
27031
27031
27031
27031
27031
27031
27031
27031
27031
27031
27031
27031
27031
27031
27031
27031
27031
27031
27031
27031
27031
27031
27031
27031
27031
27031
27031
27031
27031
27031
27031
27031
27031
27031
27031
27031
27031
27031
27031
27031
27031
27031
27031
27031
26822
26822
26822
26822
26822
26822
26822
26822
26822
26822
26822
26822
26822
26822
26822
26822
26822
26822
26822
26822
26822
26822
26822
26822
26822
26822
26822
26822
26822
26822
26822
26822
26822
26822
26822
26822
26822
26822
26822
26822
26822
26822
26822
26822
26822
26822
26822
26822
26822
26822
26822
26822
26822
26822
26822
26822
26822
26822
26822
26822
26822
26822
26822
26822
26822
26822
26822
26822
26822
26822
26822
26822
26822
26822
26822
26822
26822
26822
26822
26822
26822
26822
26822
26822
26822
26822
26822
26822
26822
26717
26717
26717
26717
26717
26717
26717
26717
26717
26717
26717
26717
26717
26717
26717
26717
26717
26717
26717
26717
26717
26717
26717
26717
26717
26717
26717
26717
26717
26717
26717
26717
26717
26590
26590
26590
26590
26590
26590
26590
26590
26590
26590
26590
26590
26590
26590
26590
26590
26590
26590
26590
26590
26590
26590
26590
26590
26590
26590
26590
26590
26590
26590
26590
26590
26590
26590
26590
26590
26590
26590
26590
26590
26590
26590
26590
26590
26590
26590
26570
26570
26570
26570
26570
26570
26570
26570
26570
26570
26570
26570
26570
26570
26570
26570
26570
26570
26570
26570
26570
26570
26570
26570
26570
26570
26570
26570
26570
26570
26570
26570
26570
26570
26570
26570
26570
26570
26570
26570
26570
26570
26570
26570
26570
26570
26570
26570
26570
26570
26570
26570
26570
26570
26570
26570
26570
26570
26570
26570
26570
26570
26570
26570
26570
26570
26570
26570
26570
26570
26570
26570
26570
26570
26570
26570
26570
26294
26294
26294
26294
26294
26294
26294
26294
26294
26294
26279
26279
26279
26279
26279
26279
26279
26279
26279
26279
26279
26279
26279
26279
26279
26227
26227
26227
26227
26227
26227
26227
26227
26227
26227
26227
26227
26227
26227
26227
26227
26227
26227
26227
26227
26227
26227
26227
26227
26227
26227
26227
26227
26227
26227
26227
26227
26227
26227
26227
26227
26227
26227
26227
26227
26227
26227
26227
26227
26227
26227
26227
26227
26227
26227
26227
26227
26227
26227
26227
26227
26227
26227
26227
26227
26227
26227
26227
26227
26227
26227
26227
26227
26227
26227
26227
26227
26227
26227
26227
26227
26227
26227
26227
26227
26227
26227
26227
26227
26227
26227
26227
26227
26227
26227
26227
26227
26227
26227
26227
26227
26227
26227
26227
26227
26025
26025
26025
26025
26025
26025
26025
26025
26025
26025
26025
26025
26025
26025
26025
26025
26025
26025
26025
26025
26025
26025
26025
26025
26025
26025
26025
26025
26025
26025
26025
26025
26025
26025
26025
26025
26025
26025
26025
26025
26025
26025
26025
26025
26025
26025
26025
26025
26025
26025
26025
26025
26025
26025
26025
26025
26025
26025
26025
26025
26025
26025
26025
26025
26025
26025
26025
25731
25731
25731
25731
25731
25731
25731
25731
25731
25731
25731
25731
25731
25731
25731
25731
25731
25731
25731
25731
25731
25731
25731
25731
25731
25731
25731
25731
25731
25731
25731
25731
25731
25731
25731
25731
25731
25731
25731
25731
25731
25731
25731
25731
25731
25731
25731
25731
25731
25731
25731
25731
25731
25731
25731
25731
25731
25731
25731
25731
25731
25731
25731
25731
25731
25731
25731
25731
25731
25731
25731
25731
25731
25731
25731
25731
25731
25731
25731
25731
25731
25731
25731
25731
25731
25731
25731
25731
25731
25731
25731
25731
25731
25731
25731
25731
25731
25731
25731
25569
25569
25569
25569
25569
25569
25569
25569
25569
25569
25569
25569
25569
25569
25569
25569
25569
25569
25569
25569
25569
25569
25569
25569
25569
25569
25569
25569
25569
25569
25569
25569
25569
25569
25569
25569
25569
25569
25569
25569
25569
25569
25569
25569
25569
25569
25569
25569
25420
25420
25420
25420
25420
25420
25420
25420
25420
25420
25420
25420
25420
25420
25420
25420
25420
25420
25420
25420
25420
25420
25420
25420
25420
25420
25420
25420
25420
25420
25420
25420
25420
25420
25420
25420
25420
25420
25420
25420
25420
25420
25420
25420
25420
25420
25420
25420
25420
25420
25420
25420
25420
25420
25420
25420
25420
25420
25420
25420
25420
25420
25420
25420
25420
25420
25420
25420
25420
25420
25420
25420
25420
25420
25420
25420
25420
25420
25420
25420
25420
25420
25420
25420
25420
25420
25420
25420
25391
25391
25391
25391
25391
25391
25391
25391
25391
25391
25391
25391
25391
25391
25391
25391
25391
25391
25391
25391
25391
25391
25391
25391
25391
25391
25391
25391
25391
25391
25391
25391
25391
25391
25391
25391
25391
25391
25391
25391
25391
25391
25391
25391
25391
25391
25391
25391
25391
25391
25391
25391
25391
25391
25391
25391
25391
25391
25391
25391
25391
25391
25391
25391
25391
25391
25391
25391
25391
25391
25391
25391
25391
25391
25391
25391
25391
25391
25391
25391
25391
25391
25391
25391
25344
25344
25344
25344
25344
25344
25344
25344
25344
25344
25344
25344
25344
25344
25344
25344
25344
25344
25344
25344
25344
25344
25344
25344
25344
25344
25344
25344
25344
25344
25344
25344
25344
25344
25344
25344
25344
25344
25344
25344
25344
25344
25344
25344
25344
25328
25328
25328
25328
25328
25328
25328
25328
25328
25328
25328
25328
25328
25328
25328
25328
25328
25328
25328
25328
25328
25328
25328
25328
25328
25328
25328
25328
25328
25328
25328
25328
25328
25328
25328
25328
25328
25328
25328
25328
25328
25328
25328
25328
25328
25328
25328
25328
25328
25328
25328
25328
25328
25239
25239
25239
25239
25239
25239
25239
25239
25239
25239
25239
25239
25239
25239
25239
25239
25239
25239
25239
25239
25239
25239
25239
25239
25239
25239
25239
25239
25239
25239
25239
25239
25239
25239
25239
25239
25239
25239
25239
25239
25239
25239
25239
25239
25239
25239
25239
25239
25239
25239
25239
25239
25239
25239
25239
25239
25239
25239
25239
25239
25239
25239
25239
25239
25239
25239
25239
25239
25239
25239
25239
25239
25239
25239
25239
25239
25239
25239
25239
25239
25239
25239
25239
25239
25239
25239
25239
25239
25239
25239
25239
25239
25239
25239
25239
25181
25181
25181
25181
25181
25181
25181
25181
25181
25181
25181
25181
25181
25181
25181
25181
25181
25181
25181
25181
25181
25181
25181
25181
25181
25181
25181
25181
25181
25181
25181
25181
25181
25181
25181
25181
25181
25181
25181
25181
25181
25181
25181
25181
25181
25181
25181
25181
25181
25181
25181
25181
25181
25181
25181
25181
25181
25181
25181
25181
25181
25067
25067
25067
25067
25067
25067
25067
25067
25067
25067
25067
25067
25067
25067
25067
25067
25067
25067
25067
25067
25067
25067
24862
24862
24862
24862
24862
24862
24862
24862
24862
24862
24862
24862
24862
24862
24862
24862
24862
24862
24862
24862
24862
24862
24862
24862
24862
24862
24862
24862
24862
24862
24862
24862
24862
24862
24862
24862
24862
24862
24862
24862
24862
24862
24862
24862
24862
24862
24862
24862
24862
24862
24862
24862
24862
24862
24862
24862
24862
24532
24532
24532
24532
24532
24532
24532
24532
24532
24532
24532
24532
24532
24532
24532
24532
24532
24532
24532
24532
24053
24053
24053
24053
24053
24053
24053
24053
24053
24053
24053
24053
24053
24053
24053
24053
24053
24053
24053
24053
24053
23890
23890
23890
23890
23890
23890
23890
23890
23890
23890
23890
23890
23890
23890
23890
23890
23890
23890
23890
23890
23890
23890
23890
23890
23890
23890
23890
23890
23890
23890
23890
23890
23890
23890
23890
23890
23890
23890
23890
23890
23890
23890
23890
23890
23890
23890
23890
23890
23890
23890
23890
23890
23890
23777
23777
23777
23777
23777
23777
23777
23777
23777
23777
23777
23777
23777
23777
23777
23777
23777
23777
23777
23777
23777
23777
23777
23777
23777
23777
23777
23777
23777
23777
23777
23777
23777
23777
23777
23777
23777
23777
23777
23777
23777
23777
23777
23777
23777
23777
23777
23777
23777
23777
23777
23777
23777
23777
23777
23777
23777
23777
23777
23777
23777
23777
23777
23777
23777
23777
23777
23777
23777
23777
23777
23777
23777
23777
23777
23777
23777
23777
23777
23777
23777
23777
23691
23691
23691
23691
23691
23691
23691
23691
23691
23691
23691
23691
23691
23691
23691
23691
23691
23691
23691
23691
23691
23691
23691
23691
23691
23691
23691
23691
23691
23691
23691
23691
23691
23691
23691
23691
23691
23691
23691
23691
23691
23691
23691
23691
23691
23691
23691
23691
23691
23691
23691
23691
23691
23691
23691
23691
23691
23691
23691
23691
23691
23691
23691
23691
23691
23691
23691
23691
23691
23691
23691
23691
23691
23691
23691
23691
23691
23691
23691
23691
23691
23463
23463
23463
23463
23463
23463
23463
23463
23463
23463
23463
23463
23463
23463
23463
23463
23463
23463
23463
23463
23463
23463
23233
23233
23233
23233
23233
23233
23233
23233
23233
23233
23233
23233
23233
23233
23233
23233
23233
23233
23233
23233
23233
23233
23046
23046
23046
23046
23046
23046
23046
23046
23046
23046
23046
23046
23046
23046
23046
23046
23046
23046
23046
23046
23046
23046
23046
23046
23046
23046
23046
23046
23046
23046
23046
23046
23046
23046
23046
23046
23046
23046
23046
23046
23046
23046
23046
22484
22484
22484
22484
22484
22484
22484
22484
22484
22484
22484
22484
22484
22484
22484
22484
22484
22484
22484
22484
22484
22484
22484
22484
22484
22484
22484
22484
22484
22484
22484
22484
22484
22484
22484
22484
22484
22484
22484
22484
22484
22484
22484
22484
22484
22484
22484
22484
22484
22484
22484
22484
22484
22484
22484
22484
22484
22484
22484
22484
22484
22484
22484
22484
22484
22484
22484
22484
22484
22484
22484
22484
22484
22484
22484
22484
22484
22484
22484
22484
22484
22484
22484
22484
22484
22484
22484
22484
22484
22484
22484
22484
22484
22484
22484
22484
22484
22484
22484
22484
22371
22371
22371
22371
22371
22371
22371
22371
22371
22371
22371
22371
22371
22371
22371
22371
22371
22371
22371
22371
22371
22371
22317
22317
22317
22317
22317
22317
22317
22317
22317
22317
22317
22317
22317
22317
22317
22317
22317
22317
22317
22317
22317
22317
22317
22317
22317
22317
22317
22317
22317
22317
22317
22317
22317
22317
22317
22317
22317
22317
22317
22317
22317
22317
22317
22317
22317
22317
22317
22317
22317
22317
22317
22317
22317
22317
22317
22317
22317
22317
22317
22317
22317
22317
22317
22317
22317
22317
22317
22200
22200
22200
22200
22200
22200
22200
22200
22200
22200
22200
22200
22200
22200
22200
22200
22200
22200
22200
22200
22200
22200
22200
22200
22200
22200
22200
22200
22200
22200
22200
22200
22200
22200
22200
22200
22200
22200
22200
22200
22200
22200
22200
22200
22200
22200
22200
22200
22200
22200
22200
22200
22200
22200
22200
22200
22200
22200
22200
22200
22200
22200
22200
22200
22200
22200
22200
22200
22200
22200
22200
22200
22200
22200
22200
22125
22125
22125
22125
22125
22125
22125
22125
22125
22125
22125
22125
22125
22125
22125
22125
22125
22125
22125
22125
22125
22125
22125
22125
22125
22125
22125
22125
22125
22125
22125
22125
22125
22125
22125
22125
22125
22125
22125
22125
22125
22125
22125
22125
22125
22125
22125
22125
22125
22125
22125
22125
22125
22125
22125
22125
22125
22125
22000
22000
22000
22000
22000
22000
22000
22000
22000
22000
22000
22000
22000
22000
22000
22000
22000
22000
22000
22000
22000
22000
22000
22000
22000
22000
22000
22000
22000
22000
22000
22000
22000
22000
22000
22000
22000
22000
22000
22000
22000
22000
22000
22000
22000
22000
22000
22000
22000
22000
22000
22000
22000
22000
22000
22000
22000
22000
22000
22000
22000
22000
22000
22000
22000
22000
22000
22000
22000
22000
22000
22000
22000
22000
22000
22000
22000
22000
22000
22000
22000
22000
22000
22000
22000
22000
22000
22000
22000
22000
22000
22000
22000
22000
22000
22000
22000
22000
22000
21901
21901
21901
21901
21901
21901
21901
21901
21901
21901
21901
21901
21727
21727
21727
21659
21659
21659
21659
21659
21659
21659
21659
21659
21659
21659
21659
21659
21659
21344
21344
21344
21344
21344
21344
21344
21344
21344
21344
21344
21344
21344
21344
21344
21344
21344
21344
21344
21344
21344
21344
21344
21344
21344
21344
21344
21344
21344
21344
21344
21344
21344
21344
21344
21344
21344
21344
21344
21344
21344
21344
21344
21344
21163
21163
21163
21163
21163
21163
21163
21163
21163
21163
21163
21163
21163
21163
21163
21163
21163
21163
21163
21163
21163
21163
21163
21163
21163
21163
21163
21163
21163
21163
20919
20919
20919
20919
20919
20919
20919
20919
20919
20919
20919
20919
20919
20919
20919
20919
20919
20919
20919
20919
20919
20919
20919
20919
20919
20919
20919
20919
20919
20919
20919
20919
20919
20919
20919
20919
20919
20919
20919
20919
20919
20919
20919
20919
20919
20919
20919
20919
20919
20898
20898
20898
20898
20898
20898
20898
20898
20898
20898
20898
20898
20745
20745
20745
20745
20745
20745
20745
20745
20745
20745
20745
20745
20745
20745
20745
20745
20745
20745
20745
20745
20745
20745
20745
20745
20745
20745
20745
20745
20745
20745
20745
20745
20745
20745
20745
20745
20745
20745
20745
20745
20745
20745
20745
20745
20745
20642
20642
20642
20625
20625
20625
20625
20625
20625
20625
20625
20625
20625
20625
20625
20625
20625
20625
20625
20625
20625
20625
20625
20625
20625
20625
20625
20625
20625
20625
20625
20625
20625
20625
20625
20625
20625
20625
20625
20625
20625
20625
20625
20625
20625
20625
20625
20625
20625
20625
20625
20625
20625
20625
20625
20625
20625
20625
20625
20625
20625
20625
20625
20625
20625
20625
20625
20625
20625
20625
20625
20625
20625
20625
20625
20625
20625
20625
20625
20625
20625
20625
20625
20625
20625
20625
20625
20625
20625
20625
20625
20625
20625
20625
20625
20625
20625
20625
20625
20625
20625
20604
20604
20604
20604
20395
20395
20395
20395
20395
20395
20395
20395
20395
20395
20395
20395
20395
20395
20395
20395
20395
20395
20395
20395
20395
20395
20395
20395
20395
20395
20395
20395
20395
20395
20395
20395
20395
20395
20395
20395
20395
20395
20395
20395
20395
20395
20395
20395
20395
20395
20395
20395
20395
20395
20395
20395
20395
20395
20395
20395
20395
20395
20395
20395
20395
20395
20395
20395
20395
20395
20395
20395
20395
20317
20317
20317
20317
20317
20317
20317
20317
20317
20317
20317
20317
20317
20317
20317
20317
20317
20317
20317
20317
20317
20317
20317
20317
20317
20317
20317
20317
20317
20317
20317
20317
20317
20317
20317
20317
20317
20317
20317
20317
20317
20317
20317
20317
20317
20317
20317
20317
20317
20317
20317
20317
20317
20317
20317
20317
20317
20317
20317
20317
20317
20317
20317
20317
20317
20317
20317
20317
20317
19827
19827
19827
19827
19827
19827
19827
19827
19827
19827
19827
19827
19827
19827
19827
19827
19827
19827
19827
19827
19827
19827
19827
19827
19827
19827
19827
19827
19827
19827
19827
19827
19827
19827
19827
19827
19827
19827
19827
19827
19827
19827
19827
19827
19827
19827
19827
19827
19827
19827
19827
19827
19827
19827
19827
19827
19827
19827
19827
19827
19827
19827
19827
19827
19827
19827
19827
19827
19827
19827
19827
19827
19827
19827
19827
19827
19827
19827
19827
19827
19827
19827
19827
19827
19827
19827
19827
19827
19827
19827
19827
19827
19827
19827
19827
19827
19827
19827
19827
19827
19808
19808
19808
19808
19808
19808
19808
19808
19808
19808
19808
19808
19808
19808
19808
19808
19808
19808
19808
19808
19808
19808
19808
19808
19808
19808
19808
19808
19808
19808
19808
19808
19808
19808
19808
19808
19808
19808
19808
19808
19808
19808
19464
19464
19464
19464
19464
19464
19464
19464
19464
19464
19464
19464
19464
19464
19464
19464
19464
19464
19464
19464
19464
19464
19464
19464
19464
19464
19464
19464
19464
19464
19464
19464
19464
19464
19464
19464
19464
19464
19464
19464
19464
19464
19464
19464
19464
19464
19464
19464
19464
19464
19464
19464
19464
19464
19464
19464
19464
19464
19464
19464
19464
19464
19464
19464
19464
19464
19464
19464
19464
19464
19464
19464
19464
19341
19341
19341
19341
19341
19341
19341
19341
19341
19341
19341
19341
19341
19341
19341
19341
19220
19220
19220
19220
19220
19220
19220
19220
19220
19220
19220
19220
19220
19220
19220
19220
19220
19220
19005
19005
19005
19005
19005
19005
19005
18959
18959
18959
18959
18959
18959
18959
18959
18959
18959
18959
18959
18959
18959
18959
18959
18959
18959
18959
18959
18959
18959
18959
18959
18959
18959
18959
18959
18959
18959
18959
18959
18959
18959
18959
18959
18959
18959
18959
18959
18959
18959
18959
18959
18959
18959
18959
18959
18959
18959
18959
18959
18959
18959
18959
18959
18959
18959
18894
18894
18894
18894
18894
18894
18894
18894
18894
18894
18894
18894
18894
18894
18894
18894
18894
18894
18894
18894
18894
18894
18894
18894
18894
18894
18894
18894
18894
18894
18894
18894
18894
18894
18894
18894
18894
18894
18894
18894
18894
18894
18894
18894
18894
18894
18894
18894
18894
18894
18894
18894
18894
18894
18894
18894
18894
18894
18894
18894
18894
18894
18894
18894
18894
18894
18894
18894
18894
18894
18894
18894
18894
18894
18894
18894
18894
18894
18894
18894
18894
18894
18894
18894
18894
18894
18894
18894
18894
18894
18840
18840
18840
18840
18840
18840
18840
18840
18840
18840
18840
18840
18840
18840
18840
18840
18840
18840
18840
18840
18840
18840
18840
18840
18840
18840
18840
18840
18840
18840
18840
18840
18840
18840
18834
18834
18834
18834
18834
18834
18834
18834
18834
18834
18834
18834
18834
18834
18834
18834
18834
18834
18834
18834
18834
18834
18834
18834
18834
18834
18834
18834
18834
18834
18834
18834
18834
18834
18380
18380
18380
18380
18380
18380
18380
18380
18380
18380
18380
18380
18380
18380
18380
18380
18380
18380
18380
18380
18380
18380
18380
18380
18380
18380
18380
18380
18380
18380
18380
18380
18380
18380
18380
18380
18380
18380
18380
18380
18380
18380
18380
18380
18380
18380
18380
18380
18380
18380
18380
18380
18380
18380
18380
18380
18380
18380
18380
18380
18380
18380
18380
18380
18380
18380
18367
18367
18367
18367
18367
18367
18367
18367
18367
18367
18367
18367
18367
18367
18367
18367
18367
18367
18367
18367
18367
18367
18367
18367
18367
18367
18367
18367
18367
18367
18367
18367
18367
18367
18367
18367
18367
18367
18367
18367
18367
18367
18367
18367
18367
18367
18367
18367
18367
18367
18367
18367
18367
18367
18367
18367
18367
18367
18367
18367
18367
18367
18367
18367
18367
18367
18367
18367
18367
18367
18367
18367
18367
18367
18367
18367
18367
18367
18367
18367
18367
18367
18367
18367
18367
18367
18197
18197
18197
18197
18197
18197
18197
18197
18197
18197
18197
18197
18174
18174
18174
18174
18174
18174
18174
18174
18174
18174
18174
18174
18174
18174
18174
18174
18174
18174
18174
18174
18174
18174
18174
18174
18174
18174
18174
18174
18174
18174
18174
18174
18174
18174
18174
18174
18174
18174
18174
18174
18174
18174
18174
18174
18174
18174
18174
18174
18174
18174
18174
18174
18174
18174
18174
18174
18174
18174
18174
18174
18174
18174
18174
18174
18174
18174
18174
18174
18174
18174
18031
18031
18031
18031
18031
18031
18031
18031
18031
18031
18031
18031
18031
18031
18031
18031
18031
18031
18031
18031
18031
18031
18031
18031
18031
18031
18031
18031
18031
18031
18031
18031
18031
18031
18031
18031
18031
18031
18031
18031
18031
18031
18031
18031
18031
18031
18031
18031
18031
18031
18031
18031
18031
18031
18031
18031
18031
18031
18031
18031
18031
18031
18031
18031
18031
18031
18031
18031
18031
18031
18031
18031
18031
18031
18031
18031
18031
18031
18031
18031
18031
18031
18031
18031
18031
18031
18031
18031
18031
18031
18031
18031
18031
17734
17734
17734
17734
17734
17734
17734
17734
17734
17734
17734
17734
17734
17734
17734
17734
17734
17734
17734
17734
17734
17734
17734
17734
17734
17734
17734
17734
17734
17734
17734
17734
17734
17734
17734
17734
17734
17734
17734
17734
17734
17734
17734
17734
17734
17734
17734
17734
17734
17734
17734
17734
17734
17734
17734
17734
17734
17734
17734
17734
17734
17734
17734
17734
17734
17734
17562
17562
17562
17562
17562
17562
17562
17562
17562
17562
17562
17562
17562
17562
17562
17562
17562
17562
17562
17562
17562
17562
17562
17562
17562
17562
17562
17562
17562
17562
17562
17562
17562
17562
17562
17562
17562
17562
17562
17562
17562
17562
17562
17562
17562
17562
17562
17562
17562
17562
17562
17562
17562
17562
17562
17562
17451
17451
17451
17451
17451
17451
17451
17451
17451
17451
17451
17451
17451
17451
17451
17451
17451
17451
17451
17451
17451
17451
17451
17451
17451
17451
17451
17451
17451
17451
17451
17451
17451
17451
17451
17451
17451
17451
17451
17451
17451
17451
17451
17451
17451
17451
17451
17451
17451
17451
17451
17451
17451
17451
17451
17451
17451
17451
17451
17451
17451
17451
17451
17451
17451
17451
17451
17451
17451
17451
17451
17451
17451
17451
17451
17451
17451
17451
17451
17451
17451
17451
17451
17451
17451
17451
17451
17451
17451
17451
17451
17451
17451
17451
17451
17451
17451
16868
16868
16868
16868
16868
16868
16868
16868
16868
16868
16868
16868
16868
16868
16868
16868
16868
16868
16868
16868
16868
16868
16868
16868
16868
16868
16868
16868
16868
16868
16868
16868
16868
16868
16868
16868
16868
16868
16868
16868
16868
16868
16868
16868
16868
16868
16868
16868
16868
16868
16868
16868
16868
16868
16868
16868
16868
16868
16868
16868
16868
16868
16868
16868
16868
16868
16868
16868
16868
16868
16868
16868
16868
16868
16868
16868
16868
16868
16868
16868
16868
16868
16868
16868
16868
16868
16868
16868
16552
16552
16552
16552
16552
16552
16552
16552
16552
16552
16552
16552
16552
16552
16552
16552
16552
16552
16552
16552
16552
16552
16552
16552
16552
16552
16552
16472
16472
16472
16472
16472
16472
16472
16472
16472
16472
16472
16472
16472
16472
16472
16472
16472
16472
16472
16472
16472
16472
16472
16472
16472
16472
16472
16472
16472
16472
16472
16472
16472
16472
16472
16472
16472
16472
16472
16472
16472
16472
16472
16472
16472
16472
16472
16472
16472
16472
16472
16472
16472
16472
16472
16472
16387
16387
16387
16099
16099
16099
16099
16099
16099
16099
16099
16099
16099
16099
16099
16099
16099
16099
16099
16099
16099
16099
16099
16099
16099
16099
16099
16099
16099
16099
16099
16099
16099
16099
16099
15765
15765
15765
15765
15765
15765
15765
15765
15765
15765
15765
15765
15765
15765
15765
15765
15765
15765
15765
15765
15765
15765
15765
15765
15765
15765
15765
15765
15765
15765
15765
15765
15765
15765
15765
15765
15765
15667
15667
15667
15667
15667
15667
15667
15667
15667
15667
15667
15667
15667
15667
15667
15667
15667
15667
15667
15667
15667
15667
15667
15667
15667
15667
15667
15667
15667
15667
15449
15449
15449
15449
15449
15449
15449
15449
15449
15449
15449
15449
15449
15449
15449
15449
15449
15449
15449
15449
15449
15449
15449
15449
15449
15449
15449
15449
15449
15449
15449
15449
15449
15449
15449
15449
15449
15449
15449
15449
15449
15449
15449
15449
15449
15365
15365
15365
15365
15365
15365
15365
15365
15365
15365
15365
15365
15365
15365
15365
15365
15365
15365
15365
15365
15365
15365
15365
15365
15365
15336
15336
15336
15336
15336
15336
15336
15336
15336
15336
15336
15336
15336
15336
15336
15336
15336
15336
15336
15336
15336
15336
15336
15336
15336
15336
15336
15336
15336
15336
15336
15336
15336
15336
15336
15336
15336
15336
15336
15336
15336
15336
15336
15336
15336
15336
15336
15336
15336
15336
15336
15336
15336
15336
15336
15336
15221
15221
15221
15221
15221
15221
15221
15221
15221
15221
15221
15221
15221
15221
15221
15221
15221
15221
15221
15221
15221
15221
15221
15221
15221
15221
15221
15221
15221
15221
15221
15159
15159
15159
15159
15159
15159
15159
15159
15159
15159
15159
15159
15159
15159
15159
15159
15159
15159
15159
15159
15159
15159
15159
15159
15159
15159
15159
15159
15159
15159
15159
15159
15159
15159
15159
15159
15159
15159
15159
15159
15159
15159
15159
15159
15159
15115
15115
15115
15115
15115
15115
15115
15115
15115
15115
15115
15115
15115
15115
15115
15115
15115
15115
15115
15115
15115
15115
15115
15115
15115
15115
15115
15115
15115
15115
15115
15115
15115
15115
15115
15115
15115
15115
15115
15115
15115
15115
15115
15115
15115
15115
15115
15115
15115
15115
15115
15115
15115
15115
14976
14976
14976
14976
14976
14976
14976
14976
14976
14976
14976
14976
14976
14976
14976
14976
14976
14976
14976
14976
14976
14976
14976
14976
14976
14976
14976
14976
14976
14976
14976
14976
14976
14976
14976
14976
14976
14976
14976
14976
14976
14976
14976
14976
14976
14976
14976
14976
14976
14976
14976
14976
14976
14976
14976
14976
14976
14976
14976
14976
14976
14976
14976
14976
14976
14976
14976
14976
14976
14976
14976
14976
14976
14976
14976
14976
14976
14976
14976
14976
14976
14976
14976
14976
14853
14853
14853
14853
14853
14853
14853
14853
14853
14853
14853
14853
14853
14853
14853
14853
14853
14853
14853
14853
14853
14853
14853
14853
14853
14853
14853
14853
14853
14853
14853
14853
14853
14853
14853
14853
14853
14853
14853
14853
14853
14853
14853
14853
14853
14853
14853
14853
14853
14853
14853
14853
14853
14853
14853
14853
14853
14853
14853
14853
14853
14853
14853
14853
14853
14853
14853
14853
14853
14853
14853
14734
14734
14381
14381
14381
14381
14381
14381
14381
14381
14381
14381
14381
14381
14381
14381
14381
14381
14381
14381
14381
14381
14381
14381
14381
14381
14381
14381
14381
14381
14381
14381
14381
14381
14381
14381
14381
14381
14381
14381
14381
14381
14381
14381
14381
13949
13949
13949
13949
13949
13949
13949
13949
13949
13949
13949
13949
13949
13949
13949
13949
13949
13949
13949
13949
13949
13949
13949
13949
13949
13949
13949
13949
13949
13949
13949
13949
13949
13949
13949
13949
13949
13949
13949
13949
13949
13949
13949
13949
13949
13949
13949
13949
13949
13949
13949
13949
13949
13949
13949
13949
13949
13949
13949
13949
13949
13949
13949
13949
13949
13949
13949
13949
13949
13949
13949
13949
13949
13949
13949
13949
13949
13949
13949
13949
13949
13949
13949
13949
13949
13949
13949
13949
13119
13119
13119
13119
13119
13119
13119
13119
13119
13119
13119
13119
13119
13119
13119
13119
13119
13119
13119
13119
13119
13119
13119
13119
13119
13119
13119
13119
13119
13119
13119
13119
13119
13119
13119
13119
13119
13119
13119
13119
13119
13119
13119
13119
13119
13119
13119
13119
13119
13119
13119
13119
13119
13119
13119
13119
13119
13119
13119
13119
13119
13119
13119
13119
13119
13119
13119
13119
13119
13119
13119
13119
13119
13119
13119
13119
13119
13119
13119
13119
13119
13119
13119
13119
13119
13119
13119
13119
13119
12825
12825
12825
12825
12825
12825
12825
12825
12825
12825
12825
12825
12825
12825
12825
12825
12825
12825
12825
12825
12825
12825
12825
12825
12825
12825
12825
12825
12825
12825
12825
12825
12825
12825
12825
12825
12825
12825
12825
12825
12825
12825
12825
12825
12825
12825
12825
12825
12825
12825
12825
12825
12825
12825
12825
12825
12825
12825
12825
12825
12825
12825
12825
12825
12825
12825
12825
12825
12825
12825
12825
12825
12445
12445
12445
12445
12445
12445
12445
12445
12445
12445
12445
12445
12445
12445
12445
12445
12445
12445
12445
12445
12445
12445
12445
12445
12445
12445
12445
12445
12445
12445
12445
12445
12445
12445
12445
12445
12445
12445
12445
12445
12445
12445
12445
12445
12445
12445
12445
12445
12445
12445
12445
12445
12445
12445
12445
12445
12445
12445
12445
12445
12445
12445
12445
12445
12445
12445
12445
12445
12445
12445
12445
12445
12445
12445
12445
12445
12445
12445
12445
12445
12445
12445
12445
12445
12445
12114
12114
12114
12114
12114
12114
12114
12114
12114
12114
12114
12114
12114
12114
12114
12114
12114
12114
12114
12114
12114
12114
12114
12114
12114
12114
12114
12114
12114
12114
12114
12114
12114
12114
12114
12114
12114
12114
12114
12114
12114
12114
12114
12114
12114
12114
12114
12114
12114
12114
12114
12114
12114
12114
12114
12114
12114
12114
12114
12114
12114
12114
12114
12114
12114
12114
12114
12114
12114
12114
12114
12114
12114
12114
12114
12114
12114
12114
12114
12114
12114
12114
11803
11803
11803
11803
11803
11326
11326
11326
11326
11326
11326
11326
11326
11326
11326
11326
11326
11326
11326
11326
11326
11326
11326
11326
11326
11326
11326
11326
11326
11326
11326
11326
11326
11326
11326
11326
11326
11326
11326
11326
11326
11326
11326
11326
11326
11326
11326
11326
11326
11314
11314
11314
11314
11314
11314
11314
11314
11314
11314
11314
11314
11314
11314
11314
11314
11314
11314
11314
11314
11314
11314
11314
11314
11314
11314
11314
11314
11314
11314
11314
11314
11314
11314
11314
11314
11314
11314
11314
11314
11314
11314
11314
11314
11314
11314
11314
11314
11314
11314
11314
11314
11314
11314
11314
11314
11314
11314
11314
11314
11314
11314
11314
11314
11314
11314
11314
11314
11314
11314
11314
11314
11314
11314
11314
11314
11314
11314
11314
11314
11314
11314
11314
11314
11314
11314
11314
11314
11314
11311
11311
11311
11311
11311
11311
11311
11311
11311
11311
11311
11311
11311
11311
11311
11311
11311
11311
11311
11311
11311
11311
11311
11311
11311
11311
11311
11311
11311
11311
11311
11311
11311
11311
11311
11311
11311
11303
11303
11303
11303
11303
11303
11303
11303
11303
11303
11303
11303
11303
11303
11303
11303
11303
11303
11303
11303
11303
11303
11303
11303
11303
11303
11303
11303
11303
11303
11303
11303
11303
11303
11303
11303
11303
11303
11303
11303
11303
11303
11303
11303
11303
11303
11303
11303
11303
11303
11303
11292
11292
11292
11292
11292
11292
11292
11292
11292
11292
11292
11292
11292
11292
11292
11292
11292
11292
11292
11292
11292
11292
11292
11292
11292
11292
11292
11292
11292
11292
11292
11292
11292
11292
11292
11292
11292
11292
11292
11292
11292
11292
11292
11292
11292
11292
11103
11103
11103
11103
11103
11103
11103
11103
11103
11103
11103
11103
11103
11103
11103
11103
11103
11103
11103
11103
11103
11103
11103
11103
11103
11103
11103
11103
11103
11103
11103
11103
11103
11103
11103
11103
11103
11103
11103
11103
11103
11103
11103
11103
11103
11103
11103
11103
11103
11103
11103
11103
11103
11103
11103
11103
11103
11103
11103
11103
11103
11103
11103
11103
11103
11103
11103
11103
11103
11103
11103
11103
11103
11103
11103
11103
11103
11103
11103
11103
11103
11103
11103
11103
11103
11103
11103
11103
11103
11103
11103
11103
11103
11103
11103
11000
11000
11000
11000
11000
11000
11000
11000
11000
11000
11000
11000
11000
11000
11000
11000
11000
11000
11000
11000
11000
11000
11000
11000
11000
11000
11000
11000
11000
11000
11000
11000
11000
11000
11000
11000
11000
11000
11000
11000
11000
11000
11000
11000
11000
11000
11000
11000
11000
11000
11000
11000
11000
11000
11000
11000
11000
11000
11000
11000
11000
11000
11000
11000
11000
11000
11000
11000
11000
11000
11000
11000
11000
11000
11000
11000
11000
11000
11000
11000
11000
10960
10960
10960
10960
10960
10960
10960
10960
10960
10960
10960
10718
10718
10718
10718
10718
10718
10718
10718
10718
10718
10718
10718
10718
10718
10718
10718
10718
10718
10718
10718
10718
10718
10718
10718
10718
10718
10491
10491
10491
10491
10491
10491
10491
10491
10491
10491
10491
10491
10491
10491
10491
10491
10491
10491
10491
10491
10491
10491
10491
10491
10491
10491
10491
10491
10491
10491
10491
10491
10491
10491
10491
10491
10491
10491
10491
10491
10491
10491
10491
10491
10491
10491
10491
10491
10491
10491
10491
10491
10491
10491
10491
10491
10491
10491
10491
10491
10472
10472
10472
10472
10472
10472
10472
10472
10472
10472
10472
10472
10472
10472
10472
10472
10472
10472
10472
10472
10472
10472
10472
10472
10472
10472
10472
10472
10472
10472
10472
10472
10472
10472
10472
10472
10472
10472
10472
10472
10472
10472
10472
10472
10472
10472
10472
10472
10472
10472
10472
10472
10472
10472
10472
10472
10472
10472
10472
10472
10472
10472
10472
10472
10472
10472
10472
10472
10472
10472
10472
10472
10472
10472
10472
10472
10472
10472
10472
10472
10472
10472
10472
10472
10472
10472
10472
10472
10472
10472
10472
10472
10472
10472
10472
10287
10287
10287
10287
10287
10287
10287
10287
10287
10287
10287
10287
10287
10287
10287
10287
10287
10287
10287
10287
10287
10287
10287
10287
10287
10287
10287
10287
10287
10287
10287
10287
10287
10287
10287
10287
10287
10287
10287
10287
10287
10287
10287
10287
10287
10287
10287
10287
10284
10284
10284
10284
10284
10284
10284
10284
10284
10284
10284
10284
10284
10284
10284
10284
10284
10284
10284
10284
10284
10284
10284
10284
10284
10284
10284
10284
10284
10284
10284
10284
10284
10284
10284
10284
10284
10284
10284
10284
10284
10284
10284
10284
10284
10284
10284
10284
10284
10284
10284
10284
10284
10284
10284
10284
10284
10284
10284
10284
10284
10284
10284
10284
10284
10284
10284
10284
10284
10284
10284
10284
10284
10284
10284
10284
10284
10284
10284
10284
10284
10284
10284
10284
10284
10284
10284
10284
10284
10284
10284
10284
10057
10057
10057
10057
10057
10057
10057
10057
10057
10057
10057
10057
10057
10057
10057
10057
10057
10057
10057
10057
10057
10057
10057
10057
10057
10057
10057
10057
10057
10057
10057
10057
10057
10057
10057
10057
10057
10057
10057
10057
10057
10057
10057
10057
10057
10057
10057
10057
10057
10057
10057
10057
10057
10057
10057
10057
10057
10057
10057
10057
10057
10057
10057
9932
9932
9932
9932
9932
9932
9932
9932
9932
9932
9932
9932
9932
9932
9932
9932
9932
9932
9932
9932
9932
9932
9932
9932
9932
9932
9932
9932
9932
9932
9932
9932
9932
9932
9932
9932
9932
9932
9932
9932
9932
9932
9932
9932
9932
9932
9932
9932
9932
9932
9932
9932
9932
9932
9932
9932
9932
9932
9932
9932
9932
9932
9932
9932
9932
9932
9932
9932
9932
9475
9475
9475
9475
9475
9475
9475
9475
9475
9475
9475
9475
9475
9475
9475
9475
9475
9475
9475
9475
9475
9475
9475
9475
9475
9475
9475
9475
9475
9475
9475
9475
9475
9475
9475
9475
9475
9475
9475
9475
9475
9475
9475
9475
9095
9095
9095
9095
9095
9095
9095
9095
9095
9095
9095
9095
9095
8845
8845
8845
8845
8845
8845
8845
8845
8733
8733
8733
8733
8733
8733
8733
8733
8733
8733
8733
8733
8733
8733
8733
8733
8733
8733
8733
8733
8733
8733
8733
8733
8733
8733
8733
8733
8733
8733
8733
8733
8733
8733
8733
8733
8733
8733
8733
8733
8733
8733
8733
8733
8733
8733
8733
8733
8733
8733
8733
8733
8733
8733
8733
8733
8733
8733
8733
8733
8733
8733
8589
8589
8589
8589
8589
8589
8589
8589
8589
8589
8589
8589
8589
8589
8589
8589
8589
8589
8589
8589
8589
8589
8589
8589
8589
8589
8589
8589
8589
8589
8589
8589
8589
8589
8589
8589
8589
8589
8589
8589
8589
8589
8589
8589
8589
8589
8589
8589
8589
8589
8589
8589
8589
8589
8589
8589
8589
8589
8589
8589
8589
8589
8589
8589
8589
8589
8589
8589
8589
8589
8589
8589
8589
8589
8589
8589
8589
8589
8589
8589
8589
8589
8589
8589
8589
8589
8589
8589
8589
8589
8589
8589
8467
8467
8467
8467
8467
8467
8467
8467
8467
8467
8467
8467
8463
8463
8463
8463
8463
8463
8463
8463
8463
8463
8463
8463
8463
8463
8463
8463
8463
8463
8463
8413
8413
8413
8413
8413
8413
8413
8413
8413
8413
8413
8413
8413
8413
8340
8340
8340
8340
8340
8340
8340
8340
8340
8340
8340
8340
8340
8340
8340
8340
8340
8340
8340
8340
8340
8340
8340
8340
8340
8340
8340
8340
8340
8340
8340
8340
8340
8340
8340
8340
8340
8340
8340
8340
8340
8340
8340
8340
8340
8340
8340
8340
8340
8340
8340
8340
8340
8340
8340
8340
8340
8340
8340
8340
8272
8272
8272
8272
8272
8272
8272
8272
8272
8272
8272
8272
8272
8222
8222
8222
8222
8222
8222
8222
8222
8222
8222
8222
8222
8222
8222
8222
8222
8222
8222
8222
8222
8222
8222
8222
8222
8222
8222
8222
8222
8222
8222
8139
8139
8139
8139
8139
8139
8139
8139
8139
8139
8139
8139
8139
8139
8139
8139
8139
8139
8100
8100
8100
8100
8100
8100
8100
8100
8100
8100
8100
8100
8100
8100
8100
8100
8100
8100
8100
8100
8100
8100
8100
8100
8100
8100
8100
8100
8100
8100
8100
8100
8100
8100
8100
8100
8100
8100
8100
8100
8100
8100
8100
8100
8100
8100
8100
8100
8100
8100
8100
7919
7919
7771
7771
7771
7771
7771
7771
7771
7771
7771
7771
7771
7771
7771
7771
7771
7771
7771
7771
7771
7771
7771
7771
7771
7771
7771
7771
7771
7771
7771
7771
7771
7771
7771
7771
7771
7771
7771
7771
7771
7771
7771
7771
7771
7771
7771
7771
7771
7771
7771
7771
7771
7771
7771
7771
7771
7771
7771
7771
7771
7771
7771
7771
7771
7771
7771
7771
7771
7771
7771
7771
7771
7771
7771
7771
7771
7771
7771
7771
7771
7771
7771
7771
7771
7771
7701
7701
7701
7701
7701
7701
7701
7701
7701
7701
7701
7701
7701
7701
7701
7701
7701
7701
7701
7701
7701
7701
7701
7701
7701
7701
7701
7701
7701
7701
7701
7701
7701
7701
7701
7701
7701
7701
7701
7701
7701
7701
7701
7701
7701
7701
7701
7701
7701
7701
7701
7701
7701
7701
7701
7701
7701
7701
7701
7701
7701
7701
7701
7701
7701
7701
7701
7701
7701
7701
7701
7701
7701
7701
7701
7701
7701
7701
7701
7482
7482
7482
7482
7482
7482
7482
7482
7482
7482
7482
7482
7482
7482
7482
7482
7482
7482
7482
7482
7482
7482
7482
7482
7482
7482
7482
7482
7482
7482
7482
7482
7482
7482
7482
7482
7482
7482
7482
7482
7482
7482
7482
7482
7482
7482
7482
7482
7482
7482
7482
7482
7482
7482
7482
7482
7482
7482
7482
7467
7467
7467
7467
7467
7467
7467
7467
7467
7467
7467
7467
7467
7467
7467
7467
7467
7467
7467
7467
7467
7467
7467
7467
7467
7467
7467
7467
7467
7467
7467
7467
7467
7467
7467
7467
7467
7467
7467
7467
7467
7467
7467
7467
7467
7467
7467
7467
7467
7467
7467
7467
7467
7467
7467
7467
7467
7467
7467
7467
7467
7467
7467
7467
7467
7467
7467
7467
7467
7467
7467
7467
7467
7467
7467
7467
7467
7457
7457
7457
7457
7457
7457
7457
7457
7457
7457
7457
7457
7457
7457
7457
7457
7457
7457
7457
7457
7457
7457
7457
7457
7457
7457
7457
7457
7457
7457
7457
7457
7457
7457
7457
7457
7457
7457
7457
7457
7457
7457
7457
7457
7457
7457
7457
7457
7457
7457
7457
7457
7457
7457
7457
7457
7457
7457
7457
7457
7457
7457
7457
7457
7457
7457
7457
7457
7457
7457
7457
7457
7457
7457
7457
7457
7457
7457
7457
7457
7457
7457
7457
7457
7457
7457
7450
7450
7450
7450
7450
7450
7450
7450
7450
7450
7450
7450
7450
7450
7450
7450
7450
7450
7450
7450
7450
7450
7450
7450
7450
7450
7450
7450
7450
7450
7450
7450
7450
7450
7450
7450
7450
7450
7450
7450
7450
7450
7450
7450
7450
7450
7450
7450
7450
7450
7450
7450
7450
7450
7450
7450
7450
7450
7450
7450
7450
7450
7450
7450
7450
7450
7450
7450
7450
7288
7288
7288
7288
7288
7288
7288
7288
7288
7288
7288
7288
7288
7288
7288
7288
7288
7288
7288
7288
7288
7288
7288
7288
7288
7288
7288
7288
7288
7288
7288
7288
7288
7288
7288
7288
7288
7288
7288
7288
7288
7288
7288
7288
7288
7288
7288
7288
7288
7288
7288
7288
7288
7288
7288
7288
7288
7288
7288
7288
7266
7266
7266
7266
7179
7179
7179
7179
7179
7179
7179
7179
7179
7179
7179
7179
7179
7179
7179
7179
7179
7179
7179
7179
7179
7179
7179
7179
7179
7179
7179
7179
7179
7179
7179
7179
7179
7179
7179
7179
7179
7179
7179
7179
7179
7179
7179
7179
7179
7179
7179
7179
7179
7179
7179
7179
7179
7179
7179
7179
7179
7179
7179
7179
7179
7179
7179
7179
7179
7179
7179
7179
7179
7179
7179
7179
7179
7179
7179
7179
7179
7179
7179
7179
7179
7179
7179
7179
7078
7078
7078
7078
7078
7078
7078
7078
7078
7078
7078
7078
7078
7078
7078
7078
7078
7078
7078
7078
7078
7078
7078
7078
7078
7078
7078
7078
7078
7078
7078
7078
7078
7078
7078
7078
7078
7078
7078
7078
7078
7078
7078
7078
7078
7078
7078
7078
7078
7078
7078
7078
7078
7078
7078
7078
7078
7078
7078
7078
7078
7078
7078
7078
7078
7078
7078
7078
7078
7078
7078
7078
7078
7078
7078
7078
7078
7078
7078
7078
7078
7078
7078
7078
7078
7078
7078
7078
7078
7078
7078
7078
7078
7078
7078
7078
7078
7064
7064
7064
7064
7064
7064
7064
7064
7064
7064
7064
7064
7064
7064
7064
7064
7064
7064
7064
7064
7064
7064
7064
7064
7064
7064
7064
7064
7064
7064
7064
7064
7064
7064
7064
7064
7064
7064
7064
7064
7064
7064
7064
7064
7064
7064
7064
7064
7064
7064
7064
7064
7064
6999
6999
6999
6999
6999
6999
6999
6999
6999
6999
6999
6999
6999
6999
6999
6999
6999
6999
6999
6999
6999
6999
6999
6999
6999
6999
6999
6999
6999
6999
6999
6999
6999
6999
6999
6999
6999
6999
6999
6999
6999
6999
6999
6999
6999
6999
6999
6999
6999
6999
6999
6999
6914
6914
6914
6914
6914
6914
6914
6914
6914
6914
6914
6914
6914
6914
6914
6914
6914
6914
6914
6914
6914
6914
6914
6914
6914
6914
6914
6914
6914
6914
6914
6914
6914
6914
6914
6914
6914
6914
6914
6914
6914
6914
6914
6914
6914
6914
6914
6914
6914
6914
6914
6914
6914
6914
6914
6914
6914
6914
6914
6914
6914
6914
6914
6914
6914
6914
6781
6781
6781
6781
6781
6781
6735
6735
6735
6735
6735
6735
6735
6735
6735
6735
6735
6735
6735
6735
6735
6735
6735
6735
6735
6735
6735
6735
6735
6735
6735
6735
6735
6735
6735
6735
6735
6735
6735
6735
6735
6735
6735
6735
6735
6735
6735
6735
6735
6735
6735
6735
6735
6735
6735
6735
6735
6735
6735
6735
6735
6735
6735
6735
6735
6735
6735
6735
6735
6735
6735
6735
6735
6735
6735
6735
6735
6735
6735
6735
6735
6735
6735
6703
6703
6703
6703
6703
6703
6703
6703
6703
6703
6703
6703
6703
6703
6703
6703
6703
6703
6703
6703
6703
6703
6703
6703
6703
6703
6703
6703
6703
6703
6703
6703
6703
6703
6703
6703
6703
6703
6703
6703
6703
6703
6703
6703
6703
6703
6703
6703
6703
6703
6703
6703
6703
6703
6703
6703
6703
6703
6703
6703
6703
6703
6703
6703
6703
6703
6703
6703
6703
6703
6628
6628
6628
6628
6628
6628
6628
6628
6628
6628
6628
6628
6628
6628
6628
6628
6628
6628
6628
6628
6628
6628
6628
6628
6628
6628
6628
6628
6628
6628
6628
6628
6628
6628
6628
6628
6628
6628
6628
6628
6628
6628
6628
6628
6628
6628
6628
6628
6628
6628
6628
6628
6628
6628
6628
6628
6628
6628
6628
6628
6628
6628
6628
6628
6628
6628
6628
6628
6628
6628
6628
6628
6628
6628
6628
6628
6628
6628
6628
6628
6628
6628
6628
6628
6628
6628
6584
6584
6584
6584
6584
6584
6584
6584
6584
6584
6584
6584
6584
6584
6584
6584
6584
6584
6584
6584
6584
6584
6584
6584
6584
6584
6584
6584
6584
6584
6584
6584
6584
6584
6584
6584
6584
6584
6584
6584
6584
6584
6584
6584
6584
6584
6584
6584
6584
6584
6584
6584
6584
6584
6584
6584
6584
6584
6584
6584
6584
6584
6584
6584
6584
6584
6584
6584
6584
6584
6584
6584
6584
6584
6584
6584
6584
6584
6584
6584
6584
6584
6584
6584
6584
6393
6393
6393
6393
6393
6393
6393
6393
6393
6393
6393
6393
6393
6393
6393
6393
6393
6393
6393
6393
6393
6393
6393
6393
6393
6393
6393
6393
6393
6393
6393
6393
6393
6393
6393
6393
6393
6393
6393
6393
6393
6393
6393
6393
6393
6393
6393
6319
6319
6319
6319
6319
6319
6319
6319
6319
6319
6319
6319
6319
6319
6319
6319
6319
6319
6319
6319
6319
6319
6319
6319
6319
6319
6319
6319
6319
6319
6319
6319
6319
6319
6319
6319
6319
6319
6319
6319
6319
6319
6319
6319
6319
6319
6319
6319
6319
6319
6319
6319
6319
6319
6319
6319
6319
6319
6319
6319
6319
6319
6319
6319
6319
6319
6319
6319
6319
6319
6319
6319
6319
6319
6319
6319
6319
6319
6319
6319
6319
6319
6319
6319
6319
6319
6319
6319
6041
6041
6041
6041
6041
6041
6041
6041
6041
6041
6041
6041
6041
6041
6041
6041
6041
6041
6041
6041
6041
6041
6041
6041
6041
6041
6041
6041
6041
6041
6041
6041
6041
6041
6041
6041
6041
6041
6041
6041
6041
6041
6041
6041
6041
6041
6041
6041
6041
6041
6041
6041
6041
6041
6041
6041
6041
6041
6000
6000
6000
6000
6000
6000
6000
6000
6000
6000
6000
6000
6000
6000
6000
6000
6000
6000
6000
6000
6000
6000
6000
5913
5913
5913
5913
5913
5913
5913
5913
5913
5913
5913
5913
5913
5913
5913
5913
5913
5913
5913
5913
5913
5913
5913
5913
5913
5913
5913
5913
5913
5913
5913
5913
5913
5913
5913
5913
5913
5913
5913
5913
5913
5913
5913
5913
5913
5913
5913
5913
5913
5913
5913
5913
5913
5913
5913
5913
5913
5913
5913
5913
5913
5913
5913
5913
5913
5913
5913
5913
5913
5913
5913
5913
5913
5913
5913
5913
5913
5913
5913
5913
5913
5913
5913
5913
5893
5893
5893
5893
5893
5893
5893
5893
5893
5893
5893
5893
5893
5893
5893
5893
5893
5893
5893
5893
5893
5893
5893
5893
5893
5893
5893
5887
5887
5887
5887
5887
5887
5887
5887
5887
5887
5887
5887
5887
5887
5887
5887
5887
5887
5887
5887
5887
5887
5887
5887
5887
5887
5887
5887
5887
5887
5887
5887
5887
5887
5887
5887
5887
5887
5887
5887
5887
5887
5887
5887
5887
5887
5887
5887
5887
5887
5887
5887
5887
5887
5887
5887
5887
5887
5887
5887
5887
5793
5793
5793
5793
5793
5793
5793
5793
5793
5793
5793
5793
5793
5793
5793
5793
5793
5793
5793
5793
5793
5793
5793
5793
5793
5793
5793
5793
5793
5793
5793
5793
5793
5793
5793
5793
5793
5793
5793
5793
5793
5793
5793
5793
5793
5793
5793
5793
5793
5793
5793
5793
5793
5793
5793
5793
5793
5793
5793
5793
5793
5793
5793
5793
5793
5793
5793
5793
5793
5293
5293
5293
5293
5293
5293
5293
5293
5293
5293
5293
5293
5293
5293
5293
5293
5293
5293
5293
5293
5293
5293
5293
5293
5293
5293
5293
5293
5293
5293
5293
5293
5293
5293
5293
5293
5293
5293
5293
5293
5293
5293
5293
5093
5093
5093
5093
5093
5093
5093
5093
5093
5093
5093
5093
5093
5093
5093
5093
5093
5093
5093
5093
5093
5093
5093
5093
5093
5093
5093
5093
5093
5093
5093
5093
5093
5093
5093
5093
5093
5093
5093
5093
5093
5093
5093
5093
5093
5093
5093
5093
5093
5093
5093
5093
5093
5093
5093
5062
5062
5062
5062
5062
5062
5062
5062
5062
5062
5062
5062
5062
5062
5062
5062
5062
5062
5062
5062
5062
5062
5062
5062
5062
5062
5062
5062
5062
5062
5062
5062
5062
5062
5062
5062
5062
5062
5062
5062
5062
