9302
30000
22397
22397
22397
22397
22397
22397
22397
22397
22397
22397
22397
22397
22397
22397
22325
22325
22325
22325
22325
22325
22325
22325
22325
22325
22325
22325
22325
22325
22325
22325
22325
22325
22325
22325
22325
22325
22325
22325
22325
22325
22325
22325
22325
22325
22325
22325
22325
22325
22325
22325
22325
22325
22325
22325
22325
22325
22325
22325
22325
22325
22325
22325
22325
22325
22325
22325
22325
22325
22325
22325
22325
22325
22325
22325
22325
22325
22325
22325
22325
22325
22325
22325
22325
22325
22325
22325
22325
22325
22325
22325
22325
22325
22325
22325
22325
22325
22325
22325
22325
22325
22261
22261
22261
22261
22261
22261
22261
22261
22261
22261
22261
22261
22261
22261
22261
22261
22261
22261
22261
22261
22261
22261
22261
22261
22261
22261
22261
22261
22261
22261
22261
22261
22261
22261
22261
22261
22261
22261
22261
22261
22261
22261
22261
22261
22261
22261
22261
22261
22261
22261
22261
22261
22261
22261
22261
22261
22261
22261
22261
22261
22261
22261
22261
22261
22261
22261
22261
22261
22261
22261
22261
22261
22261
22261
22261
22261
22261
22261
22261
22261
22261
22261
22261
22261
22261
22261
22261
22261
22261
22261
22261
22261
22261
22261
22248
22248
22248
22248
22248
22248
22248
22248
22248
22248
22248
22211
22211
22211
22211
22211
22211
22211
22211
22211
22211
22211
22211
22211
22211
22211
22211
22211
22211
22211
22211
22211
22211
22211
22211
22211
22211
22211
22211
22211
22211
22211
22211
22211
22211
22211
22211
22211
22196
22196
22196
22196
22196
22196
22196
22196
22196
22196
22196
22196
22196
22196
22196
22196
22196
22196
22196
22196
22196
22196
22196
22196
22186
22186
22186
22186
22186
22186
22186
22186
22186
22186
22186
22186
22186
22186
22186
22186
22186
22186
22186
22186
22186
22186
22186
22186
22186
22186
22186
22186
22186
22186
22186
22186
22186
22186
22186
22186
22186
22186
22186
22186
22186
22186
22186
22186
22186
22186
22186
22186
22186
22097
22097
22097
22097
22097
22097
22097
22097
22097
22097
22097
22097
22097
22097
22097
22097
22097
22063
22063
22063
22063
22063
22063
22063
22063
22063
22063
22063
22063
22063
22063
22063
22063
22063
22063
22063
22063
22063
22063
22063
22063
22063
22063
22063
22063
22063
22063
22063
22063
22063
22063
22063
22063
22063
22063
22063
22063
22063
22063
22063
22063
22063
22063
22063
22063
22063
22063
22063
22063
22063
22063
22063
22063
22063
22063
22063
22063
22063
22063
22063
22063
22063
22063
22063
22063
22063
22063
22063
22063
22063
22063
22063
22063
22063
22063
22063
22063
22063
22063
22063
22063
22063
22063
22044
22044
22044
22044
22044
22044
22044
22044
22044
22044
22044
22044
22044
22044
22044
22044
22044
22044
22044
22044
22044
22044
22044
22044
22044
22044
22044
22044
22044
22044
22044
22044
22044
22044
22044
22044
22044
22044
22044
22044
22044
22044
22044
22044
22044
22044
22044
22044
22033
22033
22033
22033
22033
22033
22033
22033
22033
22033
22033
22033
22033
22033
22033
22033
22033
22033
22033
22033
22033
22033
22033
22033
22033
22033
22033
22033
22033
22033
22033
22033
22033
22033
22033
22033
22033
22033
22033
22033
22033
22033
22033
22033
22033
22033
22033
22033
22026
22026
22026
22026
22026
22026
22026
22026
22026
22026
22026
22026
22026
22026
22026
22026
22026
22026
22026
22026
22026
22026
22026
22026
22026
22026
22026
22026
22026
22026
22026
22026
22026
22026
22026
22026
22026
22026
22026
22026
22026
22026
22026
22026
22026
22026
22026
22026
22026
22026
22026
22026
22026
22026
22026
22026
22026
22026
22026
22026
22026
22026
22026
22026
22026
22019
22019
22019
22019
22019
21987
21987
21987
21987
21987
21987
21987
21987
21987
21987
21987
21987
21987
21987
21987
21987
21987
21987
21987
21987
21987
21987
21987
21987
21987
21987
21987
21987
21987
21987
21987
21987
21987
21987
21987
21987
21987
21987
21987
21987
21987
21987
21987
21987
21987
21903
21903
21903
21903
21903
21903
21903
21903
21903
21903
21903
21903
21903
21903
21903
21903
21903
21903
21903
21903
21903
21903
21903
21903
21903
21903
21903
21903
21903
21903
21903
21903
21903
21690
21690
21690
21690
21690
21690
21690
21690
21690
21690
21690
21690
21690
21690
21690
21690
21690
21690
21690
21690
21690
21690
21690
21690
21690
21690
21690
21690
21690
21690
21690
21690
21690
21690
21690
21690
21690
21690
21690
21690
21690
21690
21690
21690
21690
21690
21690
21690
21690
21690
21690
21690
21690
21690
21690
21690
21690
21690
21690
21690
21690
21690
21690
21690
21690
21690
21690
21690
21690
21690
21690
21690
21690
21690
21690
21690
21690
21690
21690
21690
21690
21690
21690
21690
21659
21659
21659
21659
21659
21659
21659
21659
21659
21659
21659
21659
21659
21659
21659
21659
21659
21525
21525
21525
21525
21525
21525
21525
21525
21525
21525
21525
21525
21525
21525
21525
21525
21525
21525
21525
21525
21525
21525
21525
21525
21525
21525
21525
21525
21525
21525
21525
21525
21525
21525
21525
21525
21525
21525
21525
21525
21512
21512
21512
21512
21512
21512
21512
21512
21512
21512
21512
21512
21512
21512
21512
21512
21512
21512
21512
21512
21512
21512
21512
21512
21512
21512
21512
21512
21512
21512
21512
21512
21512
21512
21512
21512
21512
21512
21512
21512
21512
21512
21512
21512
21512
21512
21512
21512
21512
21512
21512
21512
21512
21512
21512
21512
21512
21512
21512
21512
21512
21512
21512
21512
21512
21512
21512
21512
21512
21440
21440
21440
21440
21440
21440
21440
21440
21440
21440
21440
21440
21440
21440
21440
21440
21440
21440
21440
21440
21440
21440
21440
21440
21440
21440
21440
21435
21435
21435
21435
21435
21435
21435
21435
21435
21435
21435
21435
21435
21435
21435
21435
21435
21435
21435
21435
21435
21435
21435
21435
21435
21435
21435
21435
21435
21435
21435
21435
21435
21435
21435
21435
21435
21435
21435
21435
21435
21435
21435
21435
21435
21435
21435
21435
21435
21435
21367
21367
21367
21367
21367
21367
21367
21367
21367
21367
21367
21367
21367
21367
21367
21367
21367
21367
21367
21367
21367
21367
21367
21367
21367
21367
21367
21367
21299
21299
21299
21299
21299
21299
21299
21299
21299
21299
21253
21253
21253
21253
21253
21253
21253
21253
21253
21253
21253
21253
21253
21253
21253
21253
21253
21253
21253
21253
21253
21253
21253
21253
21253
21253
21253
21253
21253
21253
21253
21253
21253
21253
21130
21130
21130
21130
21130
21130
21130
21130
21130
21130
21130
21130
21130
21130
21130
21130
21130
21130
21130
21130
21130
21130
21130
21130
21130
21130
21130
21130
21130
21130
21130
21130
21130
21130
21130
21130
21130
21130
21130
21130
21130
21130
21130
21130
21130
21130
21130
21130
21130
21130
21130
21130
21130
21130
21048
21048
21048
21048
21048
21048
21048
21048
21048
21048
21048
21048
21048
21048
21048
21048
21048
21048
21048
21048
21048
21048
21048
21048
21048
21048
20925
20925
20925
20925
20925
20925
20925
20925
20925
20925
20925
20925
20925
20925
20925
20925
20925
20925
20925
20925
20925
20925
20925
20925
20925
20925
20925
20925
20925
20925
20925
20925
20925
20925
20925
20925
20925
20925
20925
20925
20925
20925
20925
20925
20925
20925
20925
20925
20925
20925
20925
20925
20925
20925
20925
20925
20925
20925
20925
20925
20925
20925
20925
20925
20925
20925
20925
20925
20925
20925
20925
20925
20925
20925
20925
20925
20925
20925
20925
20925
20925
20925
20925
20925
20925
20925
20925
20925
20925
20925
20925
20736
20736
20736
20736
20736
20736
20736
20736
20736
20736
20736
20682
20682
20682
20682
20682
20682
20682
20682
20682
20682
20682
20682
20682
20682
20682
20682
20682
20682
20682
20682
20682
20682
20682
20682
20682
20682
20682
20682
20682
20682
20682
20682
20682
20682
20682
20682
20682
20682
20682
20682
20682
20682
20682
20682
20682
20682
20682
20682
20682
20682
20682
20682
20682
20682
20682
20682
20682
20682
20682
20682
20682
20682
20682
20682
20682
20682
20682
20682
20682
20682
20682
20682
20682
20682
20682
20682
20682
20682
20682
20682
20682
20682
20682
20682
20682
20634
20634
20634
20634
20634
20634
20634
20634
20634
20634
20634
20634
20634
20626
20626
20626
20626
20626
20626
20626
20626
20626
20626
20626
20626
20626
20626
20626
20626
20626
20626
20626
20626
20626
20626
20626
20626
20626
20626
20626
20626
20626
20626
20626
20626
20626
20626
20626
20626
20626
20626
20626
20626
20626
20626
20626
20626
20626
20626
20626
20626
20626
20626
20626
20626
20626
20626
20626
20626
20626
20626
20626
20626
20626
20626
20626
20626
20626
20626
20626
20626
20626
20626
20626
20626
20626
20626
20626
20626
20626
20626
20626
20626
20626
20626
20626
20626
20626
20626
20565
20565
20565
20565
20565
20565
20565
20565
20565
20565
20565
20565
20565
20565
20565
20565
20565
20565
20565
20565
20565
20565
20565
20565
20565
20565
20565
20565
20565
20565
20565
20565
20565
20565
20565
20565
20565
20565
20565
20565
20558
20558
20558
20558
20558
20558
20558
20558
20558
20558
20558
20558
20558
20558
20558
20558
20558
20558
20558
20558
20558
20558
20558
20558
20558
20558
20558
20558
20558
20558
20558
20558
20558
20558
20558
20558
20558
20558
20558
20558
20558
20558
20558
20558
20558
20558
20558
20558
20558
20558
20558
20558
20558
20558
20558
20558
20558
20558
20558
20558
20558
20558
20558
20558
20558
20558
20558
20558
20558
20558
20558
20558
20558
20558
20558
20558
20558
20558
20558
20558
20558
20558
20558
20558
20558
20558
20558
20558
20558
20558
20558
20558
20558
20558
20137
20137
20137
20137
20137
20137
20137
20137
20137
20137
20137
20137
20137
20137
20137
20137
20137
20137
20137
20137
20078
20078
20078
20078
20078
20078
20078
20078
20078
20078
20078
20078
20078
20078
20078
20078
20078
20078
20078
20078
20078
20078
20078
20078
20078
20078
20078
20078
20078
20078
20078
20078
20078
20078
20078
20078
20078
20078
20078
20078
20078
20078
20078
20078
20078
20078
20078
20078
20078
20078
20078
20078
20078
20078
20078
20078
20078
20078
20078
20078
20078
20078
20078
20078
20078
20078
20078
20078
20078
20078
20078
20078
20078
20078
20078
20078
20078
20078
20078
20078
20078
20060
20060
20060
20060
20060
20060
20060
20060
20060
20060
19860
19860
19860
19860
19860
19860
19860
19860
19860
19860
19860
19860
19860
19860
19860
19860
19860
19860
19860
19860
19860
19860
19860
19860
19860
19860
19837
19837
19837
19837
19837
19837
19837
19837
19837
19837
19837
19837
19837
19837
19837
19837
19837
19837
19837
19837
19837
19837
19837
19837
19837
19837
19837
19837
19837
19837
19837
19837
19837
19837
19837
19837
19837
19837
19837
19837
19837
19837
19837
19837
19837
19837
19837
19837
19837
19837
19837
19837
19837
19837
19837
19837
19837
19837
19837
19837
19837
19837
19837
19837
19837
19837
19837
19837
19837
19837
19837
19837
19821
19821
19821
19821
19821
19821
19821
19821
19821
19821
19821
19821
19821
19821
19821
19821
19821
19821
19821
19821
19821
19821
19821
19821
19821
19821
19821
19821
19821
19821
19821
19821
19821
19821
19821
19821
19821
19821
19821
19821
19821
19821
19821
19821
19821
19821
19821
19821
19821
19821
19821
19821
19821
19821
19821
19821
19821
19821
19821
19821
19821
19821
19814
19814
19814
19814
19814
19814
19814
19814
19814
19814
19814
19814
19814
19814
19814
19814
19814
19814
19814
19814
19814
19814
19814
19814
19814
19814
19814
19814
19814
19814
19814
19814
19814
19814
19814
19814
19814
19814
19814
19814
19814
19814
19814
19814
19814
19814
19814
19814
19814
19814
19814
19814
19814
19814
19814
19814
19814
19814
19814
19583
19583
19583
19583
19583
19583
19583
19583
19583
19583
19583
19583
19583
19583
19583
19583
19583
19583
19583
19583
19583
19583
19583
19583
19583
19583
19583
19583
19583
19583
19583
19583
19583
19583
19583
19583
19583
19583
19583
19583
19583
19583
19583
19346
19346
19346
19346
19346
19346
19346
19346
19346
19346
19346
19346
19346
19346
19346
19346
19346
19346
19346
19346
19346
19346
19346
19346
19121
19121
19121
19121
19121
19121
19121
19121
19121
19121
19121
19121
19121
19121
19121
19121
19121
19121
19121
19121
19121
19121
19121
19121
19121
19121
19121
19121
19121
19121
19121
19121
19121
19121
19121
18868
18868
18868
18868
18868
18868
18868
18868
18868
18868
18868
18868
18868
18868
18868
18868
18868
18868
18868
18868
18868
18868
18868
18868
18868
18868
18868
18868
18868
18868
18868
18868
18868
18868
18868
18832
18832
18832
18832
18832
18832
18832
18832
18832
18832
18832
18832
18832
18832
18832
18832
18832
18832
18832
18832
18832
18832
18832
18832
18832
18832
18832
18832
18832
18832
18832
18832
18832
18832
18832
18832
18832
18832
18832
18832
18832
18832
18832
18832
18832
18832
18832
18832
18832
18832
18832
18832
18832
18832
18832
18832
18832
18832
18832
18832
18832
18832
18832
18832
18832
18832
18832
18832
18832
18832
18832
18832
18832
18832
18832
18832
18783
18783
18783
18783
18783
18783
18783
18783
18783
18783
18783
18783
18783
18783
18783
18783
18783
18783
18783
18783
18783
18783
18783
18783
18783
18783
18783
18783
18783
18783
18783
18783
18783
18783
18783
18783
18783
18783
18783
18783
18783
18783
18783
18783
18783
18783
18783
18783
18783
18783
18783
18783
18783
18783
18783
18783
18783
18783
18783
18783
18783
18783
18783
18783
18783
18783
18783
18783
18783
18783
18783
18758
18758
18758
18758
18758
18758
18758
18758
18758
18758
18758
18758
18758
18758
18758
18758
18758
18758
18758
18758
18758
18758
18758
18758
18758
18758
18758
18758
18758
18758
18758
18758
18758
18758
18758
18758
18758
18758
18758
18758
18758
18758
18758
18758
18758
18758
18758
18758
18758
18758
18758
18758
18758
18758
18758
18758
18758
18758
18758
18758
18758
18758
18758
18758
18758
18758
18758
18758
18758
18758
18758
18758
18758
18758
18758
18758
18758
18758
18758
18758
18758
18758
18758
18758
18706
18706
18706
18706
18706
18706
18706
18706
18706
18706
18706
18706
18676
18676
18676
18676
18676
18676
18676
18676
18676
18662
18662
18662
18662
18662
18662
18662
18662
18662
18662
18662
18662
18662
18662
18662
18401
18401
18401
18401
18401
18401
18353
18353
18353
18353
18353
18353
18353
18353
18353
18353
18353
18353
18109
18109
18109
18109
18109
18109
18109
18109
18109
18109
18109
18109
18109
18109
18109
18109
18109
18109
18109
18109
18109
18109
18109
18109
18109
18109
18109
18109
18109
18109
18109
18109
18109
18109
18109
18109
18109
18109
18109
18109
18109
18109
18109
18109
18109
18109
18109
18109
18109
18109
18109
18109
18109
18109
17966
17966
17966
17966
17966
17862
17862
17862
17862
17862
17862
17862
17862
17862
17862
17862
17862
17862
17862
17862
17862
17862
17862
17862
17862
17862
17862
17862
17862
17862
17862
17862
17862
17862
17862
17862
17862
17862
17862
17862
17862
17862
17862
17862
17862
17862
17862
17862
17862
17862
17862
17862
17862
17862
17862
17862
17862
17862
17862
17862
17862
17862
17862
17862
17862
17862
17862
17862
17862
17862
17862
17862
17862
17862
17862
17862
17862
17862
17862
17862
17862
17862
17862
17862
17862
17862
17862
17862
17862
17862
17862
17862
17862
17862
17862
17671
17671
17671
17671
17671
17671
17671
17671
17671
17671
17671
17671
17671
17671
17671
17671
17671
17671
17671
17671
17671
17671
17671
17671
17671
17671
17671
17671
17671
17671
17671
17671
17671
17671
17671
17671
17671
17671
17671
17671
17671
17671
17671
17671
17671
17671
17671
17671
17671
17671
17671
17671
17671
17671
17671
17509
17509
17509
17509
17509
17509
17509
17509
17509
17509
17509
17509
17509
17509
17509
17509
17509
17509
17509
16995
16995
16995
16995
16995
16995
16995
16995
16995
16995
16995
16995
16995
16995
16995
16995
16995
16995
16995
16995
16995
16995
16995
16995
16995
16995
16995
16995
16995
16995
16995
16995
16995
16995
16995
16995
16995
16995
16995
16995
16995
16995
16995
16995
16995
16995
16995
16995
16995
16995
16995
16995
16995
16995
16995
16995
16995
16995
16995
16995
16995
16995
16995
16975
16975
16975
16975
16975
16975
16975
16975
16975
16975
16975
16975
16975
16975
16975
16975
16975
16975
16975
16975
16975
16975
16975
16975
16975
16975
16975
16975
16975
16975
16975
16975
16975
16975
16975
16975
16975
16975
16975
16975
16975
16975
16975
16975
16975
16975
16975
16975
16975
16975
16975
16975
16975
16975
16975
16975
16975
16975
16975
16975
16975
16975
16975
16975
16975
16975
16975
16941
16941
16941
16941
16941
16941
16941
16941
16941
16941
16941
16941
16941
16941
16941
16941
16941
16755
16755
16755
16755
16755
16755
16755
16755
16755
16755
16755
16755
16755
16755
16755
16755
16755
16755
16755
16755
16755
16755
16755
16755
16755
16755
16755
16755
16755
16755
16755
16755
16755
16755
16755
16755
16755
16755
16755
16755
16755
16755
16755
16755
16755
16755
16755
16755
16714
16714
16714
16714
16714
16714
16714
16714
16714
16714
16714
16714
16714
16714
16714
16714
16714
16714
16714
16714
16714
16714
16714
16714
16714
16714
16714
16714
16714
16714
16714
16714
16714
16714
16714
16714
16714
16714
16714
16714
16714
16714
16714
16714
16714
16714
16714
16714
16714
16714
16714
16714
16714
16714
16714
16714
16714
16714
16714
16714
16714
16714
16714
16714
16714
16714
16714
16714
16682
16682
16682
16682
16682
16682
16682
16682
16682
16682
16682
16682
16682
16682
16682
16682
16682
16682
16682
16682
16682
16682
16682
16682
16682
16682
16682
16682
16682
16682
16682
16682
16682
16682
16682
16682
16682
16682
16682
16682
16682
16682
16548
16548
16548
16548
16548
16548
16548
16548
16548
16548
16548
16548
16548
16548
16548
16548
16548
16548
16548
16548
16548
16548
16548
16548
16548
16548
16548
16548
16548
16548
16548
16548
16548
16548
16548
16548
16548
16548
16548
16548
16548
16548
16548
16548
16548
16548
16548
16548
16548
16548
16548
16548
16547
16547
16547
16547
16547
16547
16547
16547
16547
16547
16547
16547
16547
16547
16547
16547
16547
16547
16547
16547
16547
16547
16547
16547
16547
16547
16547
16547
16547
16547
16547
16547
16547
16547
16547
16547
16547
16547
16547
16203
16203
16203
16203
16203
16203
16203
16203
16203
16203
16203
16203
16203
16203
16203
16203
16203
16203
16203
16203
16203
16203
16203
16203
16203
16203
16203
16203
16203
16203
16203
16203
15901
15901
15901
15901
15901
15901
15901
15901
15901
15901
15901
15901
15901
15901
15901
15901
15901
15901
15901
15901
15901
15901
15901
15901
15901
15901
15901
15901
15901
15901
15901
15901
15901
15901
15901
15901
15901
15901
15901
15901
15901
15901
15901
15901
15901
15901
15901
15901
15901
15901
15901
15901
15901
15901
15901
15901
15901
15901
15901
15901
15901
15901
15901
15901
15901
15901
15901
15901
15901
15901
15901
15901
15901
15901
15901
15901
15901
15901
15901
15901
15901
15901
15901
15901
15901
15901
15901
15901
15901
15901
15901
15901
15901
15901
15767
15767
15767
15767
15767
15767
15767
15767
15767
15767
15767
15767
15767
15767
15767
15767
15767
15767
15767
15767
15767
15767
15767
15767
15767
15767
15767
15767
15767
15767
15767
15767
15767
15767
15767
15767
15767
15767
15767
15767
15767
15767
15767
15767
15767
15767
15767
15767
15767
15767
15767
15767
15767
15767
15767
15767
15767
15767
15767
15767
15767
15767
15767
15767
15767
15767
15767
15767
15767
15767
15767
15767
15767
15767
15767
15767
15767
15767
15767
15767
15767
15635
15635
15635
15635
15635
15635
15635
15635
15635
15635
15635
15635
15635
15635
15635
15635
15635
15635
15635
15635
15635
15635
15635
15635
15635
15635
15635
15635
15635
15635
15635
15635
15635
15635
15571
15571
15571
15571
15571
15571
15571
15571
15571
15571
15571
15571
15571
15571
15571
15571
15571
15571
15571
15571
15571
15571
15571
15571
15571
15571
15571
15571
15571
15571
15554
15554
15554
15554
15554
15554
15554
15554
15554
15554
15554
15554
15554
15554
15554
15554
15554
15526
15526
15526
15526
15526
15526
15526
15526
15526
15526
15526
15526
15526
15526
15526
15526
15526
15526
15526
15526
15526
15526
15526
15526
15526
15526
15526
15526
15526
15526
15526
15526
15526
15526
15526
15526
15526
15526
15526
15526
15526
15526
15526
15526
15526
15526
15526
15526
15526
15526
15408
15408
15408
15408
15408
15408
15408
15408
15408
15408
15408
15408
15408
15408
15408
15408
15408
15408
15408
15408
15408
15408
15408
15408
15408
15408
15408
15369
15369
15369
15369
15369
15369
15369
15369
15369
15369
15369
15369
15369
15369
15369
15369
15369
15369
15369
15369
15369
15369
15369
15369
15369
15369
15369
15369
15369
15369
15369
15369
15369
15369
15369
15369
15369
15369
15369
15369
15369
15369
15369
15369
15369
15369
15369
15369
15369
15369
15369
15369
15369
15369
15369
15369
15369
15369
15369
15369
15369
15369
15369
15369
15369
15369
15354
15354
15354
15354
15354
15354
15354
15354
15354
15354
15354
15354
15354
15354
15354
15354
15354
15354
15354
15354
15354
15354
15354
15354
15354
15354
15354
15354
15354
15354
15354
15354
15354
15354
15354
15354
15354
15354
15354
15354
15354
15354
15354
15354
15354
15354
15354
15354
15240
15240
15165
15165
15165
15165
15165
15165
15165
15165
15165
15165
15165
15165
15165
15165
15165
15165
15165
15165
15165
15165
15165
15165
15165
15165
15165
15165
15165
15165
15165
15165
15165
15165
15165
15165
15165
15165
15165
15165
15165
15165
15165
15165
15165
15165
15165
15165
15165
15165
15165
15165
15165
15165
15165
15165
15165
15165
15165
15165
15165
15165
15165
15165
15165
15165
15165
15165
15165
15165
15165
15165
15165
15165
15165
15165
15165
15165
15165
15165
15165
15165
15165
15165
15165
15165
15165
15165
15040
15040
15040
15040
15040
15040
15040
15040
15040
15040
15040
15040
15040
15040
15040
15040
15040
15013
15013
15013
15013
15013
15013
15013
15013
15013
15013
15013
15013
15013
15013
15013
15013
15013
15013
15013
15013
15013
15013
15013
15013
15013
15013
15013
15013
15013
15013
15013
15013
15013
15013
15013
15013
15013
15013
15013
15013
15013
15013
15013
15013
15013
15013
15013
15013
15013
14944
14944
14924
14924
14924
14924
14924
14924
14924
14924
14924
14924
14924
14924
14924
14924
14924
14924
14924
14924
14924
14924
14924
14924
14924
14924
14924
14924
14924
14924
14924
14924
14924
14924
14924
14924
14924
14924
14924
14924
14924
14924
14924
14924
14924
14924
14924
14924
14924
14924
14924
14924
14924
14924
14924
14924
14924
14924
14924
14924
14924
14924
14924
14924
14924
14924
14884
14884
14884
14884
14884
14884
14884
14884
14848
14848
14848
14848
14848
14848
14848
14848
14848
14848
14848
14848
14848
14848
14586
14586
14586
14586
14586
14586
14586
14586
14586
14586
14586
14586
14586
14586
14586
14586
14586
14586
14586
14586
14586
14586
14586
14586
14586
14586
14586
14586
14586
14586
14586
14586
14586
14586
14586
14586
14586
14586
14586
14586
14586
14586
14586
14586
14586
14586
14586
14586
14586
14586
14578
14578
14578
14578
14578
14578
14578
14578
14578
14578
14578
14578
14578
14578
14578
14578
14578
14578
14578
14578
14578
14578
14578
14578
14578
14578
14578
14578
14578
14578
14578
14578
14578
14578
14578
14578
14578
14578
14578
14578
14578
14578
14578
14578
14578
14578
14578
14578
14578
14578
14578
14578
14578
14578
14578
14578
14578
14578
14578
14578
14578
14578
14578
14578
14578
14507
14507
14507
14507
14507
14507
14507
14507
14507
14507
14507
14507
14507
14507
14507
14507
14507
14507
14507
14507
14507
14507
14507
14507
14507
14507
14507
14507
14507
14507
14507
14507
14507
14507
14507
14507
14507
14507
14507
14507
14507
14507
14507
14507
14507
14507
14396
14396
14396
14396
14396
14396
14396
14396
14396
14396
14396
14396
14396
14396
14396
14396
14396
14396
14396
14396
14396
14396
14396
14396
14396
14396
14396
14396
14396
14396
14396
14396
14396
14396
14396
14396
14396
14396
14396
14298
14298
14298
14298
14298
14298
14298
14298
14298
14298
14298
14298
14298
14298
14298
14298
14298
14298
14298
14298
14298
14298
14298
14298
14298
14298
14298
14298
14298
14298
14298
14298
14298
14298
14298
14298
14298
14298
14298
14298
14298
14298
14298
14298
14298
14298
14298
14298
14298
14298
14298
14298
14298
14298
14298
14298
14298
14298
14298
14298
14298
14298
14298
14298
14298
14298
14298
14298
14298
14298
14298
14298
14298
14298
14298
14298
14298
14298
14298
14290
14290
14290
14290
14290
14290
14290
14290
14290
14290
14290
14290
14290
14290
14290
14290
14290
14290
14290
14286
14286
14286
14286
14286
14286
14286
14286
14286
14286
14286
14286
14286
14286
14286
14286
14286
14286
14286
14286
14286
14286
14286
14286
14286
14286
14286
14286
14286
14286
14286
14286
14286
14286
14286
14286
14286
14286
14286
14286
14286
14286
14286
14286
14286
14286
14286
14286
14112
14112
14112
14112
14112
14112
14112
14112
14112
14112
14112
14112
14112
14112
14112
14112
14112
14112
14112
14112
14112
14112
14112
14112
14112
14112
14112
14112
14112
14112
14112
14112
14112
14112
14112
14112
14112
14112
14112
14112
14112
14112
14112
14112
14112
14112
14112
14112
14112
14112
14112
14112
14112
14112
14112
14112
14112
14112
14112
14112
14112
14112
14112
14112
14112
14112
14112
14112
14112
14112
14112
14112
14112
14112
14112
14112
14094
14094
14094
14094
14094
14094
14094
14094
14094
14094
14094
14094
14094
14094
14094
14094
14094
14094
14094
14094
14094
14094
14094
14094
14094
14094
14094
14094
14094
14094
14094
14094
14094
14094
14094
14094
14094
14094
14094
14094
14094
14094
14094
14094
14094
14094
14094
14094
14094
14094
14094
14094
14094
14094
14094
14094
14094
14094
14094
14094
14094
14094
14094
14094
14094
14094
14094
14094
14094
14094
14094
14094
14094
14094
14094
14094
14094
14094
14094
14094
14094
14094
14094
14094
14094
14094
14094
14094
14094
14094
14094
14094
14094
14094
14094
14094
14094
14094
14041
14041
14041
14041
14041
14041
14041
14041
14041
14041
14041
14041
14041
14041
14041
14041
14041
14041
14041
14041
14041
14041
14041
14041
14041
14041
14041
14041
14041
14041
14041
14041
14041
14041
14041
14041
14041
14041
14041
14041
14041
14041
14041
14041
14041
14041
14041
14041
14041
14041
14041
14041
14041
14041
14041
14041
14041
14041
14041
14041
14041
14041
14041
14041
14041
14041
14041
14041
14041
14041
14041
14041
14041
14041
14041
14041
14041
14041
14041
14041
14041
14041
14041
14041
14041
14041
14041
14041
14041
14041
13837
13837
13837
13837
13837
13837
13837
13837
13837
13837
13837
13837
13837
13837
13837
13837
13837
13837
13837
13837
13837
13837
13837
13837
13837
13837
13837
13837
13837
13837
13837
13837
13837
13837
13837
13837
13837
13837
13837
13837
13837
13837
13837
13837
13837
13837
13837
13837
13837
13837
13837
13837
13837
13837
13837
13837
13837
13837
13837
13837
13837
13837
13837
13837
13837
13750
13750
13750
13750
13750
13750
13750
13750
13750
13750
13750
13750
13750
13750
13750
13750
13750
13750
13750
13750
13750
13750
13750
13750
13750
13750
13750
13750
13750
13750
13750
13750
13750
13750
13750
13750
13750
13750
13750
13750
13750
13750
13750
13750
13750
13750
13750
13750
13750
13750
13750
13750
13750
13750
13750
13750
13750
13750
13750
13750
13750
13750
13750
13750
13750
13750
13750
13750
13750
13750
13750
13750
13750
13750
13750
13750
13750
13750
13750
13750
13750
13750
13750
13750
13750
13591
13591
13591
13591
13591
13591
13591
13591
13591
13591
13591
13591
13591
13591
13591
13591
13591
13591
13591
13591
13591
13591
13591
13591
13591
13591
13591
13591
13591
13591
13591
13591
13591
13591
13591
13591
13591
13591
13591
13591
13591
13591
13591
13591
13591
13591
13591
13591
13591
13591
13591
13591
13591
13377
13377
13377
13377
13377
13377
13377
13377
13377
13377
13377
13377
13377
13377
13377
13377
13377
13377
13377
13377
13377
12832
12832
12832
12832
12832
12832
12832
12832
12832
12832
12832
12832
12832
12832
12832
12832
12832
12832
12832
12832
12832
12832
12832
12832
12832
12832
12832
12832
12832
12832
12832
12832
12832
12832
12832
12832
12832
12832
12832
12648
12648
12648
12648
12648
12648
12648
12648
12648
12648
12648
12648
12648
12648
12648
12648
12648
12648
12648
12648
12648
12648
12648
12648
12648
12648
12648
12648
12648
12648
12648
12648
12648
12648
12648
12648
12648
12648
12648
12648
12648
12648
12648
12648
12648
12648
12648
12648
12648
12648
12648
12648
12648
12648
12648
12648
12648
12648
12648
12514
12514
12514
12514
12514
12514
12514
12514
12514
12514
12514
12514
12514
12514
12514
12514
12514
12514
12514
12514
12514
12514
12514
12514
12514
12514
12514
12514
12514
12514
12514
12514
12514
12514
12514
12514
12514
12468
12468
12468
12468
12468
12468
12468
12468
12468
12468
12468
12468
12468
12468
12468
12468
12468
12468
12468
12468
12468
12468
12468
12468
12468
12468
12468
12468
12468
12468
12468
12468
12468
12468
12468
12468
12468
12468
12468
12468
12468
12468
12468
12468
12468
12468
12468
12468
12468
12468
12468
12468
12468
12468
12468
12468
12468
12468
12468
12468
12468
12468
12201
12201
12201
12201
12201
12201
12201
12201
12201
12201
12201
12201
12201
12201
12201
12201
12201
12201
12201
12201
12201
12201
12201
12201
12201
12201
12201
12201
12201
12201
12201
12201
12201
12201
12201
12201
12201
12201
12201
12201
12201
12201
12201
12201
12201
12201
12201
12201
12201
12201
12201
12201
12201
12201
12201
12201
12201
12201
12201
12201
12201
12201
12201
12201
12201
12201
12201
12201
12038
12038
12038
12038
12038
12038
12027
12027
12027
12027
12027
12027
12027
12027
12027
12027
12027
12027
12027
12027
12027
12027
12027
12027
12027
12027
11985
11985
11985
11985
11985
11985
11985
11985
11985
11985
11985
11985
11985
11985
11985
11932
11932
11932
11932
11932
11932
11932
11932
11932
11932
11932
11623
11623
11623
11623
11623
11623
11623
11623
11623
11623
11623
11623
11623
11623
11623
11623
11623
11623
11623
11623
11623
11623
11623
11623
11623
11623
11623
11623
11623
11623
11507
11507
11472
11472
11472
11472
11472
11472
11472
11472
11472
11472
11472
11472
11472
11472
11472
11472
11472
11385
11385
11385
11385
11385
11385
11385
11385
11385
11385
11385
11385
11385
11385
11385
11385
11385
11385
11385
11385
11385
11385
11385
11385
11385
11385
11385
11385
11385
11385
11385
11385
11385
11385
11344
11344
11344
11344
11344
11344
11344
11344
11344
11344
11344
11344
11344
11344
11344
11344
11344
11344
11344
11344
11344
11344
11344
11344
11344
11344
11344
11344
11344
11344
11344
11344
11344
11344
11344
11344
11344
11344
11344
11344
11344
11344
11344
11344
11344
11344
11344
11344
11344
11344
11344
11344
11344
11344
11344
11344
11344
11344
11344
11344
11344
11344
11344
11344
11344
11344
11344
11344
11344
11344
11344
11344
11344
11344
11344
11344
11344
11344
11344
11344
11344
11344
11344
11344
11344
11344
11214
11214
11214
11214
11214
11214
11214
11214
11214
11214
11214
11008
11008
11008
11008
11008
11008
11008
11008
11008
11008
11008
11008
11008
11008
11008
11008
11008
11008
11008
11008
11008
11008
11008
11008
11008
11008
11008
11008
11008
11008
11008
11008
11008
11008
11008
11008
11008
11008
11008
11008
11008
11008
11008
11008
11008
11008
11008
11008
11008
11008
11008
11008
11008
11008
11008
11008
11008
11008
11008
11008
11008
11008
11008
11008
11008
11008
11008
11008
11008
11008
11008
11008
11008
11008
11008
11008
11008
11008
11008
11008
11008
11008
11008
11008
11008
11008
11008
11008
11008
11008
11008
11008
11008
11008
11008
11008
10795
10795
10795
10795
10795
10795
10795
10795
10795
10795
10795
10795
10795
10795
10795
10795
10795
10795
10795
10795
10795
10795
10795
10795
10795
10795
10795
10795
10795
10795
10795
10795
10795
10677
10677
10677
10677
10677
10677
10677
10677
10677
10677
10677
10677
10677
10677
10677
10677
10677
10677
10677
10677
10677
10677
10677
10677
10677
10677
10677
10677
10677
10677
10677
10677
10677
10677
10677
10677
10677
10677
10677
10677
10677
10677
10677
10677
10677
10677
10677
10677
10677
10677
10677
10677
10677
10677
10677
10677
10677
10677
10677
10677
10677
10677
10677
10677
10677
10677
10677
10677
10677
10677
10677
10677
10677
10677
10677
10677
10677
10677
10677
10677
10677
10677
10677
10677
10677
10677
10677
10677
10677
10677
10618
10618
10618
10618
10618
10618
10618
10618
10618
10618
10618
10618
10618
10618
10618
10618
10618
10618
10618
10618
10618
10618
10618
10618
10618
10618
10618
10618
10618
10618
10618
10618
10618
10618
10618
10618
10618
10618
10618
10618
10618
10618
10618
10618
10618
10618
10618
10618
10618
10618
10618
10618
10618
10618
10618
10618
10618
10618
10618
10618
10618
10618
10618
10618
10618
10618
10618
10618
10618
10618
10618
10618
10618
10618
10618
10618
10618
10618
10618
10618
10618
10618
10618
10618
10618
10618
10618
10618
10618
10618
10618
10618
10618
10618
10618
10618
10618
10618
10560
10560
10560
10560
10560
10560
10560
10560
10560
10560
10560
10560
10560
10560
10560
10560
10560
10560
10560
10560
10560
10560
10560
10560
10560
10560
10560
10560
10560
10560
10560
10560
10560
10560
10560
10560
10560
10560
10433
10433
10433
10433
10433
10433
10433
10433
10433
10433
10433
10433
10433
10433
10433
10433
10433
10433
10433
10433
10433
10433
10433
10433
10433
10433
10433
10433
10433
10433
10433
10433
10433
10433
10433
10433
10433
10433
10433
10433
10433
10433
10433
10433
10433
10433
10433
10433
10433
10433
10433
10433
10433
10433
10433
10433
10433
10339
10339
10339
10339
10339
10339
10339
10339
10339
10339
10339
10339
10339
10339
10339
10339
10339
10339
10339
10339
10339
10339
10339
10339
10339
10339
10339
10339
10339
10339
10339
10339
10339
10339
10339
10339
10339
10339
10339
10339
10339
10339
10339
10339
10339
10339
10339
10339
10339
10339
10339
10339
10339
10339
10339
10339
10339
10339
10339
10339
10339
10339
10339
10339
10339
10339
10339
10339
10339
10339
10339
10339
10339
10339
10339
10339
10296
10296
10296
10296
10296
10296
10296
10296
10296
10296
10296
10296
10296
10296
10296
10296
10296
10296
10296
10296
10296
10296
10296
10296
10296
10296
10296
10296
10296
10296
10296
10296
10296
10296
10296
10296
10296
10296
10296
10296
10296
10296
10296
10296
10296
10296
10296
10296
10296
10296
10296
10296
10296
10296
10296
10296
10296
10296
10296
10296
10296
10296
10296
10296
10296
10296
10296
10296
10296
10296
10296
10296
10296
10296
10296
10296
10296
10296
10296
10296
10296
10296
10296
10296
10296
10296
10296
10296
10296
10296
10296
10296
10296
10291
10291
10291
10291
10291
10291
10291
10291
10291
10291
10291
10291
10291
10291
10291
10291
10291
10291
10291
10291
10291
10291
10291
10291
10291
10291
10291
10291
10291
10291
10291
10291
10291
10291
10291
10291
10291
10291
10291
10291
10291
10291
10291
10291
10291
10291
10291
10291
10291
10291
10291
10291
10291
10291
10281
10281
10281
10281
10281
10281
10281
10281
10281
10281
10281
10281
10281
10281
10281
10281
10281
10281
10281
10281
10281
10281
10281
10281
10281
10281
10281
10281
10281
10281
10281
10281
10281
10281
10281
10223
10223
10223
10223
10223
10223
10223
10223
10223
10223
10223
10223
10223
10223
10223
10223
10223
10223
10223
10223
10223
10223
10223
10223
10223
10223
10223
10223
10223
10223
10223
10223
10223
10223
10223
10223
10223
10223
10223
10223
10223
10223
10223
10223
10223
10223
10223
10223
10223
10223
10223
10223
10223
10223
10223
10223
10223
10223
10223
10223
10223
10223
10223
10223
10223
10223
10223
10223
10223
10223
10223
10223
10223
10223
10223
10223
10223
10223
10223
10223
10223
10223
10223
10223
10223
10207
10207
10207
10207
10207
10207
10207
10207
10207
10207
10207
10207
10157
10157
10157
10157
10157
10157
10157
10157
10157
10157
10157
10157
10157
10157
10157
10157
10157
10157
10157
10157
10157
10157
10144
10144
10144
10144
10144
10144
10144
10144
10144
10144
10144
10144
10144
10144
10144
10144
10144
10144
10144
10144
10144
10144
10144
10144
10144
10144
10144
10144
10144
10144
10144
10144
10144
10144
10136
10136
10136
10136
10136
10136
10136
10136
10136
10136
10136
10136
10136
10136
10136
10136
10136
10136
10136
10136
10136
9992
9992
9992
9992
9992
9992
9992
9992
9992
9992
9992
9992
9992
9992
9992
9992
9992
9992
9992
9992
9992
9992
9992
9992
9992
9992
9992
9992
9992
9992
9992
9992
9992
9992
9992
9992
9992
9992
9992
9378
9378
9378
9378
9378
9378
9378
9378
9378
9378
9378
9378
9378
9378
9378
9378
9378
9378
9378
9378
9378
9378
9378
9378
9378
9378
9378
9378
9378
9378
9378
9378
9378
9378
9378
9378
9378
9378
9378
9378
9378
9378
9378
9378
9378
9285
9285
9285
9285
9285
9285
9285
8985
8985
8985
8985
8985
8985
8985
8985
8985
8985
8985
8985
8985
8985
8985
8985
8985
8985
8985
8985
8985
8985
8985
8985
8985
8985
8985
8985
8985
8985
8985
8985
8985
8985
8985
8985
8985
8985
8985
8985
8985
8985
8985
8985
8985
8985
8985
8985
8985
8985
8985
8985
8985
8985
8985
8985
8985
8985
8985
8985
8985
8985
8985
8985
8985
8985
8985
8985
8985
8985
8985
8985
8985
8985
8985
8985
8929
8929
8929
8929
8929
8929
8929
8929
8929
8929
8929
8929
8929
8929
8929
8929
8929
8929
8929
8929
8929
8929
8929
8929
8929
8929
8929
8929
8929
8929
8929
8929
8929
8929
8929
8929
8929
8857
8857
8857
8857
8857
8857
8857
8857
8857
8857
8857
8857
8857
8857
8857
8857
8857
8800
8800
8800
8800
8800
8800
8800
8800
8800
8800
8800
8800
8800
8800
8800
8800
8800
8800
8800
8800
8800
8800
8800
8800
8800
8800
8800
8800
8800
8800
8800
8800
8800
8800
8800
8800
8800
8800
8800
8800
8800
8800
8800
8780
8780
8780
8780
8780
8780
8780
8780
8780
8780
8780
8780
8780
8780
8780
8780
8780
8780
8780
8780
8780
8780
8780
8780
8780
8780
8780
8780
8780
8780
8780
8780
8780
8780
8780
8780
8780
8780
8780
8780
8780
8780
8780
8780
8780
8780
8780
8780
8780
8780
8780
8780
8780
8780
8780
8780
8780
8780
8780
8780
8780
8780
8780
8780
8780
8780
8780
8780
8780
8780
8780
8780
8780
8780
8780
8780
8780
8780
8780
8780
8780
8780
8780
8780
8662
8662
8662
8662
8662
8662
8662
8662
8662
8662
8662
8662
8662
8662
8662
8662
8662
8662
8662
8662
8662
8662
8662
8662
8662
8662
8659
8659
8659
8659
8659
8659
8659
8659
8659
8659
8659
8659
8659
8659
8659
8659
8659
8659
8659
8659
8659
8659
8659
8659
8659
8659
8659
8659
8659
8659
8659
8659
8659
8659
8659
8659
8659
8659
8659
8659
8659
8659
8659
8659
8659
8659
8659
8659
8659
8659
8659
8659
8659
8659
8659
8659
8659
8659
8659
8659
8659
8659
8659
8659
8659
8659
8659
8659
8659
8659
8659
8659
8659
8659
8659
8659
8659
8659
8659
8659
8659
8659
8659
8659
8659
8659
8659
8659
8659
8632
8632
8632
8632
8632
8632
8616
8616
8616
8407
8407
8407
8407
8407
8407
8407
8407
8407
8407
8407
8407
8407
8407
8407
8407
8407
8407
8407
8407
8407
8407
8407
8407
8407
8407
8407
8407
8407
8407
8407
8407
8407
8407
8407
8407
8407
8407
8407
8407
8407
8407
8407
8407
8407
8407
8407
8407
8407
8312
8312
8312
8312
8312
8312
8312
8312
8312
8312
8312
8312
8312
8312
8312
8312
8312
8312
8312
8312
8312
8312
8312
8312
8312
8312
8312
8312
8312
8312
8312
8312
8312
8312
8312
8312
8312
8312
8312
8312
8312
8312
8312
8312
8312
8312
8312
8312
8312
8312
8312
8312
8312
8312
8312
8312
8312
8312
8312
8312
8312
8312
8312
8312
8312
8312
8312
8312
8198
8198
8198
8198
8198
8198
8198
8198
8198
8198
8198
8198
8198
8198
8198
8198
8198
8198
8198
8198
8198
8198
8198
8198
8198
8198
8198
8198
8198
8198
8198
8198
8198
8198
8198
8198
8198
8198
8198
8198
8198
8198
8198
8198
8198
8198
8198
8198
8198
8198
8198
8198
8198
8198
8198
8198
8198
8198
8198
8198
8198
8198
8198
8198
8198
8198
8198
8198
8198
8198
8198
8198
8198
8198
8198
8198
8198
8198
8198
8198
8198
8135
8135
8135
8135
8135
8135
8135
8079
8079
8079
8079
8079
8079
8079
8079
8079
8079
8079
8079
8079
8079
8079
8079
8079
8079
8079
8079
8079
8079
8079
8079
8079
8079
8079
8079
8079
8079
8079
8079
8079
8079
8079
8079
8079
8079
8079
8079
8079
8079
8079
8079
8079
8079
8079
8079
8079
8079
8079
8079
8079
8079
8079
8079
8079
8079
7893
7893
7893
7893
7893
7893
7893
7893
7893
7893
7893
7893
7893
7893
7893
7893
7893
7893
7893
7893
7893
7893
7893
7893
7893
7893
7893
7893
7893
7893
7893
7893
7893
7893
7893
7893
7893
7893
7893
7893
7893
7893
7893
7893
7893
7893
7893
7893
7893
7893
7893
7893
7893
7893
7893
7893
7893
7893
7893
7893
7893
7893
7893
7893
7893
7893
7893
7893
7893
7801
7801
7801
7801
7801
7801
7801
7801
7801
7801
7801
7801
7801
7801
7801
7801
7801
7801
7801
7801
7766
7766
7766
7766
7766
7766
7766
7766
7766
7766
7766
7766
7766
7766
7766
7766
7766
7765
7765
7765
7765
7765
7765
7765
7765
7765
7765
7765
7765
7765
7765
7765
7765
7765
7765
7765
7765
7765
7765
7765
7765
7765
7765
7765
7765
7668
7668
7668
7668
7668
7668
7668
7668
7668
7668
7668
7668
7668
7668
7668
7668
7668
7668
7668
7668
7668
7668
7668
7668
7668
7668
7668
7668
7668
7668
7668
7668
7668
7668
7668
7668
7668
7668
7668
7668
7668
7668
7668
7668
7668
7668
7668
7668
7668
7668
7668
7668
7668
7668
7668
7668
7668
7668
7668
7668
7668
7668
7668
7668
7668
7668
7668
7668
7668
7668
7668
7668
7668
7668
7649
7649
7649
7649
7649
7649
7649
7649
7649
7649
7649
7649
7649
7649
7649
7649
7649
7649
7649
7550
7550
7550
7550
7550
7550
7550
7550
7550
7550
7550
7550
7550
7550
7550
7550
7550
7550
7550
7550
7550
7550
7550
7550
7550
7550
7550
7550
7550
7550
7550
7550
7550
7550
7550
7550
7550
7550
7550
7550
7550
7550
7550
7550
7550
7550
7550
7550
7550
7550
7550
7550
7550
7550
7550
7550
7550
7550
7550
7550
7550
7550
7550
7550
7550
7550
7550
7550
7550
7550
7550
7550
7550
7550
7550
7550
7550
7550
7550
7550
7550
7550
7550
7550
7550
7550
7550
7550
7550
7405
7405
7405
7405
7405
7405
7405
7405
7405
7405
7405
7405
7405
7405
7405
7405
7405
7405
7405
7405
7405
7405
7405
7405
7405
7405
7405
7405
7405
7405
7405
7405
7405
7405
7405
7405
7405
7405
7405
7405
7405
7405
7405
7405
7405
7405
7405
7405
7405
7405
7405
7405
7405
7405
7405
7405
7405
7332
7332
7332
7332
7332
7332
7332
7332
7332
7314
7314
7314
7314
7314
7314
7314
7314
7314
7226
7226
7226
7226
7226
7226
7226
7226
7226
7226
7226
7226
7226
7226
7226
7226
7226
7226
7226
7226
7226
7226
7226
7226
7226
7226
7226
7226
7226
7226
7226
7226
7226
7226
7226
7226
7226
7226
7226
7226
7226
7226
7226
7226
7226
7226
7226
7226
7226
7226
7226
7226
7226
7226
7226
7226
7226
7226
7226
7226
7226
7132
7132
7132
7132
7132
7132
7132
7132
7132
7132
7132
7132
7132
7132
7132
7132
7132
7132
7132
7132
7132
7132
7132
7132
7132
7132
7132
7132
7132
7132
7132
7132
7132
7132
7132
7132
7132
7132
7132
7132
7132
7132
7132
7132
7132
7132
7132
7132
7132
7132
7132
7132
7132
7132
7132
7132
7132
7132
7132
7132
7132
7132
7132
7132
7132
7132
7132
7132
7132
7132
7132
7132
7132
7132
7093
7093
7093
7093
7093
7093
7093
7093
7093
7093
7093
7093
7093
7093
7093
7093
7093
7093
7093
7093
7093
7093
7093
7093
7093
7093
7093
7093
7093
7093
7093
7093
7093
7093
7093
7093
7093
7093
7093
7093
7093
7093
7093
7093
7093
7093
7093
7093
7093
7093
7093
6952
6952
6952
6952
6952
6952
6952
6952
6952
6952
6952
6952
6952
6952
6952
6952
6952
6952
6952
6952
6952
6952
6952
6952
6952
6952
6952
6952
6952
6952
6952
6952
6952
6952
6952
6952
6952
6952
6952
6952
6952
6952
6952
6952
6952
6952
6952
6952
6952
6952
6952
6952
6952
6952
6952
6952
6952
6952
6952
6952
6952
6952
6952
6952
6952
6952
6952
6952
6952
6952
6952
6939
6939
6939
6939
6939
6939
6939
6939
6939
6939
6939
6939
6939
6939
6939
6939
6939
6939
6939
6939
6939
6939
6939
6939
6939
6939
6939
6939
6939
6939
6939
6939
6939
6939
6939
6939
6939
6939
6939
6939
6939
6939
6939
6939
6939
6939
6939
6939
6939
6939
6939
6902
6902
6902
6902
6902
6902
6902
6902
6902
6902
6902
6902
6902
6902
6902
6902
6902
6902
6902
6902
6902
6902
6902
6902
6902
6902
6902
6902
6902
6902
6902
6902
6902
6902
6902
6902
6902
6902
6902
6902
6902
6902
6902
6902
6902
6902
6902
6902
6902
6902
6902
6902
6902
6902
6902
6902
6902
6902
6902
6902
6902
6902
6902
6902
6902
6902
6902
6902
6902
6902
6902
6902
6902
6902
6902
6902
6902
6902
6902
6902
6902
6902
6902
6902
6902
6902
6902
6902
6902
6902
6902
6902
6902
6902
6902
6902
6902
6902
6902
6833
6833
6833
6833
6833
6833
6833
6833
6833
6833
6833
6833
6833
6833
6833
6833
6833
6833
6833
6833
6833
6833
6833
6833
6833
6833
6833
6833
6833
6833
6833
6833
6833
6833
6833
6833
6833
6833
6833
6833
6833
6833
6833
6833
6833
6833
6833
6833
6833
6833
6833
6833
6833
6675
6675
6675
6675
6675
6675
6675
6675
6675
6675
6675
6675
6675
6675
6675
6675
6675
6675
6675
6675
6675
6675
6675
6675
6675
6675
6675
6675
6675
6675
6500
6500
6500
6500
6500
6500
6500
6500
6500
6500
6500
6500
6500
6500
6500
6500
6500
6500
6500
6500
6500
6500
6500
6500
6500
6500
6500
6500
6500
6500
6500
6500
6500
6500
6500
6500
6500
6500
6500
6500
6500
6500
6500
6500
6500
6500
6500
6500
6500
6500
6500
6500
6500
6500
6500
6500
6500
6486
6486
6486
6486
6486
6486
6486
6486
6486
6486
6486
6486
6486
6486
6486
6486
6486
6486
6486
6486
6486
6486
6486
6486
6486
6486
6486
6486
6486
6486
6486
6486
6486
6486
6486
6486
6486
6486
6486
6486
6486
6486
6486
6486
6486
6486
6486
6486
6486
6486
6486
6486
6486
6486
6486
6486
6486
6486
6486
6486
6486
6486
6486
6486
6486
6486
6486
6486
6486
6486
6486
6486
6486
6486
6486
6486
6486
6486
6486
6486
6486
6486
6486
6486
6486
6486
6486
6486
6486
6486
6486
6221
6221
6221
6221
6221
6221
6221
6221
6221
6221
6221
6221
6221
6221
6221
6221
6221
6221
6221
6221
6221
6221
6221
6221
6221
6221
6221
6221
6221
6221
6221
6168
6168
6168
6168
6168
6168
6168
6168
6168
6168
6168
6168
6168
6168
6168
6168
6168
6168
6168
6168
6168
6168
6168
6168
6066
6066
6066
6066
6066
6066
6066
6066
6066
6066
6066
6066
6066
6066
6066
6066
6066
6066
6066
6066
6066
6066
6066
6066
6066
6066
6066
6066
6066
6066
6066
6066
6066
6005
6005
6005
6005
6005
6005
6005
6005
6005
6005
6005
6005
6005
6005
6005
6005
6005
6005
6005
6005
6005
6005
6005
6005
6005
6005
6005
6005
6005
6005
6005
6005
6005
6005
6005
6005
6005
6005
6005
6005
6005
6005
6005
6005
6005
6005
6005
6005
6005
6005
6005
6005
6005
6005
6005
6005
6005
6005
6005
6005
6005
6005
6005
6005
6005
6005
6005
5946
5946
5946
5946
5946
5946
5946
5946
5946
5946
5946
5946
5946
5946
5946
5946
5946
5946
5946
5946
5946
5946
5946
5946
5946
5946
5946
5946
5946
5946
5946
5946
5946
5946
5946
5946
5946
5946
5946
5946
5946
5946
5946
5946
5946
5946
5946
5946
5946
5946
5946
5946
5946
5946
5946
5946
5946
5946
5946
5946
5946
5946
5946
5946
5946
5946
5946
5946
5946
5946
5946
5946
5946
5946
5946
5946
5946
5946
5946
5946
5946
5946
5946
5946
5946
5946
5946
5946
5865
5865
5865
5865
5865
5865
5865
5865
5865
5865
5817
5817
5817
5817
5817
5817
5817
5817
5817
5817
5817
5817
5817
5817
5817
5817
5817
5817
5817
5817
5817
5817
5817
5817
5817
5817
5817
5817
5817
5817
5817
5817
5817
5817
5817
5817
5817
5817
5817
5817
5817
5817
5817
5817
5817
5817
5817
5817
5817
5817
5817
5817
5817
5817
5817
5817
5817
5817
5817
5817
5817
5817
5817
5817
5817
5817
5817
5817
5817
5817
5817
5817
5817
5817
5817
5817
5817
5817
5817
5817
5817
5817
5817
5817
5817
5817
5817
5817
5756
5756
5756
5756
5756
5756
5756
5756
5756
5756
5756
5756
5756
5756
5756
5756
5756
5756
5756
5756
5756
5756
5756
5756
5756
5756
5756
5756
5756
5756
5756
5756
5756
5756
5756
5756
5756
5756
5756
5756
5756
5756
5756
5756
5756
5756
5756
5756
5756
5756
5756
5756
5756
5756
5756
5756
5756
5756
5756
5756
5756
5756
5756
5756
5756
5756
5756
5756
5756
5756
5756
5756
5756
5756
5756
5756
5756
5756
5740
5740
5740
5740
5740
5740
5740
5740
5740
5740
5740
5740
5740
5740
5740
5740
5740
5740
5740
5740
5740
5740
5740
5740
5740
5740
5740
5740
5740
5740
5740
5740
5740
5740
5740
5740
5740
5740
5740
5740
5740
5740
5740
5740
5740
5740
5740
5740
5740
5740
5740
5740
5740
5740
5740
5740
5740
5740
5740
5740
5740
5740
5740
5740
5740
5740
5740
5740
5740
5740
5740
5740
5740
5740
5740
5740
5740
5740
5740
5740
5740
5740
5740
5740
5740
5740
5740
5740
5740
5740
5696
5696
5696
5696
5696
5696
5696
5696
5696
5696
5696
5696
5696
5696
5696
5696
5696
5696
5696
5696
5696
5696
5696
5696
5696
5696
5696
5680
5680
5680
5680
5680
5680
5680
5680
5680
5673
5673
5673
5673
5673
5673
5673
5673
5673
5673
5673
5673
5673
5673
5673
5673
5673
5673
5673
5673
5673
5673
5673
5673
5673
5673
5673
5673
5673
5673
5673
5673
5673
5673
5520
5520
5520
5520
5520
5520
5520
5520
5520
5520
5520
5520
5520
5520
5520
5520
5520
5520
5520
5520
5520
5520
5520
5520
5520
5520
5520
5520
5520
5520
5520
5520
5520
5520
5520
5520
5520
5520
5520
5520
5520
5520
5520
5520
5520
5520
5520
5520
5520
5520
5520
5520
5520
5520
5520
5520
5369
5369
5369
5369
5369
5369
5369
5369
5369
5369
5369
5369
5369
5369
5369
5369
5369
5369
5369
5369
5369
5369
5369
5369
5369
5369
5369
5369
5369
5369
5369
5369
5369
5369
5369
5369
5369
5369
5369
5369
5369
5369
5369
5369
5369
5369
5369
5369
5369
5369
5369
5369
5369
5369
5369
5369
5369
5369
5369
5369
5369
5369
5369
5369
5369
5369
5369
5369
5369
5369
5369
5369
5369
5369
5369
5369
5369
5369
5369
5369
5369
5369
5369
5369
5369
5369
5369
5369
5369
5369
5250
5250
5250
5250
5250
5250
5250
5250
5250
5250
5250
5250
5250
5250
5250
5250
5250
5250
5250
5250
5250
5250
5250
5250
5250
5250
5250
5250
5250
5250
5250
5250
5250
5250
5250
5250
5250
5250
5250
5250
5250
5250
5250
5250
5250
5250
5250
5250
5250
5250
5250
5250
5250
5250
5250
5250
5020
5020
5020
5020
5020
5020
5020
5020
5020
5020
5020
5020
5020
5020
5020
5020
5020
5020
5020
5020
5020
5020
5020
5020
5020
5020
5020
5020
5020
5020
5020
5020
5020
5020
5020
5020
5020
5020
4932
4932
4932
4932
4932
4932
4932
4932
4932
4932
4932
4932
4932
4932
4932
4932
4932
4932
4932
4932
4932
4932
4932
4932
4932
4932
4932
4932
4932
4932
4932
4932
4932
4932
4932
4932
4932
4932
4932
4932
4932
4932
4932
4932
4932
4932
4932
4932
4932
4932
4932
4932
4932
4932
4932
4932
4932
4932
4932
4932
4932
4932
4932
4932
4932
4932
4932
4932
4932
4932
4932
4932
4891
4891
4891
4891
4891
4891
4891
4891
4891
4891
4891
4891
4891
4891
4891
4891
4891
4891
4891
4891
4891
4891
4891
4891
4891
4891
4891
4891
4891
4891
4891
4891
4891
4891
4891
4891
4891
4891
4891
4891
4891
4891
4891
4891
4891
4891
4891
4891
4891
4891
4891
4891
4891
4891
4891
4891
4891
4891
4891
4891
4891
4891
4891
4891
4867
4867
4867
4867
4867
4867
4867
4867
4867
4867
4867
4867
4867
4867
4867
4867
4867
4867
4867
4867
4867
4867
4867
4867
4867
4867
4867
4867
4845
4845
4845
4845
4845
4845
4845
4845
4845
4845
4845
4845
4845
4845
4845
4845
4845
4845
4845
4845
4845
4845
4845
4845
4845
4845
4845
4845
4845
4845
4845
4845
4845
4845
4845
4845
4845
4845
4845
4845
4845
4845
4845
4845
4845
4845
4845
4845
4845
4845
4845
4845
4845
4845
4845
4845
4845
4845
4845
4845
4845
4845
4845
4845
4845
4845
4644
4644
4644
4644
4644
4644
4644
4644
4644
4644
4644
4644
4644
4644
4644
4644
4644
4644
4644
4644
4644
4644
4644
4644
4644
4644
4644
4644
4644
4644
4644
4644
4644
4644
4644
4644
4644
4644
4644
4644
4644
4644
4644
4644
4644
4644
4644
4644
4644
4644
4644
4605
4605
4605
4605
4605
4605
4605
4605
4605
4605
4605
4605
4605
4605
4605
4605
4605
4605
4605
4605
4605
4605
4605
4605
4605
4605
4605
4605
4605
4605
4605
4605
4605
4605
4605
4605
4605
4605
4605
4605
4605
4605
4605
4605
4605
4605
4605
4605
4605
4605
4605
4605
4605
4605
4605
4605
4605
4605
4605
4605
4605
4605
4605
4605
4605
4605
4605
4605
4605
4605
4605
4605
4605
4605
4605
4605
4605
4605
4605
4605
4605
4605
4605
4605
4605
4605
4605
4167
4167
4167
4167
4167
4167
4167
4167
4167
4167
4167
4167
4167
4167
4167
4167
4167
4167
4167
4167
4167
4167
4167
4167
4167
4167
4167
4167
4167
4167
4167
4167
4167
4167
4167
4167
4167
4167
4167
4167
4167
4167
4167
4167
4167
4167
4167
4167
4167
4167
4167
4167
4167
4167
4167
4077
4077
4077
4077
4077
4077
4077
4077
4077
4077
4077
4077
4077
4077
4077
4077
4077
4077
4077
4077
4077
4077
4077
4077
4077
4077
4077
4077
4077
4077
4077
4077
4077
4077
4077
4077
4077
4077
4077
3973
3973
3973
3973
3973
3973
3973
3973
3973
3973
3973
3973
3973
3973
3973
3973
3973
3973
3973
3973
3973
3973
3973
3973
3973
3973
3973
3973
3973
3973
3973
3973
3973
3973
3973
3973
3973
3973
3973
3973
3973
3973
3973
3973
3973
3973
3973
3973
3973
3973
3973
3973
3973
3973
3973
3973
3973
3973
3973
3973
3973
3973
3973
3973
3973
3973
3973
3973
3973
3973
3973
3973
3973
3973
3973
3973
3973
3973
3973
3973
3973
3973
3973
3973
3973
3973
3973
3973
3973
3973
3973
3973
3973
3973
3928
3928
3928
3928
3928
3928
3928
3928
3928
3928
3928
3928
3928
3709
3709
3709
3709
3709
3709
3709
3709
3709
3709
3709
3709
3709
3709
3709
3709
3709
3709
3709
3709
3709
3709
3709
3709
3709
3709
3709
3709
3709
3709
3709
3709
3709
3709
3709
3709
3709
3709
3709
3709
3709
3709
3709
3709
3709
3709
3709
3709
3709
3709
3709
3709
3709
3709
3709
3665
3665
3665
3665
3619
3619
3619
3619
3619
3619
3619
3619
3619
3619
3619
3619
3619
3619
3619
3619
3619
3619
3619
3545
3545
3545
3545
3545
3545
3388
3388
3388
3388
3388
3388
3388
3388
3388
3388
3388
3388
3388
3388
3388
3388
3388
3388
3388
3388
3388
3388
3388
3388
3373
3373
3373
3373
3373
3373
3373
3373
3373
3373
3373
3373
3373
3373
3373
3373
3373
3373
3373
3373
3373
3373
3373
3373
3373
3373
3373
3373
3373
3373
3373
3373
3373
3373
3373
3373
3373
3373
3373
3373
3373
3373
3373
3373
3373
3373
3373
3373
3373
3373
3373
3373
3373
3373
3373
3373
3373
3373
3373
3373
3373
3373
3373
3373
3373
3373
3373
3373
3373
3373
3373
3373
3373
3373
3373
3373
3373
3373
3294
3294
3294
3294
3294
3294
3294
3294
3294
3294
3294
3294
3294
3294
3294
3294
3294
3294
3294
3294
3294
3294
3294
3294
3294
3294
3294
3294
3294
3294
3294
3294
3294
3294
3294
3294
3294
3294
3294
3294
3294
3294
3294
3294
3246
3246
3246
3246
3246
3246
3246
3246
3246
3246
3246
3246
3246
3246
3246
3246
3246
3246
3246
3246
3246
3246
3246
3246
3246
3246
3246
3246
3246
3246
3246
3246
3246
3246
3246
3246
3246
3246
3246
3246
3246
3246
3246
3246
3246
3246
3246
3246
3246
3246
3246
3246
3246
3246
3246
3246
3246
3246
3246
3246
3246
3246
3246
3246
3246
3246
3246
3246
3246
3246
3246
3246
3246
3246
3246
3246
3246
3246
3246
3246
3246
3246
3246
3246
3246
3246
3246
3246
3246
3246
3246
3246
3246
3246
3246
3246
3246
3246
3160
3160
3160
3160
3160
3027
3027
3027
3027
3027
3027
3027
3027
3027
3027
3027
3027
3027
3027
3027
3027
3027
3027
3027
3027
3027
3027
3027
3027
3027
3027
3027
3027
3027
