9950
20000
14944
14944
14944
14944
14944
14944
14944
14944
14944
14944
14944
14944
14944
14944
14944
14944
14944
14944
14944
14944
14944
14944
14944
14944
14938
14938
14938
14938
14938
14938
14938
14938
14938
14938
14938
14938
14938
14938
14938
14938
14938
14938
14938
14938
14938
14938
14938
14938
14938
14938
14938
14938
14914
14914
14914
14914
14914
14914
14914
14914
14914
14914
14914
14914
14914
14914
14914
14914
14914
14914
14914
14914
14914
14914
14914
14914
14914
14914
14914
14914
14914
14914
14914
14914
14914
14914
14914
14914
14914
14914
14914
14914
14914
14914
14882
14882
14882
14882
14882
14882
14882
14882
14882
14882
14882
14882
14882
14882
14882
14882
14882
14882
14882
14882
14882
14882
14882
14882
14882
14882
14882
14882
14882
14882
14882
14882
14882
14882
14882
14882
14882
14882
14882
14882
14882
14882
14882
14882
14882
14882
14882
14882
14882
14882
14882
14882
14882
14882
14882
14882
14882
14882
14882
14882
14882
14882
14882
14882
14882
14882
14882
14882
14882
14882
14882
14882
14882
14882
14882
14882
14882
14882
14882
14882
14882
14882
14882
14882
14882
14882
14882
14882
14882
14882
14882
14882
14882
14882
14882
14869
14869
14869
14869
14869
14869
14869
14869
14869
14869
14869
14869
14869
14869
14869
14869
14869
14869
14869
14869
14869
14869
14869
14869
14869
14869
14869
14869
14869
14869
14869
14869
14869
14869
14869
14869
14869
14869
14869
14869
14869
14869
14869
14869
14869
14869
14869
14869
14869
14869
14869
14869
14869
14869
14869
14869
14869
14869
14869
14869
14869
14869
14869
14869
14869
14869
14869
14869
14869
14869
14869
14869
14869
14869
14869
14869
14869
14869
14869
14869
14869
14869
14869
14869
14869
14869
14869
14869
14869
14653
14653
14653
14653
14653
14653
14653
14653
14653
14653
14653
14653
14653
14653
14653
14653
14653
14653
14653
14653
14653
14653
14653
14653
14653
14653
14653
14653
14653
14653
14653
14653
14653
14642
14642
14642
14642
14642
14642
14642
14642
14642
14642
14642
14642
14642
14642
14642
14642
14642
14642
14642
14642
14642
14642
14642
14642
14642
14642
14642
14642
14642
14642
14642
14642
14642
14642
14642
14642
14642
14642
14642
14642
14642
14642
14642
14642
14642
14642
14642
14642
14642
14642
14642
14642
14642
14642
14642
14642
14642
14642
14642
14642
14642
14642
14642
14642
14642
14642
14642
14642
14642
14642
14642
14642
14642
14642
14642
14642
14618
14618
14618
14618
14618
14618
14618
14618
14618
14618
14618
14618
14618
14618
14618
14618
14618
14618
14618
14618
14618
14618
14618
14618
14618
14618
14618
14618
14618
14618
14618
14575
14575
14575
14575
14575
14575
14575
14575
14575
14575
14575
14575
14575
14575
14575
14575
14575
14575
14575
14575
14575
14575
14575
14575
14575
14575
14575
14575
14575
14575
14575
14575
14575
14575
14575
14575
14575
14575
14575
14575
14575
14575
14575
14575
14575
14575
14575
14575
14575
14575
14575
14575
14575
14575
14575
14575
14575
14575
14575
14575
14575
14575
14575
14575
14575
14575
14575
14575
14575
14575
14575
14575
14575
14575
14575
14575
14575
14542
14542
14542
14542
14542
14542
14542
14542
14542
14542
14542
14542
14542
14542
14542
14542
14542
14542
14542
14542
14542
14542
14542
14542
14542
14542
14542
14542
14542
14542
14542
14542
14542
14542
14542
14542
14542
14542
14542
14542
14542
14542
14542
14542
14542
14542
14542
14542
14542
14542
14542
14542
14542
14542
14542
14542
14542
14542
14542
14542
14542
14542
14542
14542
14542
14542
14542
14542
14542
14542
14542
14542
14542
14347
14347
14347
14347
14347
14347
14347
14347
14347
14347
14347
14347
14347
14347
14347
14347
14347
14347
14347
14347
14347
14347
14347
14347
14347
14347
14347
14347
14347
14347
14347
14347
14347
14347
14347
14347
14347
14347
14347
14347
14347
14347
14347
14347
14347
14347
14347
14347
14347
14347
14347
14347
14347
14347
14347
14347
14347
14347
14347
14347
14347
14347
14347
14347
14347
14347
14347
14347
14347
14347
14347
14347
14347
14347
14347
14347
14347
14347
14347
14330
14330
14330
14330
14330
14330
14330
14330
14330
14330
14330
14330
14330
14330
14330
14330
14330
14330
14330
14330
14330
14330
14330
14330
14330
14330
14330
14330
14330
14330
14330
14330
14330
14330
14330
14330
14330
14330
14330
14330
14330
14330
14330
14330
14330
14330
14330
14330
14330
14330
14330
14330
14330
14330
14330
14330
14330
14330
14330
14330
14330
14330
14330
14330
14330
14330
14330
14330
14330
14330
14330
14330
14330
14330
14330
14330
14330
14330
14330
14330
14330
14330
14330
14330
14330
14330
14330
14330
14330
14330
14330
14330
14330
14330
14330
14029
14029
14029
14029
14029
14029
14029
14029
14029
14029
14029
14029
14029
14029
14029
14029
14029
14029
14029
14029
14029
14029
14029
14029
14029
14029
14029
14029
14029
14029
14029
14029
14029
14029
14029
14029
14029
14029
14029
14029
14029
14029
14029
14029
14029
14029
14029
14029
14029
14029
14029
14029
14029
14029
14029
14029
14029
14029
14029
14029
14029
14029
14029
14029
14029
14029
14029
14029
14029
14029
14029
14029
14029
14029
14029
14029
14029
14029
14029
14029
14029
14029
14029
14029
14029
14029
14029
14029
14029
14029
14029
14029
14029
14029
14029
14029
14029
14029
14029
14029
13977
13977
13977
13977
13977
13977
13977
13977
13977
13977
13977
13977
13977
13977
13977
13977
13977
13977
13977
13977
13977
13977
13977
13977
13977
13977
13977
13977
13977
13977
13977
13977
13977
13977
13977
13977
13977
13977
13977
13977
13977
13952
13952
13952
13952
13952
13952
13952
13952
13952
13952
13952
13952
13952
13952
13952
13952
13952
13952
13952
13952
13952
13952
13952
13952
13952
13923
13923
13923
13923
13923
13923
13923
13923
13923
13909
13909
13909
13909
13909
13909
13909
13909
13909
13909
13909
13909
13909
13909
13909
13909
13909
13909
13909
13909
13909
13909
13909
13909
13909
13909
13909
13909
13909
13909
13885
13885
13885
13885
13885
13885
13885
13885
13885
13885
13885
13885
13885
13885
13885
13885
13885
13885
13885
13885
13885
13866
13866
13866
13866
13866
13866
13866
13866
13866
13866
13866
13866
13866
13866
13866
13866
13866
13866
13866
13866
13866
13866
13866
13866
13866
13866
13866
13818
13818
13818
13818
13818
13818
13818
13818
13818
13818
13818
13818
13818
13818
13818
13740
13740
13740
13740
13740
13740
13740
13740
13740
13740
13740
13740
13740
13740
13740
13740
13740
13740
13740
13740
13740
13740
13740
13740
13740
13740
13740
13740
13740
13740
13740
13740
13740
13740
13740
13740
13740
13740
13740
13740
13740
13740
13740
13740
13740
13740
13740
13740
13740
13740
13740
13740
13740
13740
13740
13740
13740
13740
13740
13740
13740
13740
13740
13688
13688
13688
13688
13688
13688
13688
13688
13688
13688
13688
13688
13688
13688
13688
13688
13688
13688
13688
13688
13688
13688
13688
13688
13688
13688
13666
13666
13666
13666
13666
13666
13666
13666
13666
13666
13666
13666
13666
13666
13666
13505
13505
13505
13505
13505
13505
13505
13505
13505
13505
13505
13505
13505
13505
13505
13505
13505
13505
13505
13505
13505
13505
13505
13505
13505
13505
13505
13505
13505
13505
13505
13505
13505
13505
13477
13477
13477
13477
13477
13477
13477
13477
13477
13477
13477
13477
13477
13477
13477
13477
13477
13477
13477
13477
13477
13477
13477
13477
13477
13477
13477
13477
13477
13477
13477
13475
13475
13475
13475
13475
13475
13475
13475
13475
13475
13475
13475
13475
13475
13475
13475
13475
13475
13475
13475
13475
13475
13475
13475
13475
13475
13475
13475
13475
13475
13475
13475
13475
13475
13475
13475
13475
13475
13475
13475
13475
13475
13475
13475
13475
13475
13475
13475
13475
13475
13475
13475
13475
13475
13475
13475
13475
13475
13475
13475
13475
13475
13475
13475
13475
13475
13475
13475
13475
13475
13475
13475
13452
13452
13452
13452
13452
13452
13452
13452
13452
13452
13452
13452
13452
13452
13452
13452
13452
13452
13452
13452
13452
13452
13452
13452
13452
13452
13452
13452
13452
13452
13452
13452
13452
13452
13452
13452
13452
13452
13452
13452
13452
13452
13439
13439
13439
13439
13439
13439
13439
13439
13439
13439
13439
13439
13439
13439
13439
13439
13439
13439
13439
13439
13439
13439
13439
13439
13439
13439
13439
13439
13439
13439
13439
13439
13439
13439
13439
13439
13439
13439
13439
13439
13439
13439
13439
13439
13439
13439
13439
13439
13439
13439
13439
13261
13261
13261
13261
13261
13261
13261
13261
13261
13261
13261
13261
13261
13261
13261
13261
13261
13261
13261
13261
13261
13261
13261
13261
13261
13261
13261
13261
13261
13261
13261
13261
13261
13261
13261
13261
13261
13261
13261
13261
13261
13261
13261
13261
13261
13261
13261
13261
13261
13261
13261
13261
13261
13261
13261
13261
13261
13261
13261
13261
13261
13261
13261
13261
13261
13261
13261
13261
13261
13261
13261
13192
13192
13192
13192
13192
13192
13192
13192
13192
13192
13192
13192
13192
13192
13192
13192
13192
13192
13192
13192
13192
13192
13192
13192
13192
13192
13192
13192
13192
13192
13192
13192
13192
13192
13192
13192
13192
13192
13192
13192
13192
13192
13192
13192
13192
13192
13192
13192
13192
13192
13192
13192
13192
13192
13192
13192
13148
13148
13148
13148
13148
13148
13148
13148
13148
13134
13134
13134
13134
13134
13134
13134
13134
13134
13134
13134
13134
13134
13134
13134
13134
13134
13134
13134
13134
13134
13134
13134
13134
13134
13134
13134
12881
12881
12881
12881
12881
12881
12881
12881
12881
12881
12881
12881
12881
12881
12881
12881
12881
12881
12881
12881
12881
12881
12881
12881
12881
12881
12881
12881
12881
12881
12881
12881
12881
12881
12881
12881
12881
12881
12881
12881
12881
12881
12881
12881
12881
12881
12881
12881
12881
12881
12881
12881
12881
12881
12881
12881
12881
12881
12881
12881
12881
12881
12881
12881
12881
12881
12881
12881
12881
12881
12881
12881
12881
12881
12881
12881
12881
12881
12881
12881
12881
12881
12881
12881
12881
12881
12881
12881
12881
12881
12881
12860
12860
12860
12860
12860
12860
12860
12860
12860
12860
12860
12860
12860
12860
12860
12860
12860
12860
12860
12860
12860
12860
12860
12860
12860
12860
12860
12860
12860
12860
12860
12860
12860
12860
12860
12860
12860
12860
12860
12860
12860
12860
12860
12860
12860
12860
12860
12860
12860
12860
12860
12860
12860
12860
12860
12860
12860
12860
12860
12860
12860
12860
12860
12860
12860
12860
12860
12860
12860
12860
12860
12860
12860
12858
12858
12858
12858
12858
12858
12858
12858
12858
12858
12858
12858
12858
12858
12858
12858
12858
12858
12858
12858
12858
12858
12858
12858
12858
12858
12858
12858
12858
12858
12858
12858
12858
12858
12858
12858
12858
12858
12858
12858
12858
12858
12858
12858
12858
12858
12858
12858
12858
12858
12858
12858
12841
12841
12841
12841
12841
12841
12841
12841
12841
12841
12841
12841
12841
12841
12841
12841
12841
12841
12841
12841
12841
12841
12841
12841
12841
12841
12841
12841
12841
12841
12841
12841
12841
12841
12841
12841
12841
12841
12841
12841
12841
12841
12841
12841
12841
12841
12841
12841
12841
12841
12841
12841
12841
12841
12841
12841
12841
12841
12841
12840
12840
12840
12840
12840
12840
12840
12840
12840
12840
12840
12840
12840
12840
12840
12840
12840
12840
12840
12840
12840
12840
12840
12840
12840
12840
12840
12840
12840
12840
12840
12840
12840
12840
12840
12840
12840
12840
12840
12840
12554
12554
12554
12554
12554
12554
12554
12554
12554
12554
12554
12554
12554
12554
12554
12554
12554
12554
12554
12554
12554
12554
12554
12554
12554
12554
12554
12554
12554
12554
12554
12554
12554
12543
12543
12543
12543
12543
12543
12543
12543
12543
12543
12543
12543
12543
12543
12543
12543
12543
12543
12543
12543
12543
12543
12543
12543
12543
12543
12543
12543
12543
12543
12543
12543
12543
12543
12543
12543
12543
12543
12543
12543
12543
12543
12543
12543
12543
12543
12543
12543
12543
12543
12543
12543
12543
12543
12543
12543
12543
12543
12543
12543
12543
12543
12543
12543
12543
12543
12543
12543
12543
12543
12543
12543
12543
12543
12204
12204
12204
12204
12204
12204
12204
12204
12204
12204
12204
12204
12204
12204
12204
12204
12204
12204
12204
12204
12204
12204
12204
12204
12204
12204
12204
12204
12204
12204
12204
12204
12204
12204
12204
12204
12204
12204
12204
12204
12204
12204
12204
12204
12204
12204
12204
12204
12204
12204
12204
12204
12204
12204
12204
12204
12204
12204
12204
12204
12204
12204
12204
12204
12204
12204
12204
12204
12204
12204
12204
12204
12204
12204
12204
12204
12204
12204
12204
12204
12204
12204
12204
12204
12204
12204
12204
12204
11890
11890
11890
11890
11890
11890
11890
11890
11890
11890
11890
11890
11890
11890
11890
11890
11890
11890
11890
11890
11890
11890
11890
11890
11890
11890
11890
11890
11890
11890
11890
11890
11890
11890
11890
11890
11890
11890
11890
11890
11890
11890
11890
11890
11890
11890
11890
11890
11890
11890
11890
11890
11890
11890
11890
11890
11890
11890
11890
11890
11890
11890
11890
11890
11890
11890
11890
11890
11890
11890
11890
11890
11890
11890
11890
11890
11890
11890
11890
11890
11890
11890
11890
11890
11890
11890
11890
11890
11890
11890
11890
11890
11890
11890
11890
11890
11890
11890
11857
11857
11857
11857
11857
11857
11857
11857
11857
11857
11857
11857
11857
11857
11857
11857
11857
11857
11857
11857
11857
11857
11857
11857
11857
11857
11857
11857
11857
11857
11857
11857
11857
11857
11857
11857
11857
11857
11857
11857
11857
11857
11857
11857
11857
11857
11857
11857
11857
11857
11857
11857
11857
11857
11857
11857
11857
11857
11857
11857
11857
11857
11857
11857
11857
11857
11857
11857
11857
11857
11857
11857
11857
11857
11857
11857
11857
11857
11857
11686
11686
11526
11526
11526
11526
11526
11526
11526
11526
11526
11526
11526
11526
11526
11526
11526
11526
11526
11526
11526
11526
11526
11526
11526
11526
11526
11526
11526
11526
11526
11526
11526
11526
11526
11526
11526
11526
11526
11526
11526
11526
11526
11526
11526
11526
11526
11526
11526
11526
11502
11502
11502
11502
11502
11502
11502
11502
11502
11502
11502
11502
11502
11502
11502
11502
11502
11502
11502
11502
11502
11502
11502
11502
11502
11502
11502
11502
11502
11502
11502
11502
11502
11502
11502
11502
11502
11502
11502
11502
11502
11502
11502
11502
11502
11502
11502
11502
11502
11502
11502
11502
11502
11502
11502
11502
11442
11442
11442
11442
11442
11442
11442
11442
11442
11442
11442
11442
11442
11442
11442
11442
11442
11442
11442
11439
11439
11439
11439
11439
11439
11439
11439
11439
11439
11439
11439
11439
11439
11439
11439
11439
11439
11439
11439
11439
11439
11439
11439
11439
11439
11439
11439
11439
11439
11439
11439
11439
11439
11439
11439
11439
11439
11439
11439
11439
11439
11439
11439
11439
11439
11439
11439
11439
11439
11439
11439
11439
11439
11439
11435
11435
11435
11435
11435
11435
11435
11435
11435
11435
11435
11435
11435
11435
11435
11435
11435
11435
11435
11435
11435
11435
11435
11435
11435
11435
11435
11435
11435
11435
11435
11435
11435
11435
11435
11435
11435
11435
11435
11435
11435
11435
11435
11435
11435
11435
11435
11435
11435
11435
11435
11435
11370
11370
11370
11370
11370
11370
11370
11370
11370
11370
11370
11370
11370
11370
11361
11361
11361
11361
11361
11361
11361
11361
11361
11361
11361
11361
11361
11361
11361
11361
11361
11361
11361
11361
11361
11361
11361
11361
11361
11361
11361
11361
11361
11361
11361
11361
11361
11361
11361
11361
11361
11361
11361
11361
11361
11361
11361
11361
11361
11361
11361
11361
11361
11361
11347
11347
11347
11347
11347
11347
11347
11347
11347
11347
11347
11347
11347
11347
11347
11347
11347
11347
11347
11347
11347
11347
11347
11347
11347
11347
11347
11347
11347
11347
11347
11347
11347
11347
11347
11347
11347
11347
11347
11347
11347
11347
11347
11347
11347
11347
11347
11347
11347
11347
11347
11347
11347
11347
11347
11347
11347
11347
11347
11347
11347
11324
11324
11324
11324
11324
11324
11324
11324
11324
11324
11324
11324
11324
11324
11324
11324
11324
11324
11324
11324
11324
11259
11259
11259
11259
11259
11259
11259
11259
11259
11259
11259
11259
11259
11259
11259
11259
11259
11259
11259
11259
11259
11259
11259
11259
11259
11259
11259
11259
11259
11259
11259
11259
11259
11259
11259
11259
11259
11259
11259
11259
11259
11259
11259
11259
11259
11259
11259
11259
11259
11259
11259
11259
11259
11259
11259
11259
11259
11259
11259
11259
11259
11259
11259
11259
11259
11259
11259
11259
11259
11259
11259
11259
11259
11259
11259
11259
11259
11259
11259
11259
11246
11246
11246
11246
11246
11246
11246
11246
11246
11246
11246
11246
11246
11246
11246
11246
11246
11246
11246
11246
11246
11246
11246
11246
11246
11246
11246
11246
11246
11246
11246
11246
11246
11246
11246
11246
11246
11246
11246
11246
11246
11229
11229
11229
11229
11229
11229
11229
11229
11229
11229
11229
11229
11229
11229
11229
11229
11229
11229
11229
11229
11229
11229
11229
11229
11229
11229
11229
11229
11229
11229
11228
11228
11228
11228
11228
11228
11228
11228
11228
11228
11228
11228
11228
11228
11228
11228
11228
11228
11228
11228
11228
11228
11228
11228
11228
11228
11228
11228
11228
11228
11228
11228
11228
11228
11228
11228
11228
11228
11228
11228
11228
11169
11169
11169
11169
11169
11169
11169
11169
11169
11169
11169
11169
11169
11169
11169
11169
11169
11169
11169
11169
11169
11169
11169
11169
11169
11169
11169
11169
11169
11169
11169
11169
11169
11169
11169
11169
11169
11169
11169
11169
11169
11169
11169
11169
11169
11169
11169
11169
11169
11169
11169
11169
11169
11169
11169
11169
11169
11169
11169
11169
11169
11169
11169
11169
11169
11169
11169
11169
11169
11063
11063
11063
11063
11063
11063
11063
11063
11063
11063
11063
11063
11063
11063
11063
11063
11063
11063
11063
11063
11063
11063
11063
11063
11063
11063
11063
11063
11063
11063
11063
11063
11063
11063
11063
11063
11063
11063
11063
11063
11063
11063
11063
11063
11063
11063
11063
11063
11063
11005
11005
11005
11005
11005
11005
11005
11005
11005
11005
11005
11005
11005
11005
11005
11005
11005
11005
11005
11005
11005
11005
11005
11005
11005
11005
11005
11005
11005
11005
11005
11005
11005
11005
11005
11005
11005
11005
11005
11005
11005
11005
11005
11005
11005
11005
11005
11005
11005
11005
11005
11005
11005
11005
11005
11005
11005
11005
11005
11005
11005
11005
11005
11005
11005
11005
11005
11005
11005
11005
11005
11005
11005
11005
11005
11005
11005
11005
11005
11005
11005
11005
11005
11005
11005
11005
11005
11005
11005
11005
11005
10915
10915
10915
10915
10915
10915
10915
10915
10915
10915
10915
10915
10906
10906
10906
10906
10906
10906
10906
10906
10906
10906
10906
10906
10906
10906
10906
10906
10906
10906
10906
10906
10906
10906
10906
10906
10906
10906
10906
10906
10906
10906
10906
10906
10906
10906
10906
10906
10906
10906
10906
10906
10906
10906
10906
10906
10906
10906
10906
10906
10906
10906
10906
10906
10906
10906
10906
10906
10906
10906
10906
10906
10906
10906
10906
10906
10906
10906
10906
10906
10906
10906
10906
10906
10906
10906
10906
10906
10906
10906
10906
10906
10872
10872
10872
10872
10872
10872
10872
10872
10872
10872
10872
10872
10872
10872
10872
10872
10872
10872
10872
10872
10872
10872
10872
10872
10872
10872
10872
10872
10872
10872
10872
10872
10872
10872
10872
10872
10872
10872
10872
10872
10872
10872
10872
10872
10872
10872
10872
10872
10872
10872
10872
10872
10872
10872
10872
10872
10872
10872
10872
10872
10872
10872
10872
10872
10872
10872
10872
10872
10807
10807
10807
10807
10807
10807
10807
10807
10807
10807
10807
10807
10807
10807
10807
10807
10807
10807
10807
10807
10807
10807
10807
10807
10807
10807
10807
10807
10807
10807
10807
10807
10807
10807
10807
10807
10807
10807
10807
10807
10807
10790
10790
10790
10790
10790
10790
10790
10790
10790
10790
10790
10790
10790
10790
10790
10790
10790
10790
10790
10790
10790
10790
10790
10790
10790
10790
10790
10790
10790
10790
10790
10790
10790
10790
10790
10790
10790
10790
10790
10790
10790
10790
10790
10790
10790
10790
10790
10790
10790
10790
10790
10790
10790
10790
10790
10790
10790
10790
10790
10790
10790
10790
10790
10790
10790
10790
10790
10790
10790
10790
10790
10790
10790
10790
10790
10790
10790
10790
10790
10790
10790
10790
10790
10790
10790
10790
10790
10790
10790
10790
10790
10790
10790
10790
10790
10790
10790
10730
10730
10730
10730
10730
10730
10730
10730
10730
10730
10730
10730
10730
10730
10730
10730
10730
10730
10730
10730
10730
10730
10730
10730
10730
10730
10730
10730
10730
10730
10730
10730
10730
10730
10730
10730
10730
10730
10730
10730
10730
10730
10730
10730
10730
10730
10730
10730
10730
10730
10730
10730
10730
10730
10730
10730
10730
10730
10730
10730
10730
10730
10730
10730
10730
10730
10730
10730
10730
10730
10730
10730
10730
10730
10730
10730
10730
10730
10730
10730
10723
10723
10723
10723
10723
10723
10682
10682
10682
10682
10682
10682
10682
10682
10682
10682
10682
10682
10682
10682
10682
10682
10682
10682
10682
10682
10682
10682
10682
10682
10682
10682
10682
10682
10682
10682
10682
10682
10682
10682
10682
10682
10682
10682
10682
10682
10682
10682
10682
10682
10682
10682
10682
10682
10682
10682
10682
10505
10505
10505
10505
10505
10505
10505
10505
10505
10505
10505
10505
10505
10505
10505
10505
10505
10505
10505
10505
10505
10393
10393
10393
10393
10393
10393
10393
10393
10393
10393
10393
10393
10393
10393
10393
10393
10393
10393
10393
10393
10393
10393
10393
10393
10393
10393
10393
10393
10393
10393
10393
10393
10393
10393
10393
10393
10393
10393
10393
10393
10393
10393
10393
10393
10393
10393
10393
10393
10393
10393
10393
10393
10393
10325
10325
10325
10325
10325
10325
10325
10325
10325
10325
10325
10325
10325
10325
10325
10325
10325
10325
10325
10325
10325
10325
10325
10325
10325
10325
10325
10325
10325
10325
10325
10325
10325
10325
10325
10325
10325
10325
10325
10325
10325
10325
10325
10325
10325
10325
10325
10325
10325
10325
10325
10325
10325
10320
10320
10320
10320
10320
10320
10320
10320
10320
10320
10320
10320
10320
10320
10320
10320
10320
10320
10320
10320
10320
10320
10320
10320
10320
10320
10320
10320
10320
10320
10320
10320
10320
10320
10320
10320
10320
10320
10320
10320
10320
10320
10320
10320
10320
10320
10320
10320
10320
10273
10273
10273
10273
10273
10273
10273
10273
10273
10273
10273
10273
10273
10273
10273
10273
10273
10273
10273
10273
10273
10273
10273
10273
10273
10273
10273
10273
10273
10273
10273
10273
10273
10273
10273
10273
10273
10273
10273
10273
10273
10273
10273
10273
10273
10273
10242
10242
10242
10242
10242
10242
10242
10242
10242
10242
10242
10242
10242
10242
10242
10242
10168
10168
10168
10168
10168
10168
10168
10168
10168
10168
10168
10168
10168
10168
10168
10168
10168
10168
10168
10168
10168
10168
10168
10168
10168
10168
10168
10168
10168
10168
10168
9985
9985
9985
9985
9985
9985
9985
9985
9985
9985
9985
9985
9985
9985
9985
9985
9985
9985
9985
9985
9985
9985
9985
9985
9985
9985
9985
9985
9985
9985
9985
9985
9985
9985
9985
9985
9985
9985
9985
9985
9985
9985
9985
9985
9985
9985
9985
9985
9985
9985
9985
9985
9985
9985
9985
9985
9985
9985
9985
9985
9985
9985
9985
9985
9985
9985
9985
9985
9985
9985
9985
9985
9985
9985
9985
9985
9985
9985
9985
9985
9985
9985
9985
9985
9985
9985
9985
9985
9985
9985
9985
9985
9985
9985
9985
9985
9899
9899
9899
9899
9899
9899
9899
9899
9899
9899
9899
9899
9899
9899
9899
9899
9899
9899
9899
9899
9899
9899
9899
9899
9899
9899
9899
9899
9860
9860
9860
9860
9860
9860
9860
9860
9860
9860
9860
9860
9860
9860
9860
9860
9860
9860
9860
9860
9860
9860
9860
9860
9860
9860
9860
9860
9860
9827
9827
9827
9827
9827
9827
9827
9827
9827
9827
9827
9827
9827
9827
9827
9827
9827
9827
9827
9827
9827
9827
9827
9827
9827
9827
9827
9827
9827
9827
9827
9827
9827
9827
9827
9827
9827
9827
9827
9827
9827
9827
9827
9827
9827
9827
9827
9827
9827
9827
9827
9827
9827
9827
9827
9827
9827
9827
9827
9827
9827
9827
9827
9827
9827
9827
9827
9827
9827
9827
9827
9827
9827
9827
9827
9827
9827
9827
9827
9827
9827
9787
9787
9787
9787
9787
9787
9787
9787
9787
9787
9787
9787
9787
9787
9787
9787
9787
9787
9787
9787
9787
9787
9787
9787
9787
9787
9787
9787
9787
9787
9787
9787
9787
9787
9787
9787
9787
9787
9787
9787
9787
9787
9787
9787
9787
9787
9787
9787
9787
9787
9787
9787
9787
9787
9787
9787
9787
9787
9787
9787
9787
9787
9787
9787
9787
9787
9787
9787
9787
9787
9787
9787
9787
9787
9787
9787
9787
9787
9787
9787
9787
9787
9787
9787
9787
9787
9787
9787
9787
9787
9787
9787
9774
9774
9774
9774
9774
9774
9774
9774
9774
9774
9774
9774
9774
9774
9774
9774
9774
9774
9774
9774
9774
9774
9774
9774
9774
9774
9774
9774
9774
9774
9774
9774
9774
9774
9774
9774
9774
9774
9774
9774
9774
9774
9774
9774
9774
9774
9774
9774
9774
9774
9774
9774
9774
9774
9774
9774
9774
9774
9774
9774
9774
9774
9774
9774
9774
9774
9774
9774
9774
9774
9774
9774
9774
9774
9774
9774
9774
9774
9774
9774
9774
9774
9774
9774
9774
9774
9774
9774
9774
9774
9774
9774
9774
9774
9774
9774
9774
9774
9774
9667
9667
9667
9667
9667
9667
9667
9667
9667
9667
9667
9667
9667
9667
9667
9667
9667
9667
9667
9667
9667
9667
9667
9667
9667
9667
9667
9667
9667
9667
9667
9667
9667
9667
9667
9667
9667
9667
9667
9667
9667
9667
9667
9667
9667
9667
9667
9667
9667
9667
9667
9667
9667
9667
9667
9667
9667
9667
9667
9667
9667
9667
9667
9667
9667
9667
9432
9432
9432
9432
9432
9432
9432
9432
9432
9432
9432
9432
9432
9432
9432
9432
9432
9432
9432
9432
9432
9432
9432
9432
9432
9432
9432
9432
9432
9432
9432
9432
9432
9432
9432
9432
9432
9432
9432
9432
9432
9432
9432
9432
9432
9432
9432
9432
9432
9432
9432
9432
9432
9432
9432
9432
9432
9432
9432
9432
9432
9432
9432
9432
9432
9432
9432
9432
9432
9432
9432
9432
9432
9432
9432
9432
9432
9432
9432
9432
9432
9432
9432
9432
9432
9432
9432
9424
9424
9424
9424
9424
9424
9424
9424
9424
9424
9424
9424
9424
9424
9424
9424
9424
9424
9424
9424
9186
9186
9186
9186
9186
9186
9186
9186
9186
9186
9186
9186
9186
9186
9186
9186
9186
9186
9186
9186
9186
9186
9186
9186
9186
9186
9186
9186
9186
9186
9186
9186
9186
9186
9186
9186
9186
9186
9186
9186
9186
9186
9186
9186
9186
9186
9186
9186
9186
9186
9186
9186
9186
9186
9186
9186
9186
9186
9186
9186
9186
9186
9186
9186
9186
9186
9186
9186
9186
9186
9186
9186
9186
9186
9186
9186
9186
9151
9151
9151
9151
9151
9151
9151
9151
9151
9151
9151
9151
9151
9151
9151
9151
9151
9151
9151
9151
9151
9151
9151
9151
9151
9151
9151
9151
9151
9151
9151
9151
9151
9151
9151
9151
9151
9151
9151
9151
9151
9151
9151
9151
9151
9151
9151
9151
9151
9151
9151
9151
9151
9151
9151
9151
9151
9151
9151
9151
9151
9151
9151
9151
9151
9151
9151
9151
9151
9151
9151
9151
9151
8934
8934
8934
8934
8934
8934
8934
8934
8934
8934
8934
8934
8934
8934
8934
8934
8934
8934
8934
8934
8934
8934
8934
8934
8934
8934
8934
8934
8934
8934
8934
8934
8934
8934
8934
8934
8934
8934
8934
8934
8934
8934
8934
8934
8934
8934
8934
8934
8934
8934
8934
8934
8934
8934
8934
8934
8934
8934
8934
8934
8934
8934
8934
8934
8934
8934
8934
8934
8934
8934
8934
8934
8934
8934
8934
8934
8934
8934
8934
8934
8934
8934
8934
8934
8934
8934
8925
8925
8925
8925
8925
8925
8925
8925
8925
8925
8925
8925
8925
8924
8924
8924
8924
8924
8924
8924
8924
8924
8924
8924
8924
8924
8924
8924
8924
8924
8924
8924
8924
8924
8924
8924
8924
8924
8924
8924
8924
8924
8924
8924
8924
8924
8924
8924
8924
8924
8924
8924
8924
8924
8924
8924
8924
8924
8924
8924
8924
8924
8924
8924
8924
8924
8924
8924
8924
8924
8924
8860
8860
8860
8860
8860
8860
8860
8860
8860
8860
8860
8860
8860
8860
8860
8860
8860
8860
8860
8860
8860
8860
8860
8860
8860
8860
8860
8860
8860
8860
8860
8860
8860
8860
8860
8860
8860
8860
8860
8860
8860
8860
8860
8860
8860
8860
8860
8860
8860
8860
8860
8860
8860
8860
8860
8860
8860
8860
8860
8860
8860
8860
8860
8860
8860
8860
8860
8860
8860
8841
8841
8841
8752
8752
8752
8752
8752
8752
8752
8752
8752
8752
8752
8752
8752
8752
8752
8752
8752
8752
8752
8752
8752
8752
8752
8752
8752
8752
8752
8752
8752
8752
8752
8752
8752
8752
8752
8752
8752
8752
8752
8752
8752
8752
8752
8752
8752
8752
8752
8752
8752
8752
8752
8752
8752
8752
8752
8752
8752
8752
8752
8752
8752
8752
8752
8752
8752
8752
8592
8592
8592
8592
8592
8592
8592
8592
8592
8592
8592
8592
8592
8592
8592
8592
8592
8592
8592
8592
8592
8592
8592
8592
8592
8592
8592
8592
8592
8592
8592
8592
8592
8592
8592
8592
8592
8592
8592
8592
8592
8592
8592
8592
8592
8592
8592
8592
8592
8592
8592
8592
8592
8592
8592
8592
8592
8592
8592
8592
8592
8592
8592
8592
8592
8592
8592
8592
8592
8592
8592
8592
8592
8592
8592
8592
8592
8584
8584
8584
8584
8584
8584
8584
8584
8584
8584
8584
8584
8584
8584
8584
8584
8584
8584
8584
8584
8584
8584
8584
8584
8584
8584
8584
8584
8584
8584
8584
8584
8584
8584
8584
8584
8584
8584
8584
8584
8584
8584
8584
8584
8584
8584
8584
8584
8584
8574
8574
8530
8530
8530
8530
8530
8530
8530
8530
8530
8530
8530
8513
8513
8513
8513
8513
8513
8513
8513
8513
8513
8513
8513
8513
8513
8513
8513
8513
8513
8513
8447
8447
8447
8447
8447
8447
8447
8447
8447
8447
8447
8447
8447
8447
8447
8447
8447
8447
8447
8447
8447
8447
8447
8447
8447
8447
8447
8447
8447
8447
8447
8447
8447
8447
8447
8447
8447
8447
8447
8447
8447
8447
8447
8447
8447
8447
8447
8447
8447
8447
8447
8447
8447
8447
8447
8447
8447
8447
8447
8447
8447
8447
8447
8447
8447
8447
8447
8447
8447
8447
8447
8447
8447
8447
8447
8447
8447
8447
8447
8447
8447
8447
8447
8447
8418
8418
8418
8418
8418
8418
8418
8418
8418
8418
8418
8418
8418
8418
8418
8418
8418
8418
8418
8418
8418
8418
8418
8418
8418
8418
8418
8418
8418
8418
8418
8418
8418
8418
8418
8418
8418
8418
8418
8418
8418
8418
8418
8418
8418
8418
8418
8418
8418
8418
8418
8418
8418
8418
8418
8418
8418
8418
8418
8418
8418
8418
8418
8418
8418
8418
8418
8418
8418
8418
8418
8418
8373
8373
8373
8373
8373
8373
8373
8373
8373
8373
8373
8373
8373
8373
8373
8373
8373
8373
8373
8373
8373
8373
8373
8373
8373
8373
8373
8373
8373
8373
8373
8373
8373
8373
8373
8373
8373
8373
8373
8373
8373
8373
8373
8373
8373
8373
8373
8373
8373
8373
8373
8373
8373
8373
8373
8373
8373
8373
8373
8373
8373
8373
8373
8373
8373
8373
8373
8373
8373
8373
8373
8373
8373
8373
8373
8373
8373
8373
8373
8373
8373
8373
8373
8373
8373
8373
8373
8373
8373
8373
8373
8326
8326
8326
8326
8326
8326
8326
8326
8326
8326
8326
8326
8326
8326
8326
8326
8326
8326
8326
8326
8326
8326
8326
8326
8326
8326
8326
8326
8326
8326
8326
8326
8326
8326
8326
8326
8326
8326
8326
8326
8326
8326
8326
8326
8326
8326
8326
8326
8326
8326
8326
8326
8326
8326
8326
8326
8326
8326
8326
8326
8326
8326
8326
8326
8326
8326
8326
8326
8326
8326
8326
8326
8326
8326
8326
8326
8326
8326
8326
8326
8326
8326
8187
8187
8187
8187
8187
8187
8187
8187
8187
8187
8187
8187
8187
8187
8187
8187
8187
8187
8187
8187
8187
8187
8187
8187
8187
8187
8187
8187
8187
8187
8187
8187
8187
8187
8187
8187
8187
8187
8187
8187
8187
8187
8187
8187
8187
8187
8187
8187
8187
8187
8187
8187
8187
8187
8187
8187
8187
8187
8187
8187
8187
8187
8187
8187
8187
8187
8187
8187
8187
8187
8187
8187
8187
8187
8187
8187
8187
8187
8187
8187
8187
8187
8187
8187
8187
8187
8187
8187
8187
8187
8187
8187
8187
8187
8187
8187
8156
8156
8156
8156
8156
8156
8156
8156
8156
8156
8156
8156
8156
8156
8156
8156
8156
8156
8156
8156
8156
8156
8156
8137
8137
8137
8137
8137
8137
8137
8137
8137
8137
8137
8137
8137
8137
8137
8137
8137
8137
8137
8137
8137
8137
8137
8137
8137
8137
8137
8137
8137
8137
8137
8137
8137
8137
8137
8137
8137
8137
8137
8137
8137
8137
8137
8137
8137
8137
8137
8137
8137
8137
8137
8137
8137
8137
8137
8137
8137
8137
8137
8137
8137
8137
8137
8137
8137
8137
8137
8137
8137
8137
8137
8137
8137
8137
8137
8137
8137
8137
8137
8072
8072
8072
8072
8072
8072
8072
8072
8072
8072
8072
8072
8072
8072
8072
8072
8072
8072
8072
8072
8072
8072
8072
8072
8072
8072
8072
8072
8072
8072
8072
8072
8072
8072
8072
8072
8072
8072
8072
8072
8072
8072
8072
8072
8072
8072
8072
8072
8072
8072
8072
8072
8072
8072
8072
8072
8072
8072
8072
8072
8072
8072
8072
8072
8072
8072
8072
8072
8072
8072
8072
8072
8072
8072
8072
8072
8072
8072
8072
8072
8072
8072
8072
8072
8072
8072
8072
8072
8072
8072
8072
7986
7986
7986
7986
7986
7986
7986
7986
7986
7986
7986
7986
7986
7986
7986
7986
7986
7986
7986
7986
7986
7986
7986
7986
7986
7986
7986
7986
7986
7986
7986
7986
7986
7986
7986
7986
7986
7986
7986
7986
7986
7986
7986
7986
7986
7986
7986
7986
7986
7986
7986
7986
7986
7986
7986
7864
7864
7864
7864
7864
7864
7864
7864
7864
7864
7864
7864
7864
7864
7781
7781
7781
7781
7781
7781
7781
7781
7781
7781
7781
7781
7781
7771
7771
7771
7771
7771
7771
7771
7771
7771
7771
7771
7771
7771
7771
7771
7771
7771
7771
7771
7771
7771
7771
7771
7771
7771
7771
7771
7771
7771
7771
7771
7771
7771
7771
7771
7771
7771
7771
7771
7771
7771
7771
7750
7750
7750
7750
7750
7750
7750
7750
7750
7750
7750
7750
7750
7750
7750
7750
7750
7750
7750
7750
7750
7750
7750
7750
7750
7750
7750
7750
7750
7750
7750
7750
7750
7750
7750
7750
7750
7750
7750
7750
7750
7750
7750
7750
7750
7750
7750
7750
7750
7750
7750
7750
7750
7750
7748
7748
7748
7748
7748
7748
7748
7748
7748
7748
7748
7748
7748
7748
7748
7748
7748
7748
7748
7748
7748
7748
7748
7748
7748
7748
7748
7748
7748
7748
7748
7748
7748
7748
7748
7748
7748
7748
7748
7748
7748
7748
7748
7748
7748
7748
7748
7748
7748
7748
7748
7748
7748
7748
7748
7748
7748
7748
7748
7748
7748
7748
7748
7748
7748
7748
7748
7748
7748
7748
7748
7748
7748
7748
7748
7748
7748
7748
7748
7748
7748
7748
7748
7748
7748
7748
7748
7748
7748
7748
7748
7697
7697
7697
7697
7697
7605
7605
7605
7605
7605
7605
7605
7605
7605
7605
7605
7605
7605
7605
7605
7605
7605
7605
7605
7605
7605
7605
7605
7605
7605
7605
7605
7605
7605
7605
7605
7605
7605
7605
7605
7605
7605
7605
7605
7605
7605
7605
7605
7605
7605
7572
7572
7572
7572
7572
7572
7572
7572
7572
7572
7572
7572
7572
7572
7572
7572
7572
7572
7572
7572
7572
7572
7572
7572
7572
7572
7572
7572
7572
7572
7572
7572
7572
7572
7572
7572
7572
7538
7538
7538
7538
7538
7538
7538
7538
7538
7538
7538
7538
7538
7538
7538
7538
7538
7538
7538
7538
7538
7538
7538
7538
7538
7538
7538
7538
7538
7538
7538
7538
7538
7538
7538
7538
7538
7538
7538
7538
7538
7538
7538
7538
7538
7538
7538
7538
7538
7538
7538
7538
7538
7538
7538
7538
7538
7538
7538
7538
7538
7538
7538
7538
7538
7538
7538
7538
7538
7538
7538
7538
7538
7538
7467
7467
7467
7467
7467
7467
7467
7399
7399
7399
7399
7399
7399
7399
7399
7399
7399
7399
7399
7399
7399
7399
7399
7399
7399
7399
7399
7399
7399
7399
7399
7399
7399
7399
7399
7399
7399
7399
7399
7399
7399
7399
7399
7399
7399
7399
7399
7399
7399
7399
7399
7399
7399
7399
7399
7399
7399
7399
7399
7399
7399
7399
7399
7399
7399
7399
7399
7399
7399
7399
7399
7399
7399
7399
7399
7399
7399
7399
7399
7399
7399
7399
7399
7399
7399
7399
7399
7399
7399
7399
7399
7399
7399
7399
7399
7399
7399
7373
7373
7373
7373
7373
7373
7373
7373
7373
7373
7373
7373
7373
7373
7373
7373
7373
7373
7373
7373
7373
7373
7373
7373
7373
7373
7373
7373
7373
7373
7373
7373
7373
7373
7373
7373
7373
7373
7373
7373
7373
7373
7373
7373
7373
7373
7373
7373
7373
7373
7373
7373
7373
7373
7373
7373
7373
7373
7373
7373
7373
7373
7373
7319
7319
7319
7319
7319
7319
7319
7319
7319
7293
7293
7293
7293
7293
7293
7293
7293
7293
7293
7288
7288
7288
7288
7288
7288
7288
7288
7288
7288
7288
7288
7288
7288
7288
7288
7288
7288
7288
7288
7288
7288
7288
7288
7288
7288
7288
7288
7288
7288
7288
7288
7288
7288
7288
7288
7288
7281
7281
7281
7281
7281
7281
7281
7281
7281
7281
7281
7281
7281
7281
7281
7281
7281
7281
7281
7281
7281
7281
7281
7281
7281
7281
7281
7281
7281
7281
7281
7281
7281
7281
7281
7281
7281
7131
7131
7131
7131
7131
7131
7131
7131
7131
7131
7131
7131
7131
7131
7131
7131
7131
7131
7131
7131
7131
7131
7131
7131
7131
7131
7131
7131
7131
7131
7119
7119
7119
7119
7119
7119
7119
7119
7119
7119
7119
7119
7119
7119
7119
7119
7119
7072
7072
7072
7072
7072
7072
7072
7072
7072
7072
7072
7072
7072
7072
7072
7072
7072
7072
7072
7072
6999
6999
6999
6999
6999
6999
6999
6999
6999
6999
6999
6999
6999
6999
6999
6999
6999
6999
6999
6999
6999
6999
6999
6999
6999
6999
6999
6999
6999
6999
6999
6999
6999
6999
6999
6999
6999
6999
6999
6999
6999
6999
6999
6999
6999
6999
6999
6999
6999
6999
6999
6999
6999
6999
6999
6999
6999
6999
6999
6999
6999
6999
6999
6999
6999
6999
6999
6999
6999
6999
6999
6999
6999
6999
6999
6999
6999
6999
6999
6999
6999
6999
6999
6999
6999
6999
6999
6999
6944
6944
6944
6944
6944
6944
6944
6944
6944
6944
6944
6944
6944
6944
6944
6944
6944
6944
6944
6854
6854
6854
6854
6854
6854
6854
6854
6854
6854
6854
6854
6854
6854
6854
6854
6854
6854
6854
6854
6854
6854
6854
6824
6824
6824
6824
6824
6824
6824
6824
6824
6824
6824
6824
6824
6824
6824
6824
6824
6824
6824
6824
6824
6824
6824
6824
6824
6824
6824
6824
6824
6824
6824
6824
6824
6824
6824
6824
6824
6824
6824
6824
6824
6824
6824
6824
6824
6824
6824
6824
6824
6824
6824
6824
6824
6824
6824
6824
6824
6824
6824
6824
6824
6824
6824
6824
6824
6824
6824
6824
6824
6824
6824
6824
6824
6824
6722
6722
6722
6722
6722
6722
6722
6722
6722
6722
6722
6722
6722
6722
6722
6722
6722
6722
6722
6722
6722
6722
6722
6722
6722
6722
6722
6722
6722
6722
6722
6722
6722
6722
6722
6722
6722
6722
6722
6722
6722
6722
6722
6722
6722
6722
6722
6722
6722
6722
6722
6722
6722
6722
6722
6722
6722
6722
6722
6722
6722
6722
6722
6722
6722
6722
6722
6722
6722
6722
6722
6722
6722
6722
6722
6722
6722
6722
6722
6722
6722
6722
6722
6722
6722
6722
6722
6722
6722
6722
6722
6722
6722
6722
6722
6722
6722
6722
6722
6722
6722
6722
6722
6722
6722
6722
6722
6722
6722
6722
6722
6722
6722
6722
6722
6722
6722
6722
6722
6722
6722
6722
6722
6722
6722
6722
6722
6722
6722
6722
6722
6722
6722
6722
6722
6722
6722
6722
6722
6722
6722
6651
6651
6651
6651
6651
6651
6651
6651
6651
6651
6651
6651
6651
6651
6651
6651
6651
6651
6651
6651
6651
6651
6651
6651
6651
6651
6651
6651
6651
6651
6651
6651
6651
6651
6651
6651
6651
6651
6651
6651
6651
6651
6651
6651
6651
6651
6651
6651
6651
6651
6651
6651
6651
6651
6651
6651
6651
6651
6651
6651
6651
6651
6651
6651
6651
6651
6651
6651
6651
6651
6651
6651
6651
6567
6567
6567
6567
6567
6567
6567
6567
6567
6567
6567
6567
6567
6567
6567
6567
6567
6567
6567
6567
6567
6567
6567
6567
6567
6567
6567
6567
6567
6567
6567
6567
6567
6567
6567
6567
6567
6567
6567
6567
6567
6567
6567
6567
6567
6567
6567
6567
6567
6567
6567
6567
6567
6567
6567
6567
6567
6567
6567
6567
6567
6567
6567
6567
6567
6567
6567
6567
6567
6567
6567
6567
6567
6567
6567
6567
6567
6567
6567
6567
6567
6567
6567
6567
6567
6567
6567
6567
6567
6567
6560
6560
6560
6560
6560
6560
6560
6560
6560
6560
6560
6560
6560
6560
6560
6560
6560
6560
6560
6560
6560
6560
6560
6560
6560
6560
6560
6560
6560
6560
6560
6560
6560
6560
6560
6560
6560
6560
6560
6560
6560
6560
6560
6560
6560
6560
6560
6560
6560
6560
6560
6560
6560
6560
6560
6560
6560
6560
6560
6560
6560
6560
6560
6560
6560
6560
6560
6560
6560
6560
6480
6480
6480
6480
6480
6395
6395
6395
6395
6395
6395
6395
6395
6395
6395
6395
6395
6395
6395
6395
6395
6395
6395
6395
6395
6395
6395
6395
6395
6395
6395
6395
6395
6395
6395
6395
6395
6395
6395
6395
6395
6395
6395
6395
6395
6395
6395
6395
6395
6395
6395
6395
6395
6395
6395
6395
6395
6395
6395
6395
6395
6395
6395
6395
6395
6395
6395
6395
6395
6395
6395
6395
6395
6395
6395
6395
6395
6395
6395
6395
6395
6395
6395
6329
6329
6329
6329
6329
6329
6329
6329
6329
6329
6329
6329
6329
6329
6329
6329
6329
6329
6329
6329
6329
6329
6329
6329
6329
6329
6329
6329
6329
6329
6329
6329
6329
6329
6329
6329
6329
6329
6329
6329
6329
6329
6329
6329
6329
6329
6329
6329
6329
6329
6329
6329
6329
6329
6329
6329
6329
6329
6329
6329
6329
6329
6329
6329
6329
6329
6329
6329
6329
6329
6329
6329
6323
6323
6323
6323
6323
6323
6323
6323
6323
6323
6323
6323
6323
6323
6323
6323
6323
6323
6323
6323
6323
6323
6323
6323
6323
6323
6323
6323
6323
6323
6323
6323
6323
6323
6323
6323
6323
6323
6323
6323
6323
6323
6323
6323
6323
6323
6323
6323
6323
6323
6323
6307
6307
6307
6307
6307
6307
6307
6307
6307
6307
6307
6307
6307
6295
6295
6295
6295
6295
6295
6295
6295
6295
6295
6295
6295
6295
6295
6295
6295
6295
6295
6295
6295
6295
6295
6295
6295
6295
6295
6295
6295
6295
6295
6295
6295
6295
6295
6295
6232
6232
6232
6232
6232
6232
6232
6232
6232
6232
6232
6232
6232
6232
6232
6232
6232
6232
6232
6232
6232
6232
6232
6232
6232
6232
6232
6232
6232
6232
6232
6232
6232
6232
6232
6232
6232
6232
6232
6232
6232
6232
6188
6188
6188
6188
6188
6188
6188
6188
6188
6188
6188
6188
6188
6188
6188
6188
6188
6188
6188
6188
6188
6188
6188
6188
6188
6188
6188
6188
6188
6188
6188
6188
6188
6188
6188
5939
5939
5939
5939
5939
5939
5939
5939
5939
5939
5939
5939
5939
5939
5939
5939
5939
5939
5939
5939
5939
5939
5939
5939
5939
5939
5939
5939
5939
5939
5939
5939
5939
5939
5939
5939
5939
5939
5939
5939
5939
5939
5939
5939
5939
5939
5939
5939
5939
5939
5939
5939
5939
5939
5939
5939
5939
5939
5939
5939
5939
5939
5939
5939
5939
5939
5939
5939
5939
5939
5939
5939
5939
5939
5939
5939
5939
5939
5939
5939
5939
5939
5939
5939
5939
5939
5939
5890
5890
5890
5890
5890
5890
5890
5890
5858
5858
5858
5858
5858
5858
5858
5858
5858
5858
5858
5858
5858
5858
5858
5858
5858
5858
5858
5858
5858
5858
5858
5858
5858
5858
5858
5858
5858
5858
5858
5858
5858
5858
5858
5858
5858
5858
5858
5858
5858
5858
5858
5858
5858
5858
5858
5858
5858
5858
5858
5858
5858
5858
5858
5858
5858
5818
5818
5818
5818
5818
5818
5818
5818
5818
5818
5818
5818
5818
5818
5818
5818
5818
5818
5818
5818
5818
5818
5818
5818
5818
5818
5818
5818
5818
5818
5818
5818
5818
5818
5818
5818
5818
5818
5818
5818
5818
5818
5744
5744
5744
5744
5744
5744
5744
5744
5744
5744
5744
5744
5744
5744
5744
5744
5744
5744
5744
5744
5744
5744
5744
5744
5744
5744
5744
5744
5744
5744
5744
5744
5744
5744
5744
5744
5744
5744
5744
5744
5744
5744
5744
5744
5744
5744
5744
5744
5744
5744
5744
5744
5744
5744
5744
5744
5744
5744
5744
5744
5744
5744
5744
5726
5726
5726
5726
5726
5726
5726
5726
5726
5726
5726
5726
5726
5726
5726
5726
5726
5726
5726
5726
5726
5726
5726
5726
5726
5726
5726
5726
5726
5726
5726
5726
5726
5726
5726
5726
5726
5726
5726
5448
5448
5448
5448
5448
5448
5448
5448
5448
5448
5448
5448
5448
5448
5448
5448
5448
5448
5448
5448
5448
5448
5448
5448
5447
5447
5447
5447
5447
5447
5447
5419
5390
5390
5390
5390
5390
5390
5390
5390
5390
5390
5390
5390
5390
5390
5390
5390
5390
5390
5390
5390
5390
5390
5390
5390
5390
5390
5390
5390
5390
5390
5390
5390
5390
5390
5390
5390
5390
5390
5390
5390
5390
5390
5390
5390
5390
5390
5390
5390
5390
5390
5390
5390
5390
5390
5390
5390
5390
5390
5390
5390
5390
5390
5390
5390
5390
5390
5390
5390
5390
5390
5390
5390
5390
5390
5390
5390
5390
5390
5390
5390
5390
5390
5390
5390
5390
5390
5390
5390
5316
5316
5316
5316
5316
5316
5316
5316
5316
5316
5316
5316
5316
5316
5316
5316
5316
5316
5316
5316
5316
5316
5316
5316
5316
5316
5316
5316
5316
5316
5316
5316
5316
5316
5316
5316
5316
5316
5316
5316
5316
5316
5316
5316
5316
5316
5316
5316
5316
5316
5316
5316
5316
5316
5316
5316
5316
5316
5316
5316
5316
5316
5316
5316
5316
5316
5316
5316
5316
5316
5316
5316
5316
5316
5316
5316
5316
5316
5316
5316
5316
5316
5316
5316
5316
5316
5231
5231
5231
5231
5231
5231
5231
5231
5231
5231
5231
5231
5231
5231
5231
5231
5231
5231
5231
5231
5231
5231
5231
5231
5231
5231
5231
5231
5231
5231
5231
5231
5231
5231
5231
5231
5231
5231
5231
5231
5231
5231
5231
5231
5231
5231
5231
5231
5231
5231
5231
5231
5231
5231
5231
5231
5231
5231
5231
5231
5231
5231
5231
5231
5231
5231
5231
5231
5231
5231
5231
5231
5231
5231
5231
5231
5231
5231
5231
5231
5161
5161
5161
5161
5161
5161
5161
5161
5161
5161
5161
5161
5161
5161
5161
5161
5161
5161
5161
5161
5161
5161
5161
5161
5161
5161
5161
5161
5161
5161
5161
5161
5161
5083
5083
5083
5083
5083
5083
5083
5083
5083
5083
5083
5083
5083
5083
5083
5083
5083
5083
5083
5083
5083
5083
5083
5083
5083
5083
5083
5083
5083
5083
5083
5083
5083
5083
5083
5083
5083
5083
5062
5062
5062
5062
5062
5062
5062
5062
5062
5062
5062
5062
5062
5062
5062
5062
5062
5062
5062
5062
5062
5062
5062
5062
5062
5062
5062
5062
5062
5062
5062
5062
5062
5062
5062
5062
5062
5062
5062
5062
5062
5062
5062
5062
5062
5062
5062
5062
5062
5062
5062
5062
5062
5062
5062
5062
5062
5062
5062
5062
5037
5037
5037
5037
5037
5037
5037
5037
5037
5037
5037
5037
5037
5037
5037
5037
5037
5037
5037
5037
5037
5037
5037
5037
5037
5037
5037
5037
5037
5037
5037
5037
5037
5037
5037
5037
4925
4925
4925
4925
4925
4925
4925
4925
4925
4925
4925
4925
4925
4925
4925
4925
4925
4925
4925
4925
4925
4925
4750
4750
4750
4750
4750
4750
4750
4750
4750
4750
4750
4750
4750
4750
4750
4750
4750
4750
4750
4750
4750
4750
4750
4750
4750
4750
4750
4750
4750
4750
4750
4750
4750
4750
4750
4750
4750
4750
4750
4716
4716
4716
4716
4716
4716
4716
4716
4716
4716
4716
4716
4716
4716
4716
4716
4716
4716
4716
4716
4716
4716
4716
4716
4716
4716
4716
4716
4716
4716
4716
4716
4716
4716
4716
4716
4716
4716
4716
4716
4716
4716
4716
4716
4716
4716
4716
4716
4716
4716
4694
4694
4694
4694
4694
4694
4694
4694
4694
4694
4694
4694
4694
4694
4694
4694
4694
4694
4694
4694
4694
4694
4694
4694
4694
4694
4694
4694
4694
4694
4694
4694
4694
4694
4694
4694
4694
4694
4694
4694
4694
4694
4694
4694
4694
4694
4694
4694
4694
4694
4694
4694
4694
4694
4694
4694
4694
4694
4694
4694
4694
4694
4694
4694
4694
4694
4694
4694
4694
4694
4694
4694
4694
4694
4694
4694
4694
4694
4694
4694
4694
4694
4694
4674
4674
4674
4674
4674
4674
4674
4674
4674
4674
4674
4674
4674
4674
4674
4674
4674
4674
4674
4674
4674
4674
4674
4674
4674
4674
4674
4674
4646
4646
4646
4646
4646
4646
4646
4646
4646
4646
4646
4646
4646
4646
4646
4646
4646
4646
4646
4646
4646
4646
4646
4646
4646
4646
4646
4646
4646
4646
4646
4646
4646
4646
4646
4646
4646
4646
4646
4646
4646
4646
4646
4646
4646
4646
4646
4646
4646
4646
4646
4646
4646
4646
4646
4646
4646
4646
4646
4646
4646
4646
4646
4646
4646
4646
4646
4646
4646
4646
4646
4646
4646
4646
4646
4646
4646
4646
4646
4646
4646
4646
4646
4646
4646
4646
4646
4646
4646
4646
4646
4631
4631
4631
4631
4631
4631
4631
4631
4631
4631
4602
4602
4602
4602
4602
4602
4602
4602
4602
4602
4602
4602
4602
4602
4602
4602
4602
4602
4602
4602
4602
4602
4602
4602
4602
4602
4602
4602
4602
4602
4602
4602
4602
4602
4602
4602
4602
4602
4549
4549
4549
4549
4549
4549
4549
4549
4549
4549
4549
4549
4549
4549
4549
4549
4549
4549
4549
4549
4549
4549
4549
4549
4549
4549
4549
4549
4549
4549
4549
4549
4549
4549
4549
4549
4549
4549
4549
4549
4549
4549
4549
4549
4549
4549
4549
4549
4549
4549
4549
4549
4549
4549
4549
4549
4549
4549
4549
4549
4549
4549
4549
4549
4549
4549
4549
4549
4549
4549
4549
4549
4549
4549
4549
4549
4549
4549
4549
4546
4546
4546
4546
4546
4546
4546
4546
4546
4546
4546
4546
4546
4546
4546
4546
4546
4546
4546
4546
4546
4546
4480
4480
4380
4380
4380
4380
4380
4380
4380
4380
4380
4380
4380
4380
4380
4380
4380
4380
4380
4380
4380
4380
4380
4380
4380
4380
4380
4380
4380
4380
4380
4380
4380
4380
4380
4380
4380
4380
4380
4380
4380
4380
4380
4380
4380
4380
4380
4380
4380
4380
4380
4380
4380
4380
4380
4380
4380
4380
4380
4380
4380
4380
4380
4380
4380
4380
4380
4380
4380
4380
4380
4380
4380
4380
4380
4380
4380
4380
4380
4380
4380
4380
4380
4380
4380
4380
4354
4354
4354
4354
4354
4354
4354
4354
4354
4354
4354
4354
4354
4354
4354
4354
4354
4354
4354
4354
4354
4354
4354
4354
4354
4354
4354
4354
4354
4354
4354
4354
4354
4354
4354
4354
4354
4354
4354
4354
4354
4354
4347
4347
4347
4347
4347
4347
4347
4347
4347
4347
4347
4347
4347
4347
4347
4347
4347
4347
4347
4347
4347
4347
4347
4347
4347
4347
4347
4347
4347
4347
4347
4347
4347
4347
4347
4347
4347
4347
4347
4347
4347
4347
4347
4347
4347
4347
4347
4347
4347
4347
4347
4300
4300
4300
4300
4300
4300
4300
4300
4300
4300
4300
4300
4300
4300
4300
4300
4300
4300
4300
4300
4300
4300
4300
4300
4300
4300
4300
4300
4300
4300
4300
4300
4300
4300
4300
4300
4300
4300
4300
4300
4300
4300
4300
4300
4300
4300
4300
4300
4300
4300
4300
4300
4300
4300
4300
4300
4300
4300
4300
4300
4300
4300
4300
4300
4300
4300
4300
4300
4300
4300
4300
4300
4300
4300
4300
4300
4300
4230
4230
4230
4230
4230
4230
4230
4230
4230
4230
4230
4230
4230
4230
4230
4230
4230
4230
4230
4230
4230
4230
4230
4230
4230
4230
4230
4230
4230
4230
4230
4230
4230
4230
4230
4230
4230
4230
4230
4230
4230
4230
4230
4230
4230
4230
4230
4230
4230
4230
4230
4230
4230
4230
4230
4230
4230
4230
4230
4222
4222
4222
4222
4222
4222
4222
4222
4222
4222
4222
4222
4222
4222
4222
4222
4222
4222
4222
4222
4222
4222
4222
4222
4222
4222
4222
4222
4222
4222
4222
4222
4222
4222
4222
4222
4222
4051
4051
4051
4051
4051
4051
4051
4051
4051
4051
4051
4051
4051
4051
4051
4051
4051
4051
4051
4051
4051
4051
4051
4051
4051
4051
4051
4051
4051
4051
4051
4051
4051
4051
4051
4051
4051
4051
4051
4051
4051
4051
4051
4051
4051
4051
4051
4051
4051
4051
4051
4051
4051
4051
4051
4051
4051
4051
4051
4051
4051
4020
4020
4020
4020
4020
4020
4020
4020
4020
4020
4020
4020
4020
4020
4020
4020
4020
4020
4020
4020
4020
4020
4004
4004
4004
4004
4004
4004
4004
4004
4004
4004
4004
4004
4004
4004
4004
4004
4004
4004
4004
4004
4004
4004
4004
4004
4004
4004
3810
3810
3810
3810
3810
3810
3810
3810
3810
3810
3810
3810
3810
3810
3810
3810
3810
3810
3810
3810
3810
3810
3810
3810
3810
3810
3810
3810
3810
3810
3810
3810
3810
3810
3810
3810
3810
3810
3810
3810
3810
3810
3810
3810
3810
3810
3810
3810
3810
3810
3810
3810
3810
3810
3810
3810
3810
3810
3810
3810
3810
3810
3810
3810
3810
3810
3810
3810
3810
3810
3810
3810
3810
3810
3810
3810
3810
3810
3810
3810
3810
3787
3787
3787
3787
3787
3787
3787
3787
3787
3787
3787
3787
3787
3787
3787
3787
3787
3787
3787
3787
3787
3787
3787
3787
3787
3787
3787
3787
3787
3787
3787
3787
3787
3787
3787
3787
3787
3787
3787
3787
3787
3758
3758
3758
3758
3758
3758
3758
3758
3758
3758
3758
3758
3758
3758
3758
3758
3758
3758
3758
3758
3758
3758
3758
3758
3758
3758
3758
3758
3758
3758
3758
3758
3758
3758
3758
3758
3758
3758
3758
3758
3758
3758
3758
3758
3758
3758
3758
3758
3758
3758
3758
3600
3600
3600
3600
3600
3600
3600
3495
3495
3495
3495
3495
3495
3495
3495
3495
3495
3495
3495
3495
3495
3495
3495
3495
3495
3495
3495
3495
3495
3495
3495
3495
3495
3495
3495
3495
3495
3495
3495
3495
3495
3495
3495
3495
3495
3495
3495
3495
3495
3495
3495
3495
3495
3495
3495
3495
3495
3495
3495
3495
3495
3495
3495
3495
3495
3495
3495
3495
3495
3495
3495
3495
3495
3495
3495
3418
3418
3418
3418
3418
3418
3418
3418
3418
3418
3418
3418
3418
3356
3356
3356
3356
3356
3356
3356
3356
3356
3356
3356
3356
3356
3356
3356
3356
3356
3356
3356
3356
3356
3356
3356
3356
3356
3356
3356
3356
3356
3356
3356
3356
3356
3356
3356
3356
3356
3356
3356
3356
3356
3356
3356
3356
3356
3356
3356
3356
3356
3356
3289
3289
3289
3289
3289
3289
3289
3289
3289
3289
3289
3289
3289
3289
3289
3289
3289
3289
3289
3289
3289
3289
3289
3289
3289
3289
3289
3289
3289
3289
3289
3289
3289
3289
3289
3289
3289
3289
3289
3289
3289
3289
3289
3289
3289
3289
3289
3289
3289
3289
3289
3289
3289
3289
3289
3289
3289
3289
3289
3289
3289
3289
3289
3289
3289
3289
3289
3289
3289
3204
3028
3028
3028
3028
3028
3028
3028
3028
3028
3028
3028
3028
3028
3028
3028
3028
3028
3028
3028
3028
3028
3028
3028
3028
3028
3028
3028
3028
3028
3028
3028
3028
3028
3028
3028
3028
3028
3028
3028
3028
3028
3028
3028
3028
3028
3028
3028
3028
3028
3028
3028
3028
3028
3028
3028
3028
3028
2832
2832
2832
2832
2832
2832
2832
2832
2832
2832
2832
2832
2832
2832
2832
2832
2832
2832
2832
2832
2832
2832
2832
2832
2832
2832
2832
2832
2832
2832
2832
2832
2832
2832
2832
2832
2832
2832
2832
2832
2832
2832
2832
2832
2832
2832
2832
2832
2832
2832
2832
2832
2832
2832
2832
2832
2832
2798
2798
2798
2798
2798
2798
2798
2798
2798
2798
2798
2798
2798
2798
2798
2798
2798
2798
2798
2798
2798
2798
2798
2798
2798
2798
2798
2798
2798
2798
2798
2798
2798
2798
2798
2798
2798
2798
2798
2798
2798
2798
2798
2798
2798
2798
2798
2798
2798
2798
2798
2798
2798
2798
2798
2798
2798
2798
2798
2798
2798
2798
2798
2798
2798
2798
2798
2798
2798
2798
2798
2798
2798
2798
2798
2798
2798
2798
2798
2798
2798
2798
2798
2798
2798
2798
2798
2774
2774
2774
2774
2774
2774
2774
2774
2774
2774
2774
2774
2774
2774
2774
2774
2774
2774
2774
2774
2774
2774
2774
2694
2694
2694
2694
2694
2694
2694
2694
2694
2694
2694
2694
2694
2694
2694
2694
2694
2694
2694
2694
2694
2694
2694
2694
2694
2694
2694
2694
2694
2694
2694
2694
2694
2694
2694
2694
2694
2694
2694
2694
2694
2694
2694
2694
2694
2694
2694
2694
2694
2694
2694
2694
2664
2664
2664
2664
2664
2664
2664
2664
2664
2664
2664
2664
2664
2664
2664
2664
2664
2664
2664
2664
2664
2664
2664
2664
2664
2664
2664
2664
2664
2664
2664
2664
2664
2664
2664
2664
2664
2664
2664
2664
2664
2664
2664
2664
2664
2664
2664
2664
2664
2664
2664
2664
2664
2664
2664
2664
2664
2664
2664
2664
2664
2664
2664
2664
2664
2664
2664
2664
2664
2664
2664
2664
2664
2664
2664
2664
2664
2664
2660
2660
2660
2660
2660
2660
2660
2660
2660
2660
2660
2660
2660
2660
2660
2660
2660
2660
2660
2660
2660
2660
2660
2660
2660
2660
2660
2660
2660
2660
2660
2660
2660
2660
2660
2660
2660
2660
2660
2660
2660
2660
2660
2660
2660
2660
2660
2660
2660
2660
2660
2660
2660
2660
2660
2604
2604
2604
2604
2604
2604
2604
2604
2504
2504
2504
2504
2504
2504
2504
2504
2504
2504
2504
2504
2504
2504
2504
2504
2504
2504
2504
2504
2504
2504
2504
2504
2504
2504
2504
2504
2504
2504
2504
2504
2504
2504
2504
2504
2504
2504
2504
2504
2504
2504
2504
2504
2504
2504
2504
2504
2504
2504
2504
2504
2504
2504
2504
2504
2504
2504
2504
2504
2504
2504
2504
2504
2504
2504
2504
2504
2504
2504
2504
2504
2504
2504
2504
2504
2504
2504
2504
2504
2504
2504
2504
2504
2504
2504
2504
2492
2492
2492
2492
2492
2492
2492
2492
2492
2492
2492
2492
2492
2492
2492
2492
2492
2492
2492
2492
2492
2492
2492
2492
2492
2492
2492
2492
2492
2492
2492
2492
2492
2492
2492
2492
2492
2492
2492
2492
2492
2492
2492
2492
2492
2492
2492
2492
2492
2492
2492
2492
2492
2492
2492
2492
2492
2492
2492
2475
2475
2475
2475
2475
2475
2475
2475
2475
2475
2475
2475
2475
2475
2475
2475
2475
2475
2475
2475
2475
2475
2475
2475
2475
2475
2475
2475
2475
2475
2475
2475
2475
2475
2475
2475
2475
2475
2475
2475
2475
2475
2475
2475
2475
2475
2475
2475
2475
2475
2475
2475
2475
2475
2475
2475
2475
2475
2278
2278
2278
2278
2278
2278
2278
2278
2278
2278
2278
2278
2278
2278
2278
2278
2278
2278
2278
2278
2278
2278
2278
2278
2278
2278
2278
2278
2278
2278
2278
2278
2278
2278
2278
2278
2278
2278
2278
2278
2278
2278
2278
2278
2278
2278
2278
2278
2278
2278
2278
2278
2278
2278
2278
2278
2278
2278
2278
2278
2278
2278
2278
2278
2278
2278
2278
2278
2278
2278
2278
2278
2278
2278
2278
2278
2278
2278
2278
2278
2278
2278
2278
2278
2278
2278
2278
2278
2278
2278
2278
2278
2278
2278
2278
2278
2278
2278
2278
2278
2200
2200
2200
2130
2130
2130
2130
2130
2130
2130
2130
2130
2130
2130
2130
2130
2130
2130
2130
2130
2130
