9934
20000
14728
14728
14728
14728
14728
14728
14728
14728
14728
14728
14728
14728
14728
14728
14728
14728
14728
14728
14728
14728
14728
14728
14728
14728
14728
14728
14728
14728
14728
14728
14728
14728
14728
14728
14728
14728
14728
14728
14728
14728
14728
14728
14728
14728
14728
14728
14728
14728
14728
14728
14728
14728
14728
14696
14696
14696
14696
14696
14696
14696
14696
14696
14696
14696
14696
14696
14696
14696
14696
14696
14696
14696
14696
14696
14696
14696
14696
14696
14696
14696
14696
14696
14696
14696
14696
14696
14696
14696
14696
14696
14696
14696
14552
14552
14552
14552
14552
14552
14552
14552
14552
14552
14552
14552
14552
14552
14552
14552
14552
14552
14552
14552
14552
14552
14552
14552
14552
14552
14552
14552
14552
14552
14552
14552
14552
14552
14552
14552
14552
14552
14552
14552
14552
14552
14552
14552
14552
14552
14552
14552
14552
14552
14552
14552
14552
14552
14552
14552
14552
14552
14552
14552
14552
14552
14552
14552
14552
14552
14552
14552
14552
14552
14552
14552
14552
14552
14552
14552
14552
14552
14552
14552
14552
14552
14504
14504
14504
14504
14504
14504
14504
14504
14504
14504
14504
14504
14504
14504
14504
14504
14504
14504
14504
14504
14504
14504
14504
14504
14504
14504
14504
14504
14504
14465
14465
14465
14465
14465
14465
14465
14465
14465
14465
14465
14465
14465
14465
14465
14465
14465
14465
14465
14465
14465
14465
14465
14465
14465
14465
14465
14465
14465
14465
14465
14465
14465
14465
14465
14465
14465
14465
14465
14465
14465
14465
14465
14465
14465
14465
14465
14465
14465
14465
14465
14465
14465
14465
14465
14465
14465
14465
14465
14465
14465
14465
14465
14465
14465
14465
14465
14465
14440
14440
14440
14440
14440
14440
14440
14440
14440
14440
14440
14440
14440
14440
14440
14440
14440
14440
14440
14440
14440
14440
14440
14440
14440
14440
14440
14440
14440
14440
14440
14440
14440
14440
14440
14440
14440
14440
14440
14440
14440
14440
14440
14440
14440
14440
14440
14440
14440
14440
14440
14440
14440
14440
14440
14440
14440
14440
14440
14440
14440
14412
14412
14412
14412
14412
14412
14412
14412
14412
14412
14412
14412
14412
14412
14412
14412
14412
14402
14402
14402
14402
14402
14402
14402
14402
14402
14402
14402
14402
14402
14402
14402
14402
14402
14402
14402
14402
14402
14402
14402
14402
14402
14402
14402
14402
14402
14402
14402
14402
14402
14402
14402
14402
14402
14402
14402
14402
14402
14402
14402
14402
14402
14402
14402
14402
14402
14402
14402
14402
14402
14402
14402
14387
14387
14387
14387
14387
14387
14387
14387
14387
14387
14387
14387
14387
14387
14387
14387
14387
14387
14387
14387
14387
14387
14387
14387
14387
14387
14387
14387
14387
14387
14387
14387
14387
14387
14387
14387
14387
14387
14387
14387
14387
14387
14387
14387
14387
14387
14387
14387
14387
14387
14306
14306
14306
14306
14306
14306
14306
14306
14306
14306
14306
14306
14306
14306
14306
14306
14306
14306
14306
14306
14306
14306
14306
14306
14306
14306
14306
14306
14306
14306
14306
14306
14306
14306
14306
14306
14306
14306
14306
14306
14306
14306
14306
14306
14306
14306
14306
14306
14306
14306
14306
14306
14306
14306
14306
14306
14306
14306
14306
14306
14306
14306
14306
14306
14306
14306
14306
14306
14306
14306
14306
14290
14290
14290
14290
14290
14290
14290
14290
14290
14290
14290
14290
14290
14290
14290
14290
14290
14290
14290
14290
14290
14290
14290
14290
14290
14290
14290
14290
14290
14290
14290
14290
14290
14290
14290
14290
14290
14290
14290
14290
14290
14290
14290
14290
14290
14290
14214
14214
14214
14214
14214
14214
14214
14214
14214
14214
14214
14214
14214
14214
14214
14214
14214
14214
14214
14214
14214
14214
14214
14214
14214
14214
14214
14214
14214
14214
14214
14214
14214
14214
14214
14214
14214
14214
14214
14214
14214
14214
14214
14214
14214
14214
14214
14214
14214
14214
14214
14214
14214
14214
14179
14179
14179
14179
14179
14179
14179
14179
14179
14179
14179
14179
14179
14179
14179
14179
14179
14179
14179
14179
14172
14172
14172
14172
14172
14172
14172
14172
14172
14172
14172
14172
14172
14172
14172
14172
14172
14172
14172
14172
14172
14172
14172
14172
14172
14172
14172
14172
14172
14172
14172
14172
14172
14172
14172
14172
14172
14172
14172
14172
14172
14172
14172
14172
14172
14172
14172
14172
14172
14172
14172
14172
14172
14172
14172
14172
14172
14172
14172
14172
14172
14172
14172
14172
14172
14172
14172
14172
14172
14172
14172
14172
14172
14172
14172
14172
14172
14172
14172
14172
14172
14172
14172
14172
14172
14172
14165
14165
14165
14165
14165
14165
14165
14165
14165
14165
14165
14165
14165
14165
14165
14165
14165
14165
14165
14165
14165
14165
14165
14165
14165
14165
14165
14165
14165
14165
14165
14165
14165
14165
14165
14165
14165
14165
14165
14165
14165
14165
14165
14165
14165
14165
14165
14165
14165
14165
14165
14165
14165
14165
14165
14165
14165
14165
14165
14165
14165
14165
14165
14165
14165
14165
14165
14165
14165
14165
14165
14165
14165
14165
14165
14165
14165
14165
14165
14165
14165
14146
14146
14146
14146
14146
14146
14146
14146
14146
14146
14146
14136
14136
14136
14136
14136
14136
14136
14136
14136
14136
14136
14136
14136
14136
14136
14136
14136
14136
14136
14136
14136
14136
14136
14136
14136
14088
14088
14088
14088
14088
14088
14088
14088
14088
14088
14088
14088
14088
14088
14088
14088
14088
14088
14088
14088
14088
14088
13877
13877
13877
13877
13877
13877
13877
13877
13877
13877
13877
13877
13877
13877
13877
13877
13877
13877
13877
13877
13877
13877
13877
13877
13877
13877
13877
13877
13877
13877
13877
13877
13877
13877
13847
13847
13847
13847
13847
13847
13847
13847
13847
13847
13847
13847
13847
13847
13847
13847
13847
13847
13847
13847
13847
13847
13847
13847
13847
13847
13847
13847
13847
13847
13847
13847
13847
13847
13847
13847
13847
13847
13847
13847
13847
13847
13847
13847
13847
13847
13847
13847
13847
13847
13847
13847
13847
13847
13847
13847
13847
13847
13847
13847
13847
13847
13847
13847
13847
13847
13847
13847
13847
13847
13847
13847
13847
13847
13847
13847
13847
13847
13847
13847
13847
13847
13847
13847
13847
13847
13847
13847
13847
13691
13691
13691
13691
13691
13691
13691
13691
13691
13691
13691
13691
13691
13691
13691
13691
13691
13691
13691
13691
13691
13691
13691
13691
13691
13691
13691
13691
13691
13691
13691
13691
13691
13691
13691
13691
13691
13691
13691
13691
13691
13691
13691
13691
13691
13691
13691
13691
13691
13691
13691
13691
13691
13691
13691
13691
13691
13691
13691
13691
13691
13691
13691
13691
13691
13691
13691
13691
13691
13691
13691
13691
13691
13691
13691
13691
13691
13691
13691
13691
13691
13691
13691
13691
13687
13687
13687
13687
13687
13687
13687
13687
13687
13687
13687
13687
13687
13687
13687
13687
13687
13687
13687
13687
13687
13687
13687
13687
13687
13687
13687
13687
13687
13687
13687
13687
13460
13460
13460
13460
13460
13460
13460
13460
13460
13460
13460
13460
13460
13460
13460
13460
13460
13438
13438
13438
13438
13438
13438
13438
13438
13438
13438
13438
13438
13438
13438
13438
13438
13438
13438
13438
13438
13438
13438
13438
13438
13438
13438
13438
13438
13438
13438
13438
13438
13438
13438
13438
13438
13438
13438
13438
13438
13438
13438
13438
13438
13438
13438
13438
13438
13417
13417
13417
13417
13417
13417
13417
13417
13417
13417
13417
13417
13417
13417
13417
13417
13417
13417
13417
13417
13417
13417
13417
13417
13417
13417
13417
13417
13417
13417
13417
13417
13417
13417
13417
13417
13369
13369
13369
13369
13369
13369
13369
13369
13369
13369
13369
13369
13369
13369
13369
13369
13369
13369
13369
13369
13369
13369
13369
13369
13369
13369
13369
13369
13369
13369
13369
13369
13369
13369
13369
13369
13369
13369
13369
13369
13369
13369
13369
13369
13369
13369
13369
13369
13369
13369
13369
13369
13369
13369
13369
13369
13369
13369
13369
13369
13369
13369
13369
13369
13369
13369
13369
13369
13334
13334
13334
13287
13287
13287
13287
13287
13287
13287
13287
13287
13287
13287
13287
13287
13287
13287
13287
13287
13287
13287
13287
13287
13287
13287
13287
13287
13287
13287
13287
13287
13287
13287
13287
13287
13287
13287
13287
13287
13287
13287
13287
13287
13287
13287
13287
13287
13287
13287
13287
13287
13287
13287
13287
13287
13287
13287
13287
13287
13287
13287
13287
13287
13287
13264
13264
13264
13264
13264
13264
13264
13264
13264
13264
13264
13264
13264
13264
13264
13264
13264
13264
13264
13264
13264
13264
13264
13264
13264
13264
13264
13264
13264
13264
13264
13264
13264
13264
13264
13264
13264
13264
13264
13264
13264
13264
13264
13264
13264
13264
13264
13264
13264
13264
13264
13264
13264
13264
13264
13264
13264
13264
13264
13204
13204
13204
13204
13204
13204
13204
13204
13204
13204
13204
13204
13204
13204
13204
13204
13204
13204
13204
13204
13204
13204
13204
13204
13204
13204
13204
13204
13204
13204
13204
13204
13204
13204
13204
13204
13204
13204
13204
13204
13204
13204
13204
13204
13204
13204
13204
13204
13204
13204
13204
13204
13204
13204
13204
13204
13204
13204
13204
13204
13204
13204
13204
13204
13204
13204
13204
13204
13204
13204
13204
13204
13204
13204
13204
13204
13204
13204
13204
13204
13141
13141
13141
13141
13141
13141
13141
13141
13141
13141
13141
13141
13141
13141
13141
13141
13141
13141
13141
13141
13141
13141
13141
13141
13141
13141
13141
13141
13141
13141
13141
13141
13141
13141
13141
13141
13141
13141
13141
13141
13141
13141
13141
13141
13141
13141
13141
13141
13141
13141
13141
13141
13141
13141
13141
13141
13141
13141
13141
13141
13141
13141
13141
13141
13141
13141
13141
13141
13010
13010
13010
13010
13010
13010
13010
13010
13010
13010
13010
13010
13010
12841
12841
12841
12841
12841
12841
12841
12841
12841
12841
12841
12841
12841
12841
12841
12841
12841
12841
12841
12841
12841
12841
12841
12841
12841
12841
12841
12841
12841
12841
12841
12841
12841
12841
12841
12841
12841
12841
12841
12841
12841
12841
12841
12841
12841
12841
12841
12841
12841
12841
12841
12841
12841
12841
12841
12841
12841
12841
12841
12841
12841
12841
12841
12841
12841
12841
12841
12841
12841
12841
12841
12841
12841
12841
12841
12841
12841
12841
12841
12841
12828
12828
12636
12636
12636
12636
12636
12636
12636
12636
12636
12636
12636
12636
12636
12636
12636
12636
12636
12636
12636
12636
12636
12636
12636
12636
12636
12636
12636
12636
12636
12636
12636
12636
12636
12636
12636
12636
12636
12636
12636
12636
12636
12636
12636
12636
12636
12636
12636
12344
12344
12344
12344
12344
12344
12344
12344
12344
12344
12344
12344
12344
12344
12344
12344
12344
12344
12344
12344
12344
12344
12344
12344
12344
12344
12344
12344
12344
12344
12344
12344
12344
12344
12344
12344
12344
12344
12344
12344
12344
12344
12344
12344
12344
12344
12344
12344
12344
12344
12344
12344
12344
12344
12344
12344
12344
12344
12344
12344
12344
12344
12344
12344
12344
12344
12344
12344
12344
12344
12344
12344
12344
12344
12344
12344
12344
12344
12344
12344
12344
12344
12344
12344
12344
12344
12344
12344
12344
12344
12189
12189
12189
12189
12189
12189
12189
12189
12189
12189
12158
12158
12158
12158
12158
12158
12158
12158
12158
12158
12158
12158
12158
12158
12158
12158
12158
12158
12158
12105
12105
12105
12105
12105
12105
12105
12105
12105
12105
12105
12105
12105
12105
12105
12105
12105
12105
12105
12105
12105
12105
12105
12105
12105
12105
12105
12105
12105
12105
12105
12105
12105
12105
12105
12105
12105
12105
12105
12105
12105
12105
12105
12105
12105
12105
12105
12105
12105
12105
12105
12105
12105
12105
12105
12105
12105
12105
12105
12105
11934
11934
11934
11934
11934
11934
11934
11934
11934
11934
11934
11934
11934
11934
11934
11934
11934
11934
11934
11934
11934
11934
11934
11934
11934
11934
11934
11695
11695
11695
11695
11695
11695
11695
11695
11695
11695
11695
11695
11695
11695
11695
11695
11695
11695
11695
11695
11695
11695
11695
11695
11695
11695
11695
11695
11695
11695
11695
11695
11695
11695
11695
11695
11695
11695
11695
11695
11695
11667
11667
11667
11667
11667
11667
11667
11667
11667
11667
11667
11667
11667
11667
11667
11667
11667
11667
11667
11667
11667
11667
11667
11667
11667
11660
11660
11660
11660
11660
11660
11660
11660
11660
11660
11660
11660
11660
11660
11660
11660
11660
11660
11660
11660
11660
11660
11660
11660
11660
11660
11660
11660
11660
11660
11660
11660
11660
11660
11660
11660
11660
11660
11660
11660
11660
11660
11660
11660
11660
11660
11660
11660
11660
11660
11660
11660
11660
11660
11660
11660
11660
11660
11660
11660
11660
11660
11660
11660
11660
11660
11660
11660
11660
11660
11660
11660
11660
11660
11660
11660
11660
11660
11660
11660
11660
11660
11660
11660
11660
11660
11660
11660
11660
11660
11594
11594
11594
11594
11594
11594
11594
11594
11594
11594
11594
11594
11594
11594
11594
11594
11594
11594
11594
11594
11594
11594
11594
11594
11594
11594
11594
11594
11594
11594
11594
11594
11594
11594
11594
11594
11594
11594
11594
11594
11594
11594
11594
11594
11594
11594
11594
11594
11594
11594
11594
11594
11594
11594
11594
11594
11594
11594
11594
11594
11594
11594
11594
11594
11594
11594
11594
11594
11594
11594
11594
11594
11594
11594
11594
11594
11594
11594
11594
11594
11594
11594
11594
11594
11594
11594
11594
11594
11594
11594
11594
11482
11482
11482
11482
11482
11482
11482
11482
11482
11482
11482
11482
11482
11482
11482
11482
11482
11482
11482
11482
11482
11482
11482
11482
11482
11482
11482
11482
11482
11482
11482
11482
11482
11482
11482
11482
11482
11482
11482
11482
11482
11455
11455
11455
11455
11455
11455
11455
11455
11455
11455
11455
11455
11455
11455
11455
11455
11455
11455
11455
11455
11455
11455
11455
11455
11455
11455
11455
11455
11455
11455
11455
11455
11455
11455
11455
11455
11455
11455
11455
11455
11455
11455
11455
11455
11455
11455
11455
11455
11455
11455
11455
11455
11455
11455
11450
11450
11450
11450
11450
11450
11450
11450
11450
11450
11450
11450
11450
11450
11450
11450
11450
11450
11450
11450
11450
11450
11450
11450
11450
11450
11450
11450
11450
11450
11450
11450
11450
11450
11450
11450
11450
11450
11450
11450
11450
11450
11450
11450
11450
11450
11450
11450
11450
11450
11450
11450
11450
11450
11450
11450
11450
11450
11450
11450
11450
11450
11450
11450
11450
11450
11450
11450
11450
11450
11450
11450
11450
11450
11450
11450
11450
11450
11450
11450
11450
11450
11450
11450
11450
11450
11450
11450
11450
11450
11450
11450
11450
11450
11450
11450
11450
11450
11450
11450
11450
11450
11450
11450
11450
11450
11450
11450
11450
11450
11450
11450
11450
11450
11450
11450
11450
11450
11450
11450
11450
11450
11450
11450
11450
11450
11450
11450
11450
11450
11450
11450
11450
11450
11450
11450
11450
11450
11450
11450
11450
11450
11450
11450
11450
11450
11450
11450
11450
11450
11450
11450
11450
11450
11450
11450
11450
11450
11450
11450
11450
11450
11450
11450
11450
11450
11450
11450
11450
11450
11450
11450
11450
11450
11450
11450
11450
11450
11450
11450
11450
11450
11450
11450
11450
11392
11392
11392
11392
11392
11392
11392
11392
11392
11392
11392
11392
11392
11392
11392
11392
11392
11392
11392
11392
11392
11392
11392
11392
11392
11392
11328
11328
11328
11328
11328
11328
11328
11328
11328
11328
11328
11073
11073
11073
11073
11073
11073
11073
11073
11073
11073
11073
11073
11073
11073
11073
11073
11073
11073
11073
11073
11073
11073
11073
11073
11073
11073
11073
11073
11073
11073
11073
11073
11073
11073
11073
11073
11073
11052
11052
11052
11052
11052
11052
11052
11052
11052
11052
11052
11052
11052
11052
11052
11052
11052
11052
11052
11052
11052
11052
11052
11052
11052
10954
10954
10954
10954
10954
10954
10954
10954
10954
10954
10954
10954
10954
10954
10954
10954
10954
10954
10954
10923
10923
10923
10923
10923
10923
10923
10923
10923
10923
10923
10923
10923
10923
10923
10923
10923
10923
10923
10923
10923
10923
10923
10923
10923
10923
10923
10923
10923
10923
10923
10923
10923
10923
10923
10923
10923
10923
10923
10923
10923
10923
10923
10923
10923
10923
10923
10923
10923
10923
10923
10923
10923
10923
10923
10923
10923
10923
10923
10923
10923
10923
10923
10923
10923
10923
10923
10923
10923
10865
10865
10865
10865
10804
10804
10804
10804
10804
10804
10804
10804
10804
10804
10804
10804
10804
10804
10804
10804
10804
10804
10804
10804
10804
10804
10804
10804
10804
10804
10804
10804
10804
10804
10804
10804
10804
10804
10804
10804
10804
10804
10804
10804
10804
10804
10804
10804
10804
10804
10804
10804
10804
10804
10804
10804
10804
10804
10804
10804
10804
10804
10804
10804
10804
10804
10804
10804
10804
10804
10804
10804
10804
10804
10804
10804
10804
10804
10804
10804
10804
10804
10804
10804
10804
10804
10804
10804
10804
10804
10804
10804
10804
10804
10804
10804
10804
10804
10804
10804
10763
10763
10763
10763
10763
10763
10763
10763
10763
10763
10763
10763
10763
10763
10763
10763
10763
10763
10763
10763
10763
10763
10763
10763
10763
10763
10763
10763
10763
10763
10763
10763
10763
10763
10763
10763
10763
10763
10763
10763
10763
10763
10763
10763
10763
10763
10763
10763
10763
10763
10763
10763
10763
10763
10763
10763
10763
10763
10763
10763
10763
10763
10763
10763
10763
10763
10763
10763
10763
10763
10763
10763
10763
10763
10763
10763
10763
10763
10763
10763
10763
10763
10763
10763
10763
10763
10763
10763
10763
10763
10763
10763
10763
10763
10763
10763
10763
10763
10754
10754
10754
10754
10754
10754
10754
10754
10754
10754
10754
10754
10754
10754
10754
10754
10754
10754
10754
10754
10754
10754
10754
10754
10754
10754
10754
10754
10754
10754
10754
10754
10754
10754
10754
10754
10754
10754
10754
10754
10754
10754
10754
10754
10754
10754
10754
10754
10754
10754
10754
10754
10754
10754
10754
10754
10754
10679
10679
10679
10679
10679
10679
10679
10679
10679
10679
10679
10679
10679
10679
10679
10679
10679
10679
10679
10679
10679
10679
10679
10679
10679
10679
10679
10679
10679
10679
10679
10679
10679
10679
10679
10679
10679
10679
10679
10679
10679
10639
10639
10639
10639
10639
10639
10639
10639
10639
10639
10639
10639
10639
10639
10639
10586
10586
10586
10586
10586
10586
10586
10586
10586
10586
10586
10586
10586
10586
10586
10586
10586
10586
10586
10586
10586
10586
10586
10586
10586
10586
10586
10586
10586
10586
10586
10586
10586
10586
10586
10586
10586
10586
10586
10586
10586
10586
10586
10586
10586
10586
10586
10586
10586
10586
10586
10586
10586
10586
10586
10586
10586
10586
10586
10586
10586
10586
10586
10586
10586
10586
10586
10586
10586
10586
10586
10586
10586
10586
10586
10586
10586
10586
10586
10586
10586
10586
10586
10586
10586
10586
10586
10586
10586
10586
10586
10586
10586
10586
10586
10586
10586
10574
10574
10574
10574
10574
10564
10564
10564
10564
10564
10564
10564
10564
10564
10564
10560
10560
10560
10560
10560
10560
10560
10560
10560
10560
10560
10560
10560
10560
10560
10560
10560
10560
10560
10560
10560
10560
10560
10560
10560
10560
10560
10560
10560
10560
10560
10560
10560
10560
10560
10560
10560
10560
10560
10560
10560
10560
10560
10560
10560
10560
10560
10560
10560
10560
10560
10560
10560
10560
10560
10560
10560
10560
10560
10560
10560
10560
10560
10560
10560
10560
10560
10460
10460
10460
10460
10460
10460
10460
10460
10460
10460
10460
10460
10460
10460
10460
10460
10460
10460
10460
10460
10460
10460
10460
10460
10460
10460
10460
10460
10460
10460
10460
10460
10460
10460
10460
10460
10460
10460
10460
10460
10460
10460
10460
10460
10460
10460
10460
10460
10460
10460
10460
10460
10460
10460
10460
10460
10460
10460
10460
10460
10460
10460
10460
10460
10460
10460
10460
10460
10460
10460
10460
10460
10460
10460
10460
10460
10460
10460
10460
10460
10460
10460
10460
10460
10460
10460
10460
10460
10460
10460
10460
10460
10460
10460
10460
10460
10460
10460
10460
10460
10433
10433
10433
10433
10433
10433
10433
10433
10433
10433
10433
10433
10433
10433
10433
10433
10376
10376
10376
10376
10376
10376
10376
10376
10376
10376
10376
10376
10376
10376
10376
10376
10376
10376
10376
10376
10376
10376
10376
10376
10376
10376
10376
10376
10376
10376
10376
10376
10376
10376
10376
10376
10376
10376
10376
10376
10376
10376
10376
10376
10376
10376
10376
10376
10376
10376
10376
10376
10376
10376
10376
10376
10376
10376
10376
10376
10376
10376
10376
10376
10376
10376
10376
10376
10376
10376
10376
10376
10376
10376
10376
10376
10376
10376
10376
10352
10352
10352
10352
10352
10352
10352
10352
10352
10352
10352
10352
10352
10352
10352
10352
10352
10352
10352
10352
10352
10352
10352
10352
10352
10352
10352
10352
10352
10352
10352
10352
10352
10352
10352
10352
10352
10352
10352
10352
10352
10098
10098
10098
10098
10098
10098
10098
10098
10098
10098
10098
10098
10098
10098
10098
10098
10098
10098
10098
10098
10098
10098
10098
10098
10098
10098
10098
10098
10098
10098
10098
10098
10098
10098
10098
10098
10098
10098
10098
10098
10098
10098
10098
10098
10098
10098
10098
10098
10076
10076
10076
10076
10076
10076
10076
10062
10062
10062
10062
10062
10062
10062
10062
10062
10062
10062
10062
10062
10062
10062
10062
10062
10062
10062
10062
10062
10062
10062
10062
10062
10062
10062
10062
10062
10062
10062
10062
10062
10062
10062
10062
10062
10062
10062
10062
10062
10062
9994
9994
9994
9994
9994
9994
9994
9994
9994
9994
9994
9994
9994
9994
9994
9994
9994
9994
9994
9994
9994
9994
9994
9994
9994
9994
9994
9994
9994
9994
9994
9994
9994
9994
9994
9994
9994
9994
9994
9994
9994
9994
9994
9994
9994
9994
9994
9994
9994
9994
9994
9994
9994
9994
9994
9994
9994
9994
9994
9994
9994
9994
9994
9994
9994
9994
9994
9994
9994
9994
9994
9994
9994
9994
9994
9994
9994
9994
9994
9994
9994
9994
9994
9994
9994
9994
9994
9994
9994
9994
9994
9994
9991
9991
9991
9991
9991
9991
9991
9991
9991
9991
9991
9991
9991
9991
9991
9991
9991
9991
9991
9991
9991
9991
9991
9991
9991
9991
9991
9991
9991
9991
9991
9991
9991
9991
9991
9991
9991
9991
9991
9991
9991
9991
9991
9991
9991
9991
9991
9991
9991
9991
9991
9991
9991
9991
9991
9991
9991
9991
9991
9991
9991
9991
9991
9991
9991
9991
9991
9991
9991
9991
9991
9991
9991
9991
9991
9991
9991
9991
9991
9991
9991
9991
9991
9991
9991
9991
9991
9991
9991
9991
9991
9991
9991
9991
9991
9991
9991
9991
9991
9989
9989
9989
9989
9989
9989
9989
9989
9989
9989
9989
9989
9989
9989
9989
9989
9989
9989
9989
9989
9989
9989
9989
9989
9989
9989
9989
9989
9989
9989
9989
9989
9989
9989
9989
9989
9989
9989
9989
9989
9989
9989
9989
9989
9989
9989
9989
9989
9989
9989
9989
9989
9989
9989
9989
9989
9989
9989
9989
9989
9989
9989
9989
9989
9989
9989
9989
9989
9989
9989
9989
9989
9989
9856
9856
9856
9856
9856
9856
9856
9856
9856
9856
9856
9856
9856
9856
9856
9856
9856
9856
9856
9856
9856
9856
9856
9856
9856
9856
9856
9856
9856
9856
9856
9856
9856
9856
9856
9856
9856
9856
9856
9856
9856
9856
9856
9856
9856
9856
9856
9836
9836
9836
9836
9836
9836
9836
9836
9836
9836
9836
9836
9836
9836
9836
9836
9836
9836
9836
9836
9836
9836
9836
9836
9836
9836
9836
9836
9836
9836
9836
9836
9836
9836
9836
9836
9836
9836
9836
9836
9836
9836
9836
9836
9836
9836
9836
9836
9836
9764
9764
9764
9764
9764
9764
9764
9764
9764
9764
9764
9764
9764
9764
9764
9764
9764
9764
9764
9764
9764
9764
9764
9764
9764
9764
9764
9764
9764
9764
9764
9764
9764
9764
9764
9669
9669
9669
9669
9669
9669
9669
9669
9669
9669
9669
9669
9669
9669
9669
9669
9669
9669
9669
9669
9593
9593
9593
9593
9593
9593
9593
9593
9593
9593
9593
9593
9593
9593
9593
9593
9593
9593
9593
9593
9593
9593
9593
9593
9593
9593
9593
9593
9565
9565
9565
9565
9565
9565
9565
9565
9565
9565
9565
9565
9565
9565
9565
9565
9565
9565
9565
9565
9565
9565
9565
9565
9565
9565
9565
9565
9565
9565
9565
9565
9565
9565
9565
9565
9565
9565
9565
9565
9565
9565
9565
9565
9565
9565
9565
9565
9565
9565
9565
9565
9565
9565
9565
9565
9565
9565
9565
9565
9565
9565
9565
9565
9565
9565
9565
9565
9565
9565
9565
9565
9565
9565
9565
9565
9565
9565
9565
9565
9565
9565
9565
9565
9565
9565
9565
9565
9565
9565
9565
9565
9565
9565
9565
9565
9565
9565
9565
9565
9438
9438
9438
9438
9438
9438
9436
9436
9436
9436
9436
9436
9436
9436
9436
9436
9436
9436
9436
9436
9436
9436
9436
9436
9436
9436
9436
9436
9436
9436
9436
9436
9436
9436
9436
9436
9436
9436
9436
9436
9436
9436
9436
9436
9436
9340
9340
9340
9340
9340
9340
9340
9340
9340
9340
9340
9340
9340
9340
9340
9340
9340
9340
9340
9340
9340
9340
9340
9340
9340
9340
9229
9229
9229
9229
9229
9229
9229
9229
9229
9229
9229
9229
9229
9229
9229
9229
9229
9229
9229
9229
9229
9229
9229
9229
9229
9229
9229
9229
9229
9229
9229
9229
9229
9229
9229
9229
9229
9229
9229
9229
9229
9229
9229
9229
9229
9229
9229
9229
9229
9229
9229
9229
9229
9229
9229
9229
9229
9229
9229
9229
9229
9229
9229
9229
9229
9229
9229
9229
9229
9229
9229
9229
9229
9229
9229
9229
9229
9229
9229
9229
9229
9229
9229
9219
9219
9219
9219
9219
9219
9219
9219
9219
9219
9219
9219
9219
9219
9219
9219
9219
9219
9219
9219
9219
9219
9219
9219
9219
9219
9219
9219
9219
9219
9219
9219
9219
9219
9219
9219
9219
9219
9219
9219
9219
9219
9219
9219
9219
9219
9219
9219
9219
9219
9219
9219
9219
9219
9219
9219
9219
9195
9195
9195
9195
9195
9195
9195
9195
9195
9195
9195
9195
9195
9195
9195
9195
9195
9195
9195
9195
9195
9195
9195
9195
9195
9195
9195
9195
9195
9195
9195
9195
9195
9018
9018
9018
9018
9018
9018
9018
9018
9018
9018
9018
9018
9018
9018
9018
9018
9018
9018
9018
9018
9018
9018
9018
9018
9018
9018
9018
9018
9018
9018
9018
9018
9018
9018
9018
9018
9018
9018
9018
9018
9018
9018
9018
9018
9018
9018
9018
9018
9018
9018
9018
9018
9018
9018
9018
9018
9018
9018
9018
9018
9018
9018
9018
9018
9018
9018
9018
9018
9018
9018
9018
9018
9018
9018
9018
9018
9018
9018
9018
9001
9001
9001
9001
9001
9001
9001
9001
9001
9001
9001
9001
9001
9001
9001
9001
9001
9001
9001
9001
9001
9001
9001
9001
9001
9001
9001
9001
9001
9001
9001
9001
9001
9001
9001
9001
9001
9001
9001
9001
9001
9001
9001
9001
9001
9001
9001
9001
9001
9001
9001
9001
9001
9001
9001
9001
9001
9001
9001
9001
9001
9001
9001
9001
9001
9001
9001
9001
9001
8981
8981
8981
8981
8981
8981
8981
8981
8981
8981
8981
8981
8981
8981
8981
8981
8981
8981
8981
8981
8981
8981
8981
8981
8981
8981
8981
8981
8981
8981
8981
8981
8981
8981
8981
8981
8981
8981
8981
8981
8981
8981
8981
8981
8981
8981
8981
8981
8981
8981
8981
8981
8981
8981
8981
8981
8981
8981
8981
8981
8981
8981
8981
8981
8981
8981
8981
8981
8981
8981
8981
8981
8981
8981
8981
8981
8981
8981
8981
8981
8981
8981
8981
8873
8873
8873
8873
8873
8873
8873
8873
8873
8873
8873
8873
8873
8873
8873
8873
8873
8873
8873
8873
8873
8873
8873
8873
8873
8873
8873
8873
8873
8873
8873
8873
8873
8873
8873
8873
8873
8873
8873
8873
8873
8873
8873
8873
8873
8873
8873
8873
8873
8873
8873
8661
8661
8661
8661
8661
8661
8661
8661
8661
8661
8661
8661
8661
8661
8661
8661
8661
8661
8661
8661
8661
8661
8661
8661
8661
8661
8661
8661
8661
8661
8661
8661
8661
8661
8661
8661
8661
8661
8661
8661
8661
8661
8661
8661
8661
8661
8661
8661
8661
8661
8661
8661
8661
8661
8661
8581
8581
8581
8539
8539
8539
8539
8539
8539
8539
8539
8539
8539
8539
8539
8539
8539
8539
8539
8539
8539
8539
8539
8539
8539
8539
8539
8539
8539
8539
8539
8539
8539
8539
8539
8539
8539
8539
8505
8505
8505
8505
8505
8505
8505
8505
8505
8505
8505
8505
8505
8505
8505
8505
8505
8505
8505
8505
8505
8505
8505
8505
8505
8505
8505
8505
8505
8505
8505
8505
8505
8505
8505
8505
8505
8505
8505
8505
8505
8505
8505
8505
8505
8505
8505
8505
8505
8505
8505
8505
8505
8505
8505
8505
8505
8505
8505
8505
8505
8505
8505
8505
8505
8505
8505
8505
8505
8505
8505
8505
8505
8505
8505
8505
8505
8505
8505
8505
8505
8505
8505
8505
8505
8505
8505
8505
8505
8505
8505
8505
8505
8490
8490
8490
8490
8490
8490
8490
8490
8490
8490
8490
8490
8490
8490
8490
8490
8490
8490
8490
8490
8490
8490
8490
8490
8490
8490
8490
8490
8339
8339
8339
8339
8339
8339
8339
8339
8339
8339
8339
8339
8339
8339
8339
8339
8339
8339
8272
8272
8272
8272
8272
8272
8272
8272
8272
8272
8272
8272
8272
8272
8272
8272
8272
8272
8272
8272
8272
8272
8272
8272
8272
8272
8272
8272
8272
8272
8272
8272
8272
8272
8272
8272
8272
8272
8272
8272
8272
8272
8272
8272
8272
8272
8272
8272
8272
8272
8272
8272
8272
8272
8272
8272
8205
8205
8205
8205
8205
8205
8205
8205
8205
8205
8205
8205
8205
8205
8205
8205
8205
8205
8205
8205
8205
8205
8205
8205
8205
8205
8205
8205
8205
8205
8205
8205
8176
8176
8176
8176
8176
8176
8176
8176
8176
8176
8176
8176
8176
8176
8176
8176
8176
8176
8176
8176
8176
8176
8176
8176
8176
8176
8176
8176
8176
8176
8176
8176
8176
8176
8176
8176
8176
8176
8176
8176
8176
8176
8176
8176
8176
8176
8176
8176
8176
8176
8176
8176
8176
8176
8176
8176
8176
8176
8176
8176
8176
8176
8176
8176
8176
8176
8176
8176
8176
8176
8176
8176
8072
8072
8072
8072
8072
8072
8072
8072
8072
8072
8072
8072
8072
8072
8072
8072
8072
8072
8072
8072
8072
8072
8072
8072
8072
8072
8072
8072
8072
8072
8072
8072
8072
8072
8072
8072
8072
8072
8072
8072
8072
8072
8072
8072
8072
8072
8072
8072
8072
8072
8072
8072
8072
8072
8072
8072
8072
8072
8072
8072
8072
8072
8072
8072
8072
8072
8072
8072
8033
8033
8033
8033
8033
8033
7921
7921
7921
7921
7921
7921
7921
7921
7921
7921
7921
7921
7921
7921
7921
7921
7921
7921
7921
7921
7921
7921
7921
7921
7921
7921
7921
7921
7921
7921
7921
7921
7921
7921
7921
7921
7921
7921
7921
7921
7921
7921
7921
7921
7921
7921
7921
7921
7921
7921
7921
7921
7921
7921
7921
7921
7921
7889
7889
7889
7889
7889
7889
7889
7889
7889
7889
7889
7889
7889
7889
7889
7889
7889
7889
7889
7889
7889
7889
7889
7889
7889
7889
7793
7793
7793
7793
7793
7793
7793
7793
7793
7793
7793
7793
7793
7793
7793
7793
7793
7793
7793
7793
7793
7793
7793
7793
7793
7793
7793
7793
7793
7793
7793
7793
7793
7793
7793
7793
7793
7793
7793
7793
7793
7793
7793
7793
7793
7791
7791
7791
7791
7791
7791
7791
7791
7791
7791
7791
7791
7791
7791
7791
7791
7791
7791
7791
7791
7791
7791
7791
7791
7791
7791
7791
7791
7791
7791
7791
7791
7791
7791
7791
7791
7791
7791
7791
7791
7791
7791
7791
7791
7791
7791
7791
7791
7791
7791
7791
7791
7791
7791
7791
7791
7791
7791
7791
7674
7674
7674
7674
7674
7674
7674
7674
7674
7674
7674
7674
7674
7674
7674
7674
7674
7674
7674
7674
7674
7674
7674
7674
7674
7674
7674
7674
7674
7674
7674
7674
7674
7674
7674
7674
7674
7674
7674
7674
7674
7674
7674
7674
7674
7674
7674
7674
7674
7674
7674
7674
7674
7674
7674
7674
7674
7674
7674
7674
7674
7674
7674
7674
7674
7674
7674
7674
7674
7674
7674
7674
7674
7674
7674
7674
7674
7635
7635
7635
7635
7635
7635
7635
7635
7635
7635
7635
7635
7635
7635
7635
7635
7635
7635
7635
7635
7635
7635
7635
7635
7635
7635
7635
7635
7635
7635
7635
7635
7635
7635
7635
7635
7635
7635
7635
7635
7635
7635
7498
7498
7498
7498
7498
7498
7498
7498
7498
7498
7498
7498
7498
7498
7498
7498
7498
7498
7498
7498
7498
7498
7498
7498
7498
7498
7498
7498
7498
7498
7498
7498
7498
7498
7498
7498
7498
7498
7498
7498
7498
7498
7498
7498
7498
7498
7498
7498
7498
7498
7498
7498
7498
7498
7498
7498
7498
7498
7498
7498
7498
7498
7498
7498
7498
7498
7498
7498
7498
7498
7498
7498
7498
7498
7498
7498
7498
7498
7498
7498
7498
7498
7498
7498
7498
7498
7498
7498
7498
7498
7498
7498
7498
7498
7498
7498
7498
7498
7420
7420
7420
7420
7420
7420
7420
7420
7420
7420
7420
7420
7420
7420
7420
7420
7420
7420
7420
7420
7420
7420
7420
7420
7420
7420
7420
7420
7420
7420
7420
7420
7420
7420
7420
7420
7420
7420
7420
7420
7420
7420
7420
7420
7420
7420
7420
7420
7420
7402
7402
7402
7402
7402
7402
7402
7402
7402
7402
7402
7402
7402
7402
7402
7402
7402
7402
7402
7402
7402
7402
7402
7402
7402
7402
7402
7402
7402
7402
7402
7402
7402
7402
7402
7402
7402
7402
7402
7402
7402
7402
7402
7402
7402
7402
7402
7402
7402
7402
7402
7402
7402
7402
7402
7402
7402
7402
7402
7402
7402
7402
7402
7402
7402
7402
7402
7402
7402
7402
7402
7402
7402
7402
7402
7402
7402
7335
7335
7335
7335
7335
7335
7335
7335
7335
7335
7335
7335
7335
7335
7335
7335
7335
7335
7335
7335
7335
7335
7335
7335
7335
7335
7335
7335
7335
7335
7335
7335
7335
7335
7335
7335
7335
7335
7335
7335
7335
7335
7335
7335
7335
7335
7335
7335
7335
7335
7335
7335
7335
7335
7335
7335
7335
7335
7335
7192
7192
7192
7192
7192
7192
7192
7192
7192
7192
7192
7192
7192
7192
7192
7192
7192
7192
7192
7192
7192
7192
7192
7192
7192
7192
7192
7192
7192
7192
7192
7192
7192
7192
7192
7192
7192
7192
7192
7192
7192
7192
7192
7192
7192
7192
7192
7192
7192
7192
7192
7192
7192
7192
7192
7192
7192
7192
7192
7192
7192
7192
7192
7192
7192
7182
7182
7182
7182
7182
7182
7182
7182
7182
7182
7182
7182
7182
7182
7182
7182
7182
7182
7182
7182
7182
7182
7182
7182
7182
7182
7182
7182
7182
7182
7182
7182
7182
7182
7181
7181
7181
7181
7181
7181
7181
7181
7181
7181
7181
7181
7181
7181
7181
7181
7181
7181
7181
7181
7181
7137
7137
7137
7137
7137
7137
7137
7137
7137
7137
7137
7137
7137
7137
7137
7137
7137
7137
7137
7137
7137
7137
7137
7137
7137
7137
7137
7137
7137
7137
7137
7137
7137
7137
7137
7137
7137
7137
7137
7137
7137
7120
7120
7120
7120
7120
7120
7120
7120
7120
7120
7120
7120
7120
7120
7120
7120
7120
7120
7120
7120
7120
7120
7120
7120
7120
7120
7120
7120
7120
7120
7120
7120
7120
7120
7120
7120
7120
7120
7120
7120
7070
7070
7070
7070
7070
7070
7070
7070
7070
7070
7070
7070
7070
7070
7070
7070
7070
7070
7070
7070
7070
7070
7070
7070
7070
7070
7070
7070
7070
7070
7070
7070
7070
7070
7070
7070
7070
6988
6988
6988
6988
6988
6988
6988
6988
6988
6988
6988
6988
6988
6988
6988
6988
6988
6988
6988
6988
6988
6988
6988
6988
6988
6988
6988
6988
6988
6988
6988
6988
6988
6988
6988
6988
6988
6988
6988
6988
6988
6988
6988
6988
6988
6988
6988
6988
6988
6988
6988
6988
6988
6988
6988
6988
6988
6931
6931
6931
6931
6931
6931
6931
6931
6931
6931
6931
6931
6931
6931
6931
6931
6931
6931
6931
6931
6931
6931
6931
6931
6931
6931
6931
6931
6931
6931
6931
6931
6931
6931
6931
6931
6931
6931
6931
6931
6931
6931
6931
6931
6931
6931
6931
6931
6931
6931
6931
6931
6931
6931
6931
6931
6931
6931
6931
6931
6931
6931
6931
6910
6910
6910
6910
6910
6910
6910
6910
6910
6910
6910
6910
6910
6910
6910
6910
6910
6910
6910
6910
6910
6910
6910
6910
6910
6910
6910
6910
6910
6910
6910
6910
6910
6910
6900
6900
6900
6900
6900
6900
6900
6900
6900
6900
6900
6900
6900
6900
6900
6900
6900
6900
6900
6900
6900
6900
6900
6900
6900
6900
6900
6900
6900
6900
6900
6900
6900
6900
6900
6900
6900
6900
6900
6900
6900
6900
6900
6900
6900
6900
6900
6900
6900
6900
6900
6900
6900
6900
6900
6900
6900
6900
6900
6900
6900
6900
6900
6900
6900
6900
6900
6900
6900
6900
6900
6900
6900
6900
6900
6900
6900
6900
6900
6900
6900
6900
6896
6896
6896
6896
6896
6896
6896
6896
6896
6896
6896
6896
6896
6896
6896
6896
6896
6896
6896
6896
6896
6896
6896
6896
6896
6896
6896
6896
6896
6896
6896
6896
6896
6896
6896
6896
6896
6896
6896
6896
6896
6896
6896
6896
6896
6896
6896
6896
6896
6896
6896
6896
6896
6896
6896
6896
6896
6896
6896
6896
6896
6896
6896
6896
6896
6896
6896
6896
6896
6896
6896
6896
6896
6896
6896
6482
6482
6482
6482
6482
6482
6482
6482
6482
6482
6482
6482
6482
6482
6482
6482
6482
6482
6482
6482
6482
6482
6482
6482
6482
6482
6482
6482
6482
6482
6482
6482
6482
6482
6439
6425
6425
6425
6425
6425
6425
6425
6425
6425
6425
6425
6425
6425
6425
6425
6425
6425
6425
6425
6425
6425
6425
6425
6425
6425
6425
6425
6425
6425
6425
6425
6425
6425
6425
6425
6425
6425
6425
6425
6425
6425
6425
6425
6425
6425
6425
6425
6425
6425
6425
6425
6425
6425
6425
6425
6425
6425
6425
6425
6425
6425
6425
6425
6425
6425
6425
6425
6425
6425
6425
6425
6425
6425
6425
6425
6425
6425
6425
6425
6425
6425
6425
6425
6425
6425
6425
6425
6425
6425
6425
6425
6425
6425
6414
6414
6414
6414
6414
6414
6414
6414
6414
6414
6414
6414
6414
6414
6414
6414
6414
6414
6414
6414
6414
6414
6414
6414
6414
6414
6414
6414
6414
6414
6414
6414
6414
6414
6414
6414
6414
6414
6414
6414
6414
6414
6414
6414
6414
6414
6414
6414
6414
6414
6414
6414
6414
6414
6414
6414
6414
6414
6414
6414
6414
6414
6414
6414
6414
6414
6414
6414
6414
6414
6373
6373
6373
6373
6373
6373
6373
6373
6373
6373
6373
6373
6373
6373
6373
6373
6373
6373
6373
6373
6373
6373
6373
6373
6373
6373
6373
6373
6373
6373
6373
6373
6373
6373
6373
6373
6373
6373
6373
6373
6373
6373
6373
6373
6373
6373
6362
6362
6362
6362
6362
6362
6362
6362
6362
6362
6362
6362
6362
6362
6362
6362
6362
6362
6362
6362
6362
6362
6362
6362
6362
6362
6362
6362
6362
6362
6362
6362
6362
6233
6233
6233
6233
6122
6122
6122
6122
6122
6122
6122
6122
6122
6122
6029
6029
6029
6029
6029
6029
6029
6029
6029
6029
6029
6029
6029
6029
6029
6029
6029
6029
6029
6029
6029
6029
6029
6029
6029
6029
6029
6029
6029
6029
6029
6029
6029
6029
6029
6029
6029
6029
6029
6029
6029
6029
6029
6029
6029
6029
6029
6029
6029
6029
6029
6029
6029
6029
6029
6029
6029
6029
6029
6029
6029
6029
6029
6029
6029
6029
6029
6029
6029
6029
6029
6029
6029
6029
6029
6029
6029
6029
6029
6029
6029
6029
6029
6029
6029
6029
6029
6029
6029
6029
6029
6029
6029
6029
6029
6029
6029
6029
6029
6029
6029
6029
6029
6029
6029
6029
6029
6029
6029
6029
6029
6029
6029
6029
6029
6020
6013
6013
6013
6013
6013
6013
6013
6013
6013
6013
6013
6013
6013
6013
6013
6013
6013
6013
6013
6013
6013
6013
6013
6013
6013
6013
6013
6013
6013
6013
6013
6013
6013
6013
5982
5982
5982
5982
5982
5982
5982
5982
5982
5982
5982
5982
5982
5982
5982
5982
5982
5982
5982
5982
5982
5982
5982
5982
5982
5982
5982
5982
5982
5982
5982
5982
5982
5982
5982
5982
5982
5982
5982
5982
5982
5982
5982
5982
5982
5982
5982
5982
5982
5982
5982
5982
5982
5982
5982
5982
5982
5982
5982
5982
5982
5982
5982
5982
5982
5982
5982
5982
5982
5982
5982
5982
5982
5982
5982
5982
5982
5982
5981
5981
5981
5981
5981
5981
5981
5981
5981
5981
5981
5981
5981
5981
5981
5981
5981
5981
5981
5981
5981
5981
5981
5981
5981
5981
5981
5981
5981
5981
5981
5981
5981
5981
5981
5981
5981
5981
5981
5981
5981
5981
5981
5981
5981
5981
5981
5981
5981
5981
5981
5981
5978
5978
5978
5978
5978
5978
5978
5978
5978
5978
5978
5978
5978
5978
5978
5978
5978
5978
5978
5978
5978
5978
5978
5978
5978
5978
5978
5978
5978
5978
5978
5978
5978
5978
5978
5978
5978
5978
5978
5978
5978
5978
5978
5978
5978
5978
5978
5978
5978
5978
5978
5978
5978
5846
5846
5846
5846
5846
5846
5846
5846
5846
5846
5846
5846
5846
5846
5846
5846
5846
5846
5846
5846
5846
5846
5846
5846
5846
5846
5846
5846
5846
5846
5846
5846
5846
5846
5846
5846
5846
5846
5846
5846
5846
5846
5846
5846
5846
5846
5846
5846
5846
5846
5846
5846
5846
5846
5846
5846
5846
5846
5846
5846
5846
5846
5846
5846
5846
5846
5846
5833
5833
5833
5833
5833
5833
5833
5833
5833
5833
5833
5833
5833
5833
5833
5833
5833
5833
5833
5833
5833
5833
5833
5833
5833
5833
5833
5833
5833
5833
5833
5833
5833
5833
5833
5833
5833
5833
5833
5833
5833
5833
5833
5833
5833
5833
5833
5833
5833
5833
5833
5833
5833
5833
5833
5833
5833
5833
5833
5833
5833
5833
5833
5833
5833
5833
5833
5833
5833
5833
5833
5833
5833
5833
5782
5782
5782
5782
5782
5782
5782
5782
5782
5782
5782
5782
5782
5782
5782
5782
5782
5782
5782
5782
5782
5782
5782
5782
5782
5782
5782
5782
5782
5782
5782
5782
5782
5782
5782
5782
5782
5782
5782
5782
5782
5782
5782
5782
5782
5782
5782
5782
5782
5782
5782
5782
5782
5782
5782
5782
5782
5782
5782
5782
5782
5782
5782
5782
5782
5782
5782
5782
5782
5782
5782
5782
5782
5782
5782
5782
5782
5782
5782
5782
5782
5782
5782
5782
5782
5782
5782
5782
5782
5782
5782
5782
5782
5782
5782
5782
5782
5782
5782
5696
5696
5696
5696
5696
5696
5696
5696
5696
5696
5696
5696
5696
5696
5696
5696
5696
5696
5696
5696
5696
5696
5696
5696
5696
5696
5696
5696
5696
5696
5696
5696
5696
5696
5696
5696
5696
5696
5696
5696
5696
5696
5696
5696
5696
5696
5636
5636
5636
5636
5636
5636
5636
5636
5636
5636
5636
5636
5636
5636
5636
5636
5636
5636
5636
5636
5636
5636
5636
5636
5636
5636
5636
5636
5636
5636
5636
5636
5636
5636
5636
5636
5636
5636
5636
5636
5636
5636
5636
5636
5636
5636
5636
5636
5636
5636
5636
5636
5636
5636
5636
5636
5636
5636
5636
5636
5636
5636
5636
5636
5636
5636
5636
5636
5636
5636
5636
5636
5636
5636
5636
5636
5636
5636
5636
5636
5636
5636
5636
5636
5636
5636
5636
5636
5636
5636
5636
5636
5636
5636
5636
5636
5636
5636
5636
5636
5636
5636
5636
5636
5636
5636
5636
5636
5636
5636
5636
5636
5636
5636
5636
5636
5636
5636
5619
5619
5619
5619
5619
5619
5619
5619
5619
5619
5619
5619
5619
5619
5619
5619
5619
5619
5619
5619
5619
5619
5619
5619
5619
5619
5619
5619
5619
5619
5619
5619
5619
5619
5619
5619
5619
5619
5619
5619
5619
5619
5619
5619
5619
5619
5619
5619
5619
5619
5619
5619
5619
5619
5619
5619
5619
5619
5619
5619
5619
5619
5619
5619
5619
5619
5619
5619
5619
5597
5597
5597
5597
5597
5597
5597
5597
5597
5597
5597
5597
5597
5597
5597
5597
5597
5597
5597
5575
5575
5575
5514
5514
5514
5514
5514
5514
5514
5514
5514
5514
5514
5514
5514
5514
5514
5514
5514
5514
5514
5514
5514
5514
5514
5514
5514
5514
5514
5514
5514
5514
5514
5514
5514
5514
5514
5514
5514
5514
5514
5514
5514
5514
5514
5514
5514
5462
5462
5462
5462
5462
5462
5462
5462
5462
5462
5462
5462
5462
5462
5462
5462
5462
5462
5462
5462
5462
5462
5462
5462
5462
5462
5462
5462
5462
5462
5462
5462
5462
5462
5462
5462
5462
5462
5462
5462
5462
5462
5462
5462
5462
5462
5462
5462
5462
5462
5462
5462
5462
5462
5462
5462
5462
5462
5462
5462
5462
5349
5349
5349
5349
5349
5349
5349
5349
5349
5349
5349
5349
5349
5349
5349
5349
5349
5349
5349
5349
5349
5349
5349
5349
5349
5349
5349
5349
5349
5349
5349
5349
5349
5349
5349
5349
5349
5349
5349
5349
5349
5349
5349
5349
5349
5349
5349
5349
5349
5349
5349
5349
5349
5349
5349
5349
5349
5349
5349
5349
5349
5349
5349
5349
5349
5349
5349
5349
5349
5349
5349
5349
5349
5349
5349
5349
5349
5349
5349
5349
5349
5349
5349
5349
5349
5349
5349
5349
5349
5349
5349
5349
5349
5153
5153
5153
5153
5153
5153
5153
5153
5153
5153
5153
5153
5153
5153
5153
5153
5153
5153
5153
5153
5153
5153
5153
5153
5153
5153
5153
5153
5153
5153
5153
5153
5153
5153
5153
5153
5153
5153
5153
5153
5153
5153
5153
5153
5153
5153
5153
5153
5153
5153
5153
5153
5097
5097
5097
5097
5097
5097
5097
5097
5097
5097
5097
5097
5097
5097
5097
5097
5097
5097
5097
5097
5097
5004
5004
5004
5004
5004
5004
5004
5004
5004
5004
5004
5004
5004
5004
5004
5004
5004
5004
5004
5004
5004
5004
5004
5004
5004
5004
5004
5004
5004
5004
5004
5004
5004
5004
5004
5004
5004
5004
5004
5004
5004
5004
5004
5004
5004
5004
5004
5004
5004
5004
5004
5004
5004
5004
5004
5004
5004
5004
5004
4870
4870
4870
4870
4870
4870
4870
4870
4870
4870
4870
4870
4870
4870
4870
4870
4870
4870
4870
4870
4870
4870
4870
4870
4780
4780
4780
4780
4780
4780
4780
4780
4780
4646
4646
4646
4646
4646
4646
4646
4646
4646
4646
4646
4646
4646
4646
4646
4646
4646
4646
4646
4646
4646
4646
4646
4646
4646
4646
4646
4646
4646
4646
4646
4646
4646
4646
4646
4646
4646
4646
4646
4646
4646
4646
4646
4646
4646
4646
4646
4646
4646
4646
4646
4646
4540
4540
4540
4540
4540
4540
4540
4540
4540
4540
4540
4540
4540
4540
4540
4540
4540
4540
4540
4540
4540
4540
4540
4540
4540
4540
4540
4540
4540
4540
4540
4540
4540
4540
4540
4540
4540
4540
4540
4540
4540
4540
4540
4540
4540
4540
4540
4540
4540
4540
4540
4540
4540
4540
4540
4540
4540
4516
4516
4516
4516
4516
4516
4516
4516
4516
4516
4516
4516
4516
4516
4516
4516
4516
4516
4516
4516
4516
4516
4516
4516
4516
4516
4516
4516
4516
4516
4516
4516
4516
4516
4516
4516
4516
4516
4516
4516
4516
4516
4516
4516
4516
4516
4516
4516
4516
4516
4516
4516
4516
4516
4516
4516
4506
4506
4506
4506
4506
4506
4506
4506
4506
4506
4506
4506
4506
4506
4506
4506
4506
4506
4506
4506
4506
4506
4506
4506
4506
4506
4506
4506
4506
4506
4506
4506
4506
4506
4506
4506
4506
4506
4506
4506
4506
4506
4506
4506
4506
4506
4506
4506
4506
4506
4506
4506
4506
4506
4506
4506
4506
4506
4506
4506
4506
4506
4506
4506
4506
4506
4506
4506
4506
4506
4506
4506
4506
4506
4506
4506
4506
4506
4506
4506
4506
4506
4506
4506
4506
4506
4506
4506
4506
4506
4506
4506
4506
4506
4506
4506
4506
4506
4473
4473
4473
4473
4473
4473
4473
4473
4473
4473
4473
4473
4473
4473
4473
4473
4473
4473
4473
4473
4473
4473
4473
4473
4473
4473
4473
4336
4336
4336
4336
4336
4336
4336
4336
4336
4336
4336
4336
4336
4336
4336
4336
4336
4336
4336
4336
4336
4336
4336
4336
4336
4336
4336
4336
4336
4336
4336
4336
4336
4336
4336
4336
4336
4336
4336
4336
4336
4336
4336
4336
4336
4336
4336
4336
4336
4336
4336
4336
4336
4336
4336
4336
4336
4336
4336
4336
4336
4336
4336
4336
4336
4336
4299
4299
4299
4299
4299
4299
4299
4299
4299
4299
4299
4299
4299
4299
4299
4299
4299
4299
4299
4299
4299
4079
4079
4079
4079
4079
4079
4079
4079
4079
4079
4079
4079
4079
4079
4079
4079
4079
4079
4079
4079
4079
4079
4079
4079
3996
3996
3996
3996
3996
3996
3996
3996
3996
3996
3996
3996
3996
3996
3996
3996
3996
3996
3996
3996
3996
3996
3996
3996
3996
3996
3996
3996
3996
3996
3996
3996
3996
3996
3996
3996
3996
3996
3996
3996
3996
3996
3996
3996
3996
3996
3996
3996
3996
3996
3996
3996
3996
3996
3996
3996
3996
3996
3996
3996
3996
3996
3996
3996
3996
3996
3996
3996
3996
3996
3996
3996
3996
3996
3996
3996
3996
3996
3996
3996
3996
3996
3996
3996
3996
3996
3996
3880
3880
3880
3880
3880
3880
3880
3880
3880
3880
3880
3880
3880
3880
3880
3880
3880
3880
3880
3880
3880
3880
3880
3880
3880
3880
3880
3880
3880
3880
3880
3880
3880
3880
3880
3880
3880
3880
3880
3880
3880
3880
3880
3880
3880
3880
3880
3880
3880
3880
3880
3828
3828
3828
3828
3828
3828
3828
3828
3828
3828
3828
3828
3828
3828
3828
3828
3828
3828
3828
3828
3828
3828
3828
3828
3828
3828
3828
3828
3828
3828
3828
3828
3828
3828
3828
3828
3828
3828
3828
3828
3828
3828
3828
3828
3828
3828
3828
3828
3828
3828
3802
3802
3802
3802
3802
3802
3802
3802
3802
3802
3802
3802
3802
3802
3802
3802
3802
3802
3802
3802
3802
3802
3802
3802
3802
3802
3802
3802
3802
3802
3802
3802
3802
3802
3802
3802
3802
3802
3802
3802
3802
3802
3802
3802
3802
3802
3802
3802
3802
3802
3802
3802
3802
3802
3802
3802
3802
3802
3802
3802
3802
3802
3802
3802
3802
3802
3802
3802
3802
3802
3802
3802
3802
3802
3802
3802
3802
3802
3802
3802
3802
3802
3802
3802
3802
3802
3802
3802
3802
3802
3802
3802
3802
3802
3802
3802
3802
3802
3739
3739
3739
3739
3739
3739
3739
3739
3739
3739
3739
3739
3739
3739
3739
3739
3739
3739
3739
3739
3739
3739
3739
3739
3739
3739
3739
3739
3739
3739
3704
3704
3704
3704
3704
3704
3704
3704
3704
3704
3704
3704
3704
3704
3704
3704
3704
3704
3704
3704
3704
3704
3704
3704
3704
3704
3704
3704
3704
3704
3704
3704
3704
3704
3704
3704
3704
3704
3603
3603
3603
3603
3603
3603
3603
3603
3603
3603
3603
3603
3603
3603
3603
3603
3603
3603
3603
3603
3603
3603
3603
3603
3603
3603
3603
3603
3603
3603
3603
3603
3603
3603
3603
3603
3603
3603
3603
3603
3603
3603
3603
3603
3603
3603
3603
3603
3603
3603
3603
3603
3603
3603
3603
3603
3603
3603
3603
3603
3603
3603
3603
3603
3603
3603
3603
3603
3603
3603
3603
3603
3603
3603
3603
3603
3603
3603
3603
3603
3603
3603
3603
3603
3603
3603
3603
3603
3573
3573
3573
3573
3573
3573
3573
3573
3573
3573
3573
3573
3573
3573
3573
3573
3573
3573
3573
3573
3573
3573
3573
3573
3573
3573
3573
3573
3573
3573
3573
3573
3573
3573
3573
3573
3573
3573
3573
3573
3573
3573
3573
3573
3573
3573
3573
3573
3573
3573
3573
3573
3573
3573
3573
3573
3573
3573
3573
3573
3573
3573
3573
3573
3573
3573
3573
3573
3573
3573
3573
3573
3573
3573
3573
3573
3573
3573
3573
3554
3554
3554
3554
3554
3554
3554
3554
3554
3554
3554
3554
3554
3554
3554
3554
3554
3554
3554
3554
3554
3554
3554
3554
3554
3554
3554
3554
3554
3554
3554
3554
3554
3554
3554
3554
3554
3554
3554
3554
3554
3554
3554
3554
3554
3554
3554
3554
3554
3554
3554
3554
3554
3554
3554
3554
3554
3554
3554
3554
3523
3523
3523
3523
3523
3523
3523
3523
3523
3523
3523
3523
3523
3523
3523
3523
3523
3523
3523
3523
3523
3523
3523
3523
3523
3523
3523
3523
3523
3523
3523
3519
3519
3519
3519
3519
3519
3519
3519
3519
3519
3519
3519
3519
3500
3500
3500
3500
3500
3500
3500
3500
3500
3500
3500
3500
3500
3500
3500
3500
3500
3500
3500
3500
3500
3500
3500
3500
3500
3500
3500
3500
3500
3500
3500
3500
3500
3495
3495
3495
3356
3356
3356
3356
3356
3356
3356
3356
3356
3356
3356
3356
3356
3356
3356
3356
3356
3356
3356
3356
3356
3356
3356
3356
3356
3356
3356
3356
3356
3356
3356
3356
3356
3356
3356
3356
3356
3356
3356
3356
3356
3356
3356
3356
3356
3356
3356
3356
3356
3356
3356
3356
3356
3356
3356
3356
3356
3356
3356
3356
3356
3356
3356
3356
3356
3356
3356
3356
3356
3356
3356
3356
3356
3356
3356
3356
3356
3356
3356
3356
3356
3356
3356
3356
3356
3356
3356
3356
3356
3356
3356
3356
3356
3356
3356
3356
3298
3298
3298
3298
3298
3298
3298
3298
3298
3298
3298
3298
3298
3298
3298
3298
3298
3298
3298
3298
3298
3298
3298
3298
3298
3298
3298
3298
3298
3298
3298
3298
3298
3298
3298
3298
3298
3298
3298
3298
3298
3298
3298
3298
3298
3298
3298
3298
3298
3298
3298
3298
3298
3298
3298
3298
3298
3298
3298
3298
3298
3298
3298
3298
3298
3298
3298
3298
3298
3298
3298
3298
3298
3298
3298
3298
3298
3298
3298
3298
3298
3298
3298
3298
3298
3298
3298
3298
3298
3298
3298
3298
3298
3286
3286
3286
3286
3286
3286
3286
3286
3286
3286
3286
3286
3286
3286
3286
3286
3286
3286
3286
3286
3286
3286
3286
3286
3286
3286
3286
3286
3286
3286
3286
3286
3286
3286
3286
3286
3286
3286
3286
3286
3286
3286
3286
3286
3286
3286
3286
3286
3286
3286
3286
3286
3286
3286
3286
3286
3286
3286
3286
3286
3286
3286
3177
3177
3177
3177
3177
3177
3177
3177
3177
3177
3177
3177
3177
3177
3177
3177
3177
3177
3177
3177
3177
3177
3177
3177
3177
3177
3177
3177
3177
3177
3177
3177
3177
3177
3177
3177
3177
3177
3177
3177
3177
3177
3177
3177
3177
3177
3177
3177
3177
3177
3177
3177
3177
3177
3177
3177
3177
3177
3177
3177
3177
3177
3177
3177
3177
3177
3177
3177
3177
3177
3177
3177
3177
3177
3177
3177
3177
3177
3177
3177
3177
3177
3177
3177
3177
3177
3177
3177
3177
3177
3177
3177
3177
3177
3177
3177
3177
3140
3140
3140
3140
3140
3140
3140
3140
3140
3140
3140
3140
3140
3140
3140
3140
3140
3140
3140
3140
3140
3140
3140
3140
3140
3140
3140
3140
3140
3140
3140
3140
3140
3140
3140
3140
3140
3140
3140
3140
3140
3140
3140
3140
3140
3140
3140
3140
3140
3140
3140
3140
3140
3140
3140
3140
3140
3140
3140
3140
3140
3140
3140
3140
3140
3140
3140
3140
3140
3140
3140
3140
3140
3140
3140
3140
3140
3140
3140
3140
3068
3068
3068
3068
3068
3068
3068
3068
3068
3068
3068
3068
3068
3068
3068
3068
3068
3068
3068
3068
3068
3068
3068
3068
3068
3068
3068
3068
3068
3068
3068
3068
3068
3068
3068
3068
3068
3068
3035
3035
3035
3035
3035
3035
3035
3035
3035
3035
3035
3035
3035
3035
3035
3035
3035
3035
3035
3035
3035
3035
2998
2998
2998
2998
2998
2998
2998
2998
2998
2998
2998
2998
2998
2998
2998
2998
2998
2998
2998
2998
2998
2998
2998
2998
2998
2998
2998
2998
2998
2998
2998
2998
2998
2998
2998
2998
2998
2998
2998
2913
2913
2913
2913
2913
2913
2913
2913
2913
2913
2913
2913
2913
2913
2913
2913
2913
2913
2913
2913
2913
2913
2913
2913
2913
2913
2913
2913
2913
2913
2913
2913
2913
2913
2913
2913
2913
2913
2913
2913
2913
2913
2913
2913
2913
2913
2913
2913
2913
2913
2913
2913
2913
2913
2913
2913
2913
2913
2913
2913
2913
2913
2913
2913
2913
2672
2672
2672
2672
2672
2672
2672
2672
2672
2672
2672
2672
2672
2672
2672
2672
2672
2672
2672
2672
2672
2672
2672
2672
2672
2672
2672
2672
2672
2672
2672
2672
2672
2672
2672
2672
2672
2672
2672
2586
2586
2586
2586
2586
2586
2586
2586
2586
2586
2586
2586
2536
2536
2536
2536
2536
2536
2536
2536
2536
2536
2536
2536
2536
2536
2536
2536
2536
2536
2536
2536
2536
2536
2536
2536
2536
2536
2536
2536
2536
2536
2536
2536
2536
2536
2536
2536
2536
2536
2536
2536
2536
2536
2536
2536
2536
2536
2536
2536
2536
2536
2536
2536
2536
2536
2536
2536
2536
2536
2536
2536
2536
2536
2536
2536
2536
2536
2536
2536
2536
2536
2536
2536
2536
2536
2536
2536
2536
2536
2536
2536
2536
2536
2536
2523
2523
2523
2523
2523
2523
2523
2523
2523
2523
2523
2523
2523
2523
2523
2523
2523
2523
2523
2523
2523
2523
2523
2523
2523
2523
2523
2523
2523
2523
2523
2523
2523
2523
2523
2523
2523
2523
2523
2523
2523
2523
2523
2523
2523
2523
2523
2523
2523
2523
2523
2523
2523
2523
2523
2523
2523
2523
2523
2523
2523
2523
2523
2469
2469
2469
2469
2469
2469
2469
2469
2469
2469
2469
2469
2469
2469
2469
2469
2469
2469
2469
2469
2469
2469
2469
2469
2469
2469
2469
2469
2469
2469
2469
2469
2469
2469
2469
2469
2469
2469
2469
2469
2469
2469
2469
2469
2469
2469
2469
2469
2469
2469
2469
2469
2469
2469
2469
2469
2469
2469
2469
2469
2469
2469
2469
2469
2469
2421
2421
2421
2421
2421
2421
2421
2421
2421
2421
2421
2421
2421
2421
2421
2421
2421
2421
2421
2421
2421
2421
2421
2421
2421
2421
2421
2421
2421
2421
2421
2421
2421
2421
2421
2421
2421
2360
2360
2360
2360
2360
2360
2360
2360
2360
2360
2360
2360
2360
2360
2360
2360
2360
2360
2360
2360
2360
2360
2360
2360
2360
2360
2360
2360
2360
2360
2360
2360
2360
2360
2360
2360
2360
2360
2360
2360
2360
2360
2360
2360
2360
2360
2360
2327
2327
2327
2327
2327
2327
2327
2327
2327
2327
2327
2327
2327
2327
2327
2327
2327
2327
2327
2313
2313
2313
2313
2313
2313
2313
2313
2313
2313
2313
2313
2313
2313
2313
2313
2313
2313
2313
2313
2313
2313
2313
2313
2313
2313
2313
2313
2313
2313
2313
2313
2299
2299
2299
2299
2299
2299
2299
2299
2299
2299
2299
2299
2299
2299
2299
2299
2299
2299
2299
2299
2299
2299
2299
2299
2299
2299
2299
2299
2299
2299
2299
2299
2299
2299
2299
2299
2299
2299
2299
2299
2299
2299
2299
2299
2299
2299
2299
2299
2299
2299
2299
2299
2299
2299
2299
2299
2299
2299
2299
2299
2299
2299
2299
2299
2299
2299
2299
2299
2299
2299
2299
2299
2299
2299
2299
2299
2299
2299
2299
2299
2299
2299
2299
2299
2299
2299
2299
2299
2299
2203
2203
2203
2203
2203
2203
2203
2203
2203
2203
2203
2203
2203
2203
2203
2203
2203
2203
2203
2203
2203
2203
2203
2203
2203
2203
2203
2203
2203
2203
2203
2203
2203
2203
2203
2203
2203
2203
2203
2203
2203
2203
2203
2203
2203
2203
2203
2203
2203
2203
2203
2203
2203
2203
2203
2203
2203
2203
2203
2203
2203
2203
2177
2177
2177
2177
2177
2177
2177
2177
2177
2177
2177
2177
2177
2177
2177
2177
2177
2177
2177
2177
2177
2177
2177
2177
2177
2177
2177
2177
2177
2177
2177
2177
2177
2177
2177
2177
2177
2177
2177
2177
2177
2177
2177
2177
2177
2177
2177
2177
2144
2144
2144
2144
2144
2144
2144
2144
2144
2144
2144
2144
2144
2144
2144
2144
2144
2144
2144
2144
2144
2144
2144
2144
2144
2144
2144
2144
2144
2144
2144
2144
2144
2144
2144
2144
2144
2144
2077
2077
2077
2077
2077
2077
2077
2077
2077
2027
2027
2027
2027
2027
2027
2027
2027
2027
2027
2027
2027
2027
2027
2027
2027
2027
2027
2027
2027
2027
2027
2027
2027
2027
2027
2027
2027
2027
2027
2027
2027
2027
2027
2027
2027
2027
2027
2027
2027
2027
2027
2027
2027
2027
2027
