14885
20000
14943
14943
14943
14943
14900
14900
14900
14900
14900
14900
14900
14900
14900
14900
14900
14900
14900
14900
14900
14900
14900
14900
14900
14900
14900
14900
14900
14900
14900
14900
14900
14900
14900
14900
14900
14900
14900
14900
14900
14900
14900
14900
14900
14900
14900
14800
14800
14800
14800
14800
14800
14800
14800
14800
14800
14800
14800
14800
14800
14800
14800
14800
14800
14800
14800
14800
14800
14800
14800
14800
14800
14800
14800
14800
14800
14800
14800
14800
14800
14800
14800
14800
14800
14800
14800
14800
14800
14800
14800
14800
14800
14800
14800
14800
14800
14800
14800
14800
14800
14800
14800
14800
14800
14800
14800
14800
14800
14800
14800
14800
14800
14800
14800
14800
14800
14800
14800
14800
14800
14800
14800
14800
14800
14800
14800
14800
14800
14800
14800
14800
14800
14800
14800
14800
14800
14800
14800
14800
14800
14800
14800
14800
14800
14800
14800
14760
14760
14760
14760
14760
14760
14760
14760
14760
14760
14760
14760
14760
14760
14760
14760
14743
14743
14743
14743
14743
14743
14743
14743
14743
14743
14743
14743
14743
14743
14743
14712
14712
14712
14712
14712
14712
14712
14712
14712
14712
14712
14712
14712
14712
14712
14712
14712
14712
14712
14712
14712
14712
14712
14712
14712
14712
14712
14712
14712
14712
14712
14712
14712
14712
14712
14712
14712
14712
14712
14712
14712
14712
14712
14712
14712
14712
14712
14712
14699
14699
14699
14699
14699
14699
14699
14699
14699
14699
14699
14699
14699
14699
14699
14699
14699
14699
14699
14699
14699
14699
14699
14699
14699
14699
14699
14699
14699
14699
14699
14699
14699
14699
14699
14699
14699
14699
14699
14699
14699
14699
14699
14699
14699
14699
14699
14699
14699
14699
14699
14699
14699
14699
14699
14699
14699
14699
14699
14691
14691
14691
14691
14691
14691
14691
14691
14691
14691
14691
14691
14691
14691
14691
14691
14691
14691
14691
14691
14691
14691
14691
14691
14691
14691
14691
14691
14691
14691
14691
14691
14691
14691
14691
14691
14691
14691
14691
14691
14691
14691
14691
14691
14691
14691
14691
14691
14687
14687
14687
14687
14687
14687
14687
14687
14687
14687
14687
14687
14687
14687
14687
14687
14687
14687
14687
14687
14687
14687
14687
14687
14687
14687
14687
14687
14687
14687
14687
14687
14687
14687
14687
14687
14687
14687
14687
14687
14687
14687
14687
14687
14687
14687
14687
14687
14687
14687
14687
14687
14687
14687
14687
14687
14687
14603
14603
14603
14603
14603
14603
14603
14603
14603
14603
14603
14603
14603
14603
14603
14603
14603
14603
14603
14603
14603
14603
14603
14603
14603
14603
14603
14603
14603
14603
14603
14603
14603
14603
14603
14603
14603
14603
14603
14603
14603
14603
14603
14603
14603
14603
14603
14603
14603
14603
14603
14603
14603
14603
14603
14603
14603
14603
14581
14581
14581
14581
14581
14581
14581
14581
14581
14581
14581
14581
14581
14581
14581
14581
14581
14581
14581
14581
14581
14581
14581
14581
14581
14581
14581
14581
14581
14581
14581
14581
14581
14581
14581
14581
14581
14581
14581
14581
14581
14581
14581
14581
14581
14581
14581
14581
14581
14581
14581
14581
14581
14581
14581
14581
14581
14581
14581
14581
14581
14581
14581
14581
14581
14581
14581
14581
14581
14581
14581
14581
14581
14581
14581
14581
14581
14579
14579
14579
14579
14579
14579
14579
14579
14579
14579
14579
14579
14579
14579
14579
14579
14579
14579
14555
14555
14555
14555
14555
14555
14555
14555
14555
14555
14555
14555
14555
14555
14555
14555
14555
14555
14555
14555
14555
14555
14555
14555
14555
14555
14555
14555
14555
14555
14555
14555
14555
14555
14555
14555
14555
14555
14555
14555
14555
14555
14555
14555
14555
14497
14497
14497
14497
14497
14497
14497
14497
14497
14497
14497
14497
14497
14497
14497
14497
14497
14497
14497
14497
14497
14497
14497
14497
14497
14497
14497
14497
14497
14497
14497
14497
14497
14497
14497
14497
14497
14497
14497
14497
14497
14497
14497
14497
14497
14497
14497
14497
14497
14497
14469
14469
14469
14469
14469
14469
14469
14469
14469
14469
14469
14469
14469
14469
14469
14469
14469
14469
14469
14469
14469
14469
14469
14469
14469
14469
14469
14469
14469
14469
14469
14469
14469
14469
14469
14469
14469
14469
14469
14469
14469
14469
14469
14469
14469
14469
14469
14469
14469
14469
14469
14469
14469
14469
14469
14469
14469
14469
14469
14469
14469
14469
14469
14469
14469
14469
14469
14469
14469
14469
14469
14469
14469
14469
14469
14469
14469
14469
14469
14469
14469
14469
14469
14469
14469
14469
14469
14469
14469
14469
14469
14469
14469
14353
14353
14353
14353
14353
14353
14353
14353
14353
14353
14353
14353
14353
14353
14353
14353
14353
14353
14353
14353
14353
14353
14353
14353
14353
14353
14353
14353
14353
14353
14353
14353
14353
14353
14353
14353
14353
14353
14353
14353
14353
14353
14353
14353
14353
14353
14353
14353
14353
14353
14353
14353
14353
14353
14353
14353
14353
14353
14353
14353
14353
14353
14353
14353
14353
14353
14353
14353
14353
14353
14353
14353
14353
14353
14353
14353
14353
14353
14353
14353
14353
14353
14353
14304
14304
14304
14304
14304
14304
14304
14304
14304
14304
14304
14304
14304
14304
14304
14304
14304
14304
14304
14304
14304
14304
14304
14304
14304
14304
14304
14304
14304
14304
14304
14304
14242
14242
14242
14242
14242
14242
14242
14242
14242
14242
14242
14242
14242
14242
14017
14017
14017
14017
14017
14017
14017
14017
14017
14017
14017
14017
14017
14017
14017
14017
14017
14017
14017
14017
14017
14017
14017
14017
14017
14017
14017
14017
14017
14017
14017
14017
14017
14017
14017
14017
14017
14017
14017
14017
14017
14017
14017
14017
14017
14017
14017
14017
14017
14017
14017
14017
14017
14017
14017
14017
14017
14017
14017
14017
14017
14017
14017
14017
14017
14017
14017
14014
14014
14014
14014
14014
14014
14014
14014
14014
14014
14014
14014
14014
14014
14014
14014
14014
14014
14014
14014
14014
14014
14014
14014
14014
14014
14014
14014
14014
14014
14014
14014
14014
14014
14014
14014
14014
14014
14014
14014
14014
14014
14014
14014
14014
14014
14014
14014
14014
14014
14014
14014
13963
13963
13963
13963
13963
13963
13963
13963
13963
13963
13963
13963
13963
13963
13963
13963
13963
13963
13963
13963
13963
13963
13963
13963
13963
13963
13963
13963
13963
13963
13963
13963
13963
13963
13963
13963
13963
13963
13963
13963
13963
13963
13963
13963
13963
13963
13963
13963
13963
13963
13963
13963
13963
13963
13963
13963
13963
13963
13963
13963
13963
13963
13963
13963
13963
13963
13963
13963
13963
13963
13963
13963
13963
13963
13963
13963
13963
13963
13963
13963
13963
13963
13943
13943
13943
13943
13943
13943
13943
13943
13820
13820
13820
13820
13820
13820
13820
13820
13820
13820
13820
13820
13820
13820
13820
13820
13820
13820
13820
13820
13820
13820
13820
13820
13820
13820
13820
13820
13820
13820
13820
13820
13820
13820
13820
13820
13820
13820
13820
13820
13820
13820
13820
13820
13820
13820
13820
13820
13820
13820
13820
13820
13820
13820
13820
13820
13820
13820
13820
13820
13820
13820
13820
13820
13820
13820
13820
13820
13820
13820
13820
13820
13820
13820
13820
13820
13820
13820
13820
13820
13820
13820
13820
13820
13820
13820
13820
13820
13820
13820
13820
13820
13820
13820
13818
13818
13818
13818
13818
13818
13818
13818
13818
13818
13818
13818
13818
13818
13818
13818
13818
13818
13818
13818
13818
13818
13818
13818
13818
13818
13818
13818
13818
13818
13818
13818
13818
13818
13818
13818
13818
13818
13818
13818
13818
13818
13818
13818
13818
13818
13818
13818
13818
13818
13818
13818
13818
13818
13801
13801
13801
13801
13801
13801
13801
13801
13801
13801
13801
13801
13801
13801
13801
13801
13801
13801
13801
13801
13801
13801
13801
13801
13801
13801
13801
13801
13801
13801
13801
13801
13801
13801
13801
13801
13801
13801
13801
13801
13801
13801
13801
13801
13801
13801
13801
13801
13801
13801
13801
13801
13801
13801
13801
13801
13801
13801
13801
13801
13801
13801
13801
13801
13801
13796
13796
13796
13796
13796
13796
13796
13796
13796
13796
13796
13796
13796
13796
13796
13796
13796
13796
13796
13796
13796
13796
13796
13796
13796
13796
13796
13796
13796
13796
13796
13796
13796
13796
13796
13796
13796
13796
13796
13796
13796
13796
13796
13796
13665
13665
13665
13665
13665
13665
13665
13665
13665
13665
13665
13665
13665
13665
13665
13653
13653
13653
13653
13653
13653
13653
13653
13653
13653
13653
13653
13653
13653
13653
13653
13653
13653
13653
13653
13653
13653
13653
13653
13653
13653
13653
13653
13653
13653
13653
13653
13653
13653
13653
13653
13653
13653
13653
13653
13653
13653
13653
13653
13653
13653
13653
13653
13653
13653
13653
13653
13652
13652
13652
13652
13652
13652
13652
13652
13652
13652
13652
13652
13652
13652
13652
13652
13652
13652
13652
13652
13652
13652
13652
13652
13652
13652
13652
13652
13652
13652
13652
13652
13652
13652
13652
13652
13652
13652
13652
13652
13652
13652
13652
13652
13652
13652
13652
13652
13652
13652
13652
13652
13652
13652
13652
13652
13652
13652
13652
13652
13652
13652
13652
13652
13652
13652
13652
13652
13652
13652
13652
13652
13652
13652
13652
13652
13652
13652
13592
13592
13592
13592
13592
13592
13592
13592
13592
13592
13592
13592
13592
13592
13592
13592
13592
13592
13592
13592
13592
13592
13592
13592
13592
13592
13592
13592
13592
13592
13592
13592
13592
13592
13592
13592
13592
13592
13592
13592
13592
13592
13592
13592
13592
13592
13592
13592
13592
13592
13592
13592
13592
13592
13592
13592
13592
13592
13592
13592
13592
13592
13592
13592
13592
13592
13592
13592
13592
13592
13592
13592
13592
13592
13592
13592
13592
13592
13592
13592
13592
13592
13592
13592
13592
13592
13592
13592
13592
13592
13592
13592
13432
13432
13432
13432
13432
13432
13432
13432
13432
13432
13432
13432
13432
13432
13432
13432
13432
13432
13432
13432
13432
13432
13432
13432
13432
13432
13432
13432
13432
13432
13432
13432
13432
13432
13432
13432
13432
13432
13432
13432
13432
13432
13432
13432
13432
13432
13432
13432
13432
13432
13432
13432
13432
13432
13432
13432
13432
13432
13432
13432
13432
13432
13432
13432
13432
13432
13432
13432
13432
13432
13432
13432
13432
13432
13432
13432
13432
13432
13430
13430
13430
13430
13430
13430
13430
13430
13430
13430
13430
13430
13430
13430
13430
13430
13430
13430
13430
13430
13430
13430
13430
13430
13430
13430
13430
13430
13430
13430
13430
13430
13430
13430
13430
13430
13430
13430
13430
13430
13430
13430
13430
13430
13430
13430
13430
13430
13430
13430
13430
13430
13430
13430
13430
13430
13430
13430
13430
13430
13430
13430
13430
13430
13331
13331
13331
13331
13331
13331
13331
13331
13331
13331
13331
13331
13331
13331
13331
13331
13331
13331
13331
13331
13331
13331
13331
13331
13331
13331
13331
13331
13331
13331
13331
13331
13331
13331
13331
13331
13331
13331
13331
13331
13331
13331
13331
13331
13331
13331
13331
13331
13331
13331
13331
13331
13331
13331
13331
13331
13331
13331
13331
13331
13331
13331
13331
13331
13331
13331
13331
13331
13331
13331
13323
13323
13323
13323
13323
13271
13271
13271
13271
13271
13271
13271
13271
13271
13271
13271
13271
13271
13271
13271
13271
13271
13271
13271
13271
13271
13271
13271
13271
13271
13271
13271
13271
13271
13271
13271
13271
13271
13271
13271
13271
13271
13271
13271
13271
13271
13271
13271
13271
13271
13271
13271
13271
13271
13271
13271
13271
13271
13271
13271
13271
13271
13271
13271
13271
13271
13271
13271
13271
13271
13271
13271
13271
13271
13271
13271
13271
13271
13271
13258
13258
13258
13258
13258
13258
13258
13258
13257
13257
13257
13257
13257
13257
13257
13257
13257
13257
13257
13257
13257
13257
13257
13257
13257
13257
13257
13257
13257
13257
13257
13257
13257
13257
13257
13257
13257
13257
13257
13257
13152
13152
13152
13152
13152
13152
13152
13152
13152
13152
13152
13152
13152
13152
13152
13152
13152
13152
13152
13152
13152
13152
13152
13152
13152
13152
13152
13152
13152
13152
13152
13126
13126
13126
13126
13126
13126
13126
13126
13126
13126
13126
13126
13126
13126
13126
13126
13126
13126
13126
13126
13126
13126
13126
13126
13126
13126
13126
13126
13126
13126
13126
13126
13126
13126
13126
13126
13126
13126
13126
13126
13126
13126
13126
13126
13103
13103
13103
13103
13103
13103
13103
13103
13103
13103
13103
13103
13103
13103
13103
13103
13103
13103
13103
13103
13103
13103
13103
13103
13103
13103
13103
13103
13103
13103
13103
13103
13103
13103
13103
13103
13103
13103
13103
13103
13103
13103
13103
13103
13103
13103
13103
13103
13103
13103
13103
13103
13103
13103
13103
13103
13103
13103
13103
13103
13103
13103
13103
13103
13103
13103
13103
13103
13103
13103
13103
13103
13103
13103
13103
13103
13103
13103
13103
13103
13103
13094
13094
13094
13094
13094
13094
13094
13094
13094
13094
13094
13094
13094
13094
13094
13094
13094
13094
13094
13094
13094
13094
13094
13094
13094
13094
13094
13094
13094
13094
13094
13094
13094
13094
13094
13094
13094
13094
13094
13094
13094
13094
13094
13094
13094
13094
13094
13094
13094
13094
13094
13094
13094
13094
13094
13094
13094
13094
13094
13094
13094
13094
13094
13094
13094
13094
13094
13094
13094
13094
13094
13094
13094
13094
13094
13094
13094
13094
13094
13094
13094
13094
13094
13094
13062
13062
13062
13062
13062
13062
13062
13062
13062
13062
13062
13062
13062
13062
13062
13062
13062
13062
13062
13062
13062
13062
13062
13062
13062
13062
13062
13062
13062
13062
13062
13062
13062
13062
13062
13062
13062
13062
13062
13062
13062
13062
13062
13062
13062
13062
13062
13062
13062
13062
13062
13062
13062
13062
13062
13062
13062
13062
13062
13062
13062
13062
13062
13062
13062
13062
13062
13062
13062
13062
13062
13062
13062
13062
13062
13062
13062
13062
13062
13062
13062
13062
13062
13023
13023
13023
13023
13023
13023
13023
13023
13023
13023
13010
13010
13010
13010
13010
13010
13010
13010
13010
13010
13010
13010
13010
13010
13010
13010
13010
13010
13010
13010
13010
13010
13010
13010
13010
13010
13010
13010
13010
13010
13010
13010
13010
13010
13010
13010
13010
13010
13010
13010
12994
12994
12994
12994
12994
12994
12994
12994
12994
12994
12994
12994
12994
12994
12994
12994
12994
12994
12994
12994
12994
12994
12994
12994
12994
12994
12994
12994
12994
12994
12994
12994
12994
12994
12994
12994
12994
12994
12994
12994
12994
12994
12994
12994
12994
12994
12994
12994
12994
12994
12994
12994
12994
12994
12994
12994
12994
12994
12994
12994
12994
12994
12994
12994
12994
12994
12994
12994
12994
12994
12994
12994
12991
12991
12991
12991
12991
12991
12991
12991
12991
12991
12991
12991
12991
12991
12991
12991
12991
12991
12991
12991
12991
12991
12991
12991
12991
12991
12940
12940
12940
12940
12940
12940
12940
12940
12940
12940
12940
12940
12940
12940
12940
12940
12940
12940
12940
12940
12940
12940
12940
12940
12940
12940
12940
12940
12940
12940
12940
12940
12940
12940
12940
12940
12940
12940
12940
12940
12935
12935
12935
12935
12935
12935
12935
12935
12935
12935
12935
12935
12935
12935
12935
12935
12935
12935
12935
12935
12935
12935
12935
12935
12935
12935
12935
12935
12935
12935
12935
12935
12935
12935
12935
12935
12935
12935
12935
12935
12935
12935
12935
12935
12935
12935
12935
12935
12935
12935
12935
12935
12935
12935
12935
12935
12935
12935
12935
12935
12935
12935
12935
12935
12935
12935
12935
12935
12935
12935
12935
12935
12935
12935
12935
12935
12935
12935
12935
12935
12935
12935
12935
12935
12935
12935
12935
12935
12935
12935
12935
12935
12935
12935
12935
12935
12935
12935
12935
12935
12809
12809
12809
12809
12809
12809
12809
12809
12809
12809
12809
12809
12809
12809
12809
12809
12809
12809
12809
12809
12809
12809
12809
12809
12809
12809
12809
12809
12809
12809
12809
12809
12809
12809
12809
12809
12809
12809
12809
12809
12809
12809
12809
12809
12809
12809
12809
12809
12809
12809
12809
12809
12809
12809
12809
12809
12809
12809
12809
12809
12803
12803
12803
12803
12803
12803
12803
12803
12803
12803
12803
12803
12803
12803
12803
12803
12803
12803
12803
12803
12803
12803
12803
12803
12803
12803
12803
12803
12803
12803
12803
12803
12803
12803
12803
12803
12803
12803
12803
12803
12803
12803
12803
12803
12803
12803
12803
12803
12803
12803
12803
12803
12803
12803
12803
12803
12803
12803
12803
12803
12803
12803
12803
12803
12803
12803
12803
12803
12803
12803
12803
12803
12803
12803
12803
12803
12800
12800
12800
12800
12800
12800
12800
12800
12800
12800
12800
12800
12800
12800
12800
12800
12800
12800
12800
12800
12800
12800
12800
12800
12800
12800
12800
12800
12800
12800
12800
12800
12800
12800
12800
12800
12800
12800
12800
12800
12800
12800
12800
12800
12800
12800
12800
12800
12800
12800
12800
12800
12800
12800
12800
12800
12800
12800
12800
12800
12800
12800
12800
12800
12800
12800
12800
12800
12800
12800
12800
12800
12800
12800
12800
12800
12800
12800
12800
12800
12800
12800
12800
12707
12707
12707
12707
12707
12707
12707
12707
12707
12707
12707
12707
12707
12707
12707
12707
12707
12707
12707
12707
12707
12707
12707
12707
12707
12707
12707
12707
12707
12707
12707
12707
12707
12707
12707
12707
12707
12707
12707
12707
12707
12707
12707
12707
12707
12707
12707
12707
12707
12707
12707
12707
12707
12522
12522
12522
12522
12522
12522
12522
12522
12522
12522
12522
12522
12522
12522
12522
12522
12522
12522
12522
12522
12522
12522
12522
12522
12522
12522
12522
12522
12522
12522
12522
12522
12522
12522
12522
12522
12522
12522
12522
12522
12522
12522
12522
12522
12522
12522
12522
12522
12522
12522
12522
12522
12522
12522
12522
12522
12522
12522
12522
12522
12522
12522
12522
12522
12522
12522
12522
12522
12522
12522
12522
12522
12522
12522
12522
12522
12522
12522
12522
12522
12522
12522
12522
12522
12522
12522
12522
12522
12522
12522
12522
12522
12522
12522
12522
12522
12522
12513
12513
12513
12513
12513
12513
12513
12513
12513
12513
12513
12513
12513
12513
12513
12513
12513
12513
12513
12513
12513
12513
12513
12513
12513
12513
12513
12513
12513
12513
12513
12513
12513
12513
12513
12513
12513
12513
12513
12513
12513
12513
12513
12513
12513
12513
12513
12513
12513
12513
12513
12513
12513
12510
12510
12510
12510
12510
12510
12510
12510
12510
12510
12510
12510
12510
12510
12510
12510
12510
12510
12510
12510
12510
12510
12510
12510
12510
12510
12496
12496
12496
12496
12496
12496
12496
12496
12496
12496
12496
12496
12496
12496
12496
12496
12496
12496
12496
12496
12496
12496
12496
12496
12448
12448
12448
12427
12335
12335
12335
12335
12335
12335
12335
12335
12335
12335
12335
12335
12335
12335
12335
12335
12335
12335
12335
12335
12335
12335
12335
12335
12335
12335
12335
12335
12335
12335
12335
12335
12335
12335
12335
12335
12335
12335
12335
12335
12335
12335
12335
12335
12335
12335
12335
12335
12335
12291
12291
12291
12291
12291
12291
12291
12291
12291
12291
12291
12291
12291
12291
12291
12291
12291
12291
12291
12291
12291
12291
12291
12291
12291
12291
12291
12291
12291
12291
12291
12291
12291
12291
12291
12291
12291
12291
12291
12291
12291
12291
12291
12245
12245
12245
12245
12245
12245
12245
12245
12245
12245
12245
12245
12245
12245
12245
12245
12245
12245
12245
12245
12245
12245
12245
12245
12245
12245
12245
12245
12245
12245
12245
12245
12245
12245
12245
12245
12245
12245
12245
12245
12245
12245
12245
12245
12245
12245
12245
12245
12245
12245
12245
12245
12245
12245
12245
12245
12245
12245
12245
12245
12245
12235
12235
12235
12235
12235
12235
12235
12235
12235
12235
12235
12235
12235
12235
12235
12235
12235
12235
12235
12235
12235
12235
12235
12235
12235
12235
12235
12235
12235
12235
12235
12235
12235
12235
12235
12235
12176
12176
12176
12176
12176
12176
12176
12176
12176
12176
12176
12176
12176
12176
12176
12176
12176
12176
12176
12176
12176
12176
12176
12176
12176
12176
12176
12176
12176
12176
12176
12176
12176
12176
12176
12176
12176
12176
12176
12176
12176
12176
12176
12176
12176
12176
12176
12176
12176
12176
12176
12176
12176
12176
12176
12176
12176
12176
12176
12176
12176
12176
12176
12176
12176
12176
12176
12176
12176
12151
12151
12151
12108
12108
12108
12108
12108
12108
12108
12108
12108
12108
12108
12108
12108
12108
12108
12108
12108
12108
12108
12108
12108
12108
12108
12108
12108
12108
12108
12108
12108
12108
12108
12108
12108
12108
12108
12108
12108
12108
12108
12108
12108
12108
12108
12108
12108
12108
12108
12108
12108
12108
12108
12108
12108
12108
12108
12108
12108
12029
12029
12029
12029
12029
12029
12029
12029
12029
12029
12029
12029
12029
12029
12029
12029
12029
12029
12029
12029
12029
12029
12029
12029
12029
12029
12029
12029
12029
12029
12029
12029
12029
12029
12029
12029
12029
12029
12029
12029
12029
12029
12029
12029
12029
12029
12029
12029
12029
12029
12021
12021
12021
12021
12021
12021
12021
12021
12021
12021
12021
12021
12021
12021
12021
12021
12021
12021
12021
12021
12021
11986
11986
11986
11986
11986
11986
11986
11986
11986
11986
11986
11986
11986
11986
11986
11986
11986
11986
11986
11986
11986
11986
11986
11986
11986
11986
11986
11986
11986
11986
11986
11986
11986
11986
11986
11986
11986
11986
11986
11986
11986
11986
11986
11986
11986
11986
11986
11986
11986
11986
11986
11986
11986
11986
11986
11986
11986
11986
11986
11986
11986
11986
11986
11986
11986
11986
11986
11986
11986
11986
11986
11986
11986
11986
11986
11986
11804
11804
11804
11804
11804
11804
11804
11804
11804
11804
11804
11804
11804
11804
11804
11804
11804
11804
11804
11804
11804
11804
11804
11804
11804
11804
11804
11804
11804
11804
11804
11804
11804
11804
11804
11804
11641
11641
11641
11641
11641
11641
11641
11641
11641
11641
11641
11641
11641
11641
11641
11641
11641
11641
11641
11641
11641
11641
11641
11641
11641
11641
11641
11641
11641
11641
11641
11641
11641
11641
11641
11641
11641
11641
11641
11641
11641
11641
11641
11641
11641
11641
11641
11641
11641
11641
11641
11641
11641
11641
11641
11641
11641
11641
11641
11641
11641
11641
11641
11641
11641
11641
11641
11641
11641
11641
11641
11641
11641
11641
11641
11641
11641
11641
11641
11641
11641
11641
11641
11641
11641
11641
11641
11641
11641
11610
11610
11610
11610
11610
11610
11610
11610
11610
11610
11610
11610
11610
11610
11610
11610
11610
11610
11610
11610
11610
11610
11610
11610
11610
11610
11557
11557
11557
11557
11557
11557
11557
11557
11557
11557
11557
11557
11557
11557
11557
11557
11557
11557
11557
11557
11557
11557
11557
11557
11557
11557
11557
11557
11557
11557
11557
11557
11557
11557
11557
11557
11557
11557
11557
11557
11557
11557
11557
11557
11557
11557
11557
11557
11466
11466
11466
11466
11466
11466
11466
11466
11466
11466
11466
11466
11466
11466
11466
11466
11466
11466
11466
11466
11466
11466
11466
11466
11462
11462
11462
11462
11462
11462
11462
11462
11462
11462
11462
11462
11462
11462
11462
11462
11462
11462
11462
11462
11462
11462
11462
11462
11462
11462
11446
11446
11446
11446
11446
11446
11446
11446
11446
11446
11446
11446
11446
11446
11446
11446
11446
11446
11446
11446
11446
11446
11446
11446
11446
11446
11446
11446
11446
11446
11446
11446
11446
11446
11446
11446
11446
11446
11446
11446
11446
11446
11446
11446
11446
11446
11446
11446
11446
11446
11446
11446
11446
11446
11446
11446
11446
11446
11446
11446
11446
11387
11387
11387
11387
11387
11387
11387
11387
11387
11387
11387
11387
11387
11387
11387
11387
11387
11373
11373
11373
11373
11373
11373
11373
11373
11373
11373
11373
11373
11373
11373
11373
11373
11373
11373
11373
11373
11373
11373
11373
11373
11373
11373
11373
11373
11373
11373
11373
11373
11373
11373
11373
11373
11373
11373
11373
11373
11373
11373
11373
11373
11373
11373
11334
11334
11334
11334
11334
11334
11334
11334
11334
11334
11334
11334
11334
11334
11334
11334
11334
11334
11334
11334
11334
11334
11334
11334
11334
11334
11334
11334
11334
11334
11334
11334
11334
11334
11334
11334
11334
11334
11334
11334
11334
11334
11334
11334
11334
11334
11334
11334
11334
11334
11334
11334
11334
11334
11334
11334
11236
11236
11236
11236
11236
11236
11236
11236
11236
11236
11236
11236
11236
11236
11236
11236
11236
11236
11236
11236
11236
11236
11236
11236
11236
11236
11236
11236
11236
11236
11236
11236
11236
11236
11236
11236
11236
11236
11236
11236
11236
11236
11236
11228
11228
11228
11228
11228
11228
11228
11228
11228
11228
11228
11228
11228
11228
11228
11228
11228
11228
11228
11228
11228
11228
11228
11228
11228
11228
11228
11228
11228
11228
11228
11228
11228
11228
11228
11228
11228
11228
11228
11228
11228
11228
11228
11228
11228
11228
11228
11228
11228
11228
11228
11228
11228
11228
11228
11228
11228
11228
11228
11228
11228
11228
11228
11228
11228
11228
11228
11228
11228
11228
11228
11228
11228
11228
11228
11228
11228
11228
11228
11228
11228
11228
11228
11228
11228
11228
11186
11186
11186
11186
11186
11186
11186
11186
11186
11186
11186
11186
11186
11186
11186
11186
11186
11186
11186
11186
11186
11186
11186
11186
11186
11186
11186
11186
11186
11186
11186
11186
11186
11186
11186
11186
11186
11186
11186
11186
11186
11186
11186
11186
11186
11186
11186
11186
11186
11177
11177
11177
11177
11177
11177
11177
11177
11177
11177
11177
11177
11177
11177
11177
11177
11177
11177
11177
11177
11177
11177
11177
11177
11177
11177
11177
11177
11177
11177
11177
11177
11177
11177
11177
11177
11177
11177
11177
11177
11177
11177
11177
11177
11177
11177
11177
11177
11177
11177
11177
11177
11177
11177
11177
11177
11177
11177
11177
11177
11177
11177
11177
11177
11177
11177
11177
11177
11177
11177
11177
11177
11177
11177
11177
11177
11177
11177
11177
11177
11177
11176
11176
11176
11176
11176
11176
11176
11176
11176
11176
11176
11176
11176
11176
11176
11176
11176
11176
11176
11176
11176
11176
11176
11176
11176
11176
11176
11176
11176
11176
11176
11176
11176
11176
11176
11176
11176
11176
11176
11176
11176
11176
11176
11176
11176
11176
11176
11176
11176
11176
11176
11176
11176
11176
11176
11176
11176
11176
11176
11176
11176
11176
11176
11176
11176
11176
11176
11176
11176
11176
11176
11176
11176
11176
11176
11176
11109
11109
11109
11109
11109
11109
11109
11109
11109
11109
11109
11109
11109
11109
11109
11109
11109
11109
11109
11109
11109
11109
11109
11109
11109
11109
11109
11109
11109
11109
11109
11109
11109
11109
11109
11109
11109
11109
11109
11109
11109
11109
11109
11109
11109
11109
11109
11109
11109
11109
11109
11109
11109
11091
11091
11091
11091
11091
11091
11091
11091
11091
11091
11091
11091
11091
11091
11091
11091
11091
11091
11091
11091
11091
11091
11091
11091
11091
11091
11091
11091
11091
11091
11091
11091
11091
11091
11091
11091
11091
11091
11091
11091
11091
11091
11091
11091
11091
11091
11091
11091
11091
11091
11091
11091
11091
11091
11091
11091
11091
11091
11091
11091
11091
11091
11091
11091
11091
11091
11091
11091
11091
11091
11091
11091
11091
11091
11091
11091
11032
11032
11032
11032
11032
11030
11030
11030
11030
11030
11030
11030
11030
11030
11030
11030
11030
11030
11030
11030
11030
11030
11030
11030
11030
11030
11030
11030
11030
11030
11030
11030
11030
11030
11030
11030
11030
11030
11030
11030
11030
11030
11030
11030
11030
11030
11030
11030
11030
11030
11030
10953
10953
10953
10953
10953
10953
10953
10953
10953
10953
10953
10953
10953
10953
10953
10953
10953
10953
10953
10953
10953
10953
10953
10953
10953
10953
10953
10953
10953
10953
10953
10953
10953
10953
10953
10953
10953
10953
10953
10953
10953
10953
10953
10953
10953
10953
10953
10953
10953
10953
10953
10953
10953
10953
10953
10953
10953
10953
10953
10953
10953
10953
10953
10953
10953
10953
10953
10953
10953
10953
10953
10953
10953
10953
10953
10953
10953
10953
10953
10953
10953
10953
10953
10953
10953
10953
10953
10953
10953
10953
10953
10953
10953
10953
10953
10953
10953
10953
10953
10953
10934
10934
10934
10934
10934
10934
10934
10934
10934
10934
10934
10934
10934
10934
10934
10934
10934
10934
10934
10934
10934
10934
10934
10934
10934
10934
10934
10934
10934
10934
10934
10934
10934
10934
10934
10934
10934
10934
10934
10934
10934
10934
10934
10934
10934
10934
10934
10934
10934
10934
10934
10934
10934
10934
10934
10934
10934
10934
10934
10934
10934
10929
10929
10929
10929
10929
10929
10929
10929
10929
10929
10929
10929
10929
10929
10929
10929
10929
10929
10929
10929
10929
10929
10929
10929
10929
10929
10929
10929
10929
10929
10929
10929
10929
10929
10929
10929
10929
10929
10929
10929
10929
10929
10929
10929
10929
10929
10929
10929
10929
10929
10929
10929
10929
10885
10885
10885
10885
10885
10885
10885
10885
10885
10885
10885
10885
10885
10885
10885
10885
10885
10885
10885
10885
10885
10885
10885
10885
10885
10885
10885
10885
10885
10885
10885
10885
10885
10885
10885
10885
10885
10885
10885
10885
10885
10885
10885
10885
10885
10885
10885
10885
10885
10885
10885
10885
10885
10885
10885
10885
10885
10885
10885
10885
10885
10885
10885
10885
10885
10885
10885
10885
10885
10885
10885
10885
10885
10885
10871
10871
10871
10871
10871
10871
10871
10871
10871
10871
10871
10871
10871
10871
10871
10871
10871
10871
10871
10871
10871
10871
10871
10871
10871
10871
10871
10871
10871
10871
10871
10871
10871
10871
10871
10871
10871
10871
10871
10871
10871
10871
10871
10871
10871
10871
10871
10871
10871
10871
10871
10871
10871
10871
10871
10871
10871
10871
10871
10871
10871
10871
10871
10871
10871
10810
10810
10810
10810
10810
10810
10810
10810
10810
10810
10810
10810
10810
10810
10810
10810
10810
10810
10810
10810
10810
10810
10810
10810
10810
10810
10810
10810
10810
10810
10810
10810
10810
10810
10810
10810
10789
10789
10789
10789
10789
10789
10789
10789
10789
10789
10789
10789
10789
10789
10789
10789
10789
10789
10789
10789
10789
10789
10789
10789
10789
10789
10789
10789
10789
10789
10789
10789
10789
10789
10789
10789
10789
10789
10789
10789
10789
10789
10789
10789
10789
10789
10789
10789
10789
10789
10789
10789
10789
10789
10789
10789
10789
10789
10789
10789
10789
10789
10789
10789
10789
10789
10789
10789
10789
10789
10789
10789
10789
10789
10789
10789
10789
10789
10789
10789
10789
10789
10715
10715
10715
10644
10644
10644
10644
10644
10644
10644
10644
10644
10644
10644
10644
10644
10644
10644
10644
10644
10644
10644
10644
10644
10644
10644
10644
10644
10553
10553
10553
10553
10553
10553
10553
10553
10553
10553
10553
10553
10553
10553
10553
10553
10553
10553
10553
10553
10553
10553
10553
10553
10553
10553
10553
10553
10553
10553
10553
10553
10553
10553
10553
10553
10553
10553
10553
10553
10553
10553
10553
10553
10553
10553
10553
10553
10553
10553
10553
10553
10553
10553
10553
10530
10530
10530
10530
10530
10530
10530
10530
10530
10530
10530
10530
10530
10530
10530
10530
10530
10530
10530
10530
10530
10530
10530
10530
10530
10530
10530
10530
10530
10530
10530
10530
10530
10530
10530
10530
10530
10530
10530
10530
10530
10530
10530
10447
10447
10447
10447
10447
10447
10447
10447
10433
10433
10433
10433
10433
10433
10433
10433
10433
10433
10433
10433
10433
10433
10433
10433
10433
10433
10433
10433
10433
10433
10433
10433
10433
10433
10433
10433
10433
10433
10433
10433
10433
10433
10433
10433
10433
10433
10433
10433
10433
10433
10433
10433
10433
10433
10433
10371
10371
10371
10329
10329
10329
10329
10329
10329
10329
10329
10329
10329
10329
10329
10329
10329
10329
10329
10329
10329
10329
10329
10329
10329
10329
10329
10329
10329
10329
10329
10329
10329
10329
10329
10329
10329
10329
10329
10329
10329
10329
10329
10329
10329
10329
10329
10329
10329
10329
10329
10329
10329
10329
10329
10329
10329
10329
10329
10329
10329
10329
10329
10329
10329
10329
10329
10329
10329
10329
10329
10329
10329
10329
10329
10329
10329
10329
10329
10329
10329
10329
10329
10329
10329
10329
10329
10329
10329
10329
10329
10329
10329
10329
10329
10329
10329
10329
10329
10329
10321
10321
10321
10321
10321
10321
10321
10321
10321
10321
10321
10321
10321
10321
10321
10321
10321
10321
10321
10321
10321
10321
10321
10321
10321
10321
10321
10321
10321
10321
10321
10321
10321
10321
10321
10321
10321
10321
10321
10321
10321
10321
10321
10321
10321
10321
10321
10321
10321
10321
10321
10321
10321
10321
10321
10321
10321
10321
10321
10321
10321
10321
10321
10321
10321
10321
10321
10321
10321
10321
10321
10321
10321
10321
10321
10321
10321
10321
10321
10321
10321
10321
10321
10321
10321
10321
10321
10305
10305
10305
10305
10305
10305
10305
10305
10305
10305
10305
10305
10305
10305
10305
10305
10305
10305
10305
10305
10305
10305
10305
10305
10305
10268
10268
10268
10268
10268
10268
10268
10268
10268
10268
10268
10268
10268
10268
10268
10268
10268
10202
10202
10202
10202
10202
10202
10202
10202
10202
10202
10202
10202
10202
10202
10202
10202
10202
10202
10202
10202
10202
10202
10202
10202
10202
10202
10202
10202
10202
10202
10202
10202
10202
10202
10202
10202
10202
10202
10202
10202
10202
10202
10202
10202
10202
10202
10202
10202
10202
10202
10202
10202
10202
10202
10202
10202
10202
10202
10202
10202
10202
10202
10202
10202
10202
10202
10202
10202
10202
10202
10202
10202
10202
10202
10165
10165
10165
10156
10156
10156
10156
10156
10156
10156
10156
10156
10156
10156
10156
10156
10156
10156
10156
10156
10156
10156
10156
10156
10156
10156
10156
10156
10156
10156
10156
10156
10156
10156
10156
10156
10151
10151
10151
10151
10151
10151
10151
10151
10151
10151
10151
10151
10151
10151
10151
10096
10096
10096
10096
10096
10096
10096
10096
10096
10096
10096
10096
10096
10096
10096
10096
10096
10096
10096
10096
9967
9967
9967
9967
9967
9967
9967
9967
9967
9967
9967
9967
9967
9967
9967
9967
9967
9967
9967
9967
9967
9967
9967
9967
9967
9967
9967
9967
9841
9841
9841
9841
9841
9841
9841
9841
9841
9841
9841
9841
9841
9841
9841
9841
9841
9841
9841
9841
9841
9841
9841
9841
9841
9841
9841
9841
9841
9841
9841
9841
9841
9841
9841
9841
9841
9841
9841
9841
9841
9841
9841
9841
9841
9841
9841
9841
9841
9841
9841
9841
9841
9841
9841
9841
9841
9841
9841
9841
9841
9841
9841
9841
9841
9841
9841
9841
9738
9738
9738
9738
9738
9738
9738
9738
9738
9738
9738
9738
9738
9738
9738
9738
9738
9738
9738
9738
9738
9738
9738
9738
9738
9738
9738
9738
9738
9738
9738
9738
9738
9738
9738
9738
9738
9738
9738
9738
9738
9738
9738
9738
9738
9738
9738
9738
9738
9738
9738
9738
9738
9738
9738
9738
9738
9738
9738
9738
9738
9738
9738
9738
9738
9738
9738
9738
9738
9738
9738
9738
9738
9738
9738
9738
9738
9738
9738
9738
9738
9738
9738
9738
9738
9696
9696
9696
9696
9696
9696
9696
9696
9696
9696
9696
9696
9696
9696
9696
9696
9696
9696
9696
9696
9696
9696
9696
9696
9696
9696
9696
9696
9696
9696
9681
9681
9681
9681
9681
9681
9681
9681
9681
9681
9681
9681
9681
9681
9681
9681
9681
9681
9681
9681
9681
9681
9681
9681
9681
9681
9681
9681
9681
9681
9681
9681
9681
9681
9681
9681
9681
9681
9681
9681
9681
9681
9681
9681
9681
9681
9681
9681
9681
9681
9681
9681
9681
9681
9681
9681
9681
9681
9681
9681
9681
9681
9681
9640
9640
9640
9640
9640
9640
9640
9608
9608
9608
9608
9608
9608
9608
9608
9608
9608
9608
9608
9608
9608
9608
9608
9608
9608
9608
9608
9608
9608
9608
9608
9608
9608
9600
9600
9600
9600
9600
9600
9600
9600
9600
9600
9600
9600
9600
9600
9600
9600
9600
9600
9600
9600
9600
9600
9600
9600
9600
9600
9600
9600
9600
9600
9600
9600
9600
9600
9600
9600
9600
9600
9600
9600
9600
9600
9600
9600
9600
9600
9600
9600
9600
9600
9600
9600
9600
9600
9600
9600
9600
9600
9600
9600
9600
9600
9600
9600
9600
9600
9600
9600
9600
9600
9600
9600
9600
9600
9588
9588
9588
9588
9588
9588
9588
9588
9588
9588
9588
9588
9588
9588
9588
9588
9588
9588
9588
9588
9588
9588
9588
9588
9588
9588
9588
9588
9588
9588
9588
9588
9588
9588
9588
9588
9588
9588
9588
9588
9588
9588
9588
9588
9588
9588
9588
9588
9588
9588
9588
9588
9588
9588
9588
9588
9588
9588
9588
9588
9588
9588
9588
9588
9588
9588
9588
9588
9588
9588
9588
9588
9588
9588
9588
9588
9588
9588
9588
9588
9588
9588
9566
9566
9566
9566
9566
9566
9566
9566
9566
9566
9566
9566
9566
9566
9566
9566
9566
9566
9566
9566
9566
9566
9566
9566
9566
9566
9566
9566
9566
9566
9566
9566
9566
9566
9566
9566
9566
9566
9566
9566
9566
9566
9566
9566
9566
9566
9566
9566
9566
9566
9566
9566
9566
9566
9566
9566
9566
9566
9566
9566
9566
9566
9566
9528
9528
9528
9528
9528
9528
9528
9528
9528
9528
9528
9528
9528
9528
9528
9528
9528
9528
9528
9528
9528
9528
9528
9528
9528
9528
9528
9528
9528
9528
9528
9528
9528
9528
9528
9528
9528
9528
9528
9528
9528
9528
9528
9528
9528
9528
9528
9528
9528
9528
9528
9528
9528
9528
9528
9528
9528
9528
9528
9528
9528
9528
9528
9528
9528
9528
9528
9528
9528
9528
9528
9528
9528
9528
9528
9528
9528
9528
9528
9528
9528
9528
9528
9528
9528
9528
9528
9528
9528
9528
9528
9528
9528
9521
9521
9521
9521
9521
9521
9521
9521
9521
9521
9521
9521
9521
9521
9521
9481
9481
9481
9481
9481
9481
9481
9481
9481
9481
9481
9481
9481
9481
9481
9481
9481
9481
9481
9481
9481
9481
9481
9481
9481
9481
9481
9481
9481
9481
9481
9481
9481
9481
9481
9481
9481
9481
9481
9481
9481
9481
9481
9481
9481
9481
9481
9481
9481
9481
9481
9481
9465
9465
9465
9465
9465
9465
9465
9465
9465
9465
9465
9465
9465
9465
9465
9465
9465
9465
9465
9465
9465
9465
9465
9465
9465
9465
9465
9465
9465
9465
9465
9465
9465
9465
9465
9465
9465
9465
9465
9465
9465
9465
9465
9465
9465
9465
9465
9465
9465
9465
9465
9465
9465
9465
9465
9465
9465
9465
9465
9465
9465
9465
9465
9465
9465
9465
9465
9465
9465
9465
9465
9465
9465
9465
9465
9465
9465
9465
9465
9465
9465
9465
9465
9465
9465
9465
9465
9465
9465
9465
9465
9465
9465
9465
9465
9465
9465
9465
9465
9465
9465
9465
9465
9465
9465
9465
9465
9465
9465
9465
9465
9465
9465
9465
9465
9465
9465
9465
9465
9465
9465
9465
9465
9465
9465
9465
9465
9465
9465
9465
9465
9465
9465
9465
9465
9465
9465
9465
9438
9438
9438
9438
9438
9438
9438
9438
9438
9438
9438
9438
9438
9438
9438
9438
9438
9438
9438
9438
9438
9438
9438
9438
9438
9438
9438
9438
9438
9438
9438
9438
9438
9438
9438
9438
9438
9438
9438
9438
9438
9438
9438
9438
9438
9438
9438
9438
9438
9438
9438
9438
9438
9438
9438
9438
9438
9438
9438
9438
9438
9438
9438
9438
9438
9438
9438
9438
9438
9438
9438
9438
9438
9428
9428
9428
9428
9428
9428
9428
9428
9428
9428
9428
9428
9428
9428
9428
9428
9428
9428
9428
9428
9428
9428
9428
9428
9428
9428
9428
9428
9428
9428
9428
9428
9428
9428
9428
9428
9428
9428
9428
9428
9428
9428
9428
9416
9416
9416
9416
9416
9416
9416
9416
9416
9416
9416
9416
9416
9416
9416
9416
9416
9416
9416
9416
9416
9416
9416
9416
9416
9416
9416
9416
9416
9416
9416
9416
9416
9416
9416
9416
9416
9416
9416
9416
9416
9416
9416
9416
9416
9416
9416
9416
9416
9416
9416
9416
9416
9416
9416
9416
9416
9416
9416
9377
9377
9377
9377
9377
9377
9377
9377
9377
9377
9377
9377
9377
9377
9377
9377
9377
9377
9377
9377
9377
9377
9377
9377
9377
9377
9377
9377
9377
9377
9377
9377
9377
9377
9377
9377
9377
9377
9377
9377
9377
9377
9377
9372
9372
9372
9372
9372
9372
9372
9372
9372
9372
9372
9372
9372
9372
9372
9372
9372
9372
9372
9372
9372
9372
9372
9372
9307
9307
9307
9307
9307
9307
9307
9307
9307
9307
9307
9307
9307
9307
9307
9307
9307
9307
9307
9307
9307
9307
9307
9307
9307
9307
9307
9307
9307
9307
9307
9307
9307
9307
9307
9307
9307
9307
9307
9307
9307
9307
9307
9307
9307
9186
9186
9186
9186
9186
9186
9186
9186
9186
9186
9186
9186
9186
9186
9186
9186
9186
9186
9186
9186
9186
9186
9186
9186
9186
9186
9186
9186
9186
9186
9186
9186
9186
9186
9186
9186
9186
9186
9186
9186
9186
9170
9170
9170
9170
9170
9170
9170
9170
9170
9170
9170
9117
9117
9117
9117
9117
9117
9117
9117
9117
9117
9117
9117
9066
9066
9066
9066
9066
9066
9066
9066
9066
9066
9066
9066
9066
9066
9066
9066
9066
9066
9066
9066
9066
9066
9066
9066
9066
9066
9066
9066
9066
9066
9066
9066
9066
9066
9066
9066
9066
9066
9066
9066
9066
9066
9066
9066
9066
9066
9066
8914
8914
8914
8914
8914
8914
8914
8914
8914
8914
8914
8914
8914
8914
8914
8914
8914
8914
8914
8914
8914
8914
8914
8905
8905
8905
8905
8905
8905
8905
8905
8905
8905
8905
8905
8905
8905
8905
8905
8905
8905
8905
8905
8905
8905
8905
8905
8905
8905
8905
8905
8905
8905
8905
8905
8905
8905
8905
8905
8905
8905
8905
8905
8905
8905
8905
8905
8905
8905
8905
8905
8905
8905
8905
8905
8905
8905
8905
8905
8905
8905
8905
8851
8851
8851
8851
8851
8851
8851
8851
8851
8851
8851
8851
8851
8851
8851
8851
8851
8851
8851
8851
8851
8851
8851
8851
8851
8851
8851
8851
8851
8851
8851
8851
8851
8851
8851
8851
8851
8851
8851
8851
8851
8851
8851
8851
8851
8851
8851
8851
8851
8851
8851
8851
8851
8851
8850
8850
8850
8850
8850
8850
8850
8850
8850
8850
8850
8850
8850
8850
8850
8850
8850
8850
8850
8850
8850
8850
8850
8850
8850
8850
8850
8850
8850
8850
8850
8850
8850
8850
8850
8850
8850
8850
8850
8850
8850
8850
8850
8850
8850
8850
8850
8850
8850
8850
8850
8850
8850
8850
8850
8850
8850
8850
8850
8850
8850
8850
8850
8850
8850
8850
8850
8850
8850
8850
8850
8836
8836
8836
8836
8836
8836
8836
8836
8836
8836
8836
8836
8836
8836
8836
8836
8836
8836
8827
8827
8827
8827
8827
8827
8827
8827
8827
8756
8756
8756
8756
8756
8756
8756
8756
8756
8756
8756
8756
8756
8756
8756
8756
8756
8756
8756
8756
8756
8756
8756
8756
8756
8756
8756
8756
8756
8756
8756
8756
8756
8756
8756
8756
8756
8756
8756
8756
8756
8756
8756
8756
8756
8756
8756
8756
8756
8756
8756
8756
8756
8756
8756
8756
8756
8756
8756
8756
8756
8756
8756
8756
8756
8756
8556
8556
8556
8556
8556
8556
8556
8556
8556
8556
8556
8556
8556
8556
8556
8556
8556
8556
8556
8556
8556
8556
8556
8556
8485
8485
8485
8485
8485
8485
8485
8485
8485
8485
8485
8485
8485
8485
8485
8485
8485
8485
8485
8485
8485
8485
8485
8485
8485
8485
8485
8461
8461
8461
8461
8461
8461
8461
8461
8461
8461
8461
8461
8461
8461
8461
8461
8461
8461
8461
8461
8461
8461
8461
8461
8461
8461
8461
8461
8461
8461
8461
8461
8461
8461
8461
8461
8461
8461
8461
8461
8461
8461
8461
8461
8461
8461
8461
8461
8461
8461
8461
8461
8461
8461
8461
8461
8461
8461
8461
8461
8461
8461
8461
8461
8461
8461
8461
8461
8461
8461
8461
8461
8461
8461
8461
8461
8461
8461
8461
8461
8461
8461
8461
8461
8461
8461
8461
8461
8461
8461
8461
8461
8461
8461
8461
8461
8461
8461
8461
8453
8453
8453
8453
8453
8453
8453
8453
8453
8453
8453
8453
8453
8453
8453
8453
8453
8453
8453
8453
8453
8453
8453
8453
8453
8453
8453
8453
8453
8453
8453
8453
8453
8453
8453
8453
8453
8453
8453
8412
8412
8412
8412
8412
8412
8412
8412
8412
8412
8412
8412
8412
8412
8412
8412
8412
8412
8412
8412
8412
8412
8412
8412
8412
8412
8412
8412
8412
8412
8412
8412
8412
8412
8412
8412
8412
8412
8412
8412
8412
8412
8412
8412
8412
8412
8412
8412
8412
8412
8412
8412
8412
8412
8412
8412
8412
8412
8412
8412
8412
8412
8412
8412
8412
8412
8412
8412
8412
8412
8412
8412
8412
8412
8412
8412
8412
8412
8412
8412
8370
8370
8370
8370
8370
8370
8370
8370
8370
8370
8370
8370
8370
8370
8370
8370
8370
8370
8370
8370
8370
8370
8370
8370
8370
8370
8370
8370
8370
8370
8370
8370
8370
8370
8370
8370
8370
8370
8370
8370
8370
8370
8370
8370
8370
8370
8370
8370
8370
8370
8370
8370
8370
8370
8370
8370
8370
8370
8370
8370
8370
8370
8370
8370
8355
8355
8355
8355
8355
8355
8355
8355
8355
8355
8355
8355
8355
8355
8355
8355
8355
8355
8355
8355
8355
8355
8355
8355
8355
8355
8355
8355
8355
8355
8355
8355
8355
8355
8355
8355
8355
8355
8355
8355
8355
8355
8355
8355
8355
8355
8355
8355
8355
8355
8355
8355
8355
8355
8355
8313
8313
8313
8313
8313
8261
8261
8261
8261
8261
8261
8261
8261
8261
8261
8261
8261
8261
8261
8261
8261
8261
8261
8261
8261
8261
8261
8261
8261
8261
8261
8261
8261
8261
8261
8261
8261
8261
8261
8261
8261
8261
8261
8261
8261
8261
8261
8261
8261
8261
8261
8261
8261
8261
8261
8261
8261
8261
8261
8261
8261
8261
8261
8261
8261
8261
8261
8261
8261
8261
8261
8261
8261
8261
8261
8261
8261
8261
8261
8261
8261
8261
8261
8261
8261
8261
8261
8261
8261
8261
8261
8261
8261
8261
8261
8261
8252
8252
8252
8252
8252
8252
8252
8252
8252
8252
8252
8252
8252
8252
8252
8252
8252
8252
8252
8252
8252
8252
8252
8252
8252
8252
8252
8252
8252
8252
8252
8252
8252
8252
8252
8246
8246
8246
8246
8246
8246
8246
8246
8246
8246
8246
8246
8246
8246
8246
8246
8246
8246
8246
8231
8231
8231
8231
8231
8231
8231
8231
8231
8231
8231
8231
8231
8231
8231
8231
8231
8231
8231
8231
8231
8231
8231
8231
8231
8231
8231
8231
8231
8231
8231
8231
8231
8231
8231
8231
8231
8231
8231
8231
8231
8231
8231
8231
8231
8231
8231
8231
8231
8231
8231
8231
8231
8231
8231
8231
8231
8231
8231
8225
8225
8225
8225
8225
8225
8225
8225
8225
8225
8225
8225
8225
8225
8225
8225
8225
8225
8225
8225
8225
8225
8225
8225
8225
8225
8225
8225
8225
8225
8225
8225
8225
8225
8225
8225
8225
8225
8225
8225
8225
8225
8225
8225
8225
8225
8225
8225
8225
8225
8225
8225
8225
8225
8225
8225
8225
8225
8225
8225
8225
8225
8225
8225
8214
8214
8214
8214
8214
8214
8214
8214
8214
8214
8214
8214
8214
8214
8214
8214
8214
8214
8214
8214
8214
8214
8214
8214
8214
8214
8214
8214
8199
8199
8199
8199
8199
8199
8199
8199
8199
8199
8199
8199
8199
8199
8199
8199
8199
8199
8194
8194
8194
8194
8194
8194
8194
8194
8194
8194
8194
8194
8194
8194
8194
8194
8194
8194
8194
8194
8194
8194
8194
8194
8194
8194
8194
8194
8194
8194
8194
8194
8194
8194
8194
8194
8187
8187
8187
8187
8187
8187
8187
8187
8187
8187
8187
8187
8187
8187
8187
8187
8187
8187
8187
8187
8187
8187
8187
8187
8187
8187
8187
8187
8187
8187
8187
8187
8187
8187
8187
8187
8187
8187
8187
8187
8187
8187
8187
8187
8187
8187
8187
8187
8187
8187
8187
8187
8187
8187
8187
8187
8187
8187
8187
8187
8187
8187
8187
8187
8187
8187
8187
8187
8187
8187
8187
8187
8187
8187
8187
8187
8187
8187
8187
8187
8187
8187
8187
8187
8187
8187
8187
8187
8187
8187
8187
8042
8042
8042
8042
8042
8042
8042
8042
8042
8042
8042
8042
8042
8042
8042
8042
8042
8042
8042
8042
8042
8042
8042
8042
8042
8042
8042
8042
8042
8042
8042
8042
8042
8042
8042
8042
8042
8042
7991
7991
7991
7991
7991
7991
7991
7991
7991
7991
7991
7991
7991
7991
7991
7991
7991
7991
7991
7991
7991
7991
7991
7991
7991
7991
7991
7991
7991
7991
7991
7991
7991
7991
7991
7991
7991
7991
7991
7991
7991
7991
7990
7990
7990
7990
7990
7990
7990
7990
7990
7990
7990
7990
7990
7990
7990
7990
7990
7990
7990
7990
7990
7990
7990
7990
7990
7990
7990
7990
7990
7990
7990
7990
7990
7990
7990
7990
7990
7990
7990
7990
7990
7990
7990
7990
7990
7990
7990
7990
7990
7990
7990
7990
7990
7990
7990
7990
7990
7990
7990
7990
7990
7990
7990
7990
7990
7990
7990
7990
7990
7990
7990
7990
7990
7990
7990
7990
7990
7990
7962
7962
7962
7962
7962
7962
7962
7962
7962
7962
7962
7962
7958
7958
7958
7958
7958
7958
7958
7958
7958
7958
7958
7958
7958
7958
7958
7958
7958
7958
7958
7958
7958
7958
7958
7958
7958
7958
7958
7958
7958
7958
7958
7958
7958
7958
7958
7958
7958
7958
7958
7958
7958
7958
7958
7958
7958
7958
7958
7958
7958
7958
7958
7958
7958
7958
7958
7958
7958
7958
7958
7958
7958
7958
7958
7958
7958
7958
7958
7958
7958
7958
7958
7958
7958
7958
7958
7958
7936
7936
7936
7936
7936
7936
7936
7936
7936
7936
7936
7936
7936
7936
7936
7936
7936
7936
7936
7936
7936
7936
7936
7936
7936
7936
7936
7936
7936
7936
7936
7936
7936
7936
7936
7936
7931
7931
7931
7931
7931
7931
7931
7931
7931
7931
7931
7931
7931
7931
7931
7931
7931
7931
7931
7931
7931
7931
7931
7931
7931
7931
7931
7931
7931
7931
7931
7931
7931
7931
7931
7919
7919
7919
7919
7919
7919
7919
7919
7919
7919
7919
7919
7919
7919
7919
7919
7919
7919
7919
7919
7919
7919
7919
7919
7919
7919
7919
7919
7919
7919
7919
7919
7919
7919
7919
7919
7919
7919
7919
7919
7919
7919
7919
7919
7919
7919
7919
7919
7919
7919
7919
7919
7919
7919
7919
7919
7919
7919
7919
7919
7919
7919
7919
7919
7919
7919
7919
7919
7919
7919
7919
7919
7919
7919
7919
7919
7919
7919
7919
7919
7919
7919
7919
7919
7919
7919
7919
7919
7919
7919
7919
7919
7919
7919
7919
7919
7919
7919
7919
7919
7835
7835
7835
7835
7835
7835
7835
7835
7835
7835
7835
7835
7835
7835
7835
7835
7835
7835
7835
7835
7835
7835
7835
7835
7835
7835
7835
7835
7835
7835
7835
7835
7835
7835
7835
7835
7835
7835
7835
7835
7835
7835
7835
7835
7835
7835
7835
7835
7835
7835
7835
7835
7835
7835
7835
7835
7835
7835
7835
7835
7835
7835
7835
7835
7835
7835
7835
7835
7835
7835
7835
7835
7835
7835
7835
7835
7835
7835
7835
7835
7835
7774
7774
7774
7774
7774
7774
7774
7774
7774
7774
7774
7774
7774
7774
7774
7774
7774
7774
7774
7774
7774
7774
7774
7774
7774
7774
7774
7774
7774
7774
7774
7774
7774
7774
7774
7774
7774
7774
7774
7774
7774
7774
7774
7774
7774
7774
7774
7774
7774
7774
7774
7774
7774
7774
7774
7774
7774
7774
7774
7774
7774
7774
7774
7769
7769
7769
7769
7769
7769
7769
7769
7769
7769
7769
7769
7769
7769
7769
7769
7769
7769
7769
7769
7769
7769
7769
7769
7769
7769
7769
7769
7769
7769
7769
7769
7769
7769
7769
7769
7769
7769
7769
7769
7769
7769
7769
7769
7769
7769
7769
7769
7769
7769
7769
7769
7769
7769
7769
7769
7769
7769
7769
7769
7769
7769
7769
7769
7769
7769
7769
7769
7769
7769
7769
7769
7769
7672
7672
7672
7672
7672
7672
7672
7672
7672
7672
7672
7672
7672
7672
7672
7672
7672
7672
7672
7672
7672
7672
7672
7672
7672
7672
7672
7672
7672
7672
7672
7672
7672
7672
7672
7672
7672
7672
7672
7672
7672
7672
7672
7672
7672
7672
7672
7672
7672
7672
7672
7672
7672
7672
7672
7672
7672
7672
7672
7672
7672
7672
7672
7672
7672
7672
7672
7672
7672
7672
7672
7672
7672
7672
7672
7672
7672
7646
7646
7646
7646
7646
7646
7646
7646
7646
7646
7646
7646
7646
7646
7646
7646
7646
7646
7646
7646
7646
7646
7646
7646
7646
7646
7646
7644
7644
7644
7644
7644
7644
7644
7644
7644
7644
7644
7644
7644
7644
7644
7644
7644
7644
7644
7644
7644
7644
7644
7644
7644
7644
7644
7644
7644
7644
7644
7644
7644
7644
7644
7644
7644
7644
7644
7644
7644
7644
7644
7644
7644
7644
7644
7644
7644
7644
7644
7644
7644
7644
7644
7644
7644
7644
7644
7627
7627
7627
7627
7627
7627
7627
7627
7627
7627
7627
7627
7627
7627
7627
7627
7627
7627
7627
7627
7627
7627
7627
7627
7627
7627
7627
7627
7627
7627
7627
7627
7627
7627
7627
7627
7627
7627
7627
7627
7627
7627
7627
7627
7627
7627
7627
7627
7627
7627
7627
7627
7627
7627
7627
7627
7627
7627
7627
7627
7627
7627
7627
7627
7627
7627
7602
7602
7602
7602
7602
7602
7602
7602
7602
7602
7602
7602
7602
7602
7602
7602
7602
7602
7602
7602
7602
7602
7602
7602
7602
7602
7602
7602
7602
7602
7602
7602
7602
7602
7602
7602
7602
7602
7602
7537
7537
7537
7537
7537
7537
7537
7537
7537
7537
7537
7537
7537
7537
7537
7537
7537
7537
7537
7500
7500
7500
7500
7500
7500
7500
7500
7500
7500
7500
7450
7450
7450
7450
7450
7450
7449
7449
7449
7449
7449
7449
7449
7449
7449
7449
7449
7449
7449
7449
7449
7449
7449
7449
7449
7449
7449
7449
7449
7449
7449
7449
7449
7449
7449
7449
7449
7449
7449
7449
7449
7449
7449
7449
7449
7449
7449
7449
7449
7449
7449
7449
7449
7449
7449
7449
7449
7449
7449
7449
7449
7449
7449
7449
7449
7449
7449
7449
7449
7449
7449
7449
7449
7449
7449
7449
7449
7449
7449
7449
7449
7449
7449
7449
7449
7449
7449
7449
7449
7447
7447
7447
7447
7447
7447
7447
7447
7447
7447
7447
7446
7446
7446
7446
7446
7404
7404
7404
7404
7340
7340
7340
7340
7340
7340
7340
7340
7340
7340
7340
7340
7340
7340
7340
7340
7340
7340
7340
7340
7340
7340
7340
7340
7340
7340
7340
7340
7340
7340
7340
7340
7340
7340
7340
7340
7340
7340
7340
7340
7340
7340
7340
7340
7340
7340
7340
7340
7317
7317
7317
7317
7317
7317
7317
7317
7317
7317
7317
7317
7317
7317
7317
7317
7317
7317
7317
7317
7317
7317
7317
7317
7317
7317
7317
7317
7317
7317
7317
7317
7317
7306
7306
7306
7306
7306
7306
7306
7306
7306
7306
7306
7306
7306
7306
7306
7306
7306
7306
7306
7306
7306
7306
7306
7306
7306
7306
7306
7306
7306
7306
7306
7306
7306
7306
7306
7306
7306
7306
7306
7306
7306
7306
7306
7306
7306
7306
7306
7306
7306
7306
7306
7306
7306
7306
7306
7306
7306
7306
7306
7306
7306
7306
7306
7306
7306
7306
7306
7306
7204
7204
7204
7204
7204
7204
7201
7201
7201
7201
7201
7201
7201
7201
7201
7201
7201
7201
7201
7201
7201
7201
7201
7201
7201
7201
7201
7201
7201
7201
7201
7201
7201
7201
7201
7201
7201
7201
7201
7201
7201
7201
7201
7201
7201
7201
7201
7201
7201
7201
7201
7201
7201
7201
7201
7201
7201
7201
7201
7201
7201
7201
7201
7201
7201
7201
7201
7201
7201
7201
7201
7201
7201
7201
7201
7201
7201
7201
7201
7201
7201
7201
7201
7201
7201
7201
7161
7161
7161
7161
7161
7161
7161
7161
7161
7161
7161
7161
7161
7161
7161
7161
7161
7161
7161
7161
7161
7161
7161
7161
7161
7161
7161
7161
7161
7161
7161
7161
7161
7161
7161
7161
7161
7161
7161
7161
7161
7161
7161
7161
7161
7161
7161
7161
7161
7161
7161
7161
7161
7161
7161
7161
7161
7161
7161
7161
7161
7161
7161
7161
7161
7161
7161
7161
7161
7161
7161
7161
7161
7161
7161
7161
7052
7052
7052
7052
7052
7052
7052
7052
7052
7052
7052
7052
7052
7052
7052
7052
7052
7052
7052
7052
7052
7052
7052
7052
7052
7052
7052
7052
7052
7052
7052
7052
7052
7052
7052
7052
7052
7052
7052
7052
7052
7052
7052
7052
7052
7052
7052
7052
7052
7052
7052
7052
7052
7052
7052
7052
7052
7052
7052
7052
7052
7052
7052
7052
7052
7052
6922
6922
6922
6922
6922
6922
6922
6922
6922
6922
6922
6922
6922
6922
6922
6922
6922
6922
6922
6922
6922
6922
6922
6922
6922
6922
6922
6922
6922
6922
6922
6922
6922
6922
6922
6922
6922
6922
6922
6922
6922
6922
6922
6922
6922
6922
6922
6922
6922
6922
6922
6845
6845
6845
6845
6845
6845
6845
6845
6845
6845
6845
6845
6845
6845
6845
6845
6845
6845
6845
6845
6845
6845
6845
6845
6845
6845
6845
6845
6845
6845
6845
6845
6845
6845
6845
6845
6845
6845
6845
6845
6845
6845
6845
6845
6845
6845
6845
6845
6845
6845
6845
6845
6845
6845
6845
6845
6845
6845
6845
6845
6845
6845
6845
6845
6845
6845
6845
6845
6845
6845
6845
6781
6781
6781
6781
6781
6781
6781
6781
6781
6781
6781
6781
6781
6781
6781
6781
6781
6781
6781
6781
6781
6781
6781
6781
6781
6781
6781
6781
6781
6781
6781
6781
6781
6781
6781
6781
6781
6781
6781
6781
6781
6781
6781
6781
6781
6781
6781
6781
6781
6781
6781
6781
6781
6781
6781
6781
6781
6781
6781
6781
6781
6781
6781
6781
6781
6781
6781
6781
6781
6781
6781
6781
6781
6781
6781
6781
6781
6781
6781
6781
6781
6781
6781
6781
6781
6781
6781
6781
6781
6781
6781
6781
6781
6781
6781
6781
6781
6781
6781
6767
6767
6767
6767
6767
6767
6767
6767
6767
6767
6767
6767
6735
6735
6735
6735
6735
6735
6735
6735
6735
6735
6735
6735
6735
6735
6735
6735
6735
6735
6735
6735
6735
6735
6735
6735
6735
6735
6735
6735
6735
6735
6735
6735
6723
6723
6723
6723
6723
6723
6723
6723
6723
6689
6689
6689
6689
6689
6689
6689
6689
6689
6689
6689
6689
6689
6689
6689
6689
6689
6689
6689
6689
6689
6689
6689
6689
6689
6689
6689
6689
6689
6689
6689
6689
6689
6689
6689
6689
6689
6689
6689
6689
6644
6644
6644
6644
6644
6644
6644
6644
6644
6644
6644
6644
6644
6644
6644
6644
6644
6644
6644
6644
6644
6644
6644
6644
6644
6644
6644
6644
6644
6644
6644
6644
6644
6644
6644
6644
6644
6644
6644
6644
6644
6644
6644
6644
6644
6644
6644
6644
6644
6644
6644
6644
6644
6644
6644
6644
6644
6644
6644
6644
6644
6644
6644
6644
6644
6644
6644
6644
6644
6644
6644
6644
6644
6644
6644
6644
6644
6644
6644
6644
6644
6644
6644
6644
6644
6644
6644
6644
6644
6644
6644
6597
6597
6597
6597
6597
6597
6597
6597
6597
6597
6597
6597
6597
6597
6597
6597
6597
6597
6597
6597
6597
6597
6597
6597
6597
6597
6597
6597
6597
6597
6597
6597
6597
6597
6597
6597
6597
6597
6597
6597
6597
6597
6597
6597
6597
6597
6597
6597
6597
6597
6584
6584
6584
6415
6415
6415
6415
6415
6415
6415
6415
6415
6415
6415
6415
6415
6415
6415
6415
6415
6415
6415
6415
6415
6415
6415
6415
6415
6415
6415
6415
6415
6415
6415
6415
6415
6415
6415
6415
6415
6415
6415
6415
6415
6415
6415
6415
6415
6415
6415
6415
6415
6415
6415
6415
6415
6415
6415
6415
6415
6415
6415
6415
6415
6415
6415
6415
6415
6415
6415
6415
6415
6415
6415
6415
6415
6415
6415
6415
6415
6415
6415
6415
6415
6415
6415
6415
6415
6415
6415
6415
6389
6389
6389
6389
6389
6389
6389
6389
6389
6389
6389
6389
6389
6389
6389
6389
6389
6389
6386
6386
6386
6386
6386
6386
6386
6386
6386
6386
6386
6386
6386
6386
6386
6386
6386
6386
6386
6386
6386
6386
6386
6386
6386
6386
6386
6386
6386
6386
6386
6386
6386
6386
6386
6386
6386
6386
6386
6386
6386
6386
6386
6386
6386
6386
6386
6386
6386
6386
6386
6386
6386
6386
6386
6386
6386
6386
6386
6370
6370
6370
6370
6370
6370
6370
6370
6370
6370
6370
6370
6370
6370
6370
6370
6370
6370
6370
6370
6370
6370
6370
6370
6370
6370
6370
6370
6370
6370
6370
6370
6370
6370
6370
6370
6370
6370
6370
6370
6370
6370
6370
6370
6370
6370
6370
6370
6370
6370
6370
6370
6370
6370
6364
6364
6364
6364
6364
6364
6364
6364
6364
6364
6364
6364
6364
6364
6364
6364
6364
6364
6364
6364
6364
6364
6364
6364
6364
6364
6364
6364
6364
6364
6364
6364
6364
6364
6364
6364
6364
6364
6364
6364
6364
6364
6364
6364
6364
6364
6364
6364
6364
6364
6364
6364
6364
6364
6364
6364
6364
6364
6364
6364
6364
6364
6364
6364
6364
6364
6364
6364
6364
6364
6364
6364
6364
6364
6364
6364
6364
6364
6364
6364
6344
6344
6344
6344
6344
6344
6344
6344
6272
6272
6272
6272
6272
6272
6272
6272
6272
6272
6272
6272
6272
6272
6272
6272
6272
6272
6272
6272
6272
6272
6272
6272
6272
6272
6272
6272
6272
6272
6272
6272
6272
6272
6272
6272
6272
6272
6272
6272
6272
6272
6272
6272
6272
6272
6272
6272
6272
6272
6272
6272
6272
6272
6272
6272
6272
6272
6272
6272
6272
6272
6272
6272
6272
6272
6272
6272
6272
6272
6272
6272
6272
6196
6196
6196
6196
6196
6196
6196
6196
6196
6196
6196
6196
6196
6196
6196
6196
6196
6196
6196
6196
6196
6196
6196
6196
6196
6196
6196
6196
6196
6196
6196
6196
6196
6196
6196
6196
6196
6195
6195
6195
6195
6195
6195
6195
6195
6195
6195
6195
6195
6195
6195
6195
6195
6195
6195
6195
6195
6195
6195
6195
6195
6195
6195
6195
6195
6195
6195
6195
6195
6195
6195
6195
6195
6195
6195
6195
6195
6195
6195
6195
6195
6195
6195
6195
6195
6195
6195
6195
6195
6195
6195
6195
6195
6195
6195
6195
6195
6195
6182
6182
6182
6182
6182
6182
6182
6182
6182
6182
6182
6182
6157
6157
6157
6157
6157
6157
6157
6157
6157
6157
6157
6157
6157
6157
6157
6157
6157
6157
6157
6157
6157
6157
6157
6157
6157
6157
6157
6157
6157
6157
6157
6157
6157
6157
6157
6157
6157
6157
6157
6157
6157
6157
6157
6157
6157
6157
6157
6157
6157
6157
6157
6157
6157
6157
6157
6157
6157
6157
6157
6157
6157
6157
6157
6157
6157
6013
6013
6013
6013
6013
6013
6013
6013
6013
6013
6013
6013
6013
6013
6013
6013
6013
6013
6013
6013
6013
6013
6013
6013
6013
6013
6013
6013
6013
6013
6013
6013
6013
6013
6013
6013
6013
6013
6013
6013
6013
6013
6013
6013
6013
6013
6013
6013
6013
6013
6013
6013
6013
6013
6013
6013
6013
6013
6013
6013
6013
6013
6013
6013
6013
6013
6013
6013
6013
6013
6013
6013
6013
6013
6013
6013
6013
6013
6013
6013
6013
6013
6013
6013
6013
6013
6013
6013
6013
5907
5907
5907
5907
5907
5907
5907
5907
5907
5907
5907
5907
5907
5907
5907
5907
5907
5907
5907
5907
5907
5907
5907
5907
5907
5907
5907
5907
5907
5907
5907
5907
5907
5907
5907
5907
5907
5907
5907
5907
5907
5907
5907
5907
5907
5907
5907
5907
5887
5887
5887
5887
5887
5887
5887
5863
5863
5863
5863
5863
5863
5863
5863
5863
5863
5863
5863
5863
5863
5863
5863
5863
5863
5863
5863
5863
5863
5863
5863
5863
5863
5863
5863
5863
5863
5863
5863
5863
5863
5863
5863
5863
5863
5863
5863
5863
5863
5863
5863
5863
5863
5863
5863
5863
5863
5863
5863
5863
5863
5863
5863
5863
5863
5863
5863
5863
5863
5863
5863
5863
5863
5863
5863
5863
5863
5863
5863
5863
5863
5863
5863
5863
5863
5863
5863
5863
5863
5863
5863
5863
5863
5863
5863
5824
5824
5824
5824
5824
5824
5824
5824
5824
5824
5824
5824
5824
5824
5824
5824
5824
5824
5824
5824
5824
5824
5824
5824
5824
5824
5824
5824
5824
5824
5824
5824
5824
5824
5824
5824
5824
5824
5824
5824
5824
5824
5824
5824
5824
5824
5824
5824
5824
5824
5824
5824
5824
5824
5824
5824
5824
5824
5824
5824
5824
5824
5824
5824
5824
5824
5824
5824
5824
5824
5824
5824
5824
5824
5824
5824
5824
5824
5824
5824
5824
5824
5824
5824
5824
5824
5824
5824
5824
5824
5824
5824
5824
5824
5824
5824
5824
5824
5824
5824
5706
5706
5706
5706
5706
5706
5706
5706
5706
5706
5706
5706
5706
5706
5706
5706
5706
5706
5706
5706
5706
5706
5706
5706
5706
5706
5706
5706
5706
5706
5706
5706
5706
5706
5706
5706
5706
5706
5706
5706
5706
5706
5706
5706
5706
5706
5706
5706
5706
5706
5706
5706
5706
5706
5706
5706
5706
5706
5706
5706
5706
5706
5706
5706
5706
5706
5706
5706
5706
5706
5706
5706
5706
5706
5706
5706
5706
5706
5706
5706
5706
5706
5695
5695
5695
5695
5695
5695
5695
5695
5695
5695
5695
5695
5695
5695
5695
5695
5695
5695
5695
5695
5695
5695
5695
5695
5695
5695
5695
5695
5695
5695
5695
5695
5695
5695
5695
5695
5695
5695
5695
5695
5695
5695
5695
5695
5695
5695
5695
5695
5695
5695
5695
5695
5695
5695
5695
5695
5695
5695
5695
5695
5695
5695
5695
5695
5695
5695
5695
5695
5695
5695
5695
5695
5695
5695
5695
5695
5695
5695
5695
5695
5695
5695
5665
5665
5665
5665
5665
5665
5665
5642
5642
5642
5642
5642
5642
5642
5642
5642
5642
5642
5642
5642
5642
5642
5642
5642
5642
5642
5642
5642
5642
5642
5642
5624
5624
5624
5624
5624
5624
5624
5624
5624
5624
5624
5624
5624
5624
5624
5624
5624
5624
5624
5624
5624
5624
5624
5624
5624
5624
5624
5624
5624
5624
5624
5624
5624
5624
5624
5624
5624
5624
5624
5624
5624
5624
5624
5624
5624
5624
5624
5624
5624
5624
5624
5624
5624
5624
5624
5624
5624
5624
5624
5624
5624
5624
5624
5624
5606
5606
5606
5606
5606
5606
5606
5606
5606
5606
5606
5606
5606
5606
5606
5606
5606
5606
5606
5606
5606
5606
5606
5606
5606
5606
5606
5606
5606
5606
5606
5606
5606
5606
5606
5606
5606
5606
5606
5606
5606
5606
5606
5606
5606
5606
5606
5606
5606
5606
5606
5606
5606
5606
5606
5606
5606
5606
5606
5606
5606
5606
5606
5606
5606
5606
5606
5606
5606
5606
5606
5606
5606
5606
5606
5606
5606
5606
5606
5606
5606
5606
5606
5606
5606
5606
5606
5606
5606
5578
5578
5578
5578
5578
5578
5578
5578
5578
5578
5578
5578
5578
5578
5578
5578
5535
5535
5535
5535
5535
5535
5535
5524
5524
5524
5524
5524
5524
5524
5524
5500
5500
5500
5500
5500
5500
5500
5500
5500
5500
5500
5500
5500
5500
5500
5500
5500
5500
5500
5500
5500
5500
5500
5500
5500
5500
5500
5500
5500
5500
5500
5500
5500
5500
5500
5500
5500
5500
5500
5500
5500
5500
5500
5500
5500
5500
5489
5489
5489
5489
5489
5489
5489
5489
5489
5489
5489
5489
5489
5489
5489
5489
5489
5489
5489
5489
5489
5489
5489
5489
5489
5489
5489
5489
5489
5489
5489
5489
5489
5489
5489
5489
5489
5489
5489
5489
5489
5489
5489
5489
5489
5489
5489
5489
5489
5489
5489
5489
5489
5489
5489
5489
5489
5489
5489
5489
5489
5489
5489
5489
5489
5489
5489
5471
5471
5471
5471
5471
5471
5471
5471
5471
5471
5471
5471
5471
5471
5471
5471
5471
5471
5471
5471
5471
5471
5471
5471
5471
5471
5471
5471
5471
5471
5471
5471
5471
5471
5471
5471
5471
5471
5471
5471
5471
5471
5471
5471
5471
5471
5471
5471
5471
5471
5471
5471
5471
5471
5471
5471
5471
5471
5471
5471
5471
5471
5471
5471
5471
5471
5471
5471
5471
5471
5468
5468
5468
5468
5468
5468
5468
5468
5468
5468
5468
5468
5468
5468
5468
5468
5468
5468
5468
5468
5468
5468
5468
5468
5468
5468
5468
5468
5468
5468
5468
5468
5468
5468
5468
5468
5468
5468
5468
5468
5468
5468
5468
5468
5468
5468
5468
5468
5468
5468
5468
5468
5468
5468
5468
5468
5468
5468
5468
5468
5468
5468
5468
5468
5468
5468
5468
5468
5468
5468
5468
5468
5468
5468
5468
5468
5468
5468
5468
5468
5468
5468
5468
5468
5468
5468
5468
5468
5468
5407
5407
5407
5407
5407
5407
5407
5407
5407
5407
5407
5407
5407
5407
5407
5407
5407
5407
5407
5407
5407
5407
5407
5407
5407
5407
5407
5407
5407
5407
5407
5407
5407
5407
5407
5407
5407
5407
5407
5407
5407
5407
5407
5407
5407
5407
5407
5407
5407
5407
5407
5407
5407
5407
5407
5407
5407
5407
5407
5407
5407
5407
5407
5407
5407
5407
5407
5407
5407
5407
5407
5407
5407
5407
5407
5407
5407
5407
5407
5407
5407
5407
5407
5407
5407
5407
5407
5407
5407
5407
5407
5407
5407
5394
5394
5394
5394
5394
5394
5394
5394
5394
5394
5394
5394
5394
5394
5394
5394
5394
5394
5394
5394
5394
5394
5394
5394
5394
5394
5394
5394
5394
5394
5367
5367
5365
5365
5365
5365
5365
5365
5365
5365
5365
5365
5365
5365
5365
5365
5365
5365
5365
5365
5365
5365
5365
5365
5365
5365
5365
5365
5365
5365
5365
5365
5365
5365
5365
5365
5365
5261
5261
5261
5261
5261
5261
5261
5261
5261
5261
5261
5261
5261
5261
5261
5261
5261
5261
5261
5261
5261
5261
5261
5261
5261
5261
5261
5261
5261
5261
5261
5261
5261
5261
5261
5261
5261
5261
5261
5261
5261
5261
5261
5261
5261
5261
5261
5261
5261
5261
5261
5261
5261
5261
5261
5261
5261
5261
5261
5261
5261
5261
5261
5261
5261
5261
5261
5261
5261
5261
5261
5261
5261
5261
5261
5261
5261
5261
5261
5261
5261
5261
5261
5261
5261
5261
5261
5261
5261
5261
5261
5261
5261
5261
5261
5261
5261
5261
5221
5221
5221
5221
5174
5174
5174
5174
5174
5174
5174
5174
5174
5174
5174
5174
5174
5174
5174
5174
5174
5174
5174
5174
5174
5174
5174
5174
5174
5174
5174
5174
5174
5174
5174
5174
5174
5174
5174
5174
5174
5174
5174
5174
5174
5174
5174
5174
5174
5174
5174
5174
5174
5174
5174
5174
5174
5174
5174
5174
5174
5174
5174
5174
5174
5174
5174
5174
5174
5174
5174
5174
5174
5174
5174
5174
5174
5174
5174
5174
5174
5174
5174
5174
5174
5174
5174
5174
5174
5061
5061
5061
5061
5061
5061
5061
5061
5061
4995
4995
4995
4995
4995
4995
4995
4995
4995
4995
4995
4995
4995
4995
4995
4995
4995
4995
4995
4995
4995
4995
4995
4995
4995
4995
4995
4995
4995
4995
4995
4995
4995
4995
4995
4995
4995
4995
4995
4995
4995
4995
4995
4995
4995
4995
4995
4995
4995
4995
4995
4995
4995
4995
4995
4995
4995
4995
4995
4995
4995
4995
4995
4995
4995
4995
4995
4995
4995
4995
4995
4995
4995
4973
4973
4973
4973
4973
4973
4973
4973
4973
4973
4973
4973
4973
4973
4973
4973
4973
4973
4973
4973
4973
4973
4973
4973
4973
4973
4973
4973
4973
4973
4973
4973
4973
4973
4973
4973
4973
4973
4973
4973
4973
4973
4973
4973
4973
4973
4973
4973
4973
4973
4973
4973
4973
4973
4973
4973
4973
4973
4973
4973
4973
4973
4973
4973
4973
4973
4973
4973
4973
4973
4973
4973
4973
4973
4973
4973
4973
4973
4973
4973
4973
4973
4973
4973
4973
4973
4973
4973
4973
4973
4973
4973
4973
4973
4973
4973
4973
4973
4957
4957
4957
4957
4957
4921
4921
4921
4921
4921
4921
4921
4921
4921
4921
4921
4921
4921
4921
4921
4921
4921
4921
4921
4921
4921
4921
4921
4921
4921
4921
4921
4921
4921
4921
4921
4921
4921
4921
4921
4921
4921
4921
4921
4921
4921
4921
4921
4921
4921
4921
4921
4921
4921
4921
4921
4921
4921
4921
4921
4921
4921
4921
4921
4921
4921
4822
4822
4822
4822
4822
4822
4822
4822
4822
4822
4822
4822
4822
4822
4822
4822
4822
4822
4822
4822
4822
4822
4822
4822
4822
4822
4822
4822
4822
4822
4822
4822
4822
4822
4822
4822
4822
4822
4822
4822
4822
4822
4822
4822
4822
4822
4822
4660
4660
4660
4660
4660
4660
4660
4660
4660
4660
4660
4660
4660
4660
4660
4660
4660
4660
4660
4660
4660
4660
4660
4660
4660
4660
4660
4660
4660
4660
4660
4660
4660
4660
4660
4660
4660
4660
4660
4660
4660
4660
4643
4643
4643
4643
4643
4643
4643
4643
4643
4643
4643
4643
4643
4643
4643
4643
4641
4641
4641
4641
4641
4641
4641
4641
4641
4641
4641
4641
4641
4641
4641
4641
4641
4641
4641
4641
4641
4641
4641
4641
4641
4641
4641
4641
4641
4641
4641
4641
4641
4641
4641
4481
4481
4481
4481
4481
4481
4481
4481
4481
4481
4481
4481
4481
4481
4481
4481
4481
4481
4481
4481
4481
4481
4481
4481
4481
4481
4481
4481
4481
4481
4481
4480
4480
4480
4480
4480
4480
4480
4480
4480
4480
4480
4480
4480
4480
4480
4480
4480
4480
4480
4480
4480
4480
4480
4480
4480
4480
4480
4480
4480
4480
4480
4480
4480
4480
4480
4480
4480
4480
4480
4480
4480
4480
4480
4480
4480
4480
4480
4480
4480
4480
4480
4480
4480
4480
4480
4480
4480
4480
4480
4480
4480
4480
4480
4480
4480
4480
4480
4480
4480
4480
4480
4480
4480
4480
4480
4480
4362
4362
4362
4362
4362
4362
4362
4362
4362
4284
4284
4284
4284
4284
4284
4284
4284
4284
4284
4284
4284
4284
4284
4284
4283
4283
4283
4283
4283
4283
4283
4283
4283
4283
4283
4283
4283
4283
4283
4283
4283
4283
4283
4283
4283
4283
4283
4283
4283
4283
4283
4274
4274
4274
4274
4274
4274
4274
4274
4274
4274
4274
4274
4274
4274
4274
4274
4274
4274
4274
4274
4274
4274
4274
4274
4274
4274
4274
4274
4274
4274
4274
4274
4274
4274
4274
4274
4274
4251
4251
4251
4251
4251
4251
4251
4251
4251
4251
4251
4251
4251
4251
4251
4251
4251
4251
4251
4251
4251
4251
4251
4251
4251
4251
4251
4251
4251
4251
4251
4251
4251
4251
4251
4251
4251
4251
4251
4251
4251
4251
4251
4251
4251
4251
4251
4251
4251
4251
4251
4251
4251
4251
4251
4251
4251
4251
4251
4251
4251
4251
4251
4251
4251
4251
4251
4251
4251
4251
4251
4251
4251
4251
4251
4251
4251
4251
4251
4251
4251
4251
4251
4251
4251
4251
4251
4251
4251
4222
4222
4222
4222
4222
4222
4222
4222
4222
4222
4222
4222
4222
4222
4222
4222
4222
4222
4222
4222
4222
4222
4222
4222
4222
4222
4222
4222
4222
4222
4222
4222
4222
4222
4222
4222
4222
4222
4222
4222
4222
4222
4222
4222
4222
4222
4222
4222
4222
4222
4222
4222
4222
4222
4222
4222
4222
4222
4222
4222
4222
4222
4222
4156
4156
4156
4156
4156
4156
4156
4156
4156
4156
4156
4156
4156
4156
4156
4156
4156
4156
4156
4156
4156
4156
4156
4156
4156
4156
4156
4156
4156
4156
4156
4156
4156
4156
4156
4156
4156
4156
4156
4156
4156
4156
4156
4156
4156
4156
4156
4156
4156
4156
4156
4118
4118
4118
4118
4118
4118
4118
4118
4118
4118
4118
4118
4118
4118
4118
4118
4118
4118
4118
4118
4118
4118
4118
4118
4118
4118
4118
4118
4118
4118
4118
4118
4118
4118
4118
4118
4013
4013
4013
4013
4013
4013
4013
4013
4013
4013
4013
4013
4013
4013
4013
4013
4013
4013
4013
4013
4013
4013
4013
4013
4013
4013
4013
4013
4013
4013
4013
4013
4013
4013
4013
4013
3962
3962
3962
3962
3962
3962
3962
3962
3962
3962
3962
3962
3962
3962
3962
3962
3962
3962
3962
3962
3962
3962
3962
3962
3962
3962
3962
3962
3962
3962
3962
3962
3962
3962
3962
3962
3962
3962
3962
3962
3962
3962
3962
3962
3962
3962
3962
3962
3962
3962
3962
3962
3962
3962
3962
3962
3962
3962
3962
3962
3935
3935
3935
3935
3935
3935
3935
3935
3935
3935
3935
3935
3935
3935
3935
3935
3935
3935
3935
3935
3935
3935
3935
3935
3935
3935
3935
3935
3935
3935
3935
3935
3935
3935
3935
3935
3935
3935
3935
3935
3935
3935
3935
3935
3935
3935
3935
3935
3935
3935
3935
3935
3935
3935
3935
3935
3935
3935
3935
3935
3935
3935
3935
3935
3935
3935
3935
3935
3935
3935
3935
3935
3935
3908
3908
3908
3908
3908
3908
3908
3908
3908
3908
3908
3908
3908
3908
3908
3908
3908
3908
3908
3908
3908
3908
3908
3908
3908
3908
3908
3908
3908
3908
3908
3908
3908
3908
3908
3908
3908
3908
3908
3908
3908
3908
3908
3908
3908
3908
3908
3908
3908
3908
3908
3908
3908
3908
3908
3908
3866
3866
3866
3866
3866
3866
3866
3866
3866
3866
3866
3866
3866
3866
3866
3866
3866
3866
3866
3866
3866
3866
3866
3866
3866
3866
3866
3866
3866
3866
3866
3866
3866
3866
3866
3866
3866
3866
3866
3866
3866
3866
3866
3866
3866
3866
3866
3866
3866
3866
3866
3866
3866
3866
3866
3866
3866
3866
3866
3866
3866
3866
3866
3866
3840
3840
3840
3840
3840
3840
3840
3840
3840
3840
3840
3840
3840
3840
3840
3840
3840
3840
3840
3840
3840
3840
3840
3840
3840
3840
3840
3840
3840
3840
3840
3840
3840
3840
3840
3840
3840
3840
3840
3840
3840
3840
3840
3840
3840
3840
3840
3840
3840
3840
3840
3840
3840
3840
3840
3840
3840
3840
3840
3840
3840
3840
3840
3840
3840
3806
3806
3806
3806
3806
3806
3806
3806
3806
3806
3806
3806
3806
3806
3806
3806
3806
3806
3806
3806
3806
3806
3806
3806
3806
3806
3806
3806
3806
3806
3806
3806
3806
3806
3806
3806
3806
3806
3806
3806
3806
3806
3806
3806
3806
3806
3806
3806
3806
3806
3806
3806
3806
3806
3806
3806
3806
3806
3806
3806
3806
3806
3806
3806
3806
3806
3806
3806
3806
3806
3806
3806
3806
3806
3806
3806
3806
3806
3806
3806
3806
3806
3806
3787
3787
3787
3787
3787
3787
3787
3787
3787
3787
3787
3787
3787
3787
3787
3787
3787
3763
3763
3763
3763
3763
3763
3763
3763
3763
3763
3763
3763
3763
3763
3763
3763
3763
3763
3763
3763
3763
3763
3763
3763
3763
3763
3763
3763
3763
3763
3763
3763
3763
3763
3763
3763
3763
3763
3763
3763
3763
3763
3763
3763
3763
3763
3763
3763
3763
3763
3763
3763
3763
3763
3763
3763
3763
3705
3705
3705
3705
3705
3705
3705
3705
3705
3705
3705
3705
3705
3705
3705
3705
3705
3705
3705
3705
3705
3705
3705
3705
3705
3705
3705
3705
3705
3705
3705
3705
3705
3705
3705
3705
3705
3705
3705
3705
3705
3705
3705
3705
3705
3705
3705
3705
3705
3705
3705
3705
3705
3705
3705
3705
3705
3705
3705
3705
3705
3705
3705
3705
3705
3705
3705
3705
3705
3705
3705
3705
3705
3705
3705
3705
3705
3705
3705
3705
3705
3705
3705
3705
3705
3657
3657
3657
3657
3657
3657
3657
3657
3657
3657
3657
3657
3657
3657
3657
3657
3657
3657
3657
3657
3657
3657
3657
3657
3657
3657
3657
3657
3657
3657
3657
3657
3657
3657
3657
3657
3657
3657
3657
3657
3657
3657
3657
3657
3657
3657
3657
3657
3657
3657
3657
3657
3657
3657
3657
3657
3657
3657
3657
3657
3657
3657
3657
3657
3657
3657
3657
3657
3657
3657
3657
3657
3657
3657
3657
3657
3657
3657
3657
3657
3657
3657
3657
3657
3657
3651
3651
3651
3651
3651
3651
3651
3651
3651
3651
3651
3651
3651
3651
3651
3651
3651
3651
3651
3651
3651
3651
3651
3651
3651
3651
3651
3651
3651
3651
3651
3651
3651
3651
3651
3651
3651
3651
3651
3651
3651
3651
3651
3619
3619
3619
3619
3619
3619
3619
3619
3619
3619
3619
3619
3619
3619
3619
3619
3619
3619
3619
3619
3619
3619
3619
3619
3619
3619
3619
3619
3619
3619
3619
3619
3619
3619
3619
3577
3577
3577
3577
3577
3577
3577
3577
3577
3577
3577
3577
3577
3577
3577
3577
3577
3577
3577
3577
3577
3577
3577
3577
3577
3577
3577
3577
3577
3577
3577
3577
3577
3577
3577
3577
3577
3577
3577
3577
3577
3577
3577
3577
3577
3577
3577
3577
3577
3577
3577
3577
3577
3577
3577
3577
3577
3577
3577
3577
3577
3577
3577
3577
3577
3577
3577
3577
3577
3577
3577
3577
3577
3577
3577
3577
3577
3577
3577
3577
3577
3577
3577
3577
3577
3571
3571
3571
3571
3571
3571
3571
3571
3571
3571
3571
3571
3571
3571
3571
3571
3571
3571
3571
3571
3571
3571
3571
3571
3571
3571
3571
3571
3571
3571
3571
3571
3571
3571
3571
3571
3571
3571
3571
3571
3571
3571
3571
3571
3571
3571
3571
3571
3571
3571
3571
3571
3571
3571
3571
3571
3571
3571
3571
3571
3571
3571
3571
3571
3571
3571
3571
3571
3571
3571
3571
3571
3571
3571
3571
3571
3571
3571
3571
3571
3571
3571
3571
3571
3488
3488
3488
3488
3488
3488
3488
3488
3488
3488
3488
3488
3488
3488
3488
3488
3488
3488
3488
3488
3488
3488
3488
3488
3488
3488
3488
3488
3488
3488
3488
3488
3488
3488
3488
3488
3488
3488
3488
3488
3488
3488
3488
3488
3488
3488
3488
3488
3488
3488
3488
3488
3488
3488
3488
3488
3488
3488
3488
3488
3488
3488
3488
3488
3488
3488
3488
3488
3488
3488
3488
3488
3488
3470
3470
3470
3470
3470
3470
3470
3470
3470
3470
3470
3470
3470
3470
3470
3470
3470
3470
3470
3470
3470
3470
3470
3470
3470
3470
3470
3470
3470
3470
3470
3470
3470
3470
3470
3470
3470
3470
3470
3470
3470
3470
3470
3470
3470
3470
3470
3470
3470
3470
3470
3470
3470
3470
3470
3470
3470
3470
3470
3470
3470
3470
3470
3470
3470
3470
3470
3470
3470
3470
3470
3470
3470
3470
3470
3470
3470
3470
3470
3470
3384
3384
3384
3384
3384
3384
3384
3384
3384
3384
3384
3384
3384
3384
3384
3384
3384
3384
3384
3384
3384
3384
3384
3384
3384
3384
3384
3384
3384
3384
3384
3384
3384
3384
3384
3384
3384
3384
3384
3384
3384
3384
3384
3384
3384
3384
3384
3384
3384
3384
3384
3384
3384
3384
3384
3384
3384
3384
3384
3384
3384
3384
3384
3384
3384
3384
3384
3384
3384
3384
3384
3384
3384
3384
3384
3384
3384
3384
3384
3384
3384
3384
3384
3384
3384
3384
3384
3384
3384
3384
3384
3384
3384
3348
3348
3348
3348
3348
3348
3348
3348
3348
3348
3348
3348
3348
3348
3348
3348
3348
3348
3348
3348
3348
3348
3348
3348
3348
3348
3348
3348
3348
3348
3348
3348
3336
3336
3336
3336
3336
3336
3336
3336
3336
3336
3336
3336
3336
3336
3336
3336
3336
3336
3336
3336
3336
3336
3336
3336
3336
3336
3336
3336
3336
3336
3336
3336
3336
3336
3336
3336
3336
3336
3336
3336
3336
3336
3336
3336
3336
3336
3336
3336
3336
3336
3336
3336
3336
3336
3336
3336
3336
3336
3336
3336
3336
3336
3336
3336
3336
3336
3336
3336
3336
3336
3336
3336
3336
3336
3336
3336
3336
3336
3336
3336
3336
3336
3336
3336
3336
3336
3336
3336
3336
3336
3241
3241
3241
3241
3241
3241
3241
3241
3241
3241
3241
3241
3241
3241
3119
3119
3119
3119
3119
3119
3119
3119
3119
3119
3119
3119
3119
3119
3119
3119
3119
3119
3119
3119
3119
3119
3119
3119
3119
3119
3119
3119
3119
3119
3119
3119
3119
3119
3119
3119
3119
3119
3119
3119
3119
3119
3119
3119
3119
3119
3119
3119
3117
3117
3117
3117
3117
3117
3117
3117
3117
3117
3117
3117
3117
3117
3117
3099
3099
3099
3099
3099
3099
3099
3099
3099
3099
3099
3099
3099
3099
3099
3099
3099
3099
3099
3099
3099
3099
3099
3099
3099
3099
3099
3099
3099
3099
3099
3099
3099
3080
3080
3080
3080
3080
3080
3080
3080
3080
3080
3080
3080
3080
3080
3080
3067
3067
3067
3067
3067
3067
3067
3067
3067
3067
3067
3067
3067
3067
3067
3067
3050
3050
3050
3050
3050
3050
3050
3050
3050
3050
3050
3050
3050
3050
3050
3050
3050
3050
3050
3050
3050
3050
3050
3050
3050
3050
3050
3050
3050
3050
3050
3050
3050
3050
3050
3050
3050
3050
3050
3050
3050
3050
3050
3050
3050
3050
3050
3050
3050
3050
3050
3050
3050
3050
3050
3050
3050
3050
3050
3050
3050
3050
3050
3050
3050
3050
3050
3050
3050
3050
3050
3050
3050
3050
3050
3050
3050
3050
3050
3050
3050
3050
3050
3050
3050
3050
3050
3050
3050
3050
3050
3050
3050
3050
3044
3044
3044
3044
3044
3044
3044
3044
3044
3044
3044
3044
3044
3044
3044
3044
3044
2976
2976
2976
2976
2976
2976
2976
2976
2976
2976
2976
2976
2840
2840
2840
2840
2840
2840
2840
2840
2840
2840
2840
2840
2840
2840
2840
2840
2840
2840
2840
2840
2840
2840
2840
2840
2840
2840
2840
2840
2840
2840
2840
2840
2840
2840
2840
2840
2840
2840
2840
2840
2840
2840
2840
2840
2840
2840
2840
2840
2840
2840
2840
2840
2840
2840
2838
2838
2838
2838
2838
2838
2838
2838
2838
2838
2838
2838
2838
2838
2838
2838
2838
2838
2838
2838
2838
2838
2838
2838
2838
2838
2838
2838
2838
2838
2838
2838
2838
2838
2838
2838
2838
2838
2838
2838
2838
2838
2838
2838
2838
2838
2838
2838
2838
2838
2838
2838
2838
2838
2838
2838
2838
2838
2838
2838
2838
2838
2838
2838
2838
2838
2838
2838
2838
2838
2838
2838
2719
2719
2719
2719
2719
2719
2719
2719
2719
2719
2719
2719
2719
2719
2719
2719
2719
2719
2719
2719
2719
2719
2719
2719
2719
2719
2719
2719
2719
2719
2719
2719
2719
2719
2719
2719
2719
2719
2719
2719
2719
2719
2719
2719
2719
2719
2719
2719
2719
2719
2719
2719
2707
2707
2707
2707
2707
2707
2707
2707
2707
2707
2707
2707
2707
2707
2707
2707
2707
2707
2707
2707
2707
2707
2707
2707
2707
2707
2707
2707
2707
2707
2707
2707
2707
2707
2707
2707
2707
2707
2707
2707
2707
2707
2707
2707
2707
2707
2707
2707
2707
2707
2707
2707
2707
2707
2707
2707
2707
2707
2707
2707
2707
2707
2707
2707
2707
2630
2630
2630
2630
2630
2630
2630
2630
2630
2630
2630
2630
2630
2630
2630
2630
2630
2630
2630
2630
2630
2630
2630
2630
2630
2630
2630
2630
2630
2630
2630
2630
2538
2538
2538
2538
2538
2538
2538
2538
2538
2538
2538
2538
2538
2538
2538
2538
2538
2538
2538
2538
2538
2538
2538
2538
2538
2538
2538
2538
2538
2538
2538
2538
2538
2538
2538
2538
2538
2538
2538
2538
2538
2538
2538
2538
2538
2538
2538
2538
2538
2538
2538
2538
2538
2538
2538
2538
2538
2538
2538
2538
2538
2538
2538
2538
2538
2538
2538
2538
2538
2538
2538
2538
2538
2538
2449
2449
2449
2449
2449
2449
2449
2449
2449
2449
2449
2449
2449
2449
2449
2449
2449
2449
2449
2449
2449
2449
2449
2449
2449
2449
2449
2449
2449
2449
2449
2449
2449
2449
2449
2449
2449
2449
2449
2449
2449
2449
2449
2449
2449
2449
2449
2449
2449
2449
2449
2449
2449
2449
2449
2449
2449
2449
2449
2449
2449
2449
2449
2449
2449
2449
2375
2375
2375
2375
2349
2349
2349
2349
2349
2349
2349
2349
2349
2349
2349
2349
2349
2349
2349
2349
2349
2349
2349
2349
2349
2349
2349
2349
2349
2349
2235
2235
2235
2235
2235
2235
2235
2235
2235
2235
2235
2235
2235
2235
2235
2235
2235
2235
2235
2235
2235
2235
2235
2235
2235
2235
2235
2235
2235
2235
2235
2235
2235
2235
2235
2235
2235
2235
2235
2235
2235
2235
2235
2235
2235
2235
2235
2235
2235
2235
2235
2235
2235
2235
2235
2235
2235
2235
2235
2235
2235
2235
2235
2235
2235
2235
2235
2235
2235
2235
2235
2235
2235
2235
2235
2235
2235
2235
2235
2235
2235
2235
2235
2235
2235
2235
2235
2235
2235
2235
2187
2187
2187
2187
2187
2187
2187
2187
2187
2187
2187
2187
2187
2187
2187
2187
2187
2187
2187
2187
2187
2187
2187
2187
2187
2187
2187
2187
2187
2187
2187
2187
2187
2187
2187
2187
2187
2187
2187
2187
2187
2187
2187
2187
2187
2187
2187
2187
2187
2187
2187
2187
2187
2187
2187
2187
2187
2187
2187
2187
2187
2187
2187
2187
2187
2187
2187
2187
2187
2187
2187
2187
2187
2187
2187
2187
2187
2187
2187
2187
2187
2187
2187
2187
2187
2187
2187
2187
2187
2187
2187
2187
2187
2187
2187
2187
2182
2182
2182
2182
2182
2182
2182
2182
2182
2182
2182
2182
2182
2182
2182
2182
2182
2182
2182
2182
2182
2182
2182
2182
2182
2182
2182
2182
2182
2182
2182
2182
2182
2182
2182
2182
2182
2182
2182
2182
2182
2182
2182
2182
2182
2182
2182
2182
2182
2182
2182
2182
2078
2078
2078
2078
2078
2078
2078
2078
2078
2078
2078
2078
2078
2078
2078
2078
2078
2078
2078
2078
2078
2078
2078
2078
2078
2078
2078
2078
2078
2078
2078
2078
2078
2078
2078
2078
2078
2078
2078
2078
2078
2078
2078
2078
2078
2078
2078
2078
2078
2078
2078
2078
2078
2078
2078
2078
2078
2078
2078
2078
2078
2078
2078
2078
2078
2078
2078
2078
2047
2047
2047
2047
2047
2047
2047
2047
2047
2047
2047
2047
2047
2047
2046
2046
2046
2046
2046
2046
2046
2046
2046
2046
2046
2046
2046
2046
2046
2046
2046
2046
2046
2046
2046
2046
2046
2046
2046
2046
2046
2046
2046
2046
2046
2046
2046
2046
2046
2046
2046
2046
2046
2046
2046
2046
2046
2046
2046
2046
2046
2046
2046
2046
2046
2046
2046
2046
2046
2046
2046
2046
2046
2046
2046
2046
2046
2046
2031
2031
2031
2031
2031
2031
2031
2031
2031
2031
2031
2031
2031
2031
2031
2031
2031
2031
2031
2031
2031
2031
2031
2031
2031
2031
2031
2031
2031
2031
2031
2031
2031
2031
2031
2031
2031
2031
2031
2031
2031
2031
2031
2031
2031
2031
2031
2031
2031
2031
2031
2031
2031
2031
2031
2031
2031
2031
2031
2031
2031
2031
2031
2031
2031
2031
2031
2031
2031
2031
2031
2031
2031
2031
2031
2031
2031
2031
2031
2031
2021
2021
2021
2021
2021
2021
2021
2021
2021
2021
2021
2021
2021
2021
2021
2021
2021
2021
2021
2021
2021
2021
2021
2021
2021
2021
2021
2021
2021
2021
2021
2021
2021
2021
2021
2021
2021
2021
2021
2021
2021
2021
2021
2021
2021
2021
2021
2021
2021
2021
2021
2021
2021
2021
2021
2021
2021
2021
2021
2021
2021
2021
2021
2021
2021
