14837
20000
14976
14976
14976
14976
14976
14976
14976
14976
14976
14976
14976
14976
14976
14976
14976
14976
14976
14976
14976
14976
14976
14976
14976
14976
14953
14953
14953
14953
14908
14908
14908
14908
14908
14908
14908
14908
14908
14908
14908
14908
14908
14908
14908
14908
14908
14908
14908
14908
14908
14908
14908
14908
14908
14908
14908
14908
14908
14908
14908
14908
14908
14908
14908
14908
14908
14908
14908
14908
14908
14908
14908
14908
14908
14908
14908
14908
14908
14908
14908
14908
14908
14908
14908
14908
14908
14908
14908
14908
14908
14908
14908
14908
14908
14908
14908
14908
14908
14908
14908
14908
14832
14832
14832
14832
14832
14832
14832
14832
14832
14832
14832
14832
14832
14832
14832
14832
14832
14832
14832
14832
14832
14832
14832
14832
14832
14832
14832
14832
14832
14832
14832
14832
14832
14832
14832
14809
14809
14809
14809
14809
14809
14809
14809
14809
14809
14809
14809
14809
14809
14809
14809
14809
14809
14809
14809
14809
14809
14809
14809
14809
14809
14809
14809
14809
14809
14809
14809
14809
14809
14809
14809
14809
14809
14809
14809
14809
14809
14809
14809
14809
14809
14809
14809
14809
14809
14809
14809
14809
14809
14809
14809
14809
14809
14809
14809
14809
14809
14809
14809
14809
14809
14809
14809
14809
14809
14809
14809
14809
14809
14809
14809
14809
14809
14809
14809
14809
14809
14809
14809
14809
14809
14808
14808
14808
14808
14808
14808
14808
14808
14808
14808
14808
14808
14808
14808
14808
14808
14808
14808
14808
14808
14808
14808
14808
14808
14808
14808
14808
14808
14808
14808
14808
14808
14808
14808
14808
14808
14808
14808
14808
14808
14808
14808
14808
14808
14808
14808
14808
14808
14808
14808
14808
14808
14808
14808
14808
14808
14808
14808
14808
14808
14808
14808
14808
14808
14808
14808
14808
14808
14808
14808
14808
14808
14808
14808
14808
14808
14808
14808
14808
14808
14808
14808
14808
14808
14808
14808
14719
14719
14719
14719
14719
14719
14719
14719
14719
14710
14710
14710
14710
14710
14710
14710
14710
14710
14710
14710
14710
14710
14710
14710
14710
14710
14710
14710
14710
14710
14710
14710
14710
14710
14710
14710
14710
14710
14710
14710
14710
14710
14710
14710
14710
14710
14710
14710
14617
14617
14617
14617
14617
14617
14617
14617
14617
14617
14617
14617
14617
14617
14617
14617
14617
14617
14617
14617
14542
14542
14542
14542
14542
14542
14542
14542
14542
14542
14542
14542
14542
14542
14542
14542
14542
14542
14542
14542
14542
14542
14542
14542
14542
14542
14542
14542
14542
14542
14542
14542
14542
14542
14542
14542
14542
14542
14542
14542
14542
14542
14542
14542
14542
14542
14542
14542
14542
14542
14542
14542
14542
14542
14542
14542
14542
14542
14496
14496
14496
14496
14496
14496
14496
14496
14496
14496
14496
14496
14496
14496
14496
14496
14496
14496
14496
14496
14496
14496
14496
14496
14496
14496
14496
14496
14496
14496
14496
14496
14496
14496
14496
14496
14496
14496
14496
14496
14496
14496
14496
14496
14496
14496
14496
14496
14496
14496
14496
14496
14496
14496
14496
14496
14496
14496
14496
14485
14485
14485
14485
14419
14419
14419
14419
14419
14419
14419
14419
14419
14419
14419
14419
14419
14419
14419
14419
14419
14419
14404
14404
14404
14404
14404
14404
14404
14404
14404
14404
14356
14356
14356
14356
14356
14356
14356
14356
14356
14356
14356
14356
14348
14348
14348
14348
14348
14348
14348
14348
14348
14348
14348
14348
14348
14348
14348
14348
14348
14348
14348
14348
14348
14348
14348
14348
14348
14348
14348
14348
14348
14348
14348
14348
14348
14348
14348
14348
14348
14348
14348
14348
14348
14348
14348
14348
14348
14348
14348
14348
14348
14348
14348
14348
14348
14348
14348
14348
14348
14348
14348
14348
14348
14348
14348
14348
14348
14348
14348
14295
14295
14295
14295
14295
14295
14295
14295
14295
14295
14295
14295
14295
14295
14295
14295
14295
14295
14295
14295
14295
14295
14295
14295
14295
14295
14295
14295
14290
14290
14290
14290
14290
14290
14290
14290
14290
14290
14290
14290
14290
14290
14290
14290
14290
14290
14290
14290
14290
14290
14290
14290
14290
14290
14290
14290
14290
14290
14290
14290
14290
14290
14290
14290
14290
14290
14290
14290
14290
14290
14290
14290
14290
14290
14290
14290
14290
14290
14290
14290
14290
14290
14290
14290
14290
14290
14290
14290
14290
14290
14290
14290
14290
14290
14290
14290
14276
14276
14276
14276
14276
14276
14276
14276
14276
14164
14164
14164
14164
14164
14164
14164
14164
14164
14164
14164
14164
14164
14164
14164
14164
14164
14164
14164
14164
14164
14164
14164
14164
14164
14164
14164
14164
14164
14164
14164
14164
14164
14164
14164
14164
14164
14164
14164
14164
14164
14164
14164
14056
14056
14056
14056
14056
14056
14056
14056
14056
14056
14056
14056
14056
14056
14056
14056
14056
14056
14056
14056
14056
14056
14056
14056
14056
14056
14056
14056
14056
14056
14056
14056
14056
14056
14056
14056
14056
14056
14056
14056
14056
14056
14056
14056
14056
14056
14056
14056
14056
14056
14056
14056
14056
14056
14056
14056
14056
14056
14056
14003
14003
14003
14003
14003
14003
14003
14003
14003
14003
14003
14003
14003
14003
14003
14003
14003
14003
14003
14003
14003
14003
14003
14003
14003
14003
14003
14003
14003
14003
14003
14003
14003
14003
14003
14003
14003
14003
14003
14003
14003
14003
14003
14003
14003
14003
14003
14003
14003
14003
14003
14003
14003
14003
14003
14003
14003
14003
14003
14003
14003
14003
14003
14003
14003
14003
14003
14003
14003
14003
14003
14003
14003
14003
14003
14003
14003
14003
14003
14003
14003
14003
14003
14003
14003
14003
14003
14003
14003
13983
13983
13983
13983
13983
13983
13983
13983
13983
13983
13983
13983
13983
13983
13983
13983
13983
13983
13983
13983
13983
13983
13983
13983
13983
13983
13983
13983
13983
13983
13983
13983
13983
13983
13983
13983
13983
13983
13983
13983
13983
13983
13983
13983
13983
13983
13983
13983
13983
13983
13983
13983
13983
13983
13983
13983
13983
13983
13983
13983
13983
13983
13983
13983
13983
13983
13983
13983
13983
13983
13983
13983
13983
13983
13983
13983
13983
13983
13983
13983
13983
13983
13983
13983
13983
13953
13953
13953
13953
13953
13953
13953
13953
13953
13953
13953
13953
13953
13953
13953
13953
13953
13953
13953
13953
13953
13953
13953
13953
13953
13953
13953
13953
13953
13953
13953
13953
13953
13953
13953
13953
13953
13953
13953
13953
13953
13953
13953
13953
13953
13953
13953
13953
13953
13953
13953
13953
13953
13953
13953
13953
13953
13953
13953
13953
13953
13953
13953
13953
13953
13953
13953
13953
13953
13953
13953
13953
13953
13953
13953
13953
13953
13953
13951
13951
13951
13951
13951
13951
13951
13951
13951
13951
13951
13951
13951
13951
13951
13951
13951
13951
13951
13951
13951
13951
13951
13951
13951
13810
13810
13810
13810
13810
13810
13810
13810
13810
13810
13810
13810
13810
13810
13810
13810
13810
13810
13810
13810
13810
13810
13810
13810
13810
13810
13810
13810
13810
13810
13810
13810
13810
13810
13810
13810
13810
13810
13810
13810
13810
13810
13810
13810
13810
13810
13810
13810
13810
13810
13810
13810
13810
13810
13810
13810
13810
13810
13810
13810
13810
13810
13810
13810
13810
13810
13810
13810
13810
13810
13810
13810
13810
13810
13810
13810
13810
13810
13776
13776
13776
13776
13776
13776
13776
13776
13776
13776
13776
13776
13776
13776
13776
13776
13776
13776
13776
13776
13776
13776
13776
13776
13776
13776
13776
13776
13776
13776
13776
13776
13776
13776
13739
13739
13739
13739
13739
13739
13739
13739
13739
13739
13739
13739
13739
13739
13739
13739
13739
13737
13737
13737
13737
13737
13737
13737
13737
13737
13737
13737
13737
13737
13737
13737
13737
13737
13737
13737
13737
13737
13737
13737
13737
13737
13737
13737
13737
13737
13737
13737
13737
13737
13737
13737
13737
13737
13737
13737
13737
13737
13737
13737
13737
13737
13737
13737
13737
13737
13737
13737
13737
13737
13737
13737
13737
13737
13737
13737
13737
13737
13737
13737
13737
13737
13737
13721
13721
13721
13721
13721
13721
13721
13721
13721
13721
13721
13721
13721
13721
13721
13721
13721
13721
13721
13721
13721
13721
13721
13721
13721
13721
13721
13721
13721
13721
13721
13721
13721
13721
13721
13721
13721
13721
13721
13721
13721
13721
13721
13721
13721
13721
13721
13721
13721
13721
13721
13721
13721
13721
13614
13614
13614
13614
13614
13614
13614
13614
13614
13614
13614
13614
13614
13614
13614
13614
13614
13614
13614
13614
13614
13614
13614
13614
13614
13614
13614
13614
13614
13614
13614
13614
13614
13614
13614
13614
13614
13614
13614
13614
13614
13614
13614
13614
13614
13614
13614
13614
13614
13614
13614
13614
13614
13614
13614
13614
13614
13614
13614
13614
13614
13614
13614
13614
13614
13614
13614
13614
13614
13614
13610
13610
13610
13610
13610
13610
13610
13610
13610
13610
13610
13610
13610
13610
13610
13610
13610
13409
13409
13409
13409
13409
13409
13409
13409
13409
13409
13409
13409
13409
13409
13409
13409
13409
13409
13409
13409
13409
13409
13409
13409
13409
13409
13409
13409
13409
13409
13409
13409
13409
13409
13409
13409
13409
13409
13409
13409
13409
13409
13409
13409
13409
13409
13409
13409
13409
13409
13409
13409
13409
13409
13409
13409
13409
13409
13409
13409
13409
13409
13409
13409
13409
13409
13409
13409
13409
13409
13409
13409
13409
13409
13409
13409
13409
13409
13409
13409
13409
13409
13409
13409
13409
13409
13409
13409
13409
13409
13409
13409
13409
13409
13409
13409
13409
13409
13409
13409
13409
13409
13409
13409
13409
13409
13409
13409
13409
13409
13409
13409
13409
13409
13409
13409
13409
13409
13409
13409
13409
13409
13409
13409
13409
13409
13409
13409
13409
13409
13409
13409
13409
13409
13409
13409
13409
13409
13409
13409
13409
13409
13409
13409
13409
13409
13409
13409
13409
13409
13364
13364
13364
13364
13364
13364
13364
13364
13364
13364
13364
13364
13364
13364
13364
13364
13364
13364
13364
13364
13364
13364
13364
13364
13364
13364
13364
13364
13364
13364
13364
13364
13364
13364
13364
13364
13364
13364
13364
13364
13364
13364
13364
13364
13364
13364
13364
13364
13364
13364
13364
13364
13364
13364
13364
13364
13364
13364
13364
13364
13364
13364
13364
13364
13364
13364
13322
13322
13322
13322
13322
13322
13322
13322
13322
13322
13322
13322
13322
13322
13322
13322
13322
13322
13322
13322
13322
13322
13322
13322
13322
13322
13322
13322
13322
13322
13322
13322
13322
13322
13322
13322
13322
13322
13322
13322
13220
13220
13220
13220
13220
13220
13220
13220
13220
13220
13220
13220
13220
13220
13220
13220
13220
13220
13220
13220
13220
13220
13220
13220
13220
13220
13220
13220
13220
13220
13220
13220
13220
13220
13220
13220
13220
13220
13220
13220
13220
13220
13220
13220
13220
13220
13220
13220
13220
13220
13220
13220
13220
13220
13220
13220
13220
13220
13220
13220
13220
13220
13220
13220
13220
13220
13220
13220
13220
13220
13220
13220
13220
13220
13220
13220
13220
13123
13123
13123
13123
13123
13123
13123
13123
13123
13123
13123
13123
13123
13123
13123
13123
13123
13123
13123
13123
13123
13123
13123
13123
13123
13123
13123
13123
13123
13123
13123
13123
13123
13123
13123
13123
13123
13123
13123
13123
13123
13123
13123
13123
13123
13123
13123
13123
13123
13123
13123
13123
13123
13123
13123
13123
13123
13123
13123
13123
13123
13123
13123
13123
13123
13123
13123
13123
13123
13123
13123
13123
13123
13123
13123
13123
13123
13123
13117
13117
13117
13117
13117
13117
13117
13117
13117
13117
13117
13105
13105
13105
13105
13105
13105
13105
13046
13046
13046
13046
13046
13046
13046
13046
13046
13046
13046
13046
13046
13046
13046
13046
13046
13046
13046
13046
13046
13046
13046
13046
13046
13046
13046
13046
13046
13046
13046
13046
13046
13046
13046
13046
13046
13046
13046
13046
13046
13046
13046
13046
13046
13046
13046
13046
13046
13046
13046
13046
13046
13046
13046
13046
13046
13046
13046
13046
12943
12943
12943
12943
12943
12943
12943
12943
12943
12943
12943
12943
12943
12943
12943
12943
12943
12943
12943
12943
12943
12943
12943
12943
12943
12943
12943
12943
12943
12943
12943
12943
12943
12943
12943
12943
12943
12943
12943
12943
12943
12943
12943
12943
12943
12943
12943
12943
12943
12943
12943
12943
12943
12943
12943
12943
12943
12943
12943
12943
12943
12802
12802
12802
12802
12802
12802
12802
12802
12802
12802
12802
12802
12802
12802
12802
12802
12802
12802
12802
12802
12802
12802
12802
12802
12802
12802
12802
12802
12802
12802
12802
12802
12802
12802
12802
12802
12802
12802
12802
12802
12802
12802
12802
12802
12802
12802
12802
12802
12802
12802
12802
12802
12802
12802
12802
12802
12802
12802
12802
12794
12794
12794
12794
12794
12794
12794
12794
12794
12794
12794
12794
12794
12794
12794
12794
12794
12794
12794
12794
12794
12794
12794
12794
12794
12794
12794
12794
12794
12794
12794
12794
12794
12794
12794
12732
12732
12732
12732
12732
12732
12732
12732
12732
12732
12732
12732
12732
12732
12732
12732
12732
12732
12732
12732
12732
12732
12732
12732
12732
12732
12732
12732
12732
12732
12732
12732
12732
12732
12729
12729
12729
12729
12729
12729
12729
12729
12729
12729
12729
12729
12729
12729
12729
12729
12729
12729
12729
12729
12729
12729
12729
12729
12729
12729
12729
12729
12729
12729
12729
12729
12729
12729
12729
12729
12729
12729
12729
12729
12729
12729
12729
12729
12729
12729
12729
12729
12729
12729
12729
12729
12729
12729
12729
12729
12669
12669
12669
12669
12669
12669
12669
12669
12669
12669
12669
12669
12669
12669
12669
12669
12669
12669
12669
12669
12669
12669
12669
12669
12669
12669
12669
12669
12669
12669
12669
12669
12669
12669
12669
12669
12669
12669
12669
12669
12669
12669
12669
12669
12669
12669
12669
12669
12669
12669
12669
12669
12669
12669
12669
12669
12669
12669
12669
12669
12669
12669
12669
12669
12669
12669
12669
12669
12669
12669
12669
12669
12669
12669
12669
12669
12669
12669
12669
12669
12669
12669
12669
12669
12669
12669
12669
12669
12669
12602
12602
12602
12602
12602
12602
12602
12602
12602
12602
12602
12602
12602
12602
12602
12602
12602
12602
12602
12602
12602
12602
12602
12602
12602
12602
12602
12602
12602
12602
12602
12602
12602
12602
12602
12602
12602
12602
12602
12602
12602
12602
12602
12602
12602
12602
12602
12602
12602
12602
12602
12602
12602
12602
12602
12602
12602
12602
12602
12602
12602
12602
12602
12602
12602
12601
12601
12601
12601
12601
12601
12601
12601
12601
12601
12601
12601
12601
12601
12601
12601
12601
12601
12601
12601
12601
12601
12601
12601
12601
12601
12601
12601
12601
12601
12601
12601
12601
12601
12601
12601
12601
12601
12601
12601
12601
12601
12601
12601
12601
12601
12601
12601
12601
12601
12601
12601
12601
12601
12601
12601
12601
12601
12601
12601
12601
12601
12601
12601
12601
12601
12601
12601
12601
12601
12601
12601
12601
12601
12601
12601
12601
12601
12601
12601
12601
12601
12601
12601
12601
12601
12601
12601
12601
12601
12601
12547
12547
12547
12547
12547
12547
12547
12547
12547
12547
12547
12547
12547
12547
12547
12547
12547
12547
12547
12479
12479
12479
12479
12479
12479
12479
12479
12479
12479
12479
12479
12479
12479
12479
12479
12479
12479
12479
12479
12479
12479
12479
12479
12479
12479
12479
12479
12479
12479
12479
12479
12479
12479
12479
12479
12437
12437
12437
12437
12437
12437
12437
12437
12437
12437
12437
12437
12437
12437
12437
12437
12437
12437
12437
12437
12437
12437
12437
12437
12437
12437
12437
12437
12437
12437
12437
12437
12437
12437
12437
12437
12437
12437
12437
12437
12437
12437
12437
12437
12437
12437
12437
12437
12437
12437
12437
12437
12437
12437
12437
12437
12437
12437
12437
12437
12437
12437
12437
12437
12437
12437
12437
12437
12437
12437
12437
12437
12437
12437
12437
12437
12437
12437
12437
12437
12437
12437
12437
12437
12437
12437
12437
12437
12437
12437
12437
12437
12437
12437
12369
12369
12369
12369
12369
12369
12369
12369
12369
12369
12369
12369
12369
12369
12369
12369
12369
12369
12369
12369
12369
12369
12369
12369
12369
12369
12369
12369
12369
12369
12369
12369
12369
12369
12369
12369
12369
12369
12369
12369
12369
12369
12369
12369
12369
12369
12369
12369
12369
12369
12369
12369
12369
12369
12369
12369
12369
12369
12369
12369
12369
12369
12369
12369
12351
12351
12351
12351
12351
12351
12351
12351
12351
12351
12351
12351
12351
12351
12351
12351
12351
12351
12351
12351
12351
12351
12351
12351
12351
12351
12351
12351
12351
12351
12351
12351
12351
12351
12351
12351
12351
12351
12351
12351
12351
12351
12351
12351
12351
12351
12351
12351
12351
12351
12351
12351
12351
12351
12351
12351
12351
12351
12351
12351
12351
12351
12351
12351
12351
12337
12337
12337
12337
12337
12337
12337
12337
12337
12337
12337
12337
12337
12337
12337
12337
12337
12337
12337
12337
12337
12337
12337
12337
12337
12337
12337
12337
12337
12337
12337
12337
12264
12264
12264
12264
12264
12264
12264
12264
12264
12264
12264
12264
12264
12264
12264
12264
12264
12264
12264
12264
12264
12264
12264
12264
12264
12264
12264
12264
12264
12264
12264
12264
12264
12264
12264
12264
12264
12264
12264
12264
12264
12264
12264
12264
12264
12264
12264
12264
12264
12264
12264
12264
12264
12264
12264
12264
12264
12264
12264
12264
12264
12264
12264
12264
12264
12264
12264
12264
12264
12264
12264
12264
12264
12264
12264
12264
12264
12264
12264
12264
12264
12264
12264
12264
12264
12240
12240
12240
12240
12240
12240
12240
12240
12240
12240
12240
12240
12240
12240
12240
12240
12240
12221
12221
12221
12221
12221
12221
12221
12221
12221
12221
12221
12221
12221
12221
12221
12221
12221
12221
12221
12221
12221
12221
12221
12221
12221
12221
12221
12221
12221
12221
12221
12221
12221
12221
12221
12221
12221
12221
12221
12221
12221
12221
12221
12221
12221
12221
12221
12221
12221
12221
12221
12221
12138
12138
12138
12138
12138
12138
12138
12138
12138
12138
12138
12138
12138
12138
12138
12138
12138
12138
12138
12138
12138
12138
12138
12138
12138
12138
12138
12138
12138
12138
12138
12138
12138
12138
12138
12138
12138
12138
12138
12138
12138
12138
12135
12135
12135
12135
12135
12135
12135
12135
12135
12135
12135
12135
12135
12135
12135
12135
12135
12135
12135
12135
12135
12135
12135
11937
11937
11937
11937
11937
11937
11937
11937
11937
11937
11937
11937
11937
11937
11937
11937
11937
11937
11937
11937
11937
11937
11937
11937
11937
11937
11937
11937
11937
11937
11937
11937
11937
11937
11937
11937
11937
11937
11937
11937
11937
11937
11937
11937
11937
11937
11937
11937
11937
11937
11937
11937
11937
11937
11937
11937
11937
11937
11776
11776
11776
11776
11776
11776
11776
11776
11776
11776
11776
11776
11776
11776
11776
11776
11776
11776
11776
11776
11776
11776
11776
11776
11776
11776
11776
11776
11776
11776
11776
11776
11776
11776
11776
11776
11776
11776
11776
11776
11776
11776
11776
11776
11753
11753
11753
11753
11753
11753
11753
11753
11753
11749
11730
11730
11730
11730
11730
11730
11730
11730
11730
11730
11730
11730
11730
11730
11730
11730
11730
11730
11730
11730
11730
11730
11730
11730
11730
11730
11730
11730
11730
11730
11730
11730
11730
11730
11730
11730
11730
11730
11730
11730
11730
11730
11730
11730
11730
11730
11730
11730
11730
11730
11730
11730
11730
11730
11730
11730
11730
11730
11730
11730
11730
11730
11730
11730
11730
11730
11730
11730
11730
11730
11730
11730
11730
11730
11730
11730
11730
11730
11730
11730
11730
11730
11730
11730
11730
11730
11730
11730
11730
11730
11730
11730
11730
11730
11730
11730
11695
11695
11695
11695
11695
11695
11695
11695
11695
11695
11695
11695
11695
11695
11695
11695
11695
11695
11695
11695
11695
11695
11695
11695
11695
11695
11695
11695
11695
11695
11695
11695
11695
11695
11695
11695
11695
11695
11695
11695
11695
11695
11695
11695
11695
11695
11695
11695
11695
11695
11695
11695
11695
11695
11695
11695
11599
11599
11599
11599
11599
11599
11599
11599
11599
11599
11599
11599
11599
11599
11599
11599
11599
11599
11599
11599
11599
11599
11599
11599
11599
11599
11599
11599
11599
11599
11599
11599
11599
11599
11599
11599
11599
11599
11599
11599
11599
11599
11599
11599
11599
11599
11599
11599
11599
11599
11599
11599
11599
11510
11510
11510
11510
11510
11510
11510
11510
11510
11510
11510
11510
11510
11510
11510
11510
11510
11510
11510
11510
11510
11510
11510
11510
11510
11510
11510
11510
11510
11510
11510
11510
11510
11510
11510
11510
11510
11510
11510
11510
11510
11510
11510
11510
11510
11510
11510
11510
11510
11510
11510
11510
11510
11510
11510
11510
11510
11510
11510
11510
11510
11510
11510
11510
11510
11510
11510
11510
11510
11510
11510
11510
11510
11510
11510
11510
11510
11510
11510
11510
11510
11510
11510
11510
11510
11510
11510
11510
11510
11510
11510
11510
11510
11510
11510
11510
11510
11510
11510
11510
11510
11510
11510
11510
11510
11510
11510
11510
11510
11510
11510
11510
11510
11510
11510
11510
11510
11510
11510
11510
11510
11510
11510
11510
11510
11510
11510
11510
11510
11510
11510
11510
11510
11510
11510
11510
11510
11510
11510
11510
11510
11510
11510
11510
11486
11486
11486
11486
11486
11486
11486
11454
11454
11454
11454
11454
11454
11454
11454
11454
11454
11454
11454
11454
11454
11454
11454
11454
11454
11454
11454
11454
11454
11454
11454
11454
11454
11454
11454
11454
11454
11454
11454
11454
11454
11454
11454
11454
11454
11454
11454
11454
11454
11454
11454
11454
11454
11454
11454
11454
11454
11454
11454
11454
11454
11454
11454
11454
11454
11454
11454
11454
11454
11454
11454
11454
11454
11454
11454
11454
11454
11454
11454
11454
11454
11454
11454
11454
11454
11454
11454
11454
11454
11454
11454
11454
11454
11454
11454
11454
11454
11454
11452
11452
11452
11452
11452
11452
11452
11452
11452
11452
11452
11452
11452
11452
11452
11452
11452
11452
11452
11452
11452
11452
11452
11452
11452
11452
11452
11452
11452
11452
11452
11452
11452
11452
11452
11452
11452
11452
11452
11452
11452
11452
11452
11452
11452
11452
11452
11452
11452
11452
11452
11452
11452
11452
11452
11452
11452
11452
11452
11452
11452
11452
11452
11452
11452
11452
11441
11441
11441
11441
11441
11441
11441
11441
11441
11441
11441
11441
11441
11441
11441
11441
11441
11441
11441
11441
11441
11441
11441
11441
11441
11441
11441
11441
11441
11441
11441
11441
11441
11441
11441
11441
11441
11441
11441
11441
11441
11441
11441
11441
11441
11441
11441
11441
11441
11441
11441
11441
11441
11441
11441
11441
11441
11441
11441
11441
11441
11441
11441
11441
11441
11441
11441
11441
11441
11441
11441
11441
11441
11441
11441
11441
11441
11441
11441
11441
11441
11441
11441
11441
11441
11441
11441
11441
11441
11441
11441
11441
11441
11441
11414
11414
11414
11414
11414
11414
11414
11414
11414
11414
11414
11414
11414
11414
11414
11414
11414
11414
11414
11414
11414
11414
11414
11414
11414
11414
11414
11414
11414
11414
11414
11414
11414
11414
11414
11414
11414
11414
11414
11414
11414
11414
11414
11414
11414
11414
11397
11397
11397
11397
11397
11397
11397
11397
11397
11397
11397
11397
11397
11397
11397
11397
11397
11397
11397
11397
11397
11397
11397
11397
11397
11397
11397
11397
11397
11397
11397
11397
11397
11397
11397
11397
11397
11397
11397
11397
11397
11397
11397
11397
11397
11397
11397
11397
11397
11397
11397
11397
11397
11397
11397
11397
11397
11397
11397
11397
11397
11397
11397
11397
11397
11397
11397
11397
11397
11397
11397
11397
11397
11397
11397
11397
11397
11397
11397
11397
11231
11231
11231
11231
11231
11231
11231
11231
11231
11231
11231
11231
11231
11231
11231
11231
11231
11229
11229
11229
11229
11229
11229
11229
11229
11229
11229
11229
11229
11229
11229
11229
11229
11229
11229
11229
11229
11229
11229
11229
11229
11229
11229
11229
11229
11229
11229
11229
11229
11229
11229
11229
11229
11229
11209
11209
11209
11209
11209
11209
11209
11209
11209
11209
11209
11209
11209
11209
11209
11209
11209
11209
11209
11209
11209
11209
11209
11209
11209
11209
11209
11209
11209
11209
11209
11209
11209
11209
11209
11209
11209
11209
11209
11209
11209
11209
11209
11209
11209
11209
11209
11209
11209
11209
11209
11209
11209
11209
11209
11209
11209
11209
11209
11209
11209
11209
11209
11209
11209
11209
11209
11209
11209
11209
11209
11209
11209
11209
11209
11209
11209
11209
11209
11209
11209
11209
11209
11209
11209
11209
11209
11209
11209
11138
11138
11138
11138
11138
11138
11138
11138
11138
11138
11138
11138
11138
11138
11138
11138
11138
11138
11138
11138
11138
11138
11138
11138
11138
11138
11138
11138
11138
11138
11138
11138
11138
11138
11138
11138
11138
11138
11138
11138
11138
11138
11138
11138
11138
11138
11138
11138
11138
11138
11138
11138
11138
11138
11138
11138
11138
11138
11138
11138
11138
11138
11138
11138
11138
11138
11138
11138
11138
11138
11138
11138
11138
11138
11138
11138
11138
11138
11138
11138
11138
11138
11138
11138
11138
11138
11138
11041
11041
11041
11041
11041
11041
11041
11041
11041
11041
11041
11041
11041
11041
11041
11041
11041
11041
11041
11041
11038
11038
11038
11038
11038
11038
11038
11038
11038
11038
11038
11038
11038
11038
11038
11038
11038
11038
11038
11038
11038
11038
11038
10938
10938
10938
10938
10938
10938
10938
10938
10938
10938
10938
10938
10938
10938
10938
10938
10938
10938
10938
10938
10938
10938
10938
10938
10938
10938
10938
10938
10938
10938
10938
10938
10938
10938
10938
10938
10938
10938
10938
10938
10938
10938
10938
10938
10938
10938
10938
10938
10938
10938
10938
10938
10938
10938
10938
10938
10938
10938
10938
10938
10938
10938
10938
10938
10938
10938
10938
10938
10938
10938
10938
10938
10938
10938
10938
10938
10938
10938
10938
10938
10938
10938
10938
10938
10938
10938
10938
10938
10938
10938
10938
10938
10938
10938
10938
10933
10933
10933
10933
10933
10933
10933
10933
10933
10933
10933
10933
10933
10933
10933
10933
10933
10933
10933
10933
10933
10933
10933
10933
10933
10933
10933
10933
10933
10933
10933
10933
10933
10933
10933
10933
10933
10933
10933
10933
10933
10933
10933
10933
10933
10933
10933
10933
10933
10933
10933
10933
10933
10933
10933
10933
10933
10933
10933
10933
10933
10933
10933
10933
10933
10933
10933
10933
10933
10933
10933
10933
10933
10933
10933
10933
10933
10933
10933
10933
10933
10933
10933
10933
10933
10867
10867
10867
10867
10867
10867
10867
10867
10867
10867
10867
10867
10867
10867
10867
10867
10867
10867
10867
10867
10867
10867
10867
10867
10867
10867
10867
10867
10867
10867
10867
10867
10867
10867
10867
10867
10867
10867
10867
10867
10867
10867
10867
10867
10867
10867
10867
10867
10867
10867
10867
10867
10867
10867
10867
10867
10867
10867
10867
10867
10867
10867
10867
10867
10867
10867
10867
10867
10867
10867
10867
10867
10867
10864
10864
10864
10864
10864
10864
10864
10864
10864
10864
10864
10864
10864
10864
10864
10864
10864
10864
10864
10864
10864
10864
10864
10864
10864
10864
10864
10864
10864
10864
10864
10864
10864
10864
10864
10864
10864
10864
10864
10864
10864
10864
10864
10864
10864
10864
10864
10864
10864
10864
10864
10864
10864
10864
10864
10864
10864
10864
10864
10864
10864
10864
10864
10864
10864
10864
10864
10864
10864
10864
10864
10864
10864
10864
10864
10864
10864
10864
10864
10864
10864
10864
10864
10864
10864
10864
10864
10864
10864
10864
10864
10864
10864
10864
10864
10864
10864
10858
10858
10858
10858
10858
10858
10858
10858
10858
10858
10858
10858
10858
10858
10858
10858
10858
10858
10858
10858
10858
10858
10858
10858
10858
10858
10804
10804
10804
10804
10804
10804
10804
10804
10804
10804
10804
10804
10804
10804
10804
10804
10804
10804
10804
10804
10804
10804
10804
10804
10804
10804
10804
10804
10804
10804
10804
10804
10804
10804
10804
10804
10804
10804
10804
10804
10804
10804
10804
10804
10804
10804
10804
10804
10804
10804
10804
10804
10804
10804
10804
10804
10804
10804
10804
10804
10804
10804
10804
10804
10804
10804
10804
10804
10804
10804
10804
10804
10804
10804
10804
10804
10804
10804
10804
10804
10804
10804
10804
10804
10804
10804
10804
10804
10757
10757
10757
10725
10725
10725
10725
10725
10725
10725
10725
10725
10725
10725
10725
10725
10725
10725
10725
10725
10725
10725
10725
10725
10725
10725
10725
10725
10725
10725
10725
10725
10725
10725
10725
10725
10725
10725
10725
10725
10725
10725
10725
10725
10725
10725
10725
10725
10725
10725
10725
10725
10725
10724
10724
10724
10724
10724
10724
10724
10724
10724
10724
10724
10724
10724
10724
10724
10724
10724
10724
10724
10724
10724
10724
10724
10724
10724
10724
10724
10724
10724
10724
10724
10724
10724
10724
10724
10724
10724
10724
10724
10724
10724
10724
10724
10724
10724
10724
10724
10724
10724
10724
10724
10724
10724
10724
10724
10724
10724
10724
10724
10724
10724
10724
10724
10724
10724
10724
10724
10724
10724
10724
10724
10724
10724
10724
10724
10724
10724
10724
10724
10724
10724
10724
10724
10724
10724
10724
10724
10724
10724
10623
10623
10623
10623
10623
10623
10623
10623
10623
10623
10623
10623
10623
10623
10623
10623
10623
10623
10623
10623
10623
10623
10623
10623
10623
10623
10623
10623
10623
10623
10623
10623
10623
10623
10623
10623
10623
10623
10623
10623
10623
10623
10623
10623
10560
10560
10560
10560
10560
10560
10560
10560
10560
10560
10560
10560
10560
10560
10560
10560
10560
10560
10560
10560
10560
10560
10560
10560
10560
10560
10560
10560
10560
10560
10560
10560
10560
10560
10560
10560
10560
10560
10560
10560
10560
10560
10560
10560
10560
10560
10560
10560
10560
10560
10560
10560
10560
10560
10560
10560
10560
10560
10560
10560
10560
10560
10560
10560
10560
10560
10560
10560
10560
10560
10560
10560
10560
10560
10560
10560
10560
10560
10560
10560
10560
10560
10560
10560
10560
10560
10560
10560
10560
10560
10560
10560
10560
10416
10416
10416
10416
10416
10416
10416
10416
10416
10416
10416
10416
10416
10416
10416
10416
10416
10416
10416
10416
10416
10416
10416
10416
10416
10416
10416
10416
10416
10416
10416
10416
10416
10416
10416
10416
10416
10416
10416
10416
10416
10416
10416
10416
10416
10416
10416
10416
10416
10416
10416
10416
10416
10416
10416
10416
10416
10416
10416
10416
10416
10416
10416
10416
10416
10416
10416
10416
10416
10416
10416
10416
10416
10416
10416
10416
10416
10416
10416
10416
10416
10416
10416
10416
10416
10416
10416
10416
10416
10416
10416
10416
10416
10416
10361
10361
10361
10361
10361
10361
10361
10361
10361
10361
10361
10361
10361
10361
10361
10361
10361
10361
10361
10361
10361
10361
10361
10361
10361
10361
10361
10361
10361
10361
10361
10361
10361
10361
10361
10361
10361
10361
10361
10361
10361
10361
10361
10361
10361
10361
10361
10361
10361
10361
10361
10361
10361
10361
10361
10361
10361
10361
10361
10361
10361
10361
10361
10361
10361
10361
10361
10361
10361
10361
10361
10361
10361
10361
10361
10361
10361
10361
10361
10361
10361
10361
10361
10361
10361
10361
10361
10361
10361
10361
10361
10361
10361
10361
10338
10338
10338
10338
10338
10338
10338
10338
10338
10338
10338
10338
10338
10338
10338
10338
10338
10338
10338
10338
10338
10338
10338
10338
10338
10338
10338
10338
10338
10338
10338
10338
10338
10338
10338
10338
10338
10338
10338
10338
10338
10338
10338
10338
10338
10338
10338
10338
10338
10338
10338
10338
10338
10338
10338
10338
10338
10338
10338
10338
10338
10338
10338
10338
10338
10338
10338
10338
10338
10338
10338
10338
10338
10338
10338
10338
10338
10338
10338
10338
10338
10338
10338
10338
10338
10338
10338
10256
10256
10256
10256
10256
10256
10256
10256
10256
10256
10256
10256
10256
10256
10256
10256
10256
10256
10256
10256
10256
10256
10256
10256
10256
10256
10256
10256
10256
10256
10256
10256
10256
10256
10256
10256
10256
10256
10256
10239
10239
10239
10239
10239
10239
10239
10239
10239
10239
10239
10239
10239
10239
10239
10239
10239
10239
10239
10239
10239
10239
10239
10239
10239
10239
10239
10239
10239
10239
10239
10239
10239
10239
10239
10239
10239
10239
10239
10239
10239
10239
10239
10239
10239
10239
10239
10239
10239
10198
10198
10198
10198
10198
10198
10198
10198
10198
10198
10198
10198
10198
10198
10198
10198
10198
10198
10198
10198
10198
10198
10198
10198
10198
10198
10198
10198
10198
10198
10198
10198
10198
10198
10198
10198
10198
10198
10198
10198
10198
10198
10198
10198
10198
10198
10198
10198
10198
10198
10198
10198
10198
10198
10198
10198
10198
10198
10198
10198
10198
10198
10198
10198
10198
10198
10198
10198
10198
10198
10198
10198
10198
10198
10198
10198
10198
10198
10198
10198
10198
10198
10198
10198
10113
10113
10113
10113
10113
10113
10113
10113
10113
10113
10113
10113
10113
10113
10113
10113
10113
10113
10113
10113
10113
10113
10113
10113
10113
10113
10113
10113
10113
10113
10113
10113
10113
10113
10113
10113
10113
10113
10113
10113
10113
10113
10113
10113
10113
10113
10113
10113
10113
10113
10113
10113
10113
10113
10113
10113
10113
10113
10113
10113
10113
10113
10113
10113
10113
10113
10113
10113
10113
10113
10113
10113
10113
10113
10113
10113
10113
10113
10113
10113
10113
10113
10113
10113
10113
10113
10113
10113
10113
10113
10113
10113
10113
10113
10086
10086
10086
10086
10086
10086
10086
10086
10086
10086
10086
10086
10086
10086
10086
10086
10086
10086
10086
10086
10086
10086
10086
10086
10086
10086
10086
10086
10086
10086
10086
10086
10086
10086
10086
10086
10086
10086
10086
10086
10086
10086
10086
10086
10086
10086
10086
10086
10086
10086
10086
10086
10086
10086
10086
10086
10086
10086
10086
10086
10086
10086
10086
10086
10086
10086
10086
10086
10086
10086
10086
10086
10086
10086
10086
10086
10086
10086
10086
10086
10086
10086
10086
10086
10086
10086
10086
10086
10086
10086
10086
10086
10086
10086
9990
9990
9990
9990
9990
9990
9990
9990
9990
9990
9990
9990
9990
9990
9990
9990
9990
9990
9990
9990
9990
9990
9990
9990
9990
9990
9990
9990
9990
9990
9990
9990
9990
9990
9990
9990
9990
9990
9990
9990
9990
9990
9990
9990
9990
9982
9982
9982
9982
9982
9982
9982
9982
9982
9982
9982
9982
9982
9982
9982
9982
9982
9982
9982
9982
9982
9982
9982
9982
9982
9982
9982
9982
9982
9982
9982
9982
9982
9982
9982
9982
9982
9982
9982
9982
9982
9982
9982
9982
9982
9982
9982
9982
9982
9982
9982
9982
9982
9982
9982
9982
9982
9982
9982
9982
9982
9982
9982
9982
9982
9982
9982
9982
9952
9952
9952
9952
9952
9952
9952
9952
9952
9952
9952
9952
9952
9952
9952
9952
9952
9952
9952
9952
9952
9952
9952
9952
9952
9952
9952
9952
9952
9952
9952
9952
9952
9952
9952
9952
9952
9952
9952
9952
9952
9952
9952
9952
9952
9952
9952
9952
9952
9952
9952
9952
9952
9952
9952
9952
9952
9952
9952
9952
9930
9930
9930
9930
9930
9930
9930
9930
9930
9930
9930
9930
9930
9930
9930
9930
9930
9930
9930
9901
9901
9901
9901
9901
9901
9901
9901
9901
9901
9901
9901
9901
9901
9901
9901
9901
9901
9901
9899
9899
9899
9899
9899
9899
9899
9899
9899
9899
9899
9899
9899
9899
9899
9899
9899
9899
9899
9899
9899
9899
9899
9899
9899
9899
9899
9899
9899
9899
9899
9899
9899
9899
9899
9899
9899
9899
9899
9899
9899
9899
9899
9899
9899
9899
9899
9899
9899
9899
9899
9899
9899
9899
9899
9899
9899
9899
9899
9899
9899
9899
9899
9899
9896
9896
9896
9896
9896
9896
9896
9896
9896
9896
9896
9896
9896
9896
9896
9896
9896
9896
9896
9896
9896
9896
9896
9896
9896
9896
9896
9896
9896
9896
9896
9896
9896
9896
9896
9896
9896
9896
9896
9896
9896
9896
9896
9896
9896
9896
9896
9896
9896
9896
9896
9896
9896
9896
9896
9896
9896
9896
9896
9896
9896
9896
9896
9896
9896
9896
9896
9896
9896
9896
9896
9896
9896
9896
9896
9896
9896
9896
9896
9896
9896
9896
9896
9896
9896
9896
9896
9896
9896
9896
9896
9896
9896
9844
9844
9844
9844
9844
9844
9844
9844
9844
9844
9844
9844
9844
9844
9809
9809
9809
9809
9809
9809
9809
9809
9809
9809
9809
9809
9809
9809
9809
9809
9809
9809
9809
9809
9809
9809
9809
9809
9809
9809
9809
9809
9809
9732
9732
9732
9732
9732
9726
9726
9726
9726
9726
9726
9726
9726
9726
9726
9726
9726
9726
9726
9726
9726
9726
9726
9726
9726
9726
9726
9726
9726
9726
9726
9726
9726
9726
9726
9726
9726
9726
9726
9726
9726
9726
9726
9726
9726
9726
9726
9726
9726
9726
9726
9726
9726
9726
9726
9726
9726
9726
9726
9726
9726
9726
9726
9726
9726
9726
9726
9726
9726
9726
9726
9726
9726
9655
9655
9655
9655
9655
9655
9655
9655
9655
9655
9655
9655
9655
9655
9655
9655
9655
9655
9655
9655
9655
9655
9655
9655
9655
9655
9655
9655
9655
9655
9655
9655
9655
9655
9655
9655
9655
9655
9655
9655
9655
9655
9655
9655
9655
9655
9655
9655
9655
9655
9655
9655
9655
9655
9655
9655
9655
9655
9655
9655
9655
9655
9655
9655
9655
9655
9655
9655
9655
9655
9655
9655
9655
9655
9655
9655
9655
9655
9655
9655
9655
9655
9655
9655
9655
9655
9655
9655
9655
9655
9655
9655
9633
9633
9633
9633
9633
9633
9633
9633
9633
9633
9633
9633
9633
9633
9633
9633
9633
9633
9633
9633
9633
9633
9633
9633
9633
9633
9633
9633
9633
9633
9633
9633
9633
9633
9633
9633
9576
9576
9576
9576
9576
9576
9576
9576
9576
9576
9576
9576
9576
9576
9576
9576
9576
9576
9576
9576
9576
9576
9576
9576
9576
9576
9576
9576
9576
9576
9576
9576
9576
9576
9576
9576
9576
9576
9576
9576
9576
9576
9576
9576
9576
9576
9473
9473
9473
9473
9473
9473
9473
9457
9457
9457
9457
9457
9457
9457
9457
9457
9457
9457
9457
9457
9457
9457
9457
9457
9457
9457
9457
9457
9457
9457
9457
9457
9457
9457
9457
9457
9457
9457
9457
9457
9457
9457
9457
9457
9457
9457
9457
9413
9413
9413
9413
9413
9413
9413
9413
9413
9413
9413
9413
9413
9413
9413
9413
9413
9413
9413
9413
9413
9413
9413
9400
9400
9400
9400
9400
9400
9400
9400
9400
9400
9400
9400
9400
9400
9400
9400
9400
9400
9400
9400
9400
9400
9400
9400
9400
9400
9400
9400
9400
9400
9400
9400
9400
9400
9400
9400
9400
9400
9400
9400
9400
9400
9400
9400
9400
9400
9400
9400
9400
9400
9384
9384
9384
9384
9384
9384
9384
9384
9384
9384
9384
9384
9384
9384
9384
9384
9384
9384
9384
9384
9384
9384
9384
9384
9384
9384
9384
9384
9384
9384
9384
9384
9384
9384
9384
9384
9384
9384
9384
9384
9384
9384
9384
9384
9384
9384
9384
9384
9384
9384
9384
9384
9384
9219
9219
9219
9219
9219
9219
9219
9219
9219
9219
9219
9219
9219
9219
9219
9219
9219
9219
9219
9219
9219
9219
9219
9219
9219
9219
9219
9219
9219
9219
9219
9219
9219
9219
9219
9219
9197
9197
9197
9197
9197
9197
9197
9197
9197
9197
9197
9197
9197
9197
9197
9197
9197
9197
9197
9197
9197
9197
9197
9197
9197
9197
9197
9197
9197
9197
9197
9197
9197
9197
9197
9197
9197
9197
9197
9197
9197
9197
9197
9197
9197
9197
9197
9197
9197
9197
9197
9197
9197
9197
9197
9197
9197
9197
9197
9197
9197
9197
9197
9197
9197
9197
9197
9197
9197
9197
9197
9197
9197
9197
9191
9191
9191
9191
9191
9191
9191
9191
9191
9191
9191
9191
9191
9191
9191
9191
9191
9191
9191
9191
9191
9191
9191
9191
9191
9191
9191
9191
9191
9191
9191
9191
9191
9191
9191
9191
9191
9191
9191
9191
9191
9191
9191
9191
9191
9191
9191
9191
9191
9191
9191
9191
9191
9191
9191
9191
9191
9191
9191
9191
9191
9191
9191
9191
9191
9191
9191
9191
9191
9191
9191
9191
9191
9191
9191
9191
9191
9191
9191
9191
9191
9191
9191
9191
9191
9191
9191
9191
9191
9191
9191
9177
9177
9177
9177
9177
9177
9177
9177
9177
9177
9177
9177
9177
9177
9177
9177
9177
9177
9177
9177
9177
9177
9177
9177
9177
9177
9177
9177
9177
9177
9177
9177
9177
9177
9174
9174
9174
9174
9174
9174
9174
9174
9174
9174
9174
9174
9174
9174
9174
9174
9174
9174
9174
9174
9174
9174
9174
9174
9174
9174
9174
9174
9174
9174
9174
9174
9174
9174
9174
9174
9174
9174
9174
9174
9174
9174
9174
9174
9174
9174
9174
9174
9174
9174
9174
9174
9174
9174
9174
9174
9174
9174
9174
9174
9174
9174
9174
9174
9174
9174
9174
9174
9174
9174
9174
9174
9174
9174
9174
9174
9174
9174
9174
9174
9174
9174
9174
9174
9174
9174
9174
9174
9174
9174
9174
9174
9174
9174
9174
9174
9174
9174
9174
9127
9127
9127
9127
9127
9127
9127
9127
9127
9127
9127
9127
9127
9127
9127
9127
9127
9127
9127
9127
9127
9127
9127
9127
9127
9127
9127
9127
9127
9127
9127
9127
9127
9127
9127
9113
9113
9113
9113
9113
9113
9113
9113
9113
9113
9113
9113
9113
9113
9113
9113
9113
9113
9113
9113
9113
9113
9113
9113
9113
9113
9113
9113
9113
9113
9113
9113
9113
9113
9113
9113
9113
9113
9113
9113
9113
9113
9113
9113
9113
9113
9113
9113
9113
9113
9113
9113
9113
9113
9113
9113
9113
9113
9113
9113
9113
9113
9113
9113
9113
9113
9113
9113
9088
9088
9088
9088
9088
9088
9088
9088
9088
9088
9088
9088
9088
9088
9088
9088
9088
9088
9088
9088
9088
9088
9088
9088
9088
9088
9088
9088
9088
9062
9062
9062
9062
9062
9062
9062
9062
9062
9062
9062
9062
9062
9062
9062
9062
9062
9062
9062
9062
9062
9062
9062
9062
9062
9062
9062
9062
9062
9062
9062
9062
9062
9062
9062
9062
9062
9062
9062
9062
9062
9062
9062
9062
9062
9062
9062
9062
9062
9062
9062
9062
9062
9062
9062
9062
9062
9062
9062
9062
9062
9062
9062
9062
9062
9062
9062
9062
9062
9062
9062
9062
9062
9062
9062
9062
9062
9062
9062
9062
9062
9062
9062
9062
9062
9062
9062
9062
9062
9062
9062
9062
9062
9040
9040
9040
9040
9040
9040
9040
9040
9040
9040
9040
9040
9040
9040
9040
9032
9032
9032
9032
9032
9032
9032
9032
9032
9032
9032
9032
9032
9032
9032
9032
9032
9032
9032
9032
9032
9032
9032
9032
9032
9032
9032
9032
9032
9032
9032
9032
9032
9032
9032
9032
9032
9032
9032
9032
9032
9032
9032
9032
9032
9032
9032
9032
9032
8978
8978
8978
8978
8978
8978
8978
8978
8978
8978
8978
8978
8978
8978
8978
8978
8978
8978
8978
8978
8978
8978
8978
8978
8978
8978
8978
8978
8978
8978
8978
8978
8978
8978
8978
8978
8978
8978
8978
8978
8978
8978
8978
8978
8978
8978
8978
8978
8978
8978
8978
8978
8978
8978
8978
8978
8978
8978
8978
8978
8978
8978
8978
8978
8978
8978
8978
8978
8978
8963
8963
8963
8963
8963
8963
8963
8963
8963
8963
8963
8963
8963
8963
8963
8963
8963
8963
8963
8963
8963
8963
8963
8963
8963
8963
8963
8963
8963
8963
8963
8963
8963
8963
8963
8963
8963
8963
8963
8963
8963
8963
8963
8963
8963
8963
8963
8963
8963
8963
8831
8831
8831
8831
8831
8831
8831
8831
8831
8831
8831
8831
8831
8770
8770
8770
8770
8770
8770
8770
8770
8770
8770
8770
8770
8770
8770
8770
8768
8768
8768
8768
8768
8768
8768
8768
8768
8768
8768
8768
8768
8768
8768
8768
8768
8768
8768
8768
8768
8768
8768
8768
8768
8672
8672
8672
8672
8672
8672
8672
8672
8672
8672
8672
8647
8647
8647
8647
8600
8600
8600
8600
8600
8600
8600
8600
8600
8600
8600
8600
8600
8600
8600
8600
8600
8600
8600
8600
8600
8600
8600
8600
8600
8600
8600
8600
8600
8600
8600
8600
8600
8600
8600
8600
8600
8600
8600
8600
8600
8600
8600
8600
8600
8600
8600
8600
8600
8600
8600
8600
8600
8600
8600
8600
8600
8600
8600
8600
8600
8600
8600
8597
8597
8597
8597
8597
8597
8545
8545
8545
8545
8545
8545
8545
8545
8545
8545
8545
8545
8545
8545
8545
8545
8545
8545
8545
8545
8545
8545
8545
8545
8545
8545
8545
8545
8545
8545
8545
8545
8545
8545
8545
8545
8545
8545
8545
8545
8545
8545
8545
8545
8545
8545
8545
8545
8545
8545
8545
8545
8545
8545
8545
8545
8545
8545
8545
8545
8545
8545
8545
8545
8545
8545
8545
8545
8545
8545
8545
8545
8545
8545
8545
8545
8545
8545
8545
8545
8545
8545
8545
8545
8545
8545
8545
8545
8545
8545
8545
8545
8545
8512
8512
8512
8512
8512
8512
8512
8512
8512
8512
8512
8512
8512
8512
8512
8512
8512
8512
8512
8512
8512
8512
8512
8512
8512
8389
8389
8389
8389
8389
8389
8389
8389
8389
8389
8389
8389
8389
8389
8389
8389
8389
8389
8389
8389
8389
8389
8389
8389
8389
8389
8389
8389
8389
8389
8389
8389
8389
8389
8389
8389
8389
8389
8389
8389
8389
8389
8389
8389
8389
8389
8389
8389
8371
8371
8371
8371
8371
8371
8371
8371
8371
8371
8371
8371
8371
8371
8371
8371
8371
8371
8371
8371
8371
8371
8371
8371
8371
8371
8371
8371
8371
8371
8371
8371
8371
8371
8371
8371
8371
8371
8371
8371
8371
8371
8371
8371
8371
8371
8371
8371
8371
8371
8371
8371
8371
8371
8371
8371
8371
8371
8371
8371
8371
8371
8371
8371
8371
8371
8371
8371
8371
8371
8371
8371
8371
8371
8371
8371
8371
8371
8371
8311
8311
8311
8311
8311
8311
8311
8311
8311
8311
8311
8311
8311
8311
8311
8311
8311
8311
8311
8311
8311
8311
8311
8311
8311
8311
8311
8311
8311
8311
8311
8311
8311
8311
8311
8311
8311
8260
8260
8260
8260
8260
8260
8260
8260
8260
8260
8260
8260
8260
8260
8260
8260
8260
8260
8260
8260
8260
8260
8260
8260
8260
8260
8260
8260
8260
8260
8260
8260
8260
8260
8260
8260
8260
8249
8249
8249
8249
8249
8249
8249
8249
8230
8230
8230
8230
8230
8230
8230
8230
8230
8230
8230
8230
8230
8230
8230
8230
8230
8230
8230
8230
8230
8230
8230
8230
8230
8230
8230
8230
8230
8230
8230
8230
8230
8230
8230
8230
8230
8230
8230
8230
8230
8230
8230
8230
8230
8230
8230
8230
8230
8230
8230
8230
8230
8230
8230
8230
8230
8230
8230
8230
8230
8230
8230
8230
8230
8230
8230
8230
8230
8230
8230
8230
8230
8230
8230
8230
8230
8230
8230
8125
8125
8125
8125
8125
8125
8125
8125
8125
8125
8125
8125
8125
8125
8125
8125
8125
8125
8125
8125
8125
8125
8125
8125
8125
8125
8125
8125
8125
8125
8125
8125
8125
8125
8125
8125
8125
8125
8125
8125
8125
8125
8125
8125
8125
8125
8125
8125
8125
8125
8125
8082
8082
8082
8082
8082
8082
8082
8082
8082
8082
8082
8082
8038
8038
8038
8038
8038
8038
8038
8038
8038
8038
8038
8038
8038
8038
8038
8038
8038
8038
8038
8038
8038
8038
8038
8038
8038
8038
8038
8038
8038
8038
8038
8038
8038
8038
8038
8038
8038
8038
8038
8038
8038
8038
8038
8038
8038
8038
8038
8038
8038
8038
8038
8038
8038
8038
8038
8038
8038
8038
8038
8038
8038
8038
8038
8038
8038
8038
8038
8038
8038
8038
8038
8038
8038
8038
8038
8038
8038
8038
8038
8038
8038
8038
8038
8038
8038
8038
8038
8038
8038
8038
8038
8038
8038
8038
8038
8038
8038
8038
8038
8013
8013
8013
8013
8013
8013
8013
8013
8013
8013
8013
8013
8013
8013
8013
8013
8013
8013
8013
8013
8013
8013
8013
8013
8013
8013
8013
8013
8013
8013
8013
8013
8013
8013
8013
8013
8013
8013
8013
8013
8013
8013
8013
8013
8013
8013
8013
8013
8013
8013
8013
8013
8013
8013
7999
7999
7999
7999
7999
7999
7999
7999
7999
7999
7999
7999
7999
7999
7999
7999
7999
7999
7999
7999
7999
7999
7999
7999
7999
7999
7999
7999
7999
7999
7999
7999
7999
7999
7999
7999
7999
7999
7999
7999
7999
7999
7999
7999
7999
7999
7999
7999
7999
7999
7999
7999
7999
7999
7999
7999
7999
7999
7999
7999
7999
7999
7999
7999
7999
7999
7999
7999
7999
7999
7999
7999
7999
7999
7999
7999
7999
7999
7999
7999
7999
7999
7999
7999
7999
7999
7999
7999
7999
7999
7999
7999
7999
7999
7999
7999
7999
7999
7999
7999
7999
7999
7999
7999
7989
7989
7989
7989
7989
7989
7989
7989
7989
7989
7989
7989
7989
7989
7989
7989
7989
7989
7989
7989
7989
7989
7989
7989
7989
7989
7989
7989
7989
7989
7989
7989
7989
7989
7989
7989
7989
7989
7989
7989
7989
7989
7989
7989
7989
7989
7989
7989
7989
7989
7989
7989
7989
7989
7989
7989
7989
7989
7989
7989
7989
7978
7978
7978
7978
7978
7978
7978
7978
7978
7978
7978
7978
7978
7978
7978
7978
7978
7978
7978
7978
7978
7978
7978
7978
7978
7978
7978
7978
7978
7978
7978
7978
7978
7978
7978
7978
7978
7978
7978
7978
7978
7978
7978
7978
7978
7978
7978
7978
7978
7978
7978
7978
7978
7978
7978
7978
7978
7978
7978
7978
7978
7978
7978
7978
7978
7978
7978
7973
7973
7973
7973
7973
7973
7973
7973
7973
7973
7973
7973
7973
7973
7973
7973
7973
7973
7973
7973
7973
7973
7973
7973
7973
7973
7973
7973
7973
7973
7973
7973
7973
7973
7973
7973
7973
7973
7973
7973
7973
7973
7973
7973
7973
7973
7973
7973
7973
7973
7973
7973
7973
7973
7973
7973
7973
7973
7973
7973
7973
7973
7973
7973
7973
7973
7973
7973
7973
7973
7973
7973
7973
7973
7973
7973
7973
7973
7973
7973
7973
7973
7973
7973
7973
7973
7973
7973
7973
7973
7973
7973
7973
7973
7973
7973
7909
7909
7909
7909
7909
7909
7909
7909
7909
7909
7909
7909
7909
7909
7909
7906
7906
7906
7906
7906
7906
7870
7870
7870
7870
7870
7870
7870
7870
7870
7870
7870
7870
7870
7870
7870
7870
7870
7870
7870
7870
7870
7870
7870
7870
7870
7870
7870
7870
7870
7870
7870
7870
7870
7870
7870
7870
7870
7870
7870
7870
7870
7870
7870
7870
7870
7870
7870
7870
7870
7870
7870
7870
7870
7870
7854
7854
7854
7854
7854
7854
7854
7854
7854
7854
7854
7854
7854
7854
7854
7854
7854
7854
7854
7854
7854
7854
7854
7854
7854
7854
7854
7854
7854
7854
7854
7846
7846
7846
7846
7846
7846
7846
7846
7846
7846
7846
7846
7846
7846
7846
7846
7846
7846
7846
7846
7846
7846
7846
7846
7846
7846
7846
7846
7846
7846
7846
7846
7846
7846
7846
7846
7846
7846
7846
7846
7846
7846
7846
7846
7846
7846
7846
7846
7826
7826
7826
7826
7826
7826
7826
7826
7826
7826
7826
7826
7826
7826
7826
7808
7808
7808
7808
7808
7808
7808
7808
7793
7793
7793
7793
7793
7793
7793
7793
7793
7793
7793
7793
7793
7793
7793
7793
7793
7793
7793
7793
7793
7793
7793
7793
7793
7793
7793
7793
7793
7793
7793
7793
7793
7793
7793
7793
7793
7793
7793
7787
7787
7787
7787
7787
7787
7787
7787
7787
7787
7787
7787
7787
7787
7787
7787
7787
7787
7787
7787
7787
7787
7787
7787
7787
7787
7787
7787
7787
7787
7787
7787
7787
7787
7787
7787
7787
7787
7787
7787
7787
7787
7787
7787
7787
7787
7787
7787
7787
7787
7787
7787
7787
7787
7787
7787
7787
7787
7787
7787
7787
7787
7787
7787
7787
7787
7787
7787
7787
7787
7787
7787
7787
7787
7787
7787
7787
7787
7787
7787
7787
7730
7730
7730
7730
7730
7730
7730
7730
7730
7730
7730
7730
7730
7730
7730
7730
7730
7730
7730
7730
7730
7730
7730
7730
7730
7730
7730
7730
7690
7690
7690
7690
7690
7690
7690
7690
7690
7690
7690
7690
7690
7690
7690
7690
7690
7690
7690
7690
7690
7639
7639
7639
7639
7639
7639
7639
7639
7639
7639
7639
7639
7639
7639
7639
7639
7639
7639
7639
7639
7639
7639
7639
7639
7639
7639
7639
7639
7639
7639
7639
7639
7639
7639
7639
7639
7639
7639
7639
7639
7639
7639
7639
7639
7639
7639
7639
7639
7639
7639
7639
7639
7639
7639
7639
7639
7639
7639
7639
7639
7639
7639
7639
7639
7639
7639
7639
7639
7639
7639
7639
7639
7639
7639
7639
7639
7639
7639
7639
7609
7609
7609
7609
7609
7609
7609
7609
7609
7609
7609
7573
7573
7573
7573
7573
7573
7573
7573
7573
7573
7573
7573
7573
7573
7573
7573
7573
7573
7475
7475
7475
7475
7475
7475
7475
7475
7475
7475
7475
7475
7475
7475
7475
7475
7475
7475
7475
7475
7475
7475
7475
7475
7475
7475
7475
7475
7475
7475
7475
7431
7431
7431
7431
7431
7431
7431
7431
7431
7431
7431
7431
7431
7431
7431
7431
7431
7431
7431
7431
7431
7431
7431
7431
7431
7431
7431
7431
7431
7431
7431
7431
7431
7431
7431
7431
7431
7431
7431
7431
7431
7431
7431
7431
7431
7431
7431
7431
7431
7431
7431
7431
7431
7431
7431
7431
7431
7431
7431
7431
7431
7431
7431
7431
7431
7431
7431
7431
7431
7431
7431
7431
7431
7431
7431
7431
7431
7431
7431
7431
7431
7431
7431
7431
7431
7367
7367
7367
7367
7367
7367
7367
7367
7367
7367
7367
7367
7367
7367
7367
7354
7354
7354
7354
7354
7354
7354
7354
7354
7354
7354
7354
7354
7354
7354
7354
7354
7354
7354
7354
7354
7354
7354
7354
7354
7354
7354
7354
7354
7354
7354
7354
7354
7354
7354
7354
7354
7354
7354
7354
7354
7354
7354
7354
7354
7354
7354
7354
7354
7354
7354
7354
7354
7354
7354
7354
7354
7354
7354
7354
7354
7354
7354
7354
7354
7354
7354
7354
7354
7354
7354
7354
7354
7354
7263
7263
7263
7263
7263
7263
7263
7263
7263
7263
7263
7263
7263
7263
7263
7263
7263
7263
7263
7263
7263
7263
7263
7263
7263
7263
7263
7263
7263
7263
7263
7263
7263
7263
7263
7263
7263
7263
7263
7263
7263
7263
7263
7263
7263
7263
7263
7263
7263
7263
7263
7263
7263
7263
7263
7263
7263
7263
7263
7263
7263
7263
7263
7263
7263
7263
7263
7263
7263
7263
7263
7263
7263
7263
7263
7263
7263
7263
7263
7263
7263
7263
7263
7263
7263
7263
7249
7249
7249
7249
7249
7248
7248
7248
7248
7248
7248
7248
7248
7248
7248
7248
7248
7248
7248
7248
7248
7248
7248
7248
7248
7248
7248
7248
7248
7248
7248
7248
7248
7248
7248
7248
7248
7248
7248
7248
7248
7248
7248
7248
7248
7248
7248
7248
7248
7248
7248
7248
7248
7248
7248
7248
7248
7248
7248
7248
7248
7248
7248
7248
7248
7248
7248
7248
7248
7248
7248
7248
7248
7248
7248
7248
7248
7248
7248
7248
7248
7248
7248
7248
7248
7248
7248
7248
7248
7248
7248
7248
7248
7248
7248
7248
7248
7248
7242
7242
7242
7242
7242
7242
7242
7242
7242
7242
7242
7242
7242
7242
7242
7242
7242
7242
7242
7242
7242
7242
7242
7242
7242
7242
7242
7242
7242
7242
7242
7242
7242
7242
7242
7242
7242
7242
7242
7242
7242
7242
7242
7242
7242
7242
7242
7242
7242
7242
7242
7242
7242
7242
7242
7242
7242
7242
7242
7242
7242
7242
7242
7242
7242
7242
7242
7242
7242
7242
7242
7242
7236
7236
7236
7236
7236
7236
7236
7236
7236
7236
7236
7236
7236
7236
7236
7236
7236
7236
7236
7236
7236
7236
7236
7236
7236
7236
7236
7236
7236
7236
7236
7236
7236
7236
7236
7236
7236
7236
7236
7236
7236
7236
7236
7236
7236
7236
7236
7236
7236
7236
7236
7236
7236
7236
7236
7236
7236
7236
7236
7236
7215
7215
7215
7215
7215
7215
7215
7215
7215
7215
7215
7215
7215
7215
7215
7215
7215
7215
7215
7215
7215
7215
7215
7215
7215
7215
7215
7215
7215
7215
7215
7215
7215
7215
7215
7215
7215
7215
7215
7215
7215
7215
7215
7215
7215
7215
7215
7215
7215
7215
7215
7215
7215
7215
7215
7215
7215
7215
7215
7215
7215
7215
7215
7215
7215
7215
7215
7215
7215
7215
7215
7215
7215
7215
7215
7215
7215
7215
7215
7215
7215
7215
7215
7215
7215
7215
7215
7215
7215
7215
7215
7215
7215
7215
7215
7215
7142
7142
7142
7142
7142
7142
7142
7142
7142
7142
7142
7142
7142
7142
7142
7142
7142
7142
7142
7142
7142
7142
7142
7142
7142
7142
7142
7142
7142
7142
7142
7142
7142
7142
7142
7142
7142
7142
7142
7142
7142
7142
7142
7142
7142
7142
7142
7142
7142
7142
7142
7142
7142
7142
7142
7142
7142
7142
7142
7142
7142
7142
7142
7142
7142
7142
7142
7142
7142
7142
7142
7142
7142
7142
7142
7045
7045
7045
7045
7045
7045
7045
7045
7045
7045
7045
7045
7045
7045
7045
7045
7045
7045
7045
7045
7045
7045
7045
7045
7045
7045
7045
7045
7045
7045
7045
7045
7045
7045
7045
7045
7045
7045
7045
7045
7045
7045
7045
7045
7045
7045
7045
7045
7045
7045
7045
7045
7045
7045
7045
7038
7038
7038
7038
7038
7038
7038
7038
7038
7038
7038
7038
7038
7038
7038
7038
7038
7038
7038
7038
7038
7038
7038
7038
7038
7038
7038
7038
7038
7038
7038
7038
7038
7038
6984
6984
6984
6984
6984
6984
6984
6984
6984
6984
6984
6984
6984
6984
6984
6984
6984
6984
6984
6984
6984
6984
6984
6984
6984
6984
6984
6984
6984
6984
6984
6984
6984
6984
6984
6975
6975
6975
6975
6975
6975
6975
6975
6975
6975
6975
6975
6975
6975
6975
6975
6975
6975
6956
6956
6956
6956
6956
6956
6956
6956
6956
6956
6956
6956
6956
6956
6956
6956
6956
6956
6956
6956
6956
6956
6956
6956
6956
6956
6956
6956
6956
6956
6956
6956
6956
6956
6956
6956
6956
6956
6956
6956
6956
6956
6956
6956
6956
6956
6956
6956
6956
6956
6956
6956
6956
6956
6956
6956
6956
6956
6956
6956
6956
6956
6944
6938
6938
6938
6938
6938
6938
6938
6938
6938
6938
6938
6938
6938
6938
6938
6938
6938
6938
6938
6938
6938
6938
6938
6938
6938
6938
6938
6938
6938
6938
6938
6938
6938
6938
6938
6938
6938
6938
6851
6851
6851
6851
6851
6851
6851
6851
6851
6851
6851
6851
6851
6851
6851
6851
6851
6851
6851
6851
6851
6851
6851
6851
6851
6851
6851
6851
6851
6851
6851
6851
6851
6851
6851
6851
6851
6851
6851
6851
6851
6851
6851
6851
6851
6851
6851
6851
6851
6851
6851
6851
6851
6851
6851
6851
6851
6851
6851
6851
6851
6851
6851
6851
6851
6851
6851
6851
6851
6851
6851
6851
6851
6851
6851
6851
6851
6851
6851
6851
6789
6789
6789
6789
6789
6789
6789
6789
6789
6789
6789
6789
6789
6789
6789
6789
6789
6789
6789
6789
6789
6789
6789
6789
6789
6789
6789
6789
6789
6789
6789
6789
6789
6789
6789
6789
6789
6789
6789
6789
6789
6746
6746
6746
6746
6746
6746
6746
6746
6746
6746
6746
6746
6746
6746
6746
6746
6746
6746
6746
6746
6746
6746
6746
6746
6746
6746
6746
6746
6746
6746
6746
6746
6746
6746
6746
6746
6746
6746
6746
6746
6746
6746
6746
6746
6746
6746
6746
6746
6746
6746
6746
6746
6746
6746
6746
6746
6746
6746
6746
6746
6746
6746
6746
6746
6746
6746
6746
6746
6746
6746
6746
6746
6746
6746
6746
6746
6746
6746
6746
6746
6746
6746
6746
6746
6746
6746
6746
6746
6746
6746
6746
6746
6746
6746
6746
6746
6746
6714
6714
6714
6714
6714
6714
6714
6714
6714
6714
6714
6714
6714
6714
6714
6714
6671
6671
6671
6671
6671
6671
6671
6671
6671
6671
6671
6671
6671
6671
6671
6671
6671
6671
6671
6671
6671
6671
6671
6671
6671
6671
6671
6671
6671
6671
6671
6671
6671
6671
6671
6671
6671
6671
6671
6671
6671
6671
6671
6671
6671
6671
6671
6671
6671
6671
6640
6640
6640
6640
6640
6640
6640
6640
6640
6640
6640
6640
6640
6640
6640
6640
6640
6640
6640
6640
6640
6640
6640
6640
6640
6640
6640
6640
6640
6640
6640
6640
6640
6640
6640
6640
6640
6640
6640
6640
6640
6640
6640
6640
6640
6640
6640
6640
6640
6640
6640
6640
6640
6640
6640
6640
6640
6640
6640
6640
6631
6631
6631
6631
6631
6631
6631
6625
6625
6625
6625
6625
6625
6625
6625
6625
6625
6625
6625
6625
6625
6625
6625
6625
6625
6625
6625
6625
6625
6625
6625
6625
6625
6625
6625
6625
6625
6625
6625
6625
6625
6625
6625
6625
6625
6625
6625
6625
6625
6625
6625
6625
6625
6625
6625
6625
6625
6625
6625
6625
6625
6625
6625
6625
6625
6625
6625
6625
6625
6625
6625
6625
6625
6625
6625
6625
6625
6625
6625
6625
6625
6625
6625
6621
6621
6577
6577
6577
6577
6577
6577
6577
6577
6577
6577
6577
6577
6577
6577
6577
6577
6577
6577
6577
6577
6577
6577
6577
6577
6577
6464
6464
6464
6464
6464
6464
6464
6464
6464
6464
6464
6464
6464
6464
6464
6464
6464
6464
6464
6464
6464
6464
6464
6464
6464
6464
6464
6464
6464
6464
6464
6412
6412
6412
6412
6412
6412
6412
6412
6412
6412
6412
6412
6412
6412
6412
6412
6412
6412
6412
6412
6412
6412
6412
6412
6412
6412
6412
6412
6412
6412
6412
6412
6412
6412
6412
6412
6412
6412
6412
6412
6412
6412
6412
6412
6412
6412
6412
6412
6412
6412
6412
6412
6412
6412
6412
6412
6412
6412
6412
6412
6412
6412
6412
6412
6412
6412
6412
6412
6412
6412
6412
6412
6412
6412
6412
6412
6412
6412
6412
6412
6412
6412
6412
6412
6412
6412
6412
6412
6412
6412
6412
6412
6412
6412
6412
6412
6260
6260
6260
6260
6260
6260
6260
6260
6260
6260
6260
6260
6260
6260
6260
6260
6260
6260
6260
6260
6260
6260
6260
6260
6260
6260
6260
6260
6260
6260
6260
6260
6260
6260
6260
6260
6260
6260
6260
6260
6260
6260
6260
6260
6260
6260
6260
6260
6260
6260
6260
6260
6260
6260
6260
6260
6260
6260
6260
6260
6260
6260
6260
6260
6260
6260
6260
6260
6260
6260
6260
6260
6260
6260
6260
6260
6260
6260
6260
6260
6260
6260
6260
6260
6260
6260
6260
6260
6260
6260
6260
6217
6217
6217
6217
6217
6217
6217
6217
6217
6217
6217
6217
6217
6217
6217
6217
6217
6217
6217
6217
6217
6217
6217
6217
6217
6217
6217
6217
6217
6217
6217
6217
6217
6217
6217
6217
6217
6217
6217
6217
6217
6217
6217
6217
6217
6217
6217
6217
6217
6217
6217
6217
6217
6216
6216
6216
6216
6216
6216
6216
6216
6216
6216
6216
6216
6216
6216
6216
6216
6216
6216
6216
6216
6216
6191
6191
6191
6191
6191
6191
6191
6191
6191
6191
6191
6191
6191
6191
6191
6191
6191
6191
6191
6191
6191
6191
6191
6191
6191
6191
6191
6191
6191
6191
6191
6191
6191
6191
6191
6191
6191
6191
6191
6191
6191
6191
6191
6191
6191
6191
6191
6191
6191
6191
6191
6191
6191
6191
6191
6191
6184
6184
6184
6184
6184
6183
6183
6183
6183
6183
6183
6183
6183
6183
6183
6183
6183
6183
6183
6183
6183
6183
6183
6183
6183
6183
6183
6183
6183
6183
6183
6183
6183
6183
6183
6183
6183
6183
6183
6183
6183
6183
6183
6183
6183
6183
6183
6183
6183
6183
6183
6183
6183
6183
6183
6183
6183
6183
6183
6183
6183
6183
6183
6183
6183
6183
6183
6183
6183
6183
6183
6183
6168
6168
6168
6168
6168
6168
6168
6168
6168
6168
6168
6168
6168
6168
6168
6168
6168
6168
6168
6168
6168
6168
6168
6168
6168
6168
6168
6168
6168
6168
6168
6168
6168
6168
6168
6168
6168
6168
6168
6168
6168
6168
6168
6168
6168
6168
6168
6168
6168
6168
6168
6168
6168
6168
6168
6168
6168
6168
6168
6168
6168
6168
6168
6168
6168
6168
6168
6168
6168
6168
6168
6168
6168
6168
6168
6168
6168
6168
6168
6168
6168
6168
6168
6168
6168
6168
6168
6168
6168
6168
6107
6107
6107
6107
6107
6107
6107
6107
6107
6107
6107
6107
6107
6107
6107
6107
6107
6020
6020
6020
6020
6020
6020
6020
6020
6020
6020
6020
6020
6020
6020
6020
6020
6020
6020
6020
6020
6020
6020
6020
6020
6020
6020
6020
6001
6001
6001
6001
6001
6001
6001
6001
6001
6001
6001
6001
6001
6001
6001
6001
6001
6001
6001
6001
6001
6001
6001
6001
6001
6001
6001
6001
6001
6001
6001
6001
6001
6001
6001
6001
6001
6001
6001
6001
5944
5944
5944
5944
5944
5944
5944
5944
5944
5944
5944
5944
5944
5944
5944
5944
5944
5944
5944
5944
5944
5944
5944
5944
5944
5944
5944
5944
5944
5944
5944
5944
5944
5944
5944
5944
5944
5944
5944
5944
5944
5944
5944
5944
5944
5944
5944
5944
5944
5944
5944
5944
5944
5944
5944
5944
5944
5944
5944
5944
5944
5944
5944
5944
5944
5944
5944
5944
5944
5944
5944
5926
5926
5926
5926
5921
5921
5921
5921
5921
5921
5921
5921
5921
5921
5921
5921
5921
5921
5921
5921
5921
5921
5921
5921
5921
5921
5921
5921
5921
5921
5921
5921
5921
5921
5921
5921
5921
5921
5921
5921
5921
5921
5921
5909
5909
5909
5909
5909
5909
5909
5909
5909
5909
5909
5909
5909
5909
5909
5909
5909
5909
5909
5909
5909
5909
5909
5909
5909
5909
5909
5909
5909
5909
5909
5909
5909
5909
5847
5847
5847
5847
5847
5847
5847
5847
5847
5847
5847
5847
5847
5847
5847
5829
5817
5817
5817
5817
5817
5817
5817
5817
5817
5817
5817
5817
5817
5817
5817
5817
5817
5817
5817
5817
5817
5817
5817
5817
5817
5817
5817
5817
5817
5817
5817
5817
5817
5817
5817
5817
5817
5817
5817
5817
5817
5817
5817
5817
5817
5817
5817
5817
5817
5817
5817
5817
5817
5817
5817
5817
5817
5817
5817
5817
5817
5817
5817
5817
5817
5817
5817
5817
5817
5817
5817
5817
5817
5817
5817
5817
5817
5817
5705
5705
5705
5705
5705
5705
5705
5705
5705
5705
5705
5705
5705
5705
5705
5705
5705
5705
5705
5705
5705
5705
5705
5705
5705
5705
5705
5705
5705
5705
5705
5705
5705
5705
5705
5705
5705
5705
5705
5705
5705
5705
5705
5705
5705
5705
5705
5705
5705
5705
5705
5705
5705
5705
5705
5705
5705
5705
5705
5670
5670
5670
5670
5670
5670
5670
5670
5670
5670
5670
5670
5670
5670
5670
5670
5670
5670
5670
5670
5670
5670
5670
5670
5670
5670
5670
5670
5670
5670
5670
5670
5670
5670
5670
5670
5670
5670
5670
5670
5670
5670
5670
5670
5670
5670
5670
5670
5670
5663
5663
5663
5663
5663
5663
5663
5663
5663
5663
5663
5663
5663
5663
5663
5663
5663
5663
5663
5663
5663
5663
5663
5663
5663
5663
5663
5663
5663
5663
5663
5663
5663
5663
5663
5663
5663
5663
5663
5663
5663
5663
5663
5663
5663
5663
5663
5663
5663
5663
5663
5663
5663
5663
5663
5663
5663
5663
5663
5663
5663
5663
5663
5663
5663
5663
5663
5663
5663
5663
5663
5663
5663
5663
5663
5663
5663
5663
5663
5663
5663
5663
5663
5663
5663
5663
5663
5663
5663
5570
5570
5570
5570
5570
5570
5570
5570
5570
5570
5570
5570
5570
5570
5570
5570
5570
5570
5570
5570
5570
5570
5570
5570
5570
5570
5570
5570
5570
5570
5570
5570
5570
5570
5570
5570
5570
5570
5570
5570
5570
5570
5570
5570
5570
5570
5570
5570
5570
5570
5570
5570
5570
5570
5570
5570
5570
5570
5570
5570
5570
5570
5570
5570
5570
5570
5570
5570
5570
5570
5570
5570
5570
5570
5570
5570
5570
5570
5570
5570
5570
5570
5570
5570
5570
5570
5570
5570
5570
5570
5570
5570
5570
5570
5570
5570
5570
5570
5537
5537
5537
5537
5537
5537
5537
5537
5537
5537
5537
5537
5537
5537
5537
5537
5537
5537
5537
5537
5537
5537
5537
5537
5537
5537
5537
5537
5537
5537
5537
5537
5537
5537
5537
5537
5537
5537
5537
5537
5537
5537
5537
5537
5537
5537
5537
5537
5537
5537
5537
5537
5537
5537
5537
5537
5537
5537
5537
5537
5537
5537
5537
5537
5537
5537
5537
5537
5537
5537
5537
5537
5537
5537
5537
5537
5537
5537
5537
5537
5537
5537
5537
5537
5537
5537
5537
5537
5537
5537
5537
5537
5537
5537
5537
5410
5410
5410
5410
5410
5410
5410
5410
5410
5410
5410
5410
5410
5410
5410
5410
5410
5410
5410
5410
5410
5384
5384
5384
5384
5384
5384
5384
5384
5384
5384
5384
5384
5384
5384
5384
5384
5384
5384
5384
5384
5384
5384
5384
5354
5354
5354
5354
5354
5354
5354
5354
5354
5354
5354
5354
5354
5354
5354
5354
5354
5354
5354
5354
5354
5354
5354
5354
5354
5354
5354
5354
5354
5354
5354
5354
5354
5354
5354
5354
5354
5354
5354
5354
5354
5354
5354
5354
5354
5354
5354
5354
5354
5343
5343
5343
5343
5343
5343
5343
5343
5343
5343
5343
5343
5343
5343
5343
5343
5343
5343
5343
5343
5343
5343
5343
5343
5343
5343
5343
5343
5343
5343
5343
5343
5343
5343
5319
5319
5319
5319
5319
5319
5319
5319
5319
5319
5319
5319
5319
5319
5319
5319
5319
5319
5319
5319
5319
5319
5319
5319
5319
5319
5319
5319
5319
5319
5319
5319
5319
5319
5319
5319
5319
5319
5319
5319
5319
5319
5319
5319
5319
5319
5319
5319
5319
5319
5319
5319
5319
5319
5319
5319
5319
5319
5319
5319
5319
5319
5319
5319
5319
5319
5319
5319
5319
5319
5319
5319
5319
5319
5319
5319
5319
5319
5319
5319
5319
5319
5319
5319
5319
5319
5291
5291
5291
5291
5291
5291
5291
5291
5291
5291
5291
5291
5291
5291
5291
5291
5291
5291
5291
5291
5291
5291
5291
5291
5291
5291
5291
5291
5291
5291
5291
5291
5291
5291
5291
5291
5291
5291
5291
5291
5291
5291
5291
5291
5291
5291
5291
5291
5291
5291
5291
5291
5291
5291
5291
5291
5291
5291
5291
5291
5291
5291
5291
5291
5291
5291
5291
5291
5291
5291
5291
5291
5291
5291
5291
5291
5291
5291
5291
5291
5291
5263
5263
5263
5263
5263
5263
5263
5263
5263
5263
5263
5263
5263
5263
5263
5263
5263
5263
5263
5263
5263
5263
5263
5263
5263
5263
5263
5263
5263
5263
5263
5263
5263
5263
5263
5263
5263
5263
5263
5263
5138
5138
5138
5138
5138
5138
5138
5138
5138
5138
5138
5138
5138
5108
5108
5108
5108
5108
5108
5108
5108
5108
5108
5108
5108
5108
5108
5108
5108
5108
5108
5108
5108
5108
5108
5108
5108
5092
5092
5092
5092
5092
5092
5092
5092
5092
5092
5092
5092
5092
5092
5092
5092
5092
5092
5092
5092
5092
5092
5092
5092
5092
5092
5092
5092
5092
5092
5092
5092
5092
5092
5092
5092
5092
5092
5092
5092
5092
5092
5092
5092
5092
5092
5092
5092
5092
5092
5092
5092
5092
5092
5092
5092
5092
5092
5092
5092
5092
5092
5092
5092
5092
5092
5092
5092
5092
5092
5092
5092
5092
5092
5092
5092
5092
5092
5092
5092
5092
5092
5092
5092
5092
5092
5092
5092
5092
5092
5092
5092
5092
5092
5078
5078
5078
5078
5078
5078
5078
5078
5078
5078
5078
5078
5078
5078
5078
5078
5078
5078
5078
5078
5078
5078
5078
5078
5078
5078
5078
5078
5078
5078
5078
5078
5078
5078
5078
5078
5078
5078
5078
5078
5078
5078
5078
5078
5078
5078
5078
5078
5078
5078
5078
5078
5078
5078
5078
5078
5078
5078
5078
5078
5078
5078
5078
5078
5078
5078
5078
5078
5078
5078
5078
5078
5078
5078
5078
5078
5078
5078
5078
5078
5078
5078
5078
5078
5078
5078
5078
5078
5078
5078
5078
5078
5035
5035
5035
5035
5013
5013
5013
5013
5013
5013
5013
5013
5013
5013
5013
5013
5013
5013
5013
5013
5013
5013
5013
5013
5013
5013
5013
5013
5013
5013
5013
5013
5013
5013
5013
5013
5013
5013
5013
5013
5013
5013
5013
5013
5013
4974
4974
4974
4974
4974
4974
4974
4974
4974
4974
4974
4974
4974
4974
4974
4974
4974
4974
4974
4974
4974
4974
4974
4974
4974
4974
4974
4968
4968
4968
4968
4968
4968
4968
4968
4968
4968
4968
4968
4968
4968
4968
4968
4968
4968
4968
4968
4968
4968
4968
4968
4968
4968
4968
4968
4968
4968
4968
4968
4968
4968
4968
4968
4968
4968
4968
4968
4968
4968
4852
4852
4852
4852
4852
4852
4852
4852
4852
4852
4852
4852
4852
4852
4852
4852
4852
4852
4852
4852
4852
4852
4852
4852
4852
4852
4852
4852
4852
4852
4852
4852
4852
4852
4852
4852
4852
4852
4852
4852
4852
4852
4852
4852
4852
4852
4852
4852
4852
4852
4852
4852
4852
4852
4852
4852
4852
4852
4852
4852
4852
4852
4852
4852
4852
4852
4848
4848
4848
4848
4848
4848
4848
4848
4848
4848
4848
4848
4848
4848
4848
4848
4848
4848
4848
4848
4848
4848
4848
4848
4848
4848
4848
4848
4848
4848
4848
4848
4848
4848
4848
4848
4848
4848
4848
4848
4848
4848
4848
4848
4848
4848
4848
4848
4776
4776
4776
4776
4776
4776
4776
4776
4776
4776
4776
4776
4776
4776
4776
4776
4776
4776
4776
4776
4776
4776
4776
4776
4776
4776
4776
4776
4776
4776
4776
4776
4776
4776
4776
4776
4776
4776
4776
4776
4776
4776
4776
4776
4776
4776
4776
4776
4776
4776
4776
4776
4776
4776
4776
4776
4776
4776
4776
4776
4776
4776
4776
4776
4776
4776
4776
4776
4776
4776
4776
4776
4776
4776
4776
4776
4776
4776
4776
4776
4776
4776
4776
4776
4759
4759
4759
4759
4759
4759
4759
4759
4759
4759
4759
4759
4759
4759
4759
4759
4759
4759
4759
4759
4759
4759
4759
4759
4759
4759
4759
4759
4759
4759
4759
4759
4759
4759
4759
4759
4759
4759
4759
4759
4759
4759
4759
4759
4759
4759
4654
4654
4654
4654
4654
4654
4654
4654
4654
4654
4654
4654
4654
4654
4654
4654
4654
4654
4654
4654
4654
4654
4654
4654
4654
4654
4654
4654
4654
4654
4654
4654
4654
4654
4654
4654
4654
4654
4654
4654
4551
4551
4551
4551
4551
4551
4551
4551
4551
4551
4551
4551
4551
4551
4551
4551
4551
4551
4551
4551
4551
4551
4551
4551
4551
4551
4551
4551
4551
4551
4551
4551
4551
4551
4551
4551
4551
4551
4551
4551
4551
4551
4551
4551
4551
4551
4551
4551
4551
4551
4551
4551
4551
4551
4551
4542
4542
4542
4542
4542
4542
4542
4542
4542
4542
4542
4542
4542
4542
4542
4542
4542
4542
4542
4542
4542
4542
4542
4542
4542
4542
4542
4542
4542
4542
4542
4542
4542
4542
4542
4542
4542
4542
4542
4542
4542
4542
4542
4542
4542
4542
4542
4542
4542
4542
4542
4542
4542
4542
4542
4542
4542
4542
4542
4542
4542
4542
4542
4542
4542
4542
4542
4542
4542
4542
4542
4542
4542
4542
4542
4542
4542
4472
4472
4472
4472
4472
4472
4472
4472
4472
4472
4472
4472
4472
4472
4472
4472
4472
4472
4472
4472
4472
4472
4472
4472
4472
4472
4472
4472
4472
4472
4472
4472
4472
4472
4472
4472
4472
4472
4472
4472
4472
4472
4472
4472
4472
4472
4472
4472
4472
4472
4472
4472
4472
4472
4472
4472
4472
4472
4472
4472
4472
4472
4472
4472
4472
4472
4472
4472
4472
4472
4472
4472
4472
4472
4472
4472
4472
4472
4472
4472
4472
4472
4472
4456
4456
4456
4456
4456
4456
4456
4456
4456
4456
4456
4456
4456
4456
4456
4456
4456
4456
4456
4456
4456
4456
4456
4456
4456
4456
4456
4456
4456
4456
4456
4456
4456
4456
4456
4456
4456
4456
4456
4456
4456
4456
4456
4456
4456
4456
4456
4456
4456
4456
4456
4429
4429
4429
4429
4429
4410
4410
4410
4410
4410
4410
4410
4410
4410
4410
4410
4410
4410
4410
4410
4410
4410
4410
4410
4410
4410
4410
4410
4410
4410
4410
4410
4410
4410
4410
4410
4410
4410
4410
4410
4410
4410
4410
4410
4410
4410
4410
4410
4410
4410
4410
4410
4410
4410
4410
4410
4410
4410
4410
4410
4410
4410
4410
4410
4410
4410
4410
4410
4410
4410
4410
4410
4410
4410
4410
4410
4410
4410
4410
4410
4410
4410
4410
4410
4311
4311
4311
4311
4311
4311
4311
4311
4311
4311
4311
4311
4311
4311
4311
4311
4311
4311
4311
4311
4311
4311
4311
4311
4311
4311
4311
4311
4311
4311
4311
4311
4311
4311
4311
4311
4311
4311
4311
4311
4311
4311
4311
4311
4311
4311
4311
4311
4311
4311
4311
4311
4311
4311
4311
4311
4311
4311
4311
4311
4311
4311
4311
4311
4311
4311
4311
4311
4311
4311
4311
4311
4311
4262
4262
4262
4262
4262
4262
4262
4262
4262
4262
4262
4262
4262
4262
4262
4262
4262
4099
4099
4099
4099
4099
4099
4099
4099
4099
4099
4099
4099
4099
4099
4099
4099
4099
4099
4099
4099
4099
4099
4099
4099
4099
4099
4099
4099
4099
4099
4099
4099
4099
4099
4099
4099
4099
4099
4099
4099
4099
4099
4099
4099
4099
4099
4099
4099
4099
4099
4099
4099
4099
4099
4099
4099
4099
4099
4099
4099
4099
4099
4099
4099
4099
4099
4099
4099
4099
4099
4099
4099
4099
4099
4099
4099
4099
4099
4099
4099
4099
4099
4048
4048
4048
4048
4048
4048
4048
4048
4048
4048
4048
4048
4048
4048
4048
4048
4048
4048
4048
4048
4048
4048
4048
4048
4048
4048
4048
4048
4048
4048
4048
4048
4048
4048
4048
4048
4048
4048
4048
4048
4048
4048
4048
4048
4048
4048
3932
3932
3932
3932
3932
3932
3932
3932
3932
3932
3932
3932
3932
3932
3932
3932
3932
3932
3932
3932
3932
3932
3932
3932
3932
3932
3932
3932
3932
3932
3932
3932
3932
3932
3932
3869
3869
3869
3869
3869
3869
3869
3869
3869
3869
3869
3869
3869
3869
3869
3869
3869
3869
3869
3869
3869
3869
3869
3869
3869
3869
3869
3869
3869
3869
3869
3869
3869
3869
3869
3869
3869
3869
3869
3869
3869
3869
3869
3869
3869
3869
3869
3869
3869
3869
3869
3869
3869
3869
3869
3869
3869
3869
3869
3869
3869
3869
3869
3869
3869
3869
3869
3869
3869
3869
3869
3869
3869
3869
3869
3869
3869
3869
3869
3869
3869
3869
3869
3869
3869
3869
3850
3850
3850
3850
3850
3850
3850
3850
3850
3850
3850
3850
3850
3850
3850
3850
3850
3850
3850
3850
3850
3850
3850
3850
3850
3850
3850
3850
3850
3850
3850
3850
3850
3850
3850
3850
3850
3850
3850
3850
3850
3850
3850
3850
3850
3850
3850
3850
3850
3850
3850
3850
3850
3850
3850
3850
3850
3850
3850
3850
3850
3850
3850
3850
3850
3850
3850
3850
3850
3850
3850
3850
3850
3850
3850
3850
3850
3850
3850
3850
3850
3850
3817
3817
3817
3817
3817
3817
3817
3817
3817
3817
3817
3817
3817
3817
3817
3817
3817
3817
3817
3817
3817
3817
3817
3817
3817
3817
3817
3817
3817
3817
3817
3817
3817
3817
3817
3817
3789
3789
3789
3789
3789
3789
3789
3789
3789
3789
3789
3789
3789
3789
3789
3789
3789
3789
3789
3789
3789
3789
3789
3789
3789
3789
3789
3789
3789
3789
3789
3789
3789
3789
3789
3789
3789
3789
3789
3789
3789
3789
3789
3789
3789
3789
3789
3789
3789
3789
3789
3789
3789
3789
3789
3789
3789
3789
3789
3789
3789
3789
3789
3789
3789
3789
3789
3789
3789
3789
3789
3789
3789
3789
3789
3789
3789
3789
3789
3789
3789
3789
3789
3789
3789
3763
3763
3763
3763
3763
3763
3763
3763
3763
3763
3763
3763
3763
3763
3763
3763
3763
3763
3763
3763
3763
3763
3763
3763
3763
3763
3763
3763
3763
3763
3763
3763
3616
3616
3616
3616
3616
3616
3616
3616
3616
3616
3616
3616
3616
3616
3616
3616
3616
3616
3616
3616
3616
3616
3616
3616
3616
3616
3616
3616
3616
3616
3616
3616
3616
3616
3616
3616
3616
3616
3616
3616
3616
3616
3609
3609
3609
3609
3609
3609
3609
3609
3609
3609
3609
3609
3609
3609
3609
3609
3609
3609
3609
3609
3609
3609
3609
3609
3609
3609
3609
3609
3609
3609
3609
3609
3609
3609
3609
3609
3609
3609
3609
3609
3609
3609
3609
3609
3609
3609
3609
3609
3609
3609
3609
3609
3609
3609
3609
3609
3609
3609
3609
3609
3609
3609
3609
3609
3609
3609
3609
3609
3609
3609
3609
3609
3609
3609
3609
3609
3609
3609
3609
3609
3609
3609
3609
3609
3530
3530
3530
3530
3530
3530
3530
3530
3530
3530
3530
3530
3530
3530
3530
3530
3530
3530
3530
3530
3530
3530
3530
3530
3530
3530
3530
3530
3530
3530
3530
3530
3530
3530
3530
3530
3530
3530
3530
3530
3530
3530
3530
3530
3530
3530
3530
3530
3530
3530
3530
3530
3530
3530
3530
3530
3530
3530
3530
3530
3530
3530
3530
3530
3530
3530
3530
3530
3530
3530
3530
3530
3530
3530
3530
3499
3499
3499
3499
3499
3499
3499
3499
3499
3499
3499
3499
3499
3499
3499
3499
3499
3499
3499
3499
3499
3499
3499
3499
3499
3499
3499
3499
3499
3499
3499
3499
3499
3499
3499
3499
3499
3499
3499
3499
3499
3499
3499
3499
3499
3499
3499
3499
3499
3499
3499
3499
3499
3499
3499
3499
3499
3499
3499
3499
3499
3499
3499
3499
3499
3499
3499
3499
3499
3499
3499
3499
3499
3499
3499
3499
3499
3499
3499
3499
3499
3499
3499
3499
3499
3499
3444
3444
3444
3444
3444
3444
3444
3444
3444
3444
3444
3444
3444
3444
3444
3444
3444
3444
3444
3444
3444
3444
3444
3444
3444
3444
3444
3444
3444
3444
3444
3444
3444
3444
3444
3444
3444
3444
3444
3444
3444
3444
3428
3428
3428
3428
3428
3428
3428
3428
3428
3428
3428
3428
3428
3428
3428
3428
3428
3428
3428
3428
3428
3428
3428
3428
3428
3388
3388
3388
3388
3388
3388
3388
3388
3388
3388
3388
3388
3388
3388
3388
3388
3388
3388
3388
3388
3388
3388
3388
3388
3388
3388
3388
3388
3388
3388
3388
3388
3388
3388
3388
3388
3388
3388
3388
3388
3388
3388
3388
3388
3388
3388
3388
3388
3388
3388
3388
3388
3388
3388
3388
3388
3388
3388
3388
3388
3388
3388
3388
3388
3388
3388
3388
3388
3388
3388
3388
3388
3388
3388
3388
3388
3388
3388
3388
3388
3388
3388
3257
3257
3257
3257
3257
3218
3218
3218
3218
3218
3218
3218
3218
3214
3214
3214
3214
3214
3214
3214
3214
3214
3214
3214
3214
3214
3214
3214
3214
3214
3214
3214
3214
3214
3214
3214
3214
3214
3214
3214
3214
3214
3214
3214
3214
3214
3214
3214
3214
3214
3214
3214
3214
3214
3214
3214
3214
3214
3095
3095
3095
3095
3095
3095
3095
3095
3095
3095
3095
3095
3095
3095
3095
3095
3095
3095
3095
3095
3095
3095
3095
3095
3095
3095
3095
3095
3095
3095
3095
3095
3095
3095
3095
3095
3095
3095
3095
3095
3095
3095
3095
3095
3095
3095
3095
3095
3095
3095
3095
3095
3095
3095
3095
3095
3095
3095
3095
3095
3095
3095
3095
3095
3095
3095
3095
3095
3095
3095
3095
3095
3095
3095
3095
3095
3095
3095
3095
3095
3095
3095
3095
3095
3095
3095
3095
3095
3095
3095
3095
3095
3095
3095
3095
3095
3095
3095
3095
3095
3020
3020
3020
3020
2977
2880
2880
2880
2880
2880
2880
2880
2880
2880
2880
2880
2880
2880
2880
2880
2880
2880
2880
2880
2880
2880
2880
2880
2880
2880
2880
2880
2880
2880
2880
2880
2880
2880
2880
2880
2880
2880
2880
2880
2880
2880
2880
2880
2880
2880
2880
2880
2880
2880
2880
2880
2880
2880
2880
2865
2865
2865
2743
2743
2743
2743
2743
2743
2743
2743
2743
2743
2743
2743
2743
2743
2743
2743
2743
2743
2743
2743
2743
2743
2743
2743
2743
2743
2743
2743
2743
2743
2743
2743
2743
2596
2596
2596
2596
2596
2596
2596
2596
2596
2596
2596
2596
2596
2596
2596
2596
2596
2596
2596
2596
2596
2596
2596
2596
2579
2579
2579
2579
2579
2579
2579
2579
2579
2579
2579
2579
2579
2579
2579
2579
2579
2579
2579
2579
2579
2579
2579
2579
2579
2579
2579
2579
2579
2579
2579
2579
2579
2579
2579
2579
2579
2579
2579
2579
2579
2579
2579
2579
2579
2579
2579
2579
2579
2579
2579
2579
2579
2579
2579
2541
2541
2541
2541
2541
2541
2541
2541
2541
2541
2541
2541
2541
2541
2541
2541
2540
2540
2540
2540
2540
2540
2540
2540
2540
2540
2540
2540
2540
2540
2540
2540
2540
2540
2533
2533
2533
2533
2533
2533
2533
2533
2533
2533
2533
2533
2533
2533
2533
2533
2533
2533
2533
2533
2533
2533
2533
2533
2533
2533
2533
2533
2533
2533
2533
2533
2533
2533
2533
2533
2533
2533
2533
2533
2533
2533
2533
2533
2533
2533
2533
2533
2533
2533
2533
2533
2533
2533
2533
2533
2533
2533
2533
2533
2533
2533
2533
2533
2533
2533
2533
2533
2533
2533
2533
2533
2503
2503
2503
2503
2503
2503
2503
2503
2503
2503
2503
2503
2503
2503
2503
2503
2503
2503
2503
2503
2503
2503
2503
2503
2503
2503
2503
2503
2503
2503
2503
2503
2503
2503
2503
2503
2494
2494
2494
2494
2494
2494
2494
2494
2494
2494
2494
2494
2494
2494
2494
2494
2494
2494
2494
2494
2494
2494
2494
2494
2494
2494
2494
2494
2494
2494
2494
2494
2494
2494
2494
2494
2494
2494
2494
2494
2494
2494
2494
2494
2494
2494
2494
2494
2494
2494
2494
2494
2494
2494
2494
2494
2494
2494
2494
2489
2489
2489
2489
2489
2489
2489
2489
2489
2489
2489
2489
2489
2489
2489
2489
2489
2489
2489
2489
2489
2489
2489
2489
2489
2489
2489
2489
2489
2489
2489
2489
2489
2489
2489
2489
2489
2489
2489
2489
2489
2489
2489
2489
2489
2489
2489
2489
2489
2489
2489
2489
2473
2473
2473
2473
2473
2473
2473
2473
2473
2473
2473
2473
2473
2473
2473
2473
2473
2473
2473
2473
2473
2473
2473
2473
2473
2473
2473
2473
2473
2473
2473
2473
2473
2473
2473
2473
2473
2473
2473
2473
2473
2473
2473
2473
2448
2448
2448
2448
2448
2448
2448
2448
2448
2448
2448
2448
2448
2448
2448
2448
2448
2448
2448
2448
2448
2448
2448
2448
2448
2448
2448
2448
2448
2448
2448
2448
2448
2448
2448
2448
2448
2448
2448
2448
2448
2448
2448
2448
2448
2448
2448
2448
2448
2448
2448
2448
2448
2448
2448
2448
2448
2448
2448
2448
2448
2448
2448
2448
2448
2448
2448
2448
2448
2448
2448
2448
2448
2448
2448
2448
2448
2448
2448
2448
2448
2448
2448
2448
2448
2448
2448
2448
2448
2425
2425
2425
2425
2425
2425
2425
2425
2425
2425
2425
2425
2425
2425
2425
2425
2425
2425
2425
2425
2425
2425
2425
2425
2425
2425
2425
2425
2425
2425
2425
2425
2367
2367
2367
2367
2367
2367
2367
2367
2367
2367
2367
2367
2367
2367
2367
2367
2367
2367
2367
2367
2367
2367
2367
2367
2367
2367
2367
2367
2367
2367
2367
2367
2367
2367
2367
2367
2367
2367
2367
2367
2367
2367
2367
2367
2367
2367
2367
2367
2367
2367
2367
2367
2367
2367
2367
2367
2367
2367
2367
2367
2367
2367
2367
2367
2367
2367
2367
2367
2367
2367
2367
2367
2367
2367
2367
2367
2367
2367
2367
2367
2367
2367
2367
2364
2364
2364
2302
2302
2302
2302
2302
2302
2302
2302
2302
2302
2302
2302
2302
2302
2302
2302
2302
2302
2302
2302
2302
2302
2302
2302
2302
2302
2302
2302
2302
2302
2302
2302
2302
2302
2302
2302
2302
2302
2302
2302
2302
2302
2302
2302
2302
2302
2302
2302
2302
2302
2302
2302
2302
2302
2302
2302
2302
2302
2302
2302
2302
2302
2302
2302
2302
2302
2302
2302
2302
2302
2302
2302
2302
2302
2302
2302
2302
2302
2302
2302
2302
2302
2302
2302
2302
2302
2302
2302
2302
2289
2289
2289
2289
2289
2289
2289
2289
2289
2289
2289
2289
2289
2289
2289
2289
2286
2286
2286
2272
2254
2254
2254
2254
2254
2254
2254
2254
2254
2254
2254
2254
2254
2254
2254
2254
2254
2254
2254
2254
2254
2254
2254
2254
2254
2254
2254
2254
2254
2254
2254
2254
2254
2254
2254
2254
2254
2254
2254
2254
2254
2254
2254
2254
2254
2254
2254
2254
2254
2254
2254
2210
2210
2210
2210
2210
2210
2210
2210
2210
2210
2210
2210
2210
2210
2210
2210
2210
2210
2210
2210
2210
2210
2210
2210
2210
2210
2210
2210
2210
2210
2210
2210
2210
2210
2210
2210
2210
2210
2210
2210
2210
2210
2210
2210
2210
2210
2210
2210
2210
2210
2210
2210
2210
2210
2210
2210
2210
2210
2210
2210
2210
2210
2210
2210
2210
2210
2210
2210
2210
2210
2210
2210
2210
2210
2210
2210
2210
2210
2210
2210
2210
2210
2210
2210
2176
2176
2176
2176
2176
2176
2176
2176
2176
2176
2176
2176
2176
2176
2176
2176
2176
2176
2176
2176
2176
2176
2176
2176
2176
2176
2176
2176
2176
2176
2176
2176
2176
2176
2176
2176
2176
2176
2176
2176
2176
2176
2162
2162
2162
2162
2162
2162
2162
2162
2162
2162
2162
2162
2162
2162
2162
2162
2162
2162
2162
2162
2162
2162
2162
2162
2162
2162
2162
2162
2162
2162
2162
2162
2162
2162
2162
2162
2162
2162
2162
2162
2162
2162
2162
2162
2162
2162
2162
2162
2162
2162
2162
2162
2162
2162
2162
2162
2162
2162
2162
2162
2162
2162
2162
2162
2162
2162
2162
2162
2162
2162
2162
2162
2162
2162
2162
2146
2146
2146
2146
2146
2146
2146
2146
2146
2146
2146
2146
2146
2146
2146
2146
2146
2146
2146
2146
2146
2146
2146
2146
2146
2146
2146
2146
2146
2146
2146
2146
2146
2146
2146
2146
2146
2146
2146
2146
2146
2146
2146
2146
2146
2146
2146
2146
2146
2146
2146
2146
2146
2146
2146
2146
2146
2146
2146
2146
2146
2146
2146
2146
2146
2146
2146
2146
2146
2146
2146
2146
2146
2146
2146
2146
2146
2146
2146
2146
2146
2146
2146
2146
2146
2146
2146
2146
2146
2146
2146
2146
2146
2146
2146
2146
2146
2146
2050
2050
2050
2050
2050
2050
2050
2050
2050
2050
2050
2050
2050
2050
2050
2050
2050
2050
2050
2050
2050
2050
2050
2050
2050
2050
2050
2050
2050
2050
2050
2050
2050
2050
2050
2050
2050
2050
2050
2050
2028
2028
2028
2028
2028
2028
2028
2028
2028
2028
2028
2028
2028
2028
2028
2028
2028
2028
2028
2028
2028
2028
2028
2028
2028
2028
2028
2028
2028
2028
2028
