19075
10000
7432
7432
7432
7432
7432
7432
7432
7432
7432
7432
7432
7432
7432
7432
7432
7432
7432
7432
7432
7432
7420
7420
7420
7420
7420
7420
7420
7420
7420
7420
7420
7420
7420
7420
7420
7420
7420
7420
7420
7420
7420
7420
7420
7420
7420
7420
7420
7420
7420
7420
7420
7420
7420
7420
7420
7420
7420
7420
7420
7420
7420
7420
7420
7420
7420
7420
7420
7420
7420
7420
7420
7420
7420
7420
7420
7420
7420
7420
7420
7420
7420
7416
7416
7416
7416
7416
7416
7416
7416
7416
7416
7416
7416
7416
7416
7416
7416
7416
7416
7416
7416
7416
7416
7416
7416
7416
7416
7416
7416
7416
7416
7416
7416
7416
7416
7416
7416
7416
7416
7416
7416
7416
7416
7416
7416
7416
7416
7416
7416
7416
7416
7416
7416
7416
7416
7416
7416
7416
7416
7416
7416
7416
7416
7416
7416
7416
7412
7412
7412
7412
7412
7412
7412
7412
7412
7412
7412
7412
7412
7412
7412
7412
7412
7412
7412
7412
7412
7412
7412
7412
7412
7412
7412
7412
7412
7412
7412
7412
7412
7412
7412
7412
7412
7412
7412
7412
7412
7412
7412
7412
7412
7412
7412
7412
7412
7412
7412
7412
7412
7412
7412
7412
7412
7412
7412
7412
7412
7412
7412
7412
7412
7412
7412
7412
7412
7412
7412
7412
7412
7412
7412
7412
7412
7412
7412
7412
7412
7412
7412
7412
7412
7412
7412
7412
7412
7412
7412
7412
7412
7412
7412
7412
7412
7412
7412
7412
7380
7380
7380
7380
7380
7380
7380
7380
7380
7380
7380
7380
7380
7380
7380
7380
7380
7380
7380
7380
7380
7380
7380
7380
7380
7380
7380
7369
7369
7369
7369
7369
7369
7369
7369
7369
7369
7369
7369
7369
7369
7369
7369
7369
7369
7369
7369
7369
7369
7369
7369
7369
7369
7369
7369
7361
7361
7361
7361
7361
7361
7361
7361
7361
7361
7361
7361
7361
7361
7361
7361
7361
7361
7361
7361
7361
7361
7361
7361
7361
7361
7361
7361
7361
7361
7361
7361
7361
7361
7361
7361
7361
7361
7361
7361
7361
7361
7361
7361
7361
7361
7361
7361
7361
7361
7361
7361
7361
7361
7361
7361
7361
7361
7361
7361
7361
7361
7361
7361
7361
7361
7361
7361
7361
7361
7361
7361
7361
7361
7361
7361
7361
7361
7361
7361
7361
7361
7361
7361
7361
7361
7361
7361
7361
7361
7361
7361
7361
7342
7342
7342
7342
7342
7342
7342
7342
7342
7342
7342
7342
7342
7342
7342
7342
7342
7342
7342
7342
7342
7342
7342
7342
7342
7342
7342
7342
7342
7342
7342
7342
7342
7342
7342
7342
7342
7342
7342
7342
7342
7342
7342
7342
7342
7342
7342
7342
7342
7342
7342
7342
7342
7342
7342
7342
7342
7342
7342
7342
7342
7342
7342
7342
7342
7342
7342
7342
7342
7342
7342
7342
7342
7342
7342
7342
7342
7342
7342
7342
7342
7342
7342
7342
7342
7342
7342
7342
7342
7342
7342
7342
7342
7342
7342
7342
7342
7342
7342
7325
7325
7325
7325
7325
7325
7325
7325
7325
7325
7325
7325
7325
7325
7325
7325
7325
7325
7325
7325
7325
7325
7325
7325
7325
7325
7325
7325
7325
7325
7325
7305
7305
7305
7305
7305
7305
7305
7305
7305
7305
7305
7305
7305
7305
7305
7305
7305
7305
7305
7305
7305
7305
7305
7305
7305
7305
7305
7305
7305
7305
7305
7305
7305
7305
7305
7305
7305
7305
7305
7305
7305
7305
7305
7305
7305
7305
7305
7305
7305
7305
7305
7305
7305
7305
7305
7305
7305
7305
7305
7305
7305
7305
7305
7305
7305
7305
7305
7305
7305
7305
7305
7305
7305
7305
7305
7305
7305
7305
7305
7305
7305
7305
7305
7295
7295
7295
7295
7295
7295
7295
7295
7295
7295
7295
7295
7295
7295
7295
7295
7295
7295
7295
7295
7295
7295
7295
7295
7295
7295
7295
7295
7295
7295
7295
7295
7295
7295
7295
7295
7295
7295
7295
7295
7295
7295
7295
7295
7295
7295
7295
7295
7295
7292
7292
7292
7292
7292
7292
7292
7292
7292
7292
7292
7292
7292
7292
7292
7292
7292
7292
7292
7292
7292
7292
7292
7292
7292
7292
7292
7292
7292
7292
7292
7292
7292
7292
7292
7292
7292
7292
7292
7292
7292
7292
7292
7292
7279
7279
7279
7279
7279
7279
7279
7279
7279
7279
7279
7279
7279
7279
7279
7279
7279
7279
7279
7279
7279
7279
7279
7279
7279
7279
7279
7279
7279
7279
7279
7279
7279
7279
7279
7279
7279
7279
7279
7279
7279
7279
7268
7268
7268
7268
7268
7268
7268
7268
7268
7268
7268
7268
7268
7268
7268
7268
7268
7268
7268
7268
7268
7268
7268
7268
7258
7258
7258
7258
7258
7258
7258
7258
7258
7258
7258
7258
7258
7258
7258
7258
7258
7258
7258
7258
7258
7258
7235
7235
7235
7235
7235
7235
7235
7235
7235
7235
7235
7235
7235
7235
7235
7235
7235
7235
7235
7235
7235
7235
7235
7235
7235
7235
7235
7235
7235
7235
7235
7235
7235
7235
7235
7235
7235
7235
7235
7235
7235
7235
7235
7235
7235
7235
7235
7235
7235
7235
7235
7235
7235
7235
7235
7235
7235
7235
7229
7229
7229
7229
7229
7229
7229
7229
7229
7229
7229
7229
7229
7229
7229
7229
7229
7229
7229
7229
7229
7229
7229
7229
7229
7229
7229
7229
7229
7229
7229
7229
7229
7229
7229
7229
7229
7229
7229
7229
7229
7229
7229
7229
7229
7229
7229
7229
7229
7229
7229
7229
7229
7229
7229
7229
7229
7229
7229
7229
7229
7229
7229
7229
7221
7221
7221
7221
7221
7221
7221
7221
7221
7221
7221
7221
7221
7221
7221
7221
7221
7221
7221
7221
7221
7221
7221
7221
7221
7221
7221
7221
7221
7221
7221
7221
7221
7221
7221
7221
7221
7215
7215
7215
7215
7215
7215
7215
7215
7215
7200
7200
7200
7200
7200
7200
7190
7190
7190
7190
7190
7190
7190
7190
7190
7190
7190
7190
7190
7190
7190
7190
7190
7190
7190
7190
7190
7190
7190
7190
7190
7190
7190
7190
7190
7190
7190
7190
7190
7190
7190
7190
7190
7190
7190
7190
7190
7190
7190
7190
7190
7190
7190
7190
7190
7190
7190
7190
7190
7190
7190
7190
7190
7190
7190
7190
7190
7190
7190
7190
7190
7190
7190
7190
7190
7190
7190
7190
7190
7190
7190
7190
7190
7190
7190
7190
7190
7190
7190
7190
7190
7190
7190
7190
7190
7190
7190
7190
7190
7190
7190
7190
7190
7190
7190
7190
7170
7170
7170
7170
7170
7170
7170
7170
7170
7170
7170
7170
7170
7170
7170
7170
7170
7170
7170
7170
7170
7170
7170
7170
7170
7170
7170
7170
7170
7170
7170
7170
7170
7170
7170
7170
7170
7170
7170
7170
7170
7170
7170
7170
7170
7170
7170
7170
7170
7170
7170
7170
7170
7170
7162
7162
7162
7162
7162
7162
7162
7162
7162
7162
7162
7162
7162
7162
7162
7162
7162
7162
7162
7162
7162
7162
7162
7162
7162
7162
7162
7162
7162
7162
7162
7162
7162
7162
7162
7162
7162
7162
7162
7162
7162
7162
7162
7162
7162
7162
7162
7162
7162
7162
7162
7162
7162
7162
7162
7162
7162
7162
7162
7162
7162
7162
7162
7162
7162
7162
7162
7162
7162
7162
7162
7141
7141
7141
7141
7141
7141
7141
7141
7141
7141
7141
7141
7141
7141
7141
7103
7103
7103
7103
7103
7103
7103
7103
7103
7103
7103
7103
7103
7103
7103
7103
7078
7078
7057
7057
7057
7057
7057
7057
7057
7057
7057
7057
7057
7057
7057
7057
7057
7057
7057
7057
7057
7057
7057
7057
7057
7057
7057
7057
7057
7057
7057
7057
7057
7057
7057
7057
7057
7057
7057
7057
7057
7057
7057
7057
7057
7057
7057
7057
7057
7057
7057
7057
7057
7057
7057
7057
7057
7057
7057
7057
7057
7057
7057
7057
7057
7057
7057
7057
7057
7057
7057
7057
7057
7057
7057
7057
7057
7057
7057
7057
7057
7057
7057
7057
7057
7057
7057
7057
7057
7057
7057
7057
7057
7057
7057
7057
7057
7057
7051
7051
7051
7051
7051
7051
7051
7051
7051
7051
7051
7051
7051
7051
7051
7051
7051
7051
7051
7051
7051
7051
7051
7051
7047
7047
7047
7047
7047
7047
7047
7047
7047
7047
7041
7041
7041
7041
7041
7041
7041
7041
7041
7041
7041
7041
7041
7041
7041
7041
7041
7041
7041
7041
7041
7041
7041
7041
7041
7041
7041
7041
7041
7041
7041
7041
7041
7041
7041
7041
7041
7041
7041
7041
7041
7041
7041
7041
7041
7041
7041
7041
7023
7023
7023
7023
7023
7023
7023
7023
7023
7023
7023
7023
7023
7023
7023
7023
7023
7023
7023
7023
7023
7023
7023
7023
7023
7023
7023
7023
7023
7023
7023
7023
7023
7023
7023
7023
7023
7023
7023
7023
7023
7023
7023
7023
7023
7023
6996
6996
6996
6996
6996
6996
6996
6996
6996
6996
6996
6996
6996
6989
6989
6989
6989
6989
6989
6989
6989
6989
6989
6989
6989
6989
6989
6989
6989
6989
6989
6989
6989
6989
6989
6989
6989
6989
6989
6989
6989
6989
6989
6989
6989
6989
6989
6989
6989
6989
6989
6989
6989
6967
6967
6967
6967
6967
6967
6967
6967
6967
6967
6967
6967
6967
6967
6967
6967
6967
6967
6967
6967
6967
6967
6953
6953
6953
6953
6953
6953
6953
6953
6953
6953
6953
6953
6953
6953
6953
6953
6953
6953
6953
6953
6953
6953
6953
6953
6953
6953
6953
6953
6953
6953
6953
6953
6953
6953
6953
6953
6953
6953
6953
6953
6953
6953
6953
6953
6953
6953
6953
6953
6953
6953
6953
6953
6953
6953
6953
6953
6928
6928
6928
6928
6928
6928
6928
6928
6928
6928
6928
6928
6928
6928
6928
6928
6928
6928
6928
6923
6923
6923
6923
6923
6923
6923
6923
6923
6923
6923
6923
6923
6923
6923
6923
6923
6923
6923
6923
6923
6923
6923
6923
6923
6923
6923
6923
6923
6923
6923
6923
6923
6923
6923
6923
6923
6923
6923
6923
6923
6923
6923
6923
6923
6923
6923
6923
6923
6923
6923
6923
6923
6923
6923
6923
6923
6923
6923
6923
6923
6923
6923
6923
6923
6923
6923
6923
6923
6923
6923
6923
6923
6923
6923
6923
6923
6923
6923
6923
6923
6923
6923
6923
6923
6923
6923
6923
6923
6923
6923
6923
6923
6923
6923
6923
6923
6923
6923
6863
6863
6863
6863
6863
6863
6863
6863
6863
6863
6863
6863
6863
6863
6863
6863
6863
6863
6863
6863
6863
6863
6863
6863
6863
6863
6863
6863
6863
6863
6863
6863
6863
6863
6863
6863
6863
6863
6863
6863
6863
6863
6863
6863
6863
6863
6863
6863
6863
6863
6863
6863
6863
6863
6863
6863
6863
6863
6863
6863
6863
6863
6863
6863
6863
6863
6863
6863
6863
6863
6863
6863
6863
6863
6863
6863
6863
6863
6863
6863
6863
6863
6863
6863
6863
6863
6863
6863
6863
6863
6863
6863
6863
6863
6863
6863
6863
6822
6822
6822
6822
6822
6822
6822
6822
6822
6822
6822
6822
6822
6822
6822
6822
6822
6822
6822
6822
6822
6822
6822
6822
6822
6822
6822
6822
6822
6822
6822
6822
6822
6822
6822
6822
6822
6822
6822
6822
6822
6822
6822
6822
6822
6822
6822
6822
6822
6822
6822
6822
6822
6822
6822
6822
6822
6822
6822
6822
6822
6822
6822
6822
6822
6822
6822
6822
6822
6822
6822
6822
6822
6822
6822
6822
6822
6822
6822
6822
6822
6822
6822
6822
6822
6822
6822
6822
6803
6803
6803
6803
6803
6803
6803
6803
6803
6803
6791
6791
6791
6791
6791
6791
6791
6791
6791
6791
6786
6786
6786
6786
6786
6786
6786
6786
6786
6786
6786
6786
6786
6786
6786
6786
6786
6786
6786
6786
6786
6786
6786
6786
6786
6786
6786
6786
6786
6786
6786
6786
6786
6786
6786
6786
6786
6786
6786
6786
6786
6786
6786
6786
6786
6786
6786
6786
6786
6786
6786
6786
6786
6786
6786
6786
6786
6786
6786
6786
6786
6786
6786
6786
6786
6786
6786
6786
6786
6786
6786
6786
6786
6786
6765
6765
6765
6765
6765
6765
6765
6765
6765
6765
6765
6765
6765
6744
6744
6744
6744
6744
6744
6744
6744
6744
6744
6744
6744
6744
6744
6744
6744
6744
6744
6744
6744
6744
6744
6744
6744
6744
6744
6744
6744
6744
6744
6744
6744
6744
6744
6744
6744
6744
6744
6744
6744
6744
6744
6744
6744
6744
6744
6744
6744
6744
6744
6744
6744
6744
6744
6744
6744
6744
6744
6744
6744
6744
6744
6744
6744
6744
6744
6744
6744
6744
6744
6744
6744
6744
6744
6744
6744
6744
6739
6739
6739
6739
6739
6739
6739
6739
6739
6739
6739
6739
6739
6739
6739
6739
6739
6739
6739
6739
6739
6739
6739
6739
6739
6739
6739
6739
6739
6739
6739
6739
6739
6739
6739
6739
6739
6739
6739
6739
6739
6739
6739
6739
6739
6739
6739
6739
6739
6739
6739
6739
6739
6739
6739
6739
6739
6739
6739
6739
6739
6739
6739
6739
6728
6728
6728
6728
6728
6728
6728
6728
6728
6728
6728
6728
6728
6728
6728
6728
6728
6728
6728
6728
6728
6728
6728
6728
6728
6728
6728
6728
6728
6728
6728
6728
6728
6728
6728
6728
6728
6728
6728
6728
6728
6728
6728
6728
6728
6728
6728
6728
6728
6728
6728
6728
6728
6728
6728
6728
6728
6728
6728
6728
6728
6728
6728
6728
6728
6728
6728
6728
6728
6728
6728
6728
6728
6728
6728
6728
6728
6728
6728
6728
6728
6728
6716
6716
6716
6716
6716
6716
6716
6716
6716
6716
6716
6716
6716
6716
6716
6716
6716
6716
6716
6716
6716
6716
6716
6716
6716
6716
6716
6716
6716
6716
6716
6716
6716
6716
6716
6716
6716
6692
6692
6692
6692
6692
6692
6692
6692
6692
6692
6692
6692
6692
6692
6692
6692
6692
6692
6692
6692
6692
6692
6692
6692
6692
6692
6692
6692
6692
6692
6692
6692
6692
6692
6692
6692
6692
6692
6692
6692
6692
6692
6692
6692
6692
6692
6692
6692
6692
6692
6692
6685
6685
6685
6685
6685
6685
6685
6685
6685
6685
6685
6685
6685
6685
6685
6685
6685
6685
6685
6685
6685
6685
6685
6685
6685
6685
6685
6685
6685
6685
6685
6685
6685
6685
6685
6685
6685
6685
6685
6685
6685
6685
6685
6685
6685
6685
6685
6674
6674
6674
6674
6674
6674
6674
6674
6674
6674
6674
6674
6674
6674
6674
6674
6674
6674
6674
6674
6674
6674
6674
6674
6674
6674
6674
6674
6674
6674
6674
6674
6674
6674
6674
6674
6674
6674
6674
6674
6674
6674
6674
6674
6674
6674
6674
6674
6674
6674
6674
6674
6674
6674
6674
6674
6674
6674
6674
6674
6674
6674
6674
6674
6674
6674
6674
6674
6674
6674
6674
6674
6674
6674
6674
6674
6674
6666
6666
6666
6666
6666
6666
6666
6666
6666
6666
6666
6666
6666
6666
6666
6666
6666
6666
6666
6666
6666
6666
6666
6666
6666
6666
6666
6666
6666
6666
6666
6666
6666
6666
6666
6666
6666
6666
6666
6666
6666
6666
6666
6666
6666
6666
6666
6666
6666
6666
6666
6666
6666
6666
6666
6666
6666
6666
6666
6666
6666
6666
6666
6666
6666
6666
6666
6666
6666
6666
6666
6666
6666
6666
6666
6666
6666
6666
6666
6666
6666
6666
6666
6666
6666
6666
6666
6666
6666
6666
6666
6666
6637
6637
6637
6637
6637
6637
6637
6637
6637
6637
6637
6637
6637
6637
6637
6637
6637
6637
6637
6637
6637
6637
6637
6637
6637
6637
6637
6637
6637
6637
6637
6637
6637
6637
6637
6637
6637
6637
6637
6637
6637
6637
6637
6637
6637
6637
6637
6637
6637
6637
6637
6632
6632
6632
6632
6632
6632
6632
6632
6632
6632
6632
6632
6632
6632
6632
6632
6632
6632
6632
6632
6632
6632
6632
6632
6632
6632
6632
6632
6632
6632
6632
6632
6632
6632
6632
6632
6632
6632
6632
6632
6607
6607
6607
6607
6607
6607
6607
6607
6607
6607
6607
6607
6607
6607
6607
6607
6607
6607
6607
6607
6607
6607
6607
6607
6607
6607
6607
6607
6607
6607
6607
6607
6607
6607
6607
6607
6607
6607
6607
6607
6607
6607
6607
6607
6607
6607
6607
6607
6607
6607
6607
6607
6607
6607
6607
6607
6607
6607
6607
6607
6607
6607
6607
6607
6607
6607
6607
6607
6607
6607
6607
6607
6607
6607
6607
6607
6607
6607
6607
6607
6607
6607
6607
6607
6607
6607
6607
6607
6607
6607
6607
6607
6607
6607
6607
6607
6605
6605
6605
6605
6605
6605
6605
6605
6605
6605
6605
6605
6605
6605
6605
6605
6605
6605
6605
6605
6605
6605
6605
6605
6605
6605
6605
6605
6605
6605
6605
6605
6605
6605
6605
6605
6605
6605
6605
6605
6605
6605
6605
6605
6605
6605
6605
6605
6605
6605
6605
6605
6605
6605
6605
6605
6605
6605
6605
6605
6605
6605
6605
6605
6605
6605
6605
6605
6605
6605
6605
6605
6605
6605
6605
6605
6605
6605
6605
6605
6605
6605
6605
6605
6605
6605
6605
6605
6605
6605
6605
6576
6576
6576
6576
6576
6576
6576
6576
6576
6576
6576
6576
6576
6576
6576
6576
6576
6576
6576
6576
6576
6576
6576
6576
6576
6576
6576
6576
6576
6576
6576
6576
6576
6576
6576
6576
6576
6576
6576
6576
6576
6576
6576
6576
6576
6576
6576
6576
6576
6576
6576
6576
6576
6576
6576
6576
6576
6576
6576
6576
6576
6576
6576
6576
6576
6576
6576
6576
6576
6576
6576
6576
6576
6576
6576
6576
6576
6576
6576
6576
6576
6576
6576
6576
6571
6571
6571
6571
6571
6571
6571
6571
6571
6571
6571
6571
6571
6571
6571
6571
6571
6571
6571
6571
6571
6571
6571
6571
6571
6571
6571
6571
6571
6571
6571
6571
6571
6571
6571
6571
6571
6571
6571
6571
6571
6571
6567
6567
6567
6567
6567
6567
6567
6567
6567
6567
6567
6567
6567
6567
6567
6567
6567
6567
6567
6567
6567
6567
6567
6567
6567
6567
6567
6567
6567
6567
6567
6567
6567
6567
6535
6535
6535
6535
6535
6535
6535
6535
6535
6535
6535
6535
6535
6535
6535
6535
6535
6535
6535
6535
6535
6535
6535
6535
6535
6535
6535
6535
6535
6535
6535
6535
6535
6535
6535
6535
6535
6535
6535
6535
6535
6535
6535
6535
6535
6535
6535
6535
6535
6535
6535
6535
6535
6535
6535
6535
6535
6535
6535
6535
6535
6535
6493
6493
6493
6493
6493
6493
6493
6493
6493
6493
6493
6489
6489
6489
6489
6489
6489
6489
6489
6489
6489
6489
6489
6489
6489
6489
6489
6489
6489
6489
6489
6489
6489
6489
6489
6489
6489
6489
6489
6489
6489
6489
6489
6489
6489
6489
6489
6489
6489
6489
6489
6489
6489
6489
6489
6489
6489
6489
6489
6489
6489
6489
6489
6489
6489
6489
6483
6483
6483
6483
6483
6483
6483
6483
6483
6483
6483
6483
6483
6483
6483
6483
6483
6483
6483
6483
6483
6483
6483
6483
6483
6483
6483
6483
6483
6483
6483
6483
6483
6483
6483
6483
6483
6483
6483
6483
6483
6483
6483
6483
6483
6476
6476
6476
6476
6476
6476
6476
6476
6476
6476
6476
6476
6476
6476
6476
6476
6476
6476
6476
6476
6476
6476
6476
6476
6476
6476
6476
6476
6476
6476
6476
6476
6476
6476
6476
6476
6476
6476
6476
6476
6476
6476
6476
6476
6476
6476
6476
6476
6476
6476
6476
6476
6476
6476
6476
6476
6476
6476
6476
6476
6476
6476
6476
6476
6476
6476
6476
6476
6476
6476
6476
6476
6476
6476
6466
6466
6466
6466
6466
6466
6466
6466
6466
6466
6466
6466
6466
6466
6466
6466
6466
6466
6466
6466
6466
6466
6466
6466
6466
6466
6466
6466
6466
6466
6466
6466
6466
6466
6466
6466
6466
6466
6466
6466
6466
6466
6466
6466
6466
6466
6466
6466
6466
6466
6466
6466
6466
6466
6466
6466
6466
6466
6466
6466
6466
6466
6466
6466
6466
6466
6466
6466
6466
6466
6466
6466
6466
6466
6466
6466
6466
6466
6466
6466
6466
6466
6466
6466
6466
6466
6466
6466
6466
6466
6466
6466
6466
6466
6466
6466
6466
6466
6466
6466
6466
6466
6466
6466
6466
6466
6466
6466
6466
6466
6466
6466
6466
6466
6466
6466
6466
6466
6466
6466
6466
6466
6466
6466
6466
6466
6466
6466
6466
6466
6466
6415
6415
6415
6415
6415
6415
6415
6415
6415
6415
6415
6415
6415
6415
6415
6415
6415
6415
6415
6415
6415
6415
6415
6415
6415
6415
6415
6415
6415
6415
6415
6415
6415
6415
6415
6415
6415
6415
6415
6415
6415
6415
6415
6415
6415
6415
6415
6415
6415
6415
6415
6415
6415
6415
6415
6415
6415
6415
6415
6415
6415
6415
6415
6415
6415
6415
6415
6415
6415
6415
6415
6415
6415
6415
6415
6415
6415
6415
6415
6410
6410
6410
6410
6410
6410
6410
6410
6410
6410
6410
6410
6410
6410
6410
6410
6410
6410
6410
6410
6410
6410
6410
6410
6410
6404
6404
6404
6404
6404
6404
6404
6404
6404
6404
6404
6404
6404
6404
6404
6404
6404
6404
6404
6404
6404
6404
6404
6404
6404
6404
6404
6404
6404
6404
6404
6404
6404
6404
6404
6404
6404
6404
6404
6404
6404
6404
6404
6404
6404
6404
6404
6404
6404
6404
6404
6404
6404
6404
6404
6404
6404
6404
6404
6404
6404
6404
6404
6404
6404
6404
6404
6404
6404
6404
6404
6404
6404
6404
6404
6404
6404
6404
6404
6404
6404
6404
6404
6404
6404
6404
6404
6404
6404
6404
6404
6404
6404
6404
6404
6404
6404
6404
6404
6404
6404
6404
6404
6404
6404
6404
6404
6390
6390
6390
6390
6390
6390
6390
6390
6390
6390
6390
6390
6390
6390
6390
6390
6390
6390
6390
6390
6390
6390
6390
6390
6390
6390
6390
6390
6390
6390
6390
6390
6390
6390
6390
6390
6390
6390
6390
6390
6390
6390
6390
6390
6390
6383
6383
6383
6383
6383
6383
6383
6383
6383
6383
6383
6383
6383
6383
6383
6383
6383
6383
6383
6383
6383
6383
6383
6383
6383
6383
6383
6383
6383
6383
6383
6383
6383
6383
6383
6383
6383
6383
6383
6383
6383
6383
6383
6383
6383
6383
6383
6383
6383
6383
6383
6383
6383
6383
6383
6383
6383
6383
6383
6383
6383
6383
6383
6383
6383
6383
6383
6383
6383
6383
6383
6383
6383
6383
6383
6383
6383
6383
6383
6383
6383
6383
6383
6383
6383
6383
6383
6383
6383
6383
6383
6383
6383
6383
6372
6372
6372
6372
6372
6372
6372
6372
6372
6372
6372
6372
6372
6372
6372
6372
6372
6372
6355
6355
6355
6355
6355
6355
6355
6355
6355
6355
6355
6355
6355
6355
6355
6355
6355
6355
6355
6355
6355
6355
6355
6324
6324
6324
6324
6324
6324
6324
6324
6324
6324
6324
6324
6324
6324
6324
6324
6324
6324
6324
6324
6324
6324
6324
6324
6324
6324
6324
6324
6324
6324
6324
6324
6324
6324
6324
6324
6324
6324
6324
6324
6324
6324
6324
6324
6324
6324
6324
6324
6324
6324
6324
6324
6324
6324
6324
6324
6324
6324
6324
6324
6324
6324
6324
6324
6324
6324
6324
6324
6324
6324
6324
6324
6324
6324
6324
6324
6324
6324
6324
6324
6324
6324
6324
6324
6324
6324
6324
6324
6324
6324
6324
6324
6324
6324
6324
6324
6324
6324
6324
6324
6296
6296
6296
6296
6296
6296
6296
6296
6296
6269
6269
6269
6269
6269
6269
6269
6269
6269
6269
6269
6259
6259
6259
6259
6259
6259
6259
6259
6259
6259
6259
6259
6259
6259
6259
6259
6259
6259
6259
6259
6259
6259
6259
6259
6259
6259
6259
6259
6259
6259
6259
6259
6259
6259
6259
6259
6259
6259
6259
6259
6259
6259
6259
6259
6259
6259
6259
6259
6259
6259
6259
6259
6259
6259
6259
6259
6259
6259
6259
6259
6259
6259
6259
6259
6254
6254
6254
6254
6254
6254
6254
6254
6254
6247
6247
6247
6247
6247
6247
6247
6247
6247
6247
6247
6247
6247
6247
6247
6247
6247
6247
6247
6247
6247
6247
6247
6247
6247
6247
6247
6247
6247
6247
6247
6247
6247
6247
6247
6247
6247
6247
6247
6247
6247
6247
6247
6247
6247
6247
6247
6247
6247
6247
6247
6247
6247
6247
6247
6247
6247
6247
6247
6247
6247
6247
6247
6247
6247
6247
6247
6247
6247
6247
6247
6247
6247
6247
6247
6247
6247
6247
6247
6247
6247
6247
6247
6247
6247
6247
6247
6247
6247
6247
6247
6247
6247
6247
6247
6243
6243
6243
6243
6243
6243
6243
6243
6243
6243
6243
6243
6243
6243
6243
6243
6243
6243
6243
6243
6242
6242
6242
6242
6242
6242
6242
6242
6242
6242
6242
6242
6242
6242
6242
6242
6242
6242
6242
6242
6242
6242
6242
6242
6242
6242
6242
6242
6242
6242
6242
6242
6242
6242
6242
6242
6242
6242
6242
6242
6242
6242
6242
6242
6242
6242
6242
6242
6242
6242
6242
6242
6242
6242
6242
6242
6242
6242
6242
6242
6242
6242
6242
6242
6242
6242
6242
6242
6242
6242
6242
6242
6242
6242
6242
6242
6242
6240
6240
6240
6240
6240
6240
6240
6240
6240
6240
6240
6240
6240
6240
6240
6240
6240
6240
6240
6240
6240
6240
6240
6240
6240
6240
6240
6240
6240
6240
6240
6240
6240
6240
6240
6240
6240
6240
6240
6240
6240
6240
6240
6240
6240
6240
6240
6240
6240
6240
6240
6240
6240
6240
6240
6240
6206
6206
6206
6206
6206
6206
6206
6206
6206
6206
6206
6206
6206
6206
6206
6206
6206
6206
6206
6206
6206
6203
6203
6203
6203
6203
6203
6203
6203
6203
6203
6203
6203
6203
6203
6192
6192
6192
6192
6192
6192
6192
6192
6192
6192
6192
6190
6190
6190
6190
6190
6190
6190
6190
6190
6190
6190
6190
6190
6190
6190
6190
6190
6190
6190
6190
6190
6190
6190
6190
6190
6190
6190
6190
6190
6190
6190
6190
6190
6190
6190
6190
6190
6181
6157
6157
6157
6157
6157
6157
6157
6157
6157
6157
6157
6157
6157
6157
6157
6157
6157
6157
6157
6157
6157
6157
6157
6157
6157
6157
6157
6157
6157
6157
6157
6157
6157
6157
6157
6157
6157
6157
6157
6157
6157
6157
6157
6157
6157
6157
6157
6157
6157
6157
6157
6157
6157
6157
6157
6157
6157
6157
6157
6157
6157
6157
6157
6157
6157
6157
6157
6157
6157
6157
6157
6157
6157
6157
6157
6157
6157
6157
6157
6157
6157
6157
6157
6109
6109
6109
6109
6109
6109
6109
6109
6109
6109
6109
6109
6109
6109
6109
6109
6109
6109
6109
6109
6109
6109
6109
6109
6109
6109
6109
6109
6109
6109
6109
6109
6109
6109
6109
6109
6109
6109
6109
6109
6109
6109
6109
6109
6109
6109
6109
6109
6109
6109
6109
6109
6109
6109
6109
6109
6109
6109
6109
6109
6109
6109
6109
6109
6109
6109
6109
6109
6096
6096
6096
6096
6096
6096
6096
6096
6096
6096
6096
6096
6096
6096
6096
6096
6096
6096
6096
6096
6096
6096
6096
6096
6096
6096
6096
6096
6096
6096
6096
6096
6096
6096
6096
6096
6096
6096
6096
6096
6096
6096
6096
6096
6096
6096
6096
6096
6096
6096
6096
6096
6096
6096
6096
6096
6096
6096
6089
6089
6089
6089
6089
6089
6089
6089
6089
6089
6089
6089
6089
6089
6089
6089
6089
6089
6089
6089
6089
6089
6089
6089
6089
6089
6089
6089
6089
6089
6089
6089
6089
6089
6089
6089
6089
6089
6089
6089
6089
6089
6089
6089
6089
6089
6089
6089
6089
6089
6089
6089
6089
6089
6089
6089
6089
6089
6089
6089
6089
6089
6089
6089
6089
6080
6080
6080
6080
6080
6080
6080
6080
6080
6080
6080
6080
6080
6080
6080
6080
6080
6080
6080
6080
6080
6080
6080
6080
6080
6080
6080
6080
6080
6080
6080
6080
6080
6080
6080
6080
6080
6080
6080
6080
6080
6080
6080
6080
6080
6080
6080
6080
6080
6080
6080
6080
6080
6080
6080
6080
6080
6080
6080
6080
6080
6080
6080
6080
6080
6080
6080
6080
6080
6080
6080
6080
6080
6080
6080
6080
6080
6080
6080
6080
6080
6080
6080
6080
6080
6080
6080
6080
6080
6080
6069
6069
6069
6069
6069
6069
6069
6069
6069
6069
6069
6069
6060
6060
6060
6060
6060
6060
6060
6060
6060
6060
6060
6060
6060
6060
6060
6060
6060
6060
6060
6060
6060
6060
6049
6049
6049
6049
6049
6049
6049
6049
6049
6049
6049
6049
6049
6049
6049
6049
6049
6049
6049
6049
6049
6049
6049
6049
6049
6049
6049
6049
6049
6049
6049
6049
6049
6048
6048
6048
6048
6048
6048
6048
6048
6048
6007
6007
6007
6007
6007
6007
6007
6007
6007
6007
6007
6007
6007
6007
6007
6007
6007
6007
6007
6007
6007
6007
6007
6007
6007
6007
6007
6007
6007
6007
6007
6007
6007
6007
6007
6007
6007
6007
6007
6007
6007
6007
6007
6007
6007
6007
6007
6007
6007
6007
6007
6007
6007
6007
6007
6007
6007
6007
6007
6007
6007
6007
6007
6007
6007
6007
6007
6007
6007
6007
6007
6007
6007
6007
6007
6007
6007
6005
6005
6005
6005
6005
6005
6005
6005
6005
6005
6005
6005
6005
6005
6005
6005
6005
6005
6005
6005
6005
6005
6005
6005
6005
6005
6005
6005
6005
6005
6005
6005
6005
6005
6005
6005
6005
6005
6005
6005
6005
6005
6005
6005
6005
6005
6005
6005
6005
6005
6005
6005
6005
6005
6005
6005
6005
6005
6005
6005
6005
6005
6005
6005
6005
6005
6005
6005
6005
6005
6005
6005
6005
6005
6005
6005
6005
6005
6005
6005
6005
5998
5998
5998
5998
5998
5998
5998
5998
5998
5998
5998
5998
5998
5998
5998
5998
5998
5998
5998
5998
5998
5998
5998
5998
5998
5998
5998
5998
5998
5998
5998
5998
5998
5998
5998
5998
5998
5998
5998
5998
5998
5998
5998
5989
5989
5989
5989
5989
5989
5989
5989
5989
5989
5989
5989
5989
5989
5989
5989
5989
5989
5989
5989
5989
5989
5989
5989
5989
5989
5989
5989
5989
5989
5989
5989
5989
5989
5989
5989
5989
5989
5989
5989
5989
5989
5989
5989
5989
5989
5989
5989
5989
5989
5989
5989
5989
5989
5989
5989
5989
5989
5989
5989
5989
5989
5989
5989
5989
5989
5989
5989
5989
5989
5969
5969
5969
5969
5969
5969
5969
5969
5969
5969
5969
5969
5969
5969
5969
5969
5969
5969
5969
5969
5969
5969
5969
5969
5969
5969
5969
5969
5969
5969
5969
5969
5969
5969
5969
5969
5969
5969
5969
5969
5969
5969
5969
5969
5969
5969
5969
5969
5969
5969
5969
5969
5969
5969
5969
5969
5969
5969
5969
5969
5969
5969
5969
5969
5969
5969
5969
5969
5969
5969
5969
5969
5969
5969
5969
5969
5969
5969
5969
5969
5969
5969
5969
5969
5969
5969
5934
5934
5934
5934
5934
5934
5934
5934
5934
5934
5934
5934
5934
5934
5934
5934
5934
5934
5934
5934
5934
5934
5934
5934
5934
5934
5934
5934
5934
5934
5934
5934
5934
5934
5934
5934
5934
5934
5934
5934
5934
5934
5934
5934
5934
5934
5934
5934
5934
5934
5934
5934
5934
5934
5934
5934
5934
5934
5934
5934
5934
5934
5934
5934
5934
5934
5934
5934
5934
5934
5934
5934
5934
5934
5934
5934
5934
5934
5934
5934
5934
5934
5934
5934
5934
5934
5934
5934
5934
5934
5934
5934
5934
5934
5934
5934
5934
5934
5934
5930
5930
5930
5930
5930
5930
5930
5930
5930
5930
5930
5930
5930
5930
5930
5930
5923
5923
5923
5923
5923
5923
5923
5923
5923
5923
5923
5923
5923
5923
5923
5923
5923
5923
5923
5923
5923
5923
5923
5923
5923
5923
5923
5923
5923
5923
5923
5923
5923
5923
5923
5923
5923
5923
5923
5923
5923
5923
5923
5923
5923
5923
5923
5923
5923
5923
5923
5923
5916
5916
5916
5916
5916
5916
5916
5916
5916
5916
5916
5916
5916
5916
5916
5916
5916
5916
5916
5916
5916
5916
5916
5916
5916
5916
5916
5916
5916
5916
5916
5916
5916
5916
5916
5916
5916
5916
5916
5916
5916
5916
5916
5916
5916
5916
5916
5916
5916
5916
5916
5916
5916
5916
5916
5916
5916
5916
5916
5916
5916
5916
5916
5916
5916
5916
5916
5916
5916
5916
5916
5916
5916
5916
5916
5916
5916
5916
5882
5882
5882
5882
5882
5882
5882
5882
5882
5882
5882
5882
5882
5882
5882
5882
5882
5882
5882
5882
5882
5882
5882
5882
5882
5882
5882
5882
5882
5882
5882
5882
5882
5882
5882
5882
5882
5882
5882
5882
5882
5882
5882
5882
5882
5882
5882
5882
5882
5882
5882
5882
5882
5882
5882
5882
5882
5882
5882
5882
5882
5882
5882
5882
5882
5882
5882
5882
5882
5882
5882
5882
5882
5882
5882
5882
5882
5882
5882
5882
5882
5882
5882
5882
5882
5882
5882
5882
5882
5882
5882
5882
5862
5862
5862
5862
5862
5862
5862
5862
5862
5862
5862
5862
5862
5862
5862
5862
5862
5862
5862
5862
5862
5862
5862
5862
5862
5862
5862
5862
5862
5862
5862
5862
5862
5862
5862
5862
5862
5862
5862
5862
5862
5862
5862
5862
5862
5862
5862
5862
5862
5862
5862
5862
5862
5862
5862
5862
5862
5862
5862
5862
5862
5862
5862
5862
5862
5862
5862
5862
5862
5862
5862
5862
5862
5862
5862
5845
5845
5845
5845
5845
5845
5845
5845
5845
5845
5845
5845
5845
5845
5845
5845
5845
5845
5845
5845
5845
5837
5837
5837
5837
5837
5837
5837
5837
5837
5837
5837
5837
5837
5837
5837
5837
5837
5837
5837
5837
5837
5837
5837
5837
5837
5837
5837
5837
5837
5837
5837
5837
5837
5837
5837
5837
5837
5837
5837
5837
5837
5837
5837
5837
5837
5837
5837
5837
5837
5837
5837
5837
5837
5837
5837
5837
5837
5837
5837
5837
5837
5837
5837
5837
5837
5837
5837
5837
5837
5837
5837
5837
5832
5832
5832
5832
5832
5832
5832
5832
5832
5832
5804
5784
5784
5784
5784
5784
5784
5784
5784
5784
5784
5784
5784
5784
5784
5784
5784
5784
5784
5784
5784
5784
5784
5784
5784
5784
5784
5784
5784
5784
5784
5784
5784
5784
5784
5784
5784
5784
5784
5784
5784
5784
5784
5784
5784
5784
5784
5784
5784
5784
5784
5784
5784
5784
5784
5784
5784
5784
5784
5784
5784
5784
5777
5777
5777
5777
5724
5724
5724
5724
5724
5724
5724
5724
5724
5724
5724
5724
5724
5724
5724
5724
5724
5724
5724
5724
5724
5724
5724
5724
5724
5724
5724
5724
5724
5724
5724
5724
5724
5724
5724
5724
5724
5724
5724
5724
5724
5717
5717
5717
5717
5717
5717
5717
5717
5717
5717
5717
5717
5717
5717
5717
5717
5717
5717
5717
5717
5717
5717
5717
5717
5717
5717
5717
5717
5717
5717
5717
5717
5717
5717
5717
5717
5717
5717
5717
5717
5717
5717
5717
5717
5717
5717
5717
5717
5717
5717
5717
5717
5717
5717
5717
5717
5717
5717
5717
5717
5717
5717
5717
5717
5717
5717
5717
5717
5717
5717
5717
5717
5717
5717
5717
5717
5717
5717
5717
5717
5717
5717
5717
5717
5717
5717
5717
5717
5717
5717
5717
5717
5710
5710
5710
5710
5710
5710
5710
5710
5710
5710
5710
5710
5710
5710
5710
5710
5710
5710
5710
5710
5710
5710
5710
5710
5710
5710
5710
5710
5710
5710
5710
5710
5710
5710
5710
5710
5710
5710
5708
5708
5708
5708
5708
5708
5708
5708
5708
5708
5708
5708
5708
5708
5708
5708
5708
5708
5708
5708
5708
5702
5702
5702
5702
5702
5702
5702
5664
5664
5664
5664
5664
5664
5664
5664
5664
5664
5664
5664
5664
5664
5664
5664
5664
5664
5664
5664
5664
5664
5664
5664
5664
5664
5664
5664
5664
5664
5664
5664
5664
5664
5664
5664
5664
5664
5664
5664
5664
5664
5664
5664
5664
5664
5664
5664
5664
5664
5664
5664
5664
5664
5664
5664
5664
5664
5664
5664
5664
5664
5664
5664
5664
5664
5664
5657
5657
5657
5657
5657
5657
5657
5657
5657
5657
5657
5657
5657
5657
5657
5657
5657
5657
5657
5657
5657
5657
5657
5657
5657
5657
5657
5657
5657
5657
5657
5657
5657
5657
5657
5657
5657
5657
5657
5657
5657
5657
5657
5657
5657
5657
5657
5657
5657
5657
5657
5657
5657
5657
5657
5657
5657
5657
5657
5657
5657
5657
5657
5657
5657
5657
5657
5650
5650
5650
5650
5650
5650
5650
5650
5650
5650
5650
5650
5650
5650
5650
5650
5650
5650
5623
5623
5623
5623
5623
5623
5623
5623
5623
5623
5623
5623
5623
5623
5623
5623
5623
5623
5623
5623
5623
5623
5623
5623
5623
5623
5623
5623
5623
5623
5623
5623
5623
5623
5623
5623
5623
5623
5623
5623
5623
5623
5623
5623
5623
5623
5623
5623
5623
5623
5623
5623
5623
5623
5623
5623
5623
5623
5623
5623
5623
5623
5623
5623
5623
5574
5574
5574
5574
5574
5574
5574
5574
5574
5574
5574
5574
5574
5574
5574
5574
5574
5574
5574
5574
5574
5574
5574
5574
5574
5574
5574
5574
5574
5574
5574
5574
5574
5574
5574
5574
5574
5574
5574
5574
5574
5574
5574
5574
5574
5574
5574
5574
5574
5574
5574
5574
5574
5574
5574
5574
5574
5574
5574
5574
5574
5574
5574
5574
5574
5574
5574
5574
5574
5574
5574
5574
5574
5574
5574
5574
5574
5574
5574
5574
5565
5565
5565
5565
5565
5565
5565
5565
5565
5565
5565
5553
5553
5553
5553
5553
5553
5553
5553
5553
5553
5553
5553
5553
5553
5553
5553
5553
5553
5553
5553
5553
5553
5553
5553
5553
5553
5553
5553
5553
5553
5553
5553
5553
5553
5553
5553
5511
5511
5511
5511
5511
5511
5511
5511
5511
5511
5511
5511
5511
5511
5511
5511
5511
5511
5511
5511
5511
5511
5511
5511
5511
5511
5511
5511
5511
5511
5511
5511
5511
5511
5511
5511
5511
5511
5511
5511
5511
5511
5511
5511
5511
5511
5511
5503
5503
5503
5503
5503
5503
5503
5503
5503
5503
5503
5503
5503
5503
5503
5503
5503
5503
5503
5503
5503
5503
5503
5503
5503
5503
5503
5503
5503
5503
5503
5503
5503
5503
5503
5503
5503
5503
5503
5503
5503
5503
5503
5503
5503
5503
5503
5503
5503
5503
5503
5503
5503
5503
5503
5503
5503
5503
5503
5503
5503
5503
5503
5503
5503
5503
5503
5503
5503
5503
5503
5503
5503
5503
5503
5503
5503
5503
5503
5503
5503
5503
5503
5503
5503
5503
5503
5503
5503
5503
5450
5450
5450
5450
5450
5450
5450
5450
5450
5450
5450
5450
5450
5436
5436
5436
5436
5436
5436
5436
5436
5436
5436
5436
5436
5436
5436
5436
5436
5436
5436
5436
5436
5436
5436
5436
5436
5436
5436
5436
5436
5436
5436
5436
5436
5436
5436
5436
5436
5436
5436
5436
5436
5436
5436
5436
5436
5436
5436
5436
5436
5436
5436
5436
5436
5436
5436
5436
5436
5436
5436
5436
5436
5436
5436
5436
5436
5436
5436
5436
5436
5436
5436
5436
5436
5436
5436
5436
5436
5436
5435
5435
5435
5435
5435
5435
5435
5435
5435
5435
5435
5435
5435
5435
5435
5435
5435
5435
5435
5435
5435
5435
5435
5435
5435
5435
5435
5435
5435
5435
5435
5435
5435
5435
5435
5435
5435
5435
5435
5435
5435
5435
5435
5435
5435
5435
5435
5435
5435
5435
5435
5435
5435
5435
5435
5435
5435
5435
5435
5435
5435
5435
5435
5435
5396
5396
5396
5396
5396
5396
5396
5396
5396
5396
5396
5396
5396
5396
5396
5396
5396
5396
5396
5396
5396
5396
5396
5396
5396
5396
5396
5396
5396
5396
5396
5396
5396
5396
5396
5396
5396
5396
5396
5396
5396
5396
5396
5396
5396
5396
5396
5396
5396
5396
5396
5396
5396
5396
5396
5396
5396
5396
5396
5396
5396
5396
5396
5396
5396
5396
5396
5396
5396
5396
5396
5396
5396
5396
5396
5396
5396
5396
5396
5396
5396
5396
5396
5396
5396
5396
5396
5396
5396
5396
5396
5396
5396
5396
5396
5396
5362
5362
5362
5362
5362
5359
5331
5331
5331
5331
5331
5331
5331
5331
5331
5331
5331
5331
5331
5331
5331
5331
5331
5331
5331
5331
5331
5331
5331
5331
5331
5331
5331
5331
5331
5331
5331
5331
5331
5331
5331
5331
5331
5331
5331
5331
5331
5331
5331
5331
5331
5331
5331
5331
5331
5331
5331
5331
5331
5331
5331
5331
5331
5331
5331
5331
5331
5331
5331
5331
5331
5331
5331
5331
5331
5331
5331
5331
5331
5331
5331
5331
5331
5331
5331
5330
5330
5330
5330
5330
5330
5330
5330
5330
5330
5330
5330
5330
5330
5330
5330
5330
5330
5330
5330
5330
5330
5330
5330
5330
5330
5330
5330
5330
5330
5330
5330
5330
5330
5330
5330
5330
5330
5330
5330
5330
5330
5330
5330
5330
5330
5330
5330
5330
5330
5330
5330
5330
5330
5330
5330
5330
5330
5330
5330
5330
5330
5330
5330
5330
5330
5330
5330
5330
5330
5330
5330
5330
5330
5330
5330
5323
5323
5323
5323
5317
5317
5317
5317
5317
5317
5317
5317
5317
5317
5317
5317
5317
5317
5317
5317
5317
5317
5317
5304
5304
5304
5304
5304
5304
5304
5304
5304
5304
5304
5304
5304
5304
5304
5304
5304
5304
5304
5304
5304
5304
5304
5304
5304
5304
5304
5304
5304
5304
5304
5304
5304
5304
5304
5304
5304
5304
5304
5304
5304
5304
5304
5304
5304
5304
5304
5304
5304
5304
5304
5304
5304
5304
5304
5304
5304
5304
5304
5304
5304
5304
5304
5304
5304
5304
5304
5304
5304
5304
5304
5304
5304
5304
5304
5304
5304
5304
5304
5304
5228
5228
5228
5228
5228
5228
5228
5228
5228
5228
5228
5228
5228
5228
5228
5228
5228
5228
5228
5228
5228
5228
5228
5228
5228
5228
5228
5228
5228
5228
5228
5228
5228
5228
5228
5228
5228
5228
5228
5228
5228
5228
5228
5228
5228
5228
5228
5228
5228
5228
5228
5228
5228
5228
5228
5228
5228
5228
5228
5228
5228
5228
5228
5228
5228
5228
5228
5228
5228
5228
5228
5228
5228
5228
5228
5228
5228
5228
5228
5228
5228
5228
5228
5228
5228
5228
5228
5228
5228
5228
5228
5228
5228
5228
5228
5228
5228
5205
5205
5205
5205
5205
5205
5205
5205
5205
5205
5205
5205
5205
5205
5205
5205
5205
5205
5205
5205
5205
5205
5205
5198
5198
5198
5198
5198
5198
5198
5198
5198
5198
5198
5198
5198
5198
5198
5198
5198
5198
5198
5198
5198
5198
5198
5198
5198
5198
5198
5198
5198
5198
5198
5198
5198
5198
5198
5198
5198
5198
5198
5198
5198
5198
5198
5198
5198
5198
5198
5198
5198
5198
5198
5198
5198
5198
5198
5198
5198
5198
5198
5198
5198
5198
5198
5198
5198
5198
5198
5198
5198
5198
5198
5198
5198
5198
5198
5198
5198
5198
5198
5198
5198
5198
5198
5198
5198
5198
5198
5198
5198
5198
5198
5198
5198
5198
5198
5196
5196
5196
5196
5196
5196
5196
5196
5196
5196
5196
5196
5196
5196
5196
5196
5196
5196
5196
5196
5196
5196
5196
5196
5196
5196
5196
5196
5196
5196
5196
5196
5196
5196
5196
5196
5196
5196
5196
5196
5196
5196
5196
5196
5196
5196
5196
5196
5196
5196
5196
5196
5196
5196
5196
5196
5196
5196
5196
5175
5175
5175
5175
5175
5175
5175
5175
5175
5175
5175
5175
5175
5175
5175
5175
5175
5175
5175
5175
5175
5175
5175
5175
5175
5170
5170
5170
5170
5170
5170
5170
5170
5170
5170
5170
5170
5170
5170
5170
5170
5170
5170
5170
5170
5170
5170
5170
5170
5170
5170
5170
5170
5170
5170
5170
5170
5170
5170
5170
5140
5140
5140
5140
5140
5140
5140
5140
5140
5140
5140
5140
5140
5140
5140
5140
5140
5140
5140
5140
5140
5140
5140
5140
5140
5140
5140
5140
5140
5140
5140
5140
5140
5140
5140
5140
5140
5140
5140
5140
5140
5140
5140
5140
5140
5140
5140
5140
5140
5140
5140
5140
5140
5140
5140
5140
5140
5140
5140
5140
5140
5140
5140
5140
5136
5136
5136
5136
5136
5136
5136
5136
5136
5136
5136
5136
5136
5136
5136
5136
5136
5136
5136
5136
5136
5136
5136
5136
5136
5136
5136
5136
5136
5136
5136
5136
5136
5136
5136
5136
5136
5136
5136
5136
5136
5136
5136
5136
5136
5136
5136
5136
5136
5136
5136
5136
5136
5136
5136
5136
5136
5136
5136
5136
5136
5136
5136
5136
5136
5136
5136
5136
5136
5136
5136
5136
5136
5136
5136
5136
5136
5136
5136
5136
5136
5136
5136
5136
5136
5136
5136
5136
5136
5136
5136
5136
5136
5124
5124
5124
5124
5124
5124
5124
5124
5124
5124
5124
5124
5124
5124
5124
5124
5124
5124
5124
5124
5124
5124
5124
5124
5124
5124
5124
5124
5124
5124
5124
5124
5124
5124
5108
5108
5108
5108
5108
5108
5108
5108
5108
5108
5108
5108
5108
5108
5108
5108
5108
5108
5108
5108
5108
5108
5108
5108
5108
5108
5108
5108
5108
5108
5108
5108
5108
5108
5108
5108
5108
5108
5108
5108
5108
5108
5108
5108
5108
5108
5108
5108
5108
5108
5108
5108
5108
5108
5108
5108
5108
5108
5108
5108
5108
5108
5108
5108
5108
5108
5108
5108
5108
5108
5108
5108
5108
5108
5099
5099
5099
5099
5099
5099
5099
5099
5099
5099
5099
5099
5099
5099
5099
5099
5099
5099
5099
5099
5099
5099
5099
5099
5087
5087
5087
5087
5087
5087
5087
5087
5087
5087
5087
5087
5087
5087
5087
5087
5087
5087
5087
5087
5087
5087
5087
5087
5087
5087
5087
5087
5087
5087
5087
5087
5087
5087
5087
5087
5087
5087
5087
5087
5087
5087
5087
5087
5087
5087
5087
5087
5087
5087
5087
5087
5087
5087
5087
5087
5087
5087
5087
5087
5087
5087
5087
5087
5087
5087
5087
5087
5087
5087
5087
5087
5087
5067
5067
5067
5067
5067
5067
5067
5067
5067
5067
5067
5067
5067
5067
5067
5067
5067
5067
5067
5067
5067
5067
5067
5067
5067
5067
5067
5067
5067
5067
5067
5067
5067
5067
5067
5067
5067
5067
5067
5067
5067
5067
5067
5067
5067
5067
5067
5067
5067
5067
5067
5067
5067
5067
5067
5067
5067
5067
5067
5067
5067
5067
5067
5067
5067
5067
5067
5067
5067
5067
5067
5067
5067
5067
5067
5058
5058
5058
5058
5058
5058
5058
5058
5058
5058
5058
5048
5048
5048
5048
5048
5048
5048
5048
4979
4979
4979
4979
4979
4979
4979
4979
4979
4979
4979
4979
4979
4979
4979
4979
4979
4979
4979
4979
4979
4979
4979
4979
4979
4979
4979
4979
4922
4922
4922
4922
4922
4922
4922
4922
4922
4922
4922
4922
4922
4922
4922
4922
4922
4922
4922
4922
4922
4922
4922
4922
4922
4922
4922
4922
4922
4922
4922
4922
4922
4922
4922
4922
4922
4922
4922
4922
4922
4922
4922
4922
4922
4922
4922
4922
4922
4922
4922
4922
4922
4922
4922
4922
4922
4922
4922
4922
4922
4922
4922
4922
4922
4922
4922
4922
4922
4922
4922
4922
4922
4922
4922
4922
4922
4922
4922
4922
4922
4922
4922
4922
4922
4922
4922
4922
4922
4922
4922
4922
4922
4922
4913
4913
4913
4913
4913
4913
4913
4913
4913
4913
4913
4913
4913
4913
4913
4913
4913
4913
4913
4913
4913
4913
4913
4896
4896
4896
4896
4896
4896
4896
4896
4896
4896
4896
4896
4896
4896
4896
4896
4896
4896
4896
4896
4896
4896
4896
4896
4896
4896
4896
4896
4896
4896
4896
4896
4896
4896
4896
4896
4896
4896
4896
4896
4896
4896
4896
4896
4896
4896
4896
4896
4896
4896
4896
4896
4896
4896
4896
4896
4896
4896
4896
4896
4896
4896
4896
4896
4896
4896
4896
4896
4896
4896
4896
4896
4896
4896
4896
4896
4896
4896
4896
4896
4896
4852
4852
4835
4835
4835
4835
4835
4835
4835
4835
4835
4835
4835
4835
4835
4835
4835
4835
4835
4835
4835
4835
4835
4835
4835
4835
4835
4835
4835
4835
4835
4835
4835
4835
4835
4831
4831
4831
4831
4831
4831
4831
4831
4831
4831
4831
4831
4831
4831
4831
4831
4831
4831
4831
4831
4831
4831
4831
4831
4830
4830
4830
4830
4830
4830
4830
4830
4830
4830
4830
4830
4830
4830
4830
4830
4830
4830
4830
4830
4830
4830
4830
4830
4830
4830
4830
4830
4830
4830
4830
4830
4830
4830
4830
4830
4830
4830
4830
4830
4830
4830
4830
4830
4830
4830
4830
4830
4830
4830
4830
4830
4830
4830
4830
4830
4830
4830
4830
4830
4830
4830
4830
4830
4825
4825
4825
4825
4825
4825
4825
4825
4825
4825
4825
4825
4825
4825
4825
4825
4825
4825
4819
4819
4819
4819
4819
4819
4819
4819
4819
4819
4819
4819
4819
4819
4819
4819
4819
4819
4817
4817
4817
4817
4817
4817
4817
4817
4817
4817
4817
4817
4817
4817
4817
4817
4817
4817
4817
4817
4817
4817
4817
4817
4817
4817
4817
4817
4817
4817
4817
4817
4817
4815
4815
4815
4815
4815
4815
4815
4815
4815
4815
4815
4815
4815
4815
4815
4815
4815
4815
4815
4815
4815
4815
4815
4815
4815
4815
4815
4815
4815
4815
4815
4815
4815
4815
4815
4815
4815
4815
4815
4815
4815
4815
4815
4815
4815
4815
4815
4815
4815
4815
4815
4815
4815
4815
4815
4815
4815
4815
4815
4815
4815
4815
4815
4815
4815
4815
4815
4815
4815
4799
4799
4799
4799
4799
4799
4799
4799
4799
4799
4799
4799
4799
4799
4799
4799
4799
4799
4799
4799
4799
4799
4799
4799
4799
4799
4799
4799
4799
4799
4799
4799
4799
4799
4799
4799
4799
4799
4799
4799
4799
4799
4799
4799
4799
4799
4799
4799
4799
4799
4799
4799
4799
4799
4799
4799
4799
4799
4799
4799
4799
4799
4799
4799
4785
4785
4785
4785
4785
4785
4785
4785
4785
4785
4785
4785
4785
4785
4785
4785
4785
4785
4785
4785
4785
4785
4785
4785
4785
4785
4785
4785
4785
4785
4785
4785
4785
4785
4785
4785
4785
4785
4785
4785
4785
4785
4785
4785
4773
4773
4773
4773
4773
4773
4773
4773
4773
4773
4750
4750
4747
4747
4747
4747
4747
4747
4747
4747
4747
4747
4747
4747
4747
4747
4747
4747
4747
4747
4747
4747
4747
4747
4747
4747
4747
4747
4747
4747
4747
4740
4740
4740
4740
4740
4740
4740
4740
4740
4740
4740
4740
4740
4740
4740
4740
4740
4740
4740
4740
4740
4740
4740
4718
4718
4718
4718
4718
4718
4718
4718
4718
4718
4718
4718
4718
4718
4718
4718
4718
4718
4718
4718
4718
4718
4718
4718
4718
4718
4718
4718
4718
4718
4668
4668
4668
4668
4668
4668
4668
4668
4668
4668
4668
4668
4668
4668
4668
4668
4668
4668
4668
4668
4668
4668
4668
4668
4668
4668
4668
4668
4668
4668
4668
4668
4668
4668
4668
4668
4668
4668
4668
4668
4668
4668
4668
4668
4668
4668
4668
4668
4668
4668
4668
4668
4668
4668
4668
4668
4668
4668
4668
4668
4668
4668
4668
4668
4668
4668
4668
4658
4658
4658
4658
4658
4658
4658
4658
4658
4658
4658
4658
4658
4658
4658
4658
4658
4658
4658
4658
4658
4658
4658
4658
4658
4658
4658
4658
4658
4658
4658
4658
4658
4658
4658
4658
4655
4655
4655
4655
4655
4655
4655
4655
4655
4655
4655
4655
4655
4655
4655
4655
4655
4655
4655
4655
4655
4655
4655
4655
4655
4655
4655
4655
4655
4655
4655
4655
4655
4655
4655
4655
4655
4655
4655
4655
4655
4655
4655
4655
4655
4655
4655
4655
4655
4655
4655
4655
4655
4655
4655
4655
4655
4655
4655
4655
4655
4655
4655
4655
4655
4655
4655
4655
4655
4655
4655
4655
4655
4655
4655
4655
4655
4655
4655
4655
4655
4655
4655
4655
4655
4655
4655
4655
4655
4655
4655
4655
4655
4617
4617
4617
4617
4617
4617
4617
4617
4617
4617
4617
4617
4617
4617
4617
4617
4617
4617
4617
4617
4617
4617
4617
4617
4617
4617
4617
4617
4617
4617
4617
4617
4617
4617
4617
4617
4617
4617
4617
4617
4617
4617
4617
4617
4617
4617
4617
4617
4617
4617
4617
4617
4617
4617
4617
4617
4617
4617
4617
4617
4617
4617
4617
4617
4613
4613
4613
4613
4613
4600
4600
4600
4600
4600
4600
4600
4600
4600
4600
4600
4600
4600
4600
4600
4600
4600
4600
4600
4600
4600
4600
4600
4600
4600
4600
4600
4600
4600
4600
4600
4600
4600
4600
4600
4600
4600
4600
4600
4600
4600
4600
4600
4600
4600
4600
4600
4600
4600
4600
4600
4600
4600
4600
4600
4600
4600
4600
4600
4600
4600
4600
4600
4600
4600
4600
4600
4600
4600
4600
4600
4600
4600
4600
4600
4600
4600
4600
4600
4600
4600
4600
4600
4600
4600
4600
4600
4597
4597
4597
4597
4597
4597
4597
4597
4597
4597
4597
4597
4597
4597
4597
4597
4597
4597
4597
4597
4597
4597
4597
4597
4533
4533
4533
4533
4533
4533
4533
4533
4533
4533
4533
4533
4533
4533
4533
4486
4486
4486
4486
4486
4486
4486
4486
4486
4486
4486
4486
4486
4486
4486
4486
4486
4486
4486
4486
4486
4486
4486
4486
4486
4486
4486
4486
4486
4486
4486
4486
4484
4484
4484
4484
4484
4484
4484
4484
4440
4440
4440
4440
4440
4440
4440
4440
4440
4440
4440
4440
4440
4440
4440
4440
4440
4440
4440
4440
4440
4440
4440
4440
4440
4440
4440
4440
4440
4440
4440
4440
4440
4440
4440
4440
4440
4440
4440
4440
4440
4440
4440
4440
4440
4440
4440
4440
4440
4440
4440
4440
4440
4440
4440
4440
4440
4440
4440
4440
4440
4440
4440
4440
4440
4440
4440
4440
4440
4440
4440
4440
4440
4440
4440
4440
4440
4440
4440
4440
4440
4440
4438
4438
4438
4438
4438
4438
4438
4438
4438
4438
4438
4438
4438
4438
4438
4438
4409
4409
4409
4409
4409
4409
4409
4409
4409
4409
4409
4409
4409
4409
4409
4409
4409
4409
4409
4409
4409
4409
4409
4409
4409
4409
4409
4409
4409
4409
4409
4409
4409
4409
4409
4409
4409
4409
4409
4409
4409
4409
4409
4409
4409
4409
4409
4409
4409
4409
4409
4409
4409
4408
4408
4408
4408
4408
4408
4408
4408
4408
4408
4408
4408
4408
4408
4408
4408
4408
4408
4408
4408
4408
4408
4408
4408
4408
4408
4408
4408
4408
4408
4408
4408
4408
4408
4408
4408
4408
4408
4408
4408
4408
4408
4408
4408
4408
4408
4408
4408
4408
4408
4408
4408
4408
4408
4408
4408
4408
4408
4408
4408
4408
4408
4408
4408
4408
4408
4408
4408
4408
4408
4408
4408
4408
4408
4408
4408
4408
4408
4408
4408
4408
4408
4408
4408
4408
4408
4408
4408
4408
4408
4408
4408
4408
4408
4408
4408
4408
4408
4408
4408
4408
4408
4408
4408
4408
4408
4408
4408
4408
4408
4408
4408
4408
4408
4408
4408
4408
4408
4408
4408
4408
4408
4408
4408
4408
4408
4408
4408
4408
4408
4408
4408
4408
4408
4408
4408
4408
4408
4408
4408
4408
4408
4408
4408
4408
4408
4408
4408
4408
4408
4408
4408
4408
4408
4408
4408
4408
4408
4408
4408
4408
4408
4408
4408
4408
4396
4396
4396
4396
4396
4396
4396
4396
4396
4396
4396
4396
4396
4396
4396
4396
4396
4396
4396
4396
4396
4396
4396
4396
4396
4396
4396
4396
4396
4396
4396
4396
4396
4396
4396
4396
4396
4396
4396
4396
4396
4396
4396
4396
4396
4396
4396
4396
4396
4396
4396
4396
4371
4371
4371
4371
4371
4371
4371
4371
4371
4371
4371
4371
4371
4371
4371
4371
4371
4371
4371
4371
4371
4371
4371
4371
4371
4371
4371
4371
4371
4371
4371
4371
4371
4371
4371
4371
4371
4371
4371
4371
4371
4371
4371
4371
4371
4371
4371
4371
4371
4371
4371
4371
4371
4371
4371
4371
4371
4371
4371
4371
4371
4371
4371
4371
4371
4371
4371
4371
4371
4371
4371
4371
4371
4371
4371
4371
4371
4371
4371
4371
4371
4371
4371
4371
4364
4364
4364
4364
4364
4364
4364
4364
4364
4364
4364
4364
4364
4364
4364
4364
4364
4364
4364
4364
4364
4364
4364
4364
4364
4364
4364
4364
4364
4364
4364
4364
4364
4364
4364
4364
4364
4364
4364
4364
4351
4351
4351
4351
4351
4351
4351
4351
4351
4351
4351
4351
4351
4351
4351
4351
4351
4351
4351
4351
4351
4351
4351
4351
4351
4351
4351
4351
4351
4351
4351
4351
4351
4351
4351
4351
4351
4351
4351
4351
4351
4351
4351
4351
4351
4351
4351
4351
4351
4351
4351
4351
4351
4351
4351
4351
4351
4351
4342
4342
4342
4342
4342
4342
4342
4342
4342
4342
4342
4342
4342
4342
4342
4342
4342
4342
4342
4342
4342
4342
4342
4342
4342
4342
4342
4342
4342
4342
4342
4342
4342
4342
4342
4342
4342
4342
4342
4342
4342
4342
4342
4342
4342
4342
4342
4342
4342
4342
4342
4342
4342
4342
4342
4342
4342
4342
4342
4342
4342
4342
4342
4342
4342
4342
4342
4342
4342
4342
4342
4342
4342
4342
4342
4342
4342
4342
4342
4342
4342
4281
4281
4281
4281
4281
4281
4281
4281
4281
4281
4281
4281
4281
4281
4232
4232
4232
4232
4232
4232
4232
4232
4232
4232
4232
4232
4232
4232
4232
4232
4232
4232
4232
4232
4232
4232
4232
4232
4232
4164
4164
4164
4164
4164
4164
4164
4164
4164
4164
4164
4164
4164
4164
4164
4164
4164
4164
4164
4164
4164
4164
4164
4164
4164
4164
4164
4164
4164
4164
4164
4164
4164
4164
4164
4164
4164
4164
4164
4164
4164
4164
4164
4164
4164
4164
4164
4164
4164
4164
4164
4139
4139
4139
4139
4139
4139
4139
4139
4139
4139
4139
4139
4139
4139
4139
4139
4139
4139
4139
4139
4139
4139
4139
4139
4139
4139
4139
4139
4139
4139
4139
4139
4139
4139
4139
4139
4139
4139
4139
4139
4139
4139
4139
4139
4139
4139
4139
4139
4139
4139
4139
4139
4139
4139
4139
4139
4139
4139
4139
4139
4139
4139
4139
4139
4139
4139
4139
4139
4139
4139
4139
4139
4139
4139
4139
4139
4139
4139
4139
4139
4139
4139
4139
4139
4139
4139
4139
4139
4139
4139
4139
4139
4133
4133
4133
4133
4133
4133
4133
4133
4133
4133
4133
4133
4133
4133
4133
4133
4133
4133
4133
4133
4133
4133
4133
4133
4133
4133
4133
4133
4133
4113
4113
4113
4113
4113
4113
4113
4113
4113
4113
4113
4113
4113
4113
4113
4113
4113
4113
4113
4113
4113
4113
4113
4113
4113
4113
4113
4113
4113
4113
4113
4113
4113
4113
4113
4113
4113
4113
4113
4113
4107
4107
4107
4107
4107
4107
4107
4107
4107
4107
4107
4107
4107
4107
4107
4107
4107
4107
4107
4107
4107
4107
4107
4107
4107
4107
4107
4107
4107
4107
4107
4107
4107
4107
4107
4107
4107
4107
4090
4090
4090
4090
4090
4090
4090
4090
4090
4090
4090
4090
4090
4090
4090
4090
4090
4090
4090
4090
4090
4090
4090
4090
4090
4090
4090
4090
4090
4090
4090
4090
4090
4090
4090
4090
4090
4090
4090
4090
4090
4090
4090
4090
4090
4090
4090
4090
4090
4090
4090
4090
4090
4090
4090
4090
4090
4090
4090
4090
4090
4090
4090
4090
4090
4090
4090
4090
4090
4090
4090
4076
4076
4076
4076
4076
4076
4076
4076
4076
4076
4076
4076
4076
4076
4076
4076
4076
4076
4076
4076
4076
4076
4076
4076
4076
4076
4076
4076
4076
4076
4076
4076
4076
4076
4076
4076
4076
4076
4076
4076
4076
4076
4076
4076
4076
4076
4076
4076
4076
4076
4076
4076
4076
4076
4076
4076
4076
4076
4076
4076
4076
4076
4076
4076
4076
4076
4076
4076
4076
4076
4076
4076
4076
4076
4072
4072
4072
4072
4072
4072
4072
4072
4072
4072
4072
4072
4072
4072
4072
4072
4072
4072
4072
4072
4072
4072
4072
4072
4072
4072
4072
4072
4072
4072
4072
4072
4072
4070
4070
4070
4070
4070
4070
4070
4070
4070
4070
4070
4070
4070
4070
4070
4070
4070
4070
4070
4070
4070
4070
4070
4070
4070
4070
4070
4070
4070
4070
4070
4070
4070
4070
4070
4070
4070
4070
4052
4052
4052
4052
4052
4052
4052
4052
4052
4052
4052
4052
4052
4052
4052
4052
4052
4052
4052
4052
4052
4052
4052
4052
4052
4052
4052
4052
4052
4052
4052
4052
4052
4052
4052
4052
4052
4052
4052
4052
4052
4052
4052
4052
4052
4052
4052
4052
4052
4052
4052
4052
4052
4052
4052
4052
4052
4052
4052
4052
4052
4052
4052
4052
4052
4052
4052
4052
4052
4052
4052
4052
4052
4052
4052
4052
4052
4052
4052
4052
4052
4052
4052
4052
4052
4052
4052
4052
4052
4052
4052
4052
4052
4052
4052
4052
4024
4024
4024
4024
4024
4024
4024
4024
4024
4024
4024
4024
4024
4024
4024
4024
4024
4024
4024
4024
4024
4023
4023
4023
4023
4023
4023
4023
4023
4023
4023
4023
4023
4023
4023
4023
4023
4023
4023
4023
4023
4023
4023
4023
4023
4023
4023
4023
4023
4023
4023
4023
4023
4023
4023
4023
4023
4023
4023
4023
4023
4023
4023
4023
4023
4023
4023
4023
4023
4023
4023
4023
4023
4023
4023
4023
4023
4023
4023
4023
4023
4023
4023
4023
4023
4023
4023
4023
4023
4023
4023
4023
4023
4023
4023
4023
4023
4023
4023
4023
4023
4023
4023
4023
4023
4023
4023
4023
4023
4000
4000
4000
4000
4000
4000
4000
4000
4000
4000
4000
4000
4000
4000
4000
4000
4000
4000
4000
4000
4000
4000
4000
4000
4000
3982
3982
3982
3982
3982
3982
3982
3982
3982
3982
3982
3982
3982
3982
3982
3982
3982
3982
3982
3982
3982
3982
3982
3982
3982
3982
3982
3982
3982
3982
3982
3982
3982
3982
3982
3982
3982
3982
3982
3982
3982
3982
3982
3982
3982
3982
3982
3982
3982
3982
3982
3982
3982
3982
3982
3982
3982
3982
3982
3982
3982
3982
3982
3982
3982
3982
3982
3982
3982
3982
3982
3982
3982
3982
3982
3982
3982
3982
3982
3982
3982
3982
3982
3982
3982
3982
3975
3975
3975
3975
3975
3975
3975
3975
3975
3975
3975
3975
3975
3975
3975
3975
3975
3975
3975
3975
3975
3975
3975
3975
3975
3975
3975
3975
3975
3973
3973
3973
3973
3973
3973
3973
3973
3973
3973
3973
3973
3973
3973
3973
3973
3973
3973
3973
3973
3973
3973
3973
3973
3973
3973
3973
3973
3973
3973
3973
3973
3973
3973
3973
3973
3973
3973
3973
3973
3973
3973
3973
3973
3973
3973
3973
3973
3973
3973
3973
3973
3973
3973
3973
3973
3973
3973
3973
3973
3973
3973
3973
3973
3973
3973
3973
3973
3973
3973
3973
3973
3973
3973
3973
3973
3973
3973
3973
3973
3973
3973
3973
3973
3973
3973
3973
3973
3973
3973
3973
3973
3973
3973
3973
3973
3968
3968
3968
3968
3968
3968
3968
3968
3968
3968
3968
3968
3968
3968
3968
3968
3968
3968
3968
3968
3968
3968
3968
3968
3968
3968
3968
3968
3968
3968
3968
3968
3968
3968
3968
3968
3968
3968
3968
3968
3968
3968
3968
3968
3968
3968
3968
3968
3968
3968
3968
3968
3968
3968
3968
3968
3968
3968
3968
3968
3968
3968
3968
3968
3968
3968
3968
3968
3968
3968
3968
3968
3968
3968
3968
3968
3968
3968
3968
3968
3968
3968
3968
3968
3968
3968
3968
3968
3968
3968
3944
3944
3944
3944
3944
3944
3944
3944
3944
3944
3944
3944
3944
3944
3944
3944
3944
3944
3944
3944
3944
3944
3944
3944
3944
3944
3944
3944
3944
3944
3944
3944
3944
3944
3944
3944
3944
3944
3944
3944
3944
3944
3944
3944
3944
3944
3944
3944
3944
3944
3944
3944
3944
3944
3944
3944
3944
3944
3944
3944
3944
3944
3944
3944
3944
3944
3944
3944
3944
3944
3944
3944
3944
3944
3944
3944
3944
3944
3944
3944
3944
3944
3944
3944
3944
3939
3939
3939
3939
3939
3939
3939
3939
3939
3939
3939
3939
3939
3939
3939
3939
3939
3939
3939
3939
3939
3939
3939
3939
3939
3939
3939
3938
3938
3938
3938
3938
3938
3938
3938
3938
3938
3938
3938
3938
3938
3938
3938
3938
3938
3938
3938
3938
3938
3938
3938
3938
3938
3938
3938
3938
3938
3938
3938
3938
3938
3938
3938
3938
3938
3938
3938
3938
3938
3938
3938
3938
3938
3938
3938
3938
3938
3938
3938
3938
3938
3938
3938
3938
3931
3931
3931
3931
3931
3931
3931
3931
3926
3926
3926
3926
3926
3913
3913
3913
3913
3913
3913
3913
3913
3913
3913
3913
3913
3913
3913
3913
3913
3913
3913
3913
3913
3913
3913
3913
3913
3913
3913
3913
3913
3913
3913
3913
3913
3913
3913
3913
3913
3913
3913
3913
3913
3913
3913
3913
3913
3913
3913
3913
3913
3913
3913
3913
3913
3913
3913
3913
3913
3913
3913
3913
3913
3913
3913
3913
3913
3913
3913
3913
3913
3913
3913
3913
3913
3913
3913
3913
3913
3913
3913
3913
3913
3913
3913
3913
3913
3891
3891
3891
3891
3891
3891
3891
3891
3891
3891
3891
3891
3891
3891
3891
3891
3891
3891
3891
3891
3891
3891
3891
3891
3891
3891
3891
3891
3891
3891
3891
3891
3891
3891
3891
3891
3891
3891
3891
3891
3891
3891
3891
3891
3891
3891
3891
3891
3891
3891
3891
3891
3891
3891
3891
3891
3891
3891
3891
3891
3891
3891
3891
3891
3891
3891
3891
3891
3891
3891
3891
3891
3891
3891
3891
3891
3891
3891
3891
3891
3891
3891
3891
3891
3891
3891
3891
3891
3891
3891
3891
3891
3891
3891
3891
3891
3891
3891
3891
3891
3885
3885
3885
3885
3885
3885
3885
3885
3885
3885
3885
3885
3885
3885
3885
3885
3885
3885
3885
3885
3885
3885
3885
3885
3885
3885
3885
3885
3885
3885
3885
3885
3885
3885
3885
3885
3885
3885
3885
3885
3885
3885
3885
3885
3885
3885
3885
3885
3885
3885
3885
3793
3793
3793
3793
3793
3793
3793
3793
3793
3793
3787
3787
3787
3787
3787
3787
3787
3787
3787
3787
3787
3787
3787
3787
3787
3787
3787
3787
3787
3787
3787
3787
3787
3787
3787
3787
3787
3787
3787
3787
3787
3787
3787
3787
3787
3787
3787
3787
3787
3787
3787
3787
3787
3787
3787
3787
3787
3787
3787
3787
3787
3787
3787
3787
3787
3787
3787
3787
3787
3787
3787
3787
3787
3787
3787
3787
3787
3717
3717
3717
3717
3717
3717
3717
3717
3717
3717
3717
3717
3717
3717
3717
3717
3717
3717
3717
3717
3717
3717
3717
3717
3717
3717
3717
3717
3717
3717
3717
3717
3717
3717
3717
3717
3717
3717
3717
3717
3717
3717
3717
3717
3717
3717
3717
3717
3717
3717
3717
3717
3717
3717
3717
3717
3717
3717
3717
3717
3717
3717
3717
3717
3717
3717
3717
3717
3717
3717
3717
3717
3695
3695
3695
3695
3695
3695
3695
3695
3695
3695
3695
3695
3695
3695
3695
3695
3695
3695
3695
3695
3695
3695
3695
3695
3695
3695
3695
3695
3695
3695
3695
3695
3695
3695
3695
3695
3695
3695
3695
3695
3695
3695
3695
3695
3695
3695
3695
3695
3695
3695
3695
3695
3695
3695
3695
3695
3695
3695
3695
3695
3695
3695
3695
3695
3695
3695
3695
3695
3695
3695
3695
3695
3695
3695
3695
3695
3695
3695
3695
3695
3695
3695
3695
3695
3695
3695
3695
3695
3695
3695
3695
3695
3695
3695
3695
3695
3695
3695
3695
3695
3695
3695
3695
3695
3695
3695
3695
3695
3695
3695
3695
3695
3695
3695
3695
3695
3695
3695
3695
3695
3695
3695
3695
3695
3695
3695
3695
3695
3695
3695
3695
3695
3695
3695
3695
3695
3695
3695
3695
3695
3695
3695
3695
3695
3695
3695
3695
3695
3695
3695
3695
3695
3695
3695
3695
3695
3695
3695
3695
3695
3695
3695
3695
3695
3695
3695
3695
3695
3695
3695
3695
3695
3695
3695
3695
3695
3695
3695
3695
3695
3695
3691
3691
3691
3691
3691
3691
3691
3691
3691
3691
3691
3691
3691
3691
3691
3691
3691
3691
3691
3691
3691
3691
3691
3691
3691
3691
3691
3691
3691
3691
3691
3691
3691
3691
3691
3691
3691
3691
3691
3691
3691
3691
3691
3691
3691
3691
3691
3691
3691
3691
3691
3691
3691
3691
3691
3691
3691
3691
3691
3691
3691
3691
3691
3691
3691
3691
3691
3691
3691
3691
3691
3691
3691
3691
3691
3691
3691
3691
3691
3691
3691
3691
3686
3686
3686
3686
3686
3686
3686
3686
3686
3686
3686
3686
3686
3686
3686
3686
3686
3686
3686
3686
3686
3686
3686
3686
3686
3686
3686
3686
3686
3686
3686
3686
3686
3686
3686
3686
3686
3686
3686
3686
3686
3686
3686
3686
3686
3686
3686
3686
3686
3686
3686
3686
3686
3686
3686
3686
3686
3686
3686
3686
3686
3686
3686
3686
3686
3686
3686
3686
3686
3686
3686
3686
3686
3686
3686
3686
3686
3686
3686
3686
3686
3686
3686
3686
3686
3686
3686
3686
3686
3686
3686
3686
3686
3686
3686
3686
3686
3686
3670
3670
3670
3670
3670
3666
3666
3666
3665
3665
3665
3665
3665
3665
3665
3665
3665
3665
3665
3665
3665
3665
3665
3665
3665
3665
3665
3665
3665
3665
3665
3665
3665
3665
3665
3665
3665
3665
3665
3665
3665
3665
3665
3665
3665
3665
3665
3665
3665
3665
3665
3665
3665
3665
3665
3665
3665
3665
3665
3665
3665
3665
3665
3665
3665
3665
3665
3665
3665
3665
3665
3665
3665
3665
3619
3619
3619
3619
3619
3619
3619
3619
3619
3619
3619
3619
3619
3619
3619
3619
3619
3619
3619
3619
3619
3619
3619
3619
3619
3619
3619
3616
3616
3616
3616
3616
3616
3616
3616
3616
3616
3616
3616
3616
3616
3616
3616
3616
3616
3616
3616
3616
3616
3616
3616
3616
3616
3616
3616
3616
3616
3616
3616
3616
3616
3616
3531
3531
3531
3531
3531
3531
3531
3531
3531
3531
3531
3531
3531
3531
3531
3531
3531
3531
3531
3531
3531
3531
3531
3531
3531
3531
3531
3531
3531
3531
3529
3529
3529
3529
3529
3529
3529
3529
3529
3529
3529
3529
3529
3529
3529
3529
3529
3529
3529
3529
3529
3529
3529
3529
3529
3529
3529
3529
3529
3529
3529
3529
3529
3529
3529
3529
3529
3529
3529
3529
3529
3529
3529
3529
3529
3529
3529
3529
3529
3529
3529
3529
3529
3529
3529
3529
3529
3529
3529
3529
3529
3529
3529
3529
3529
3529
3529
3529
3529
3529
3529
3529
3529
3529
3517
3517
3517
3517
3517
3517
3517
3517
3517
3517
3517
3517
3517
3515
3515
3515
3515
3515
3515
3515
3515
3515
3515
3515
3515
3515
3515
3515
3515
3515
3515
3515
3515
3515
3515
3515
3515
3515
3515
3515
3515
3515
3515
3515
3515
3515
3515
3515
3515
3515
3515
3515
3515
3515
3515
3515
3515
3515
3515
3515
3515
3515
3515
3515
3515
3515
3515
3515
3515
3515
3515
3515
3515
3515
3515
3515
3515
3515
3515
3515
3515
3515
3507
3507
3507
3507
3507
3507
3507
3507
3507
3507
3507
3507
3507
3507
3507
3507
3507
3507
3507
3507
3507
3507
3507
3507
3507
3507
3507
3507
3507
3507
3507
3507
3507
3507
3507
3507
3507
3507
3507
3507
3507
3507
3507
3507
3507
3507
3507
3507
3507
3507
3507
3507
3507
3507
3507
3507
3507
3507
3507
3507
3507
3507
3507
3507
3507
3507
3507
3507
3507
3507
3507
3507
3507
3507
3507
3507
3507
3507
3507
3507
3507
3501
3501
3501
3501
3501
3501
3501
3501
3501
3501
3501
3501
3501
3501
3501
3501
3501
3501
3501
3501
3501
3501
3501
3501
3501
3501
3501
3501
3501
3501
3501
3501
3501
3501
3501
3501
3501
3501
3501
3501
3501
3501
3501
3501
3501
3501
3501
3501
3501
3501
3501
3501
3501
3501
3501
3501
3501
3501
3501
3501
3501
3501
3501
3501
3501
3501
3501
3501
3501
3501
3501
3501
3501
3501
3501
3501
3501
3501
3501
3501
3457
3457
3457
3457
3457
3457
3457
3457
3457
3457
3457
3457
3457
3457
3457
3457
3457
3457
3457
3457
3457
3457
3457
3457
3457
3457
3457
3457
3457
3457
3457
3457
3457
3457
3457
3457
3457
3457
3457
3457
3457
3457
3457
3457
3457
3457
3457
3457
3443
3443
3443
3443
3443
3443
3443
3443
3443
3443
3443
3443
3443
3443
3443
3443
3443
3443
3443
3443
3443
3443
3443
3443
3443
3443
3443
3443
3413
3413
3413
3413
3413
3413
3413
3413
3413
3413
3413
3413
3413
3413
3413
3413
3413
3413
3413
3413
3413
3413
3413
3413
3401
3401
3401
3401
3401
3401
3401
3401
3401
3401
3401
3401
3401
3401
3401
3401
3401
3401
3401
3401
3401
3401
3401
3401
3401
3401
3401
3401
3401
3401
3401
3401
3401
3401
3401
3401
3401
3401
3401
3401
3401
3401
3401
3401
3401
3401
3401
3401
3401
3401
3401
3401
3401
3401
3401
3401
3401
3401
3401
3399
3399
3399
3399
3399
3399
3399
3399
3399
3399
3399
3399
3399
3399
3399
3399
3399
3399
3399
3399
3399
3399
3399
3399
3399
3399
3399
3399
3399
3399
3399
3399
3399
3399
3399
3399
3399
3399
3399
3399
3399
3399
3399
3399
3399
3399
3399
3399
3399
3399
3399
3399
3399
3399
3399
3399
3399
3399
3399
3399
3399
3375
3375
3375
3375
3375
3375
3375
3375
3375
3375
3375
3375
3375
3375
3375
3375
3375
3375
3375
3375
3375
3375
3375
3375
3375
3375
3375
3375
3375
3375
3375
3375
3375
3375
3375
3375
3375
3375
3375
3375
3375
3375
3375
3375
3375
3375
3375
3375
3375
3375
3375
3375
3375
3375
3375
3375
3375
3375
3375
3375
3375
3375
3375
3375
3370
3368
3368
3368
3368
3368
3368
3368
3368
3368
3368
3368
3368
3368
3368
3368
3368
3368
3368
3368
3368
3368
3368
3368
3368
3368
3368
3368
3368
3368
3368
3368
3368
3368
3368
3368
3368
3368
3368
3368
3368
3368
3368
3368
3368
3368
3368
3368
3368
3368
3368
3368
3368
3368
3368
3368
3368
3368
3368
3368
3368
3368
3368
3368
3368
3368
3368
3368
3368
3368
3368
3368
3368
3368
3368
3368
3368
3368
3368
3368
3368
3368
3368
3368
3368
3368
3368
3368
3368
3368
3368
3368
3368
3363
3363
3363
3363
3363
3363
3363
3363
3363
3363
3363
3363
3363
3363
3363
3363
3363
3363
3363
3363
3363
3363
3363
3363
3363
3363
3363
3363
3363
3363
3363
3363
3363
3363
3363
3363
3363
3363
3363
3363
3363
3363
3363
3363
3363
3363
3363
3363
3363
3363
3363
3363
3363
3363
3363
3363
3363
3363
3363
3363
3363
3363
3363
3363
3363
3363
3363
3363
3363
3363
3363
3363
3363
3363
3363
3363
3363
3363
3363
3363
3363
3363
3363
3363
3363
3363
3363
3363
3363
3363
3363
3363
3363
3363
3363
3363
3363
3360
3360
3360
3360
3360
3360
3360
3360
3360
3360
3360
3360
3360
3360
3360
3360
3360
3360
3360
3360
3360
3360
3360
3360
3360
3360
3360
3360
3360
3360
3360
3360
3360
3360
3360
3360
3360
3360
3360
3341
3341
3341
3341
3341
3341
3320
3320
3320
3320
3320
3320
3320
3320
3320
3320
3320
3320
3320
3320
3320
3320
3320
3320
3320
3320
3320
3320
3320
3320
3320
3320
3320
3320
3320
3320
3320
3320
3320
3320
3320
3320
3317
3317
3317
3317
3317
3317
3317
3317
3317
3317
3317
3317
3317
3317
3317
3317
3317
3317
3317
3317
3317
3317
3317
3317
3317
3317
3317
3317
3317
3317
3317
3317
3317
3317
3317
3317
3317
3317
3317
3317
3317
3317
3317
3317
3317
3317
3317
3317
3317
3317
3317
3317
3317
3317
3317
3317
3317
3317
3317
3317
3317
3317
3317
3317
3317
3317
3317
3317
3307
3307
3307
3307
3307
3307
3307
3307
3307
3307
3307
3307
3307
3307
3307
3307
3307
3307
3307
3307
3307
3307
3307
3307
3307
3307
3307
3307
3307
3307
3307
3307
3307
3307
3307
3307
3307
3307
3307
3307
3307
3307
3307
3307
3307
3307
3307
3307
3307
3307
3307
3307
3307
3307
3307
3307
3307
3307
3307
3307
3307
3307
3307
3307
3307
3307
3307
3307
3307
3307
3307
3307
3307
3307
3307
3307
3307
3307
3307
3307
3307
3307
3307
3307
3307
3307
3307
3307
3307
3307
3307
3307
3307
3307
3307
3307
3307
3307
3307
3307
3307
3307
3307
3307
3307
3307
3307
3307
3307
3307
3307
3307
3307
3307
3307
3307
3307
3307
3307
3307
3307
3307
3307
3307
3307
3307
3307
3307
3307
3307
3307
3307
3307
3307
3307
3307
3307
3307
3307
3307
3307
3307
3307
3307
3307
3307
3306
3306
3306
3306
3306
3306
3306
3306
3306
3306
3306
3306
3306
3306
3306
3306
3306
3306
3306
3306
3306
3306
3306
3306
3306
3306
3306
3306
3306
3306
3306
3306
3306
3306
3306
3306
3306
3306
3306
3306
3306
3306
3306
3306
3306
3306
3306
3306
3306
3306
3306
3306
3306
3306
3306
3306
3306
3306
3306
3306
3306
3306
3306
3306
3306
3306
3306
3305
3305
3305
3305
3305
3305
3305
3305
3305
3305
3305
3305
3305
3305
3305
3305
3305
3305
3305
3305
3305
3305
3305
3305
3305
3305
3305
3305
3305
3305
3305
3305
3305
3265
3265
3265
3265
3265
3265
3265
3265
3265
3265
3265
3265
3265
3265
3265
3265
3265
3265
3265
3265
3265
3265
3265
3265
3265
3265
3265
3265
3265
3265
3265
3265
3265
3265
3242
3242
3242
3242
3242
3242
3242
3242
3242
3242
3242
3242
3242
3242
3242
3242
3242
3242
3242
3242
3242
3203
3203
3203
3203
3203
3203
3203
3203
3203
3203
3203
3203
3203
3203
3203
3203
3203
3203
3203
3203
3203
3203
3203
3203
3203
3203
3203
3203
3203
3203
3203
3203
3203
3203
3203
3203
3203
3203
3203
3203
3203
3203
3203
3203
3203
3203
3203
3203
3203
3203
3203
3203
3203
3203
3203
3203
3203
3203
3203
3203
3203
3203
3203
3203
3203
3203
3203
3203
3198
3198
3198
3198
3198
3198
3198
3198
3198
3198
3198
3198
3198
3198
3198
3198
3198
3198
3198
3198
3198
3198
3198
3198
3198
3198
3198
3198
3198
3198
3198
3198
3190
3190
3190
3190
3190
3190
3190
3190
3190
3190
3190
3190
3190
3190
3190
3190
3190
3190
3190
3190
3190
3190
3190
3190
3190
3190
3190
3190
3190
3190
3190
3190
3190
3190
3190
3190
3190
3190
3154
3154
3154
3154
3154
3154
3154
3154
3154
3154
3154
3154
3154
3154
3154
3154
3154
3154
3154
3154
3154
3154
3146
3146
3146
3146
3146
3146
3146
3146
3146
3146
3146
3146
3146
3146
3146
3146
3146
3146
3146
3146
3146
3146
3146
3146
3146
3146
3146
3146
3146
3146
3146
3146
3146
3146
3146
3146
3146
3146
3146
3146
3146
3146
3146
3146
3146
3146
3146
3140
3140
3140
3140
3140
3140
3140
3140
3140
3140
3140
3140
3140
3140
3140
3140
3140
3140
3140
3140
3140
3118
3118
3118
3118
3118
3118
3118
3117
3117
3117
3117
3117
3117
3117
3117
3117
3117
3117
3117
3117
3117
3109
3109
3109
3109
3109
3109
3109
3109
3109
3109
3109
3109
3109
3109
3109
3109
3109
3109
3109
3109
3109
3109
3109
3109
3109
3109
3109
3109
3109
3109
3109
3109
3109
3109
3109
3109
3109
3109
3109
3109
3109
3109
3109
3109
3109
3109
3109
3109
3109
3109
3109
3109
3109
3109
3109
3109
3109
3109
3109
3109
3109
3109
3109
3109
3109
3109
3109
3109
3109
3109
3109
3109
3109
3109
3109
3084
3084
3084
3084
3084
3084
3084
3084
3084
3084
3084
3084
3084
3084
3084
3084
3084
3084
3084
3084
3084
3084
3084
3084
3084
3084
3084
3084
3084
3084
3084
3084
3084
3084
3084
3084
3084
3084
3084
3084
3084
3084
3084
3084
3084
3084
3084
3084
3084
3084
3084
3084
3084
3084
3084
3084
3084
3084
3084
3084
3084
3084
3080
3080
3080
3080
3080
3080
3080
3080
3080
3080
3080
3080
3080
3080
3080
3080
3080
3080
3080
3080
3080
3080
3080
3080
3080
3080
3080
3080
3080
3080
3080
3080
3080
3080
3080
3080
3080
3080
3080
3080
3080
3080
3080
3080
3080
3080
3080
3080
3080
3080
3080
3080
3080
3080
3080
3080
3080
3080
3080
3080
3080
3080
3080
3080
3080
3080
3080
3080
3080
3080
3080
3080
3080
3080
3080
3080
3080
3080
3080
3080
3080
3080
3080
3080
3080
3080
3080
3080
3080
3080
3080
3080
3080
3069
3069
3069
3069
3069
3069
3069
3069
3069
3069
3069
3069
3069
3069
3069
3069
3069
3069
3069
3069
3053
3053
3053
3053
3053
3053
3053
3053
3053
3053
3053
3053
3053
3053
3053
3053
3053
3053
3053
3053
3049
3049
3049
3049
3049
3049
3049
3049
3049
3049
3049
3049
3049
3049
3049
3049
3049
3049
3049
3049
3049
3049
3049
3049
3049
3049
3049
3049
3049
3049
3049
3049
3049
3049
3049
3049
3049
3049
3049
3049
3049
3049
3049
3049
3049
3049
3049
3049
3049
3049
3049
3049
3049
3049
3049
3049
3049
3049
3049
3049
3049
3049
3049
3049
3049
3049
3049
3049
3049
3049
3049
3049
3049
3049
3049
3049
3049
3049
3049
3049
3049
3049
3049
3049
3049
3049
3049
3049
3049
3049
3049
3031
3031
3031
3031
3031
3031
3031
3031
3031
3031
3031
3031
3031
3031
3031
3031
3031
3031
3031
3031
3031
3031
3031
3031
3031
3031
3031
3031
3031
3031
3031
3031
3031
3031
3031
3031
3031
3031
3031
3031
3031
3031
3031
3031
3031
3031
3031
3031
3031
3031
3031
3031
3031
3031
3031
3031
3031
3031
3031
3031
3031
3031
3031
3031
3031
3031
3031
3031
2961
2961
2961
2961
2961
2961
2961
2961
2961
2961
2961
2961
2961
2961
2961
2961
2961
2961
2961
2931
2931
2931
2931
2931
2931
2931
2931
2931
2931
2931
2931
2931
2931
2931
2931
2931
2931
2931
2931
2931
2931
2931
2931
2931
2931
2931
2931
2931
2931
2931
2931
2931
2931
2931
2931
2931
2931
2931
2931
2931
2931
2931
2931
2931
2931
2931
2931
2931
2931
2931
2897
2897
2897
2897
2897
2897
2897
2897
2897
2897
2897
2897
2897
2897
2897
2897
2897
2897
2897
2897
2897
2897
2897
2897
2897
2897
2897
2897
2897
2897
2897
2897
2897
2897
2897
2897
2897
2897
2897
2897
2897
2850
2850
2850
2850
2850
2850
2850
2850
2850
2850
2850
2850
2850
2850
2850
2850
2850
2850
2850
2850
2850
2850
2850
2850
2850
2850
2850
2850
2850
2850
2850
2850
2850
2850
2850
2850
2850
2850
2850
2850
2850
2850
2850
2850
2850
2850
2850
2850
2850
2850
2850
2850
2850
2850
2850
2850
2850
2844
2844
2844
2844
2844
2844
2844
2844
2844
2844
2844
2844
2844
2844
2844
2844
2844
2844
2844
2844
2844
2844
2844
2844
2844
2844
2844
2844
2844
2844
2844
2844
2844
2844
2844
2844
2844
2844
2844
2844
2844
2844
2844
2844
2844
2844
2844
2844
2844
2844
2844
2844
2844
2844
2828
2828
2828
2828
2828
2828
2828
2828
2828
2828
2828
2828
2828
2828
2828
2828
2828
2828
2828
2828
2828
2828
2828
2828
2828
2828
2828
2828
2828
2828
2828
2828
2828
2828
2828
2828
2828
2828
2828
2828
2828
2828
2828
2828
2828
2828
2828
2828
2828
2828
2828
2828
2828
2828
2828
2828
2828
2828
2828
2828
2828
2828
2828
2828
2828
2828
2828
2828
2828
2828
2828
2828
2828
2782
2782
2782
2782
2782
2782
2782
2782
2782
2782
2782
2782
2778
2778
2778
2778
2778
2778
2778
2778
2778
2778
2778
2778
2778
2778
2778
2778
2778
2778
2778
2778
2778
2778
2778
2778
2778
2778
2778
2778
2778
2778
2778
2778
2778
2778
2778
2778
2778
2778
2778
2778
2778
2778
2778
2778
2778
2778
2778
2778
2778
2778
2778
2778
2778
2778
2778
2778
2778
2778
2778
2778
2778
2778
2778
2778
2778
2778
2778
2778
2778
2778
2778
2778
2778
2778
2778
2778
2778
2778
2778
2778
2778
2778
2778
2778
2778
2778
2778
2778
2778
2778
2778
2778
2778
2778
2778
2778
2778
2778
2778
2778
2778
2778
2778
2778
2778
2778
2778
2778
2778
2778
2778
2778
2778
2778
2778
2778
2778
2778
2778
2778
2778
2778
2778
2778
2778
2778
2778
2778
2778
2778
2778
2778
2778
2778
2775
2775
2775
2775
2775
2775
2775
2775
2775
2775
2775
2775
2775
2775
2775
2775
2775
2775
2775
2775
2775
2775
2775
2775
2775
2775
2775
2775
2775
2775
2775
2775
2775
2775
2775
2775
2775
2775
2775
2775
2775
2775
2775
2775
2775
2775
2775
2710
2710
2710
2710
2710
2710
2710
2710
2710
2710
2710
2710
2710
2710
2710
2710
2710
2710
2710
2710
2710
2710
2710
2710
2710
2710
2710
2710
2710
2710
2710
2710
2710
2710
2710
2710
2710
2710
2710
2710
2710
2710
2710
2710
2710
2710
2710
2710
2710
2710
2710
2710
2710
2710
2710
2710
2710
2710
2710
2710
2710
2710
2710
2710
2710
2710
2710
2710
2710
2710
2710
2710
2710
2691
2691
2691
2691
2691
2691
2691
2691
2691
2691
2691
2691
2691
2691
2691
2691
2691
2691
2691
2691
2691
2691
2691
2691
2691
2691
2691
2691
2691
2691
2691
2691
2691
2691
2691
2691
2691
2691
2691
2691
2691
2691
2691
2691
2691
2691
2691
2691
2691
2691
2691
2691
2691
2691
2691
2691
2691
2691
2691
2691
2691
2691
2691
2675
2675
2675
2675
2675
2675
2675
2675
2675
2675
2675
2675
2675
2675
2675
2675
2675
2675
2675
2675
2675
2675
2675
2675
2675
2675
2675
2675
2675
2675
2675
2675
2675
2675
2675
2675
2675
2675
2675
2675
2675
2675
2675
2675
2675
2632
2632
2632
2632
2632
2632
2632
2632
2632
2632
2632
2632
2632
2632
2632
2632
2632
2632
2632
2632
2632
2632
2632
2632
2632
2632
2632
2632
2630
2630
2630
2630
2630
2630
2630
2630
2630
2630
2630
2630
2630
2630
2630
2630
2630
2630
2630
2630
2630
2630
2630
2630
2630
2630
2630
2607
2607
2607
2607
2607
2607
2607
2607
2607
2607
2607
2607
2607
2607
2607
2607
2607
2607
2607
2607
2607
2607
2607
2607
2607
2607
2607
2607
2607
2607
2607
2607
2607
2607
2607
2607
2607
2607
2607
2607
2607
2607
2607
2607
2607
2607
2607
2607
2607
2607
2607
2607
2607
2607
2607
2607
2607
2607
2607
2607
2607
2607
2607
2607
2607
2607
2607
2607
2607
2607
2607
2607
2607
2607
2607
2607
2607
2607
2607
2607
2607
2607
2582
2582
2582
2582
2582
2582
2582
2582
2582
2582
2582
2582
2582
2582
2582
2582
2582
2582
2582
2582
2582
2582
2582
2562
2562
2562
2562
2562
2562
2562
2562
2562
2562
2562
2562
2562
2562
2562
2562
2562
2562
2562
2562
2562
2562
2562
2562
2562
2562
2562
2562
2562
2562
2562
2562
2562
2562
2562
2562
2562
2562
2562
2562
2562
2562
2562
2562
2562
2562
2562
2562
2562
2562
2562
2562
2562
2562
2562
2562
2562
2562
2562
2562
2562
2562
2562
2562
2562
2562
2562
2562
2562
2562
2562
2562
2562
2562
2562
2562
2562
2562
2562
2562
2560
2560
2560
2560
2560
2560
2560
2560
2560
2560
2560
2560
2560
2560
2560
2560
2560
2560
2560
2560
2560
2560
2560
2560
2560
2560
2560
2560
2560
2560
2560
2560
2560
2560
2560
2560
2560
2560
2560
2560
2560
2560
2560
2560
2560
2560
2560
2556
2556
2556
2556
2556
2556
2556
2556
2556
2556
2556
2556
2556
2556
2556
2556
2556
2556
2556
2556
2556
2556
2556
2556
2556
2556
2556
2556
2556
2556
2556
2556
2556
2556
2556
2556
2556
2556
2556
2556
2556
2556
2556
2556
2556
2556
2556
2556
2556
2556
2556
2556
2556
2556
2556
2556
2556
2556
2556
2556
2556
2556
2556
2556
2556
2556
2556
2556
2556
2556
2556
2556
2556
2556
2556
2556
2556
2556
2556
2556
2556
2556
2556
2556
2556
2556
2556
2535
2535
2535
2535
2535
2535
2535
2535
2535
2535
2535
2535
2535
2535
2535
2535
2535
2535
2535
2535
2535
2535
2535
2535
2535
2535
2535
2535
2535
2535
2535
2535
2535
2535
2535
2535
2535
2535
2535
2535
2535
2535
2535
2535
2535
2535
2513
2513
2513
2513
2513
2513
2513
2513
2513
2513
2513
2513
2513
2513
2513
2513
2513
2513
2513
2513
2513
2513
2513
2513
2513
2513
2513
2513
2513
2513
2513
2513
2513
2513
2513
2513
2513
2513
2513
2513
2513
2513
2513
2513
2513
2513
2513
2513
2513
2513
2513
2513
2513
2513
2513
2513
2513
2513
2513
2513
2513
2513
2513
2513
2513
2513
2513
2513
2513
2513
2513
2513
2513
2513
2513
2513
2513
2513
2513
2513
2513
2513
2513
2513
2513
2513
2513
2512
2512
2512
2512
2512
2512
2512
2512
2512
2512
2512
2512
2512
2512
2512
2512
2512
2512
2512
2512
2512
2512
2512
2512
2512
2512
2512
2512
2512
2512
2512
2512
2512
2512
2512
2512
2512
2512
2512
2512
2512
2512
2512
2512
2512
2512
2512
2512
2512
2512
2512
2512
2512
2512
2512
2512
2512
2512
2512
2512
2512
2512
2512
2512
2512
2512
2512
2512
2512
2512
2512
2512
2512
2512
2512
2512
2507
2507
2507
2507
2507
2507
2507
2507
2507
2507
2507
2507
2507
2507
2507
2507
2507
2507
2507
2500
2500
2500
2500
2500
2500
2500
2500
2500
2500
2500
2500
2500
2500
2500
2500
2500
2500
2500
2500
2500
2500
2500
2500
2500
2500
2500
2500
2500
2500
2500
2500
2500
2500
2500
2500
2500
2500
2500
2500
2500
2500
2500
2500
2500
2500
2500
2500
2500
2500
2500
2500
2500
2500
2500
2500
2500
2500
2500
2500
2500
2500
2500
2500
2500
2500
2500
2500
2500
2500
2500
2500
2500
2500
2500
2500
2500
2500
2500
2500
2500
2500
2500
2500
2487
2487
2487
2487
2487
2487
2487
2487
2487
2487
2487
2487
2487
2487
2487
2487
2487
2487
2487
2487
2487
2487
2487
2487
2487
2487
2487
2487
2487
2487
2487
2472
2472
2472
2472
2472
2472
2472
2472
2472
2472
2472
2472
2472
2472
2472
2472
2472
2472
2472
2472
2472
2472
2472
2472
2472
2472
2472
2472
2472
2472
2472
2472
2472
2472
2472
2439
2439
2439
2439
2439
2439
2439
2439
2439
2439
2439
2439
2439
2439
2439
2439
2439
2439
2439
2439
2439
2439
2439
2439
2439
2431
2431
2431
2431
2431
2431
2431
2431
2431
2431
2431
2431
2431
2431
2431
2431
2431
2431
2431
2431
2431
2431
2431
2431
2431
2431
2431
2431
2431
2431
2431
2431
2431
2431
2431
2431
2431
2431
2431
2431
2431
2431
2431
2431
2431
2431
2431
2431
2431
2431
2431
2431
2431
2431
2431
2431
2431
2431
2431
2431
2431
2431
2431
2431
2431
2431
2431
2431
2431
2431
2431
2431
2431
2431
2431
2431
2431
2431
2431
2431
2431
2431
2431
2431
2431
2431
2431
2431
2431
2431
2431
2431
2431
2431
2431
2431
2431
2431
2431
2431
2431
2431
2431
2431
2431
2431
2431
2431
2431
2409
2409
2409
2409
2409
2409
2409
2409
2409
2409
2409
2409
2409
2409
2409
2409
2409
2409
2409
2409
2409
2409
2409
2409
2409
2409
2409
2409
2409
2409
2409
2409
2409
2409
2409
2409
2409
2409
2409
2409
2409
2409
2409
2409
2409
2409
2409
2409
2409
2409
2409
2409
2409
2409
2409
2409
2409
2409
2409
2409
2409
2409
2409
2409
2409
2409
2409
2409
2409
2409
2409
2409
2409
2409
2409
2409
2409
2409
2409
2409
2409
2409
2409
2406
2406
2406
2406
2406
2406
2406
2406
2406
2406
2406
2406
2406
2406
2406
2406
2406
2406
2406
2406
2406
2406
2406
2406
2406
2406
2404
2404
2404
2404
2404
2404
2404
2404
2404
2404
2404
2404
2404
2404
2404
2404
2404
2404
2404
2404
2404
2404
2404
2404
2404
2404
2404
2404
2404
2404
2404
2404
2404
2404
2404
2404
2404
2404
2404
2404
2404
2404
2404
2404
2404
2404
2404
2404
2404
2404
2404
2404
2404
2404
2404
2404
2387
2387
2387
2387
2387
2387
2387
2387
2387
2387
2387
2387
2387
2387
2387
2387
2387
2387
2387
2387
2387
2387
2387
2387
2387
2387
2387
2387
2387
2387
2387
2387
2387
2387
2387
2387
2387
2387
2387
2387
2387
2387
2387
2387
2387
2387
2387
2387
2387
2387
2387
2387
2381
2381
2381
2381
2381
2381
2381
2381
2381
2381
2381
2381
2381
2381
2381
2381
2381
2381
2381
2381
2381
2381
2381
2381
2381
2366
2366
2366
2366
2366
2366
2330
2330
2330
2330
2330
2330
2330
2330
2330
2330
2330
2330
2330
2330
2330
2330
2330
2330
2330
2330
2330
2330
2330
2330
2330
2330
2330
2330
2330
2330
2330
2330
2330
2330
2330
2330
2330
2330
2330
2330
2330
2330
2330
2330
2330
2330
2330
2330
2330
2330
2330
2330
2330
2330
2330
2330
2330
2330
2330
2330
2330
2330
2330
2330
2330
2330
2330
2330
2330
2330
2330
2330
2330
2330
2330
2330
2330
2330
2330
2330
2330
2330
2330
2330
2330
2330
2330
2330
2330
2330
2330
2330
2330
2330
2330
2330
2293
2293
2293
2293
2293
2293
2293
2293
2293
2293
2293
2293
2293
2293
2293
2293
2293
2293
2293
2293
2293
2293
2293
2293
2293
2293
2293
2293
2293
2293
2293
2293
2293
2293
2293
2293
2293
2293
2293
2293
2293
2293
2293
2293
2293
2293
2293
2293
2293
2293
2293
2293
2293
2293
2293
2286
2286
2286
2286
2286
2286
2286
2286
2286
2286
2286
2286
2286
2286
2286
2286
2286
2286
2286
2286
2286
2286
2286
2286
2286
2286
2286
2286
2286
2286
2286
2286
2286
2286
2286
2286
2286
2286
2286
2286
2286
2286
2286
2286
2286
2286
2286
2286
2286
2286
2286
2286
2286
2284
2284
2284
2284
2284
2284
2284
2284
2284
2284
2284
2284
2284
2284
2284
2284
2284
2284
2284
2284
2284
2259
2259
2259
2259
2259
2259
2259
2259
2259
2259
2259
2259
2259
2259
2259
2259
2259
2259
2259
2259
2259
2259
2259
2259
2259
2259
2259
2259
2259
2259
2259
2259
2259
2259
2259
2259
2259
2259
2259
2259
2259
2259
2259
2259
2259
2259
2259
2259
2259
2259
2259
2259
2259
2259
2259
2259
2259
2259
2259
2259
2259
2259
2259
2259
2259
2259
2259
2258
2258
2258
2258
2258
2258
2258
2258
2258
2258
2258
2258
2258
2258
2258
2258
2258
2258
2258
2258
2258
2258
2258
2258
2219
2219
2219
2219
2219
2219
2219
2219
2219
2219
2219
2177
2177
2177
2177
2177
2177
2177
2177
2177
2177
2177
2177
2177
2177
2177
2177
2177
2177
2177
2177
2177
2177
2177
2177
2166
2166
2166
2166
2166
2166
2166
2166
2166
2166
2166
2166
2166
2166
2166
2166
2166
2166
2166
2166
2166
2166
2166
2166
2166
2166
2122
2122
2122
2122
2122
2122
2122
2122
2122
2122
2122
2122
2122
2122
2122
2122
2122
2122
2122
2122
2122
2122
2122
2122
2122
2122
2122
2122
2122
2122
2122
2122
2122
2122
2122
2122
2122
2119
2119
2119
2119
2119
2119
2119
2119
2119
2119
2119
2119
2119
2119
2119
2119
2119
2119
2119
2119
2119
2119
2119
2119
2119
2119
2119
2119
2119
2119
2119
2119
2119
2119
2119
2119
2119
2119
2119
2119
2119
2119
2119
2119
2119
2119
2119
2119
2119
2119
2119
2119
2119
2119
2119
2119
2119
2119
2119
2119
2119
2119
2119
2119
2119
2100
2100
2100
2100
2100
2100
2100
2100
2100
2100
2100
2100
2100
2100
2100
2100
2100
2100
2100
2100
2100
2100
2100
2100
2100
2100
2100
2100
2100
2100
2100
2100
2100
2100
2100
2100
2100
2100
2100
2100
2100
2100
2100
2100
2100
2100
2100
2100
2100
2100
2100
2100
2100
2100
2100
2100
2100
2100
2100
2100
2100
2100
2100
2100
2100
2100
2100
2085
2085
2085
2085
2085
2085
2085
2085
2085
2085
2085
2085
2085
2085
2085
2085
2085
2085
2085
2085
2085
2085
2085
2085
2085
2085
2085
2085
2085
2085
2085
2085
2085
2085
2085
2085
2085
2085
2085
2085
2085
2085
2085
2085
2078
2067
2067
2067
2067
2067
2067
2067
2067
2067
2067
2067
2067
2067
2067
2067
2067
2067
2067
2067
2067
2067
2067
2067
2067
2067
2067
2067
2067
2067
2067
2067
2067
2067
2067
2067
2067
2067
2067
2067
2067
2067
2064
2064
2064
2064
2064
2064
2064
2064
2064
2064
2064
2064
2064
2064
2064
2064
2064
2064
2064
2064
2064
2064
2064
2064
2064
2064
2064
2064
2064
2064
2064
2064
2064
2064
2064
2064
2064
2064
2064
2064
2064
2064
2064
2064
2064
2064
2064
2064
2064
2064
2064
2064
2064
2064
2064
2064
2064
2064
2064
2064
2064
2064
2064
2064
2064
2064
2064
2064
2064
2064
2064
2064
2064
2064
2064
2064
2064
2064
2064
2064
2064
2064
2064
2064
2064
2064
2064
2064
2064
2064
2048
2048
2048
2048
2048
2048
2048
2048
2048
2048
2048
2048
2048
2048
2048
2048
2048
2048
2048
2048
2048
2048
2048
2048
2048
2048
2048
2048
2048
2048
2048
2048
2048
2048
2048
2048
2045
2045
2045
2045
2045
2045
2045
2045
2045
2045
2045
2045
2045
2045
2045
2045
2045
2045
2045
2045
2045
2045
2045
2045
2045
2045
2045
2045
2045
2045
2045
2045
2045
2045
2045
2045
2045
2045
2045
2045
2045
2045
2045
2045
2045
2045
2045
2045
2045
2045
2045
2045
2045
2045
2045
2045
2045
2045
2045
2045
2045
2045
2045
2045
2045
2045
2045
2045
2045
2045
2045
2045
2045
2045
2045
2045
2045
2045
2036
2036
2036
2036
2036
2036
2036
2036
2036
2036
2036
2036
2036
2036
2036
2036
2036
2036
2036
2036
2036
2036
2036
2036
2036
2036
2036
2036
2036
2036
2036
2036
2036
2036
2036
2036
2036
2036
2036
2036
2036
2036
2036
2036
2036
2036
2036
2036
2036
2036
2036
2036
2036
2036
2036
2036
2036
2036
2036
2036
2036
2036
2036
2036
2036
2036
2025
2025
2025
2025
2025
2025
2025
2025
2025
2025
2025
2025
2025
2025
2025
2025
2025
2025
2025
2025
2025
2025
2025
2025
2025
2025
2025
2025
2025
2025
2025
2025
2025
2025
2025
2025
2025
2025
2025
2025
2025
2025
2025
2025
2018
2018
2018
2018
2018
2018
2018
2018
2018
2018
2018
2018
2018
2018
2018
2018
2018
2018
2004
2004
2004
2004
2004
2004
2004
2004
2004
2004
2004
2004
2004
2004
2004
2004
2004
2004
2004
2004
2004
2004
2004
2004
2004
2004
2004
2004
2004
2004
2004
2004
2004
2004
2004
2004
2004
2004
2004
1987
1987
1987
1987
1987
1983
1983
1983
1983
1983
1983
1983
1983
1983
1983
1983
1983
1983
1983
1983
1972
1972
1972
1972
1972
1972
1972
1972
1972
1972
1972
1972
1972
1972
1972
1972
1972
1972
1972
1972
1972
1972
1972
1972
1972
1972
1972
1972
1972
1972
1972
1972
1972
1972
1972
1972
1972
1972
1972
1972
1972
1972
1972
1972
1972
1972
1972
1972
1972
1972
1972
1972
1972
1972
1972
1972
1972
1972
1972
1972
1972
1972
1972
1949
1949
1949
1949
1949
1949
1949
1949
1949
1948
1948
1948
1948
1948
1948
1948
1948
1948
1948
1948
1948
1948
1948
1948
1948
1948
1948
1948
1948
1948
1948
1948
1948
1948
1948
1948
1948
1948
1948
1948
1948
1948
1948
1948
1948
1948
1948
1948
1948
1948
1948
1948
1948
1948
1948
1948
1948
1948
1948
1948
1948
1948
1948
1948
1948
1948
1948
1948
1948
1948
1948
1948
1948
1943
1943
1943
1943
1943
1943
1943
1943
1943
1943
1943
1943
1943
1943
1943
1943
1943
1943
1943
1943
1943
1943
1943
1943
1943
1943
1943
1943
1943
1943
1943
1943
1943
1943
1943
1943
1943
1943
1943
1943
1943
1943
1943
1943
1943
1943
1943
1943
1943
1943
1943
1943
1943
1943
1943
1943
1943
1943
1943
1943
1943
1943
1943
1943
1943
1943
1943
1943
1943
1943
1943
1943
1943
1943
1943
1943
1943
1943
1941
1941
1941
1941
1941
1941
1941
1941
1941
1941
1941
1941
1941
1941
1941
1941
1941
1941
1941
1941
1941
1941
1941
1941
1941
1941
1941
1941
1941
1941
1941
1941
1941
1941
1941
1941
1941
1941
1941
1941
1941
1941
1941
1941
1941
1941
1941
1941
1941
1941
1941
1941
1941
1941
1941
1941
1941
1941
1941
1941
1941
1941
1941
1941
1941
1941
1941
1941
1941
1939
1939
1939
1939
1939
1939
1939
1897
1897
1897
1897
1897
1897
1897
1897
1897
1897
1897
1897
1897
1897
1897
1897
1897
1897
1897
1897
1897
1897
1897
1897
1897
1897
1897
1890
1890
1890
1890
1890
1890
1890
1890
1890
1890
1890
1890
1890
1890
1890
1890
1890
1890
1890
1890
1890
1890
1890
1890
1890
1890
1890
1890
1890
1890
1890
1890
1890
1890
1890
1890
1890
1890
1890
1890
1890
1890
1890
1890
1890
1890
1890
1890
1890
1890
1890
1890
1890
1890
1890
1890
1890
1890
1890
1890
1890
1890
1890
1890
1890
1890
1890
1890
1890
1890
1890
1890
1890
1890
1890
1890
1890
1890
1890
1890
1890
1846
1846
1846
1836
1836
1836
1836
1836
1836
1836
1836
1836
1836
1836
1836
1836
1836
1836
1836
1836
1836
1836
1836
1836
1836
1836
1836
1836
1836
1836
1836
1836
1836
1836
1836
1836
1836
1836
1836
1836
1836
1836
1836
1836
1836
1836
1836
1836
1836
1836
1836
1836
1836
1836
1836
1836
1836
1836
1836
1836
1836
1836
1836
1836
1836
1836
1836
1836
1836
1836
1836
1836
1836
1836
1821
1821
1821
1821
1821
1821
1821
1821
1821
1821
1821
1821
1821
1821
1821
1821
1821
1821
1821
1821
1821
1821
1821
1821
1821
1821
1821
1821
1821
1821
1821
1821
1821
1821
1821
1821
1821
1821
1821
1821
1821
1821
1821
1821
1821
1821
1821
1821
1821
1821
1821
1821
1821
1821
1821
1821
1821
1821
1821
1821
1821
1778
1778
1778
1778
1778
1778
1778
1778
1778
1778
1778
1778
1778
1778
1778
1778
1778
1778
1778
1778
1778
1778
1778
1778
1778
1778
1778
1778
1778
1778
1778
1778
1778
1778
1778
1778
1778
1778
1778
1778
1778
1764
1764
1764
1764
1764
1764
1764
1764
1764
1764
1764
1764
1764
1764
1764
1764
1764
1764
1764
1764
1764
1764
1764
1764
1764
1764
1764
1764
1764
1764
1764
1764
1764
1764
1764
1764
1764
1764
1764
1764
1764
1764
1764
1764
1764
1764
1764
1764
1764
1764
1764
1764
1764
1764
1764
1764
1764
1741
1741
1741
1741
1741
1741
1741
1741
1741
1741
1741
1741
1741
1741
1741
1741
1741
1741
1741
1741
1741
1741
1741
1741
1741
1741
1741
1741
1741
1741
1741
1741
1741
1741
1741
1741
1741
1741
1741
1741
1741
1741
1741
1741
1741
1741
1741
1733
1733
1733
1700
1700
1700
1700
1700
1700
1700
1700
1700
1700
1700
1700
1700
1700
1700
1700
1700
1700
1700
1700
1700
1700
1700
1700
1700
1700
1700
1700
1700
1700
1700
1700
1700
1700
1700
1700
1700
1675
1675
1675
1675
1675
1675
1675
1675
1675
1675
1675
1675
1675
1675
1675
1675
1675
1675
1675
1675
1675
1675
1675
1675
1675
1675
1675
1647
1647
1647
1647
1647
1647
1647
1647
1647
1647
1647
1647
1647
1647
1647
1647
1647
1647
1647
1647
1647
1647
1647
1647
1647
1647
1647
1647
1647
1647
1647
1647
1647
1647
1647
1647
1647
1647
1637
1637
1637
1637
1637
1637
1637
1637
1637
1637
1637
1637
1637
1637
1637
1637
1637
1637
1637
1637
1628
1628
1628
1628
1628
1628
1628
1628
1628
1628
1628
1628
1628
1628
1628
1628
1628
1628
1628
1628
1628
1628
1628
1628
1628
1628
1628
1628
1628
1628
1628
1628
1628
1628
1628
1628
1628
1628
1628
1628
1628
1602
1602
1602
1602
1602
1602
1602
1602
1602
1602
1602
1602
1602
1602
1602
1602
1602
1602
1602
1602
1602
1602
1602
1602
1602
1602
1602
1602
1602
1602
1602
1602
1602
1602
1602
1602
1602
1602
1602
1602
1602
1602
1602
1602
1602
1602
1602
1602
1602
1602
1602
1602
1602
1602
1602
1602
1602
1602
1602
1602
1602
1602
1602
1602
1602
1602
1575
1575
1575
1575
1575
1575
1575
1575
1575
1575
1575
1575
1575
1575
1575
1575
1575
1575
1575
1575
1575
1575
1575
1575
1575
1575
1575
1575
1575
1575
1575
1575
1575
1575
1575
1575
1575
1575
1575
1575
1575
1575
1575
1575
1575
1575
1575
1575
1575
1575
1575
1575
1575
1575
1575
1575
1575
1575
1575
1575
1573
1573
1573
1573
1573
1573
1573
1573
1573
1573
1573
1573
1573
1573
1573
1573
1573
1573
1573
1573
1573
1573
1573
1573
1573
1573
1573
1573
1573
1573
1573
1573
1573
1573
1573
1573
1573
1573
1573
1573
1573
1573
1573
1573
1573
1573
1573
1573
1573
1573
1573
1573
1573
1573
1573
1573
1573
1573
1573
1573
1573
1573
1573
1573
1573
1573
1573
1571
1571
1571
1571
1571
1571
1571
1571
1571
1571
1571
1571
1571
1571
1571
1571
1571
1571
1571
1571
1571
1571
1571
1571
1571
1571
1571
1571
1571
1571
1571
1571
1571
1571
1571
1571
1563
1563
1563
1563
1563
1545
1545
1545
1545
1545
1545
1545
1545
1545
1545
1545
1545
1545
1545
1545
1545
1545
1545
1545
1545
1545
1545
1545
1545
1545
1545
1545
1545
1545
1545
1545
1545
1545
1545
1545
1545
1545
1545
1545
1545
1545
1545
1545
1545
1545
1545
1545
1545
1545
1545
1545
1545
1545
1545
1545
1545
1545
1545
1545
1545
1545
1545
1545
1545
1545
1523
1523
1523
1523
1523
1523
1523
1523
1523
1523
1523
1523
1523
1523
1523
1523
1523
1523
1523
1523
1523
1523
1523
1523
1523
1523
1523
1523
1523
1523
1523
1523
1523
1523
1523
1523
1523
1523
1523
1523
1523
1523
1523
1523
1523
1523
1523
1523
1523
1523
1523
1523
1523
1523
1523
1523
1523
1519
1519
1519
1519
1519
1519
1519
1519
1519
1519
1519
1519
1519
1519
1519
1519
1519
1519
1519
1519
1519
1519
1519
1519
1519
1519
1519
1519
1519
1519
1519
1519
1501
1501
1501
1501
1501
1501
1501
1501
1501
1501
1501
1501
1501
1501
1501
1501
1501
1501
1501
1501
1501
1501
1501
1501
1501
1501
1501
1501
1501
1501
1501
1501
1501
1501
1501
1501
1501
1501
1501
1501
1501
1501
1501
1501
1501
1501
1501
1501
1501
1501
1501
1501
1501
1501
1501
1501
1501
1501
1499
1499
1499
1499
1499
1499
1499
1499
1499
1499
1499
1499
1499
1499
1499
1499
1499
1499
1499
1499
1499
1499
1499
1499
1499
1499
1499
1499
1499
1499
1499
1499
1499
1499
1499
1499
1499
1499
1499
1499
1499
1499
1499
1499
1499
1499
1499
1499
1499
1499
1499
1499
1499
1499
1499
1499
1499
1499
1492
1492
1492
1492
1492
1492
1492
1492
1492
1492
1492
1492
1492
1492
1492
1492
1492
1492
1492
1492
1492
1492
1492
1492
1492
1492
1492
1492
1492
1492
1492
1492
1492
1492
1492
1492
1492
1492
1492
1492
1492
1492
1492
1492
1492
1492
1492
1492
1492
1492
1492
1492
1492
1488
1488
1488
1488
1488
1488
1488
1488
1488
1488
1488
1488
1488
1488
1488
1488
1488
1488
1488
1488
1488
1488
1488
1488
1488
1488
1488
1488
1488
1488
1488
1488
1488
1488
1488
1488
1488
1488
1479
1479
1479
1479
1479
1479
1479
1479
1479
1479
1479
1479
1479
1479
1479
1479
1479
1479
1459
1459
1459
1459
1459
1459
1459
1459
1459
1459
1459
1459
1459
1459
1459
1459
1459
1459
1459
1459
1459
1459
1459
1459
1459
1459
1459
1459
1459
1459
1459
1459
1459
1459
1459
1459
1459
1459
1459
1459
1459
1459
1459
1459
1459
1459
1459
1459
1459
1459
1459
1459
1459
1459
1459
1459
1459
1459
1459
1459
1459
1459
1459
1459
1459
1459
1459
1459
1459
1459
1459
1459
1459
1459
1459
1459
1459
1459
1459
1459
1459
1459
1459
1459
1459
1459
1459
1459
1459
1459
1459
1459
1459
1459
1459
1459
1459
1426
1426
1426
1426
1426
1426
1426
1426
1426
1426
1426
1426
1426
1426
1426
1426
1426
1426
1426
1426
1426
1426
1426
1426
1426
1426
1426
1426
1426
1426
1426
1426
1426
1426
1426
1426
1426
1426
1426
1426
1426
1426
1426
1426
1426
1426
1426
1426
1426
1426
1426
1426
1426
1426
1426
1426
1426
1426
1426
1426
1426
1426
1426
1426
1426
1426
1426
1426
1426
1426
1426
1426
1426
1426
1426
1426
1426
1426
1426
1426
1426
1426
1426
1426
1426
1426
1426
1426
1426
1426
1426
1426
1426
1426
1426
1394
1394
1394
1394
1394
1394
1394
1394
1394
1394
1394
1394
1394
1394
1394
1394
1394
1394
1394
1394
1394
1394
1394
1394
1394
1394
1394
1394
1394
1394
1394
1394
1394
1394
1394
1394
1394
1394
1394
1394
1394
1394
1394
1394
1394
1394
1394
1394
1394
1394
1394
1394
1394
1394
1394
1394
1394
1394
1394
1394
1394
1394
1394
1394
1394
1394
1394
1394
1394
1394
1382
1382
1382
1382
1382
1358
1358
1358
1358
1358
1358
1358
1358
1358
1358
1358
1358
1358
1358
1358
1358
1358
1358
1358
1358
1358
1358
1358
1358
1358
1358
1358
1358
1358
1358
1358
1358
1358
1358
1358
1292
1292
1292
1292
1292
1292
1292
1292
1292
1292
1292
1292
1292
1292
1292
1292
1292
1292
1262
1262
1262
1262
1262
1262
1262
1262
1262
1262
1262
1262
1262
1262
1262
1262
1262
1262
1262
1262
1262
1262
1262
1262
1262
1262
1262
1262
1262
1262
1262
1262
1262
1262
1262
1262
1262
1262
1262
1262
1262
1262
1262
1262
1262
1262
1262
1262
1262
1262
1262
1262
1262
1262
1262
1262
1262
1262
1262
1262
1262
1262
1262
1262
1262
1259
1259
1259
1259
1259
1259
1259
1259
1259
1259
1259
1225
1225
1225
1225
1225
1225
1225
1225
1225
1225
1225
1225
1225
1225
1225
1225
1225
1225
1225
1225
1225
1225
1225
1225
1225
1225
1225
1225
1225
1225
1225
1225
1225
1225
1225
1225
1225
1225
1225
1225
1225
1225
1225
1225
1225
1225
1225
1225
1225
1225
1225
1225
1225
1225
1225
1225
1225
1225
1225
1225
1225
1225
1225
1225
1225
1225
1225
1225
1225
1225
1225
1225
1225
1225
1225
1225
1225
1225
1225
1225
1225
1225
1225
1225
1225
1225
1225
1225
1225
1225
1225
1225
1225
1225
1225
1225
1225
1225
1225
1225
1225
1225
1225
1225
1225
1225
1225
1225
1225
1225
1225
1225
1225
1225
1225
1225
1225
1225
1225
1225
1225
1225
1225
1225
1225
1225
1225
1225
1225
1225
1225
1219
1219
1219
1219
1219
1219
1219
1219
1219
1219
1206
1206
1206
1206
1206
1206
1206
1206
1206
1206
1206
1206
1206
1206
1206
1206
1206
1206
1206
1206
1206
1206
1206
1206
1206
1206
1206
1206
1206
1206
1206
1206
1206
1206
1206
1206
1206
1206
1206
1206
1206
1206
1206
1206
1206
1206
1206
1206
1206
1206
1206
1206
1206
1206
1206
1206
1206
1206
1206
1206
1206
1206
1206
1204
1204
1204
1204
1204
1204
1204
1204
1204
1204
1204
1204
1204
1204
1204
1204
1204
1204
1204
1204
1204
1204
1204
1204
1204
1204
1204
1204
1204
1204
1204
1204
1204
1204
1186
1186
1186
1186
1186
1186
1186
1186
1186
1186
1186
1186
1186
1186
1186
1186
1186
1186
1186
1186
1186
1186
1186
1186
1186
1186
1186
1186
1186
1186
1186
1186
1186
1178
1178
1178
1178
1178
1178
1178
1178
1178
1178
1178
1178
1178
1178
1178
1178
1178
1178
1178
1178
1178
1178
1178
1178
1178
1178
1178
1178
1178
1178
1178
1175
1175
1175
1175
1175
1175
1175
1175
1175
1175
1175
1175
1175
1175
1175
1175
1175
1175
1175
1175
1175
1175
1175
1175
1175
1175
1175
1175
1175
1175
1175
1175
1175
1175
1175
1175
1175
1175
1175
1175
1175
1175
1175
1175
1175
1175
1175
1175
1175
1175
1175
1175
1175
1175
1175
1175
1175
1175
1175
1175
1175
1175
1175
1175
1175
1175
1175
1175
1139
1139
1139
1139
1139
1139
1139
1139
1139
1139
1139
1139
1139
1139
1139
1139
1139
1139
1139
1139
1139
1139
1139
1139
1139
1139
1139
1139
1139
1139
1139
1139
1139
1139
1139
1139
1139
1139
1139
1139
1139
1139
1139
1139
1139
1139
1139
1139
1139
1139
1139
1139
1139
1139
1139
1139
1139
1139
1139
1139
1139
1139
1125
1125
1125
1125
1125
1125
1125
1125
1123
1123
1123
1123
1123
1123
1123
1123
1123
1123
1123
1123
1123
1123
1123
1123
1123
1123
1123
1123
1123
1123
1123
1123
1123
1123
1123
1123
1123
1123
1123
1123
1123
1123
1123
1123
1123
1123
1123
1123
1123
1123
1123
1123
1123
1123
1123
1123
1123
1123
1123
1123
1123
1123
1123
1123
1123
1123
1123
1123
1123
1123
1123
1123
1123
1123
1123
1123
1123
1123
1123
1123
1123
1123
1123
1122
1122
1122
1122
1122
1122
1122
1122
1122
1122
1122
1122
1122
1122
1122
1122
1122
1122
1122
1122
1122
1122
1122
1122
1122
1122
1122
1122
1122
1122
1122
1122
1122
1122
1122
1122
1122
1122
1122
1122
1122
1122
1122
1122
1122
1122
1122
1122
1122
1122
1122
1122
1122
1122
1122
1122
1119
1119
1119
1119
1119
1119
1119
1119
1119
1119
1119
1119
1119
1119
1119
1119
1119
1119
1119
1119
1119
1119
1119
1119
1119
1119
1119
1119
1119
1119
1119
1119
1119
1119
1119
1119
1119
1119
1119
1119
1119
1119
1119
1119
1119
1119
1119
1119
1119
1119
1119
1119
1119
1119
1084
1084
1084
1084
1084
1084
1084
1084
1084
1084
1084
1084
1084
1084
1084
1084
1084
1084
1084
1058
1058
1058
1058
1058
1058
1058
1058
1058
1058
1058
1058
1058
1058
1058
1058
1058
1058
1058
1058
1058
1058
1058
1058
1058
1058
1058
1058
1058
1058
1058
1058
1058
1058
1058
1046
1046
1046
1046
1046
1046
1046
1046
1046
1046
1046
1046
1046
1046
1046
1046
1046
1046
1046
1046
1046
1046
1046
1046
1046
1046
1046
1046
1046
1046
1046
1046
1046
1046
1046
1046
1046
1046
1046
1046
1046
1046
1046
1046
1046
1046
1046
1046
1046
1046
1046
1046
1046
1046
1046
1046
1046
1046
1046
1046
1046
1046
1046
1046
1046
1046
1046
1046
1046
1046
1046
1045
1045
1045
1045
1045
1045
1045
1045
1045
1045
1045
1045
1045
1045
1045
1045
1045
1045
1045
1045
1045
1045
1045
1045
1045
1045
1045
1045
1045
1045
1045
1045
1045
1045
1045
1045
1045
1045
1045
1045
1045
1045
1045
1045
1045
1045
1045
1045
1045
1045
1045
1045
1045
1045
1045
1045
1045
1045
1045
1045
1045
1045
1045
1045
1045
1045
1044
1044
1044
1044
1044
1044
1044
1044
1044
1044
1044
1044
1044
1044
1044
1044
1044
1044
1044
1044
1044
1030
1030
1030
1030
1030
1030
1030
1030
1030
1030
1030
1030
1030
1030
1030
1030
1030
1030
1030
1030
1030
1030
1030
1030
1030
1030
1030
1030
1030
1030
1030
1030
1030
1030
1030
1030
1030
1030
1030
1030
1030
1030
1030
1030
1030
1030
1030
1030
1030
1030
1030
1030
1030
1030
1030
1030
1030
1030
1030
1030
1030
1030
1030
1030
1030
1030
1030
1030
1030
1030
1030
1030
1030
1030
1030
1030
1030
1030
1030
1030
1030
1030
1030
1030
1030
1030
1030
1030
1030
1030
1030
1030
1030
1030
1030
1030
1030
1030
1030
1030
1019
1019
1019
1019
1019
1019
1019
1019
1019
1019
1019
1019
1019
1019
1019
1019
1019
1019
1019
1019
1019
1019
1019
1019
1019
1019
1019
1019
1012
1012
1012
1012
1012
1012
1012
1012
1012
1012
1012
1012
1012
1012
1012
1012
1012
1012
1012
1012
1012
1012
1012
1012
1012
1012
