18684
10000
7493
7493
7493
7493
7493
7493
7493
7493
7493
7493
7493
7493
7493
7493
7493
7493
7493
7493
7493
7493
7493
7493
7493
7493
7493
7493
7493
7493
7493
7493
7493
7493
7493
7493
7493
7493
7493
7493
7493
7493
7493
7493
7493
7493
7493
7493
7493
7493
7493
7493
7493
7493
7493
7493
7493
7493
7493
7493
7493
7493
7493
7493
7493
7493
7493
7493
7493
7493
7493
7493
7493
7493
7493
7493
7493
7493
7493
7493
7493
7493
7493
7493
7493
7493
7493
7493
7493
7493
7493
7493
7493
7493
7493
7493
7486
7486
7486
7486
7486
7486
7486
7486
7486
7486
7486
7486
7486
7486
7486
7486
7486
7486
7486
7486
7486
7486
7486
7486
7486
7486
7486
7486
7486
7486
7486
7486
7486
7486
7486
7486
7486
7486
7486
7486
7486
7486
7486
7486
7486
7486
7486
7486
7486
7486
7486
7486
7486
7486
7486
7486
7486
7486
7486
7486
7486
7486
7486
7486
7486
7486
7486
7486
7486
7486
7486
7486
7486
7486
7486
7486
7486
7486
7486
7486
7486
7486
7486
7486
7486
7486
7486
7486
7486
7486
7486
7486
7486
7486
7486
7486
7486
7486
7486
7486
7486
7486
7486
7486
7486
7486
7486
7486
7486
7486
7486
7486
7486
7486
7486
7486
7486
7486
7486
7486
7486
7486
7486
7486
7486
7486
7486
7486
7486
7486
7486
7486
7486
7486
7486
7486
7486
7486
7486
7486
7486
7486
7486
7486
7486
7486
7470
7470
7470
7470
7470
7470
7470
7470
7470
7470
7470
7470
7470
7470
7470
7470
7470
7470
7470
7470
7470
7470
7470
7470
7470
7470
7470
7470
7470
7470
7470
7470
7470
7470
7470
7470
7470
7470
7470
7470
7470
7470
7470
7470
7470
7470
7470
7470
7470
7470
7470
7470
7470
7470
7470
7470
7470
7470
7470
7467
7467
7467
7467
7467
7467
7467
7467
7467
7467
7467
7467
7467
7467
7467
7467
7467
7467
7467
7467
7467
7467
7467
7467
7467
7467
7467
7467
7467
7467
7467
7467
7467
7467
7467
7467
7467
7467
7467
7467
7467
7467
7467
7467
7467
7467
7467
7467
7467
7467
7467
7467
7467
7467
7467
7467
7467
7467
7467
7467
7467
7467
7467
7467
7467
7467
7467
7467
7467
7467
7467
7465
7465
7465
7465
7465
7465
7465
7465
7465
7465
7465
7465
7465
7465
7465
7465
7465
7465
7465
7465
7465
7465
7465
7465
7465
7465
7465
7465
7465
7465
7465
7465
7465
7465
7465
7465
7465
7465
7465
7465
7465
7465
7465
7465
7465
7465
7465
7465
7465
7465
7465
7465
7465
7465
7465
7465
7465
7465
7465
7465
7465
7465
7465
7465
7465
7465
7465
7410
7410
7410
7410
7410
7410
7410
7410
7410
7410
7410
7410
7410
7410
7410
7410
7410
7410
7410
7410
7410
7410
7410
7410
7410
7410
7410
7410
7410
7410
7410
7410
7410
7410
7410
7410
7410
7377
7374
7374
7374
7374
7374
7374
7374
7374
7374
7374
7374
7374
7374
7353
7335
7335
7335
7335
7335
7335
7335
7335
7335
7335
7335
7335
7335
7335
7335
7335
7335
7335
7335
7335
7335
7335
7335
7335
7335
7335
7335
7335
7335
7335
7335
7335
7335
7335
7335
7335
7335
7335
7335
7335
7335
7335
7335
7335
7335
7335
7335
7335
7335
7335
7335
7335
7335
7335
7335
7335
7335
7335
7307
7307
7307
7307
7307
7307
7307
7307
7307
7287
7287
7287
7287
7287
7287
7287
7287
7287
7287
7287
7287
7287
7287
7287
7287
7287
7287
7287
7287
7287
7287
7287
7287
7287
7287
7287
7287
7287
7287
7287
7287
7287
7287
7287
7287
7287
7287
7287
7287
7287
7287
7287
7287
7287
7287
7287
7287
7287
7265
7265
7265
7265
7265
7265
7265
7265
7265
7265
7265
7265
7265
7265
7265
7265
7265
7265
7265
7265
7265
7265
7265
7265
7265
7265
7265
7265
7265
7265
7265
7265
7265
7265
7265
7265
7265
7265
7265
7265
7265
7265
7265
7265
7265
7265
7265
7265
7265
7265
7265
7265
7265
7265
7265
7265
7265
7265
7265
7265
7265
7265
7265
7265
7265
7265
7265
7265
7265
7261
7261
7261
7261
7261
7261
7261
7261
7261
7261
7261
7261
7261
7261
7261
7261
7261
7261
7261
7261
7261
7261
7261
7261
7261
7261
7261
7261
7261
7261
7261
7261
7261
7261
7261
7261
7261
7261
7261
7261
7261
7261
7261
7261
7261
7261
7261
7261
7261
7261
7261
7261
7243
7243
7243
7243
7243
7243
7243
7243
7243
7243
7243
7243
7243
7243
7243
7243
7243
7243
7243
7243
7243
7243
7243
7243
7243
7243
7243
7243
7243
7243
7243
7243
7243
7243
7243
7243
7243
7243
7243
7243
7243
7243
7243
7243
7243
7243
7243
7243
7243
7243
7243
7243
7243
7243
7243
7243
7243
7243
7243
7243
7243
7243
7243
7243
7243
7243
7243
7243
7243
7243
7243
7243
7243
7243
7243
7243
7243
7243
7243
7243
7243
7241
7241
7241
7241
7241
7241
7241
7241
7241
7241
7241
7241
7241
7241
7241
7227
7227
7227
7227
7227
7227
7227
7227
7227
7227
7227
7227
7227
7227
7227
7227
7227
7227
7227
7227
7227
7227
7227
7227
7227
7227
7227
7227
7227
7227
7227
7227
7227
7227
7227
7227
7227
7227
7227
7227
7227
7227
7227
7227
7227
7227
7227
7227
7227
7227
7227
7227
7227
7227
7227
7227
7227
7227
7227
7227
7227
7227
7227
7227
7227
7227
7227
7227
7227
7227
7227
7227
7227
7227
7227
7227
7227
7227
7209
7209
7209
7209
7209
7209
7209
7209
7209
7209
7209
7209
7209
7209
7209
7209
7209
7209
7209
7209
7209
7209
7209
7209
7209
7209
7209
7209
7209
7209
7209
7209
7209
7209
7209
7209
7209
7209
7209
7209
7209
7195
7195
7195
7195
7195
7195
7195
7195
7195
7195
7195
7195
7195
7195
7195
7195
7195
7195
7195
7195
7195
7195
7195
7195
7195
7195
7195
7195
7195
7195
7195
7195
7195
7195
7195
7195
7195
7195
7195
7195
7195
7195
7195
7195
7195
7195
7195
7195
7195
7180
7180
7180
7180
7180
7180
7180
7180
7180
7180
7180
7180
7180
7180
7180
7180
7180
7180
7180
7180
7180
7174
7162
7162
7162
7162
7162
7162
7162
7162
7162
7162
7162
7162
7162
7162
7162
7162
7162
7162
7162
7162
7162
7162
7162
7162
7162
7162
7162
7162
7162
7162
7162
7162
7162
7128
7128
7128
7128
7128
7124
7124
7124
7124
7124
7124
7124
7124
7124
7124
7124
7124
7124
7124
7124
7124
7124
7124
7124
7124
7124
7124
7124
7124
7124
7124
7124
7124
7124
7124
7124
7124
7124
7124
7124
7124
7124
7124
7124
7124
7124
7124
7124
7124
7124
7124
7124
7124
7124
7124
7124
7124
7124
7124
7124
7124
7124
7124
7124
7124
7124
7124
7124
7124
7124
7124
7124
7124
7124
7082
7082
7082
7082
7082
7082
7082
7082
7082
7082
7077
7077
7077
7077
7077
7077
7077
7077
7077
7077
7077
7077
7077
7077
7077
7077
7077
7077
7077
7077
7077
7077
7077
7077
7077
7077
7077
7077
7077
7077
7077
7077
7077
7077
7077
7077
7077
7077
7077
7077
7077
7077
7077
7077
7077
7077
7077
7077
7077
7077
7077
7077
7077
7077
7077
7077
7077
7077
7072
7072
7072
7072
7072
7072
7072
7072
7072
7072
7072
7072
7072
7072
7072
7072
7072
7072
7072
7072
7072
7072
7072
7072
7072
7072
7072
7072
7072
7072
7072
7072
7072
7072
7072
7072
7072
7072
7072
7072
7072
7072
7072
7072
7072
7072
7072
7072
7072
7072
7072
7072
7072
7072
7072
7072
7072
7068
7068
7068
7068
7068
7068
7068
7068
7068
7068
7068
7068
7068
7068
7068
7068
7068
7068
7068
7068
7068
7068
7068
7068
7068
7068
7068
7068
7068
7068
7068
7068
7068
7068
7068
7068
7068
7068
7068
7068
7068
7068
7068
7068
7068
7068
7068
7068
7068
7068
7068
7068
7057
7057
7057
7057
7057
7057
7057
7057
7057
7057
7057
7057
7057
7057
7057
7057
7057
7057
7057
7057
7057
7057
7057
7057
7057
7057
7057
7057
7057
7057
7057
7057
7057
7057
7057
7057
7057
7057
7057
7057
7057
7057
7057
7057
7057
7057
7057
7057
7057
7057
7057
7057
7057
7057
7057
7057
7057
7028
7028
7028
7028
7028
7028
7028
7028
7028
7028
7028
7028
7028
7028
7028
7028
7028
6992
6992
6992
6992
6992
6992
6992
6992
6992
6992
6992
6992
6992
6992
6992
6992
6992
6992
6992
6992
6992
6992
6992
6992
6992
6992
6987
6987
6987
6987
6987
6987
6987
6987
6987
6987
6987
6987
6987
6987
6987
6987
6987
6987
6987
6987
6987
6987
6987
6987
6985
6985
6985
6985
6985
6985
6985
6985
6985
6985
6985
6985
6985
6985
6985
6985
6985
6985
6985
6985
6985
6985
6985
6985
6985
6985
6985
6985
6985
6985
6985
6985
6985
6974
6974
6974
6974
6974
6974
6974
6974
6974
6974
6974
6974
6974
6974
6974
6974
6974
6974
6974
6974
6974
6974
6974
6974
6974
6974
6974
6974
6974
6974
6974
6974
6974
6974
6974
6974
6974
6974
6974
6974
6974
6974
6974
6974
6974
6974
6974
6974
6974
6974
6974
6974
6974
6974
6974
6974
6974
6974
6974
6974
6974
6974
6974
6974
6974
6974
6974
6974
6974
6974
6974
6974
6974
6974
6974
6974
6974
6974
6974
6974
6974
6974
6974
6974
6974
6974
6974
6974
6974
6974
6974
6974
6970
6970
6970
6970
6970
6970
6970
6970
6970
6970
6970
6970
6970
6970
6970
6970
6970
6970
6970
6970
6970
6970
6970
6970
6970
6970
6970
6970
6970
6970
6970
6970
6970
6970
6970
6970
6970
6970
6970
6970
6970
6970
6970
6970
6970
6970
6970
6970
6970
6970
6970
6970
6970
6970
6970
6970
6970
6970
6970
6970
6970
6970
6970
6970
6970
6970
6970
6970
6970
6970
6970
6970
6970
6970
6970
6970
6970
6970
6970
6970
6970
6970
6970
6970
6970
6970
6970
6970
6970
6970
6970
6970
6970
6970
6970
6937
6937
6937
6937
6937
6937
6937
6937
6937
6937
6937
6937
6937
6937
6937
6937
6937
6937
6937
6937
6937
6937
6937
6937
6937
6937
6937
6937
6937
6937
6937
6937
6937
6937
6937
6937
6937
6937
6937
6937
6937
6937
6937
6937
6937
6937
6937
6937
6937
6937
6937
6937
6937
6937
6937
6937
6937
6937
6937
6937
6937
6937
6937
6937
6937
6937
6937
6895
6895
6895
6895
6895
6873
6873
6873
6873
6873
6873
6873
6873
6873
6873
6873
6873
6873
6873
6873
6873
6873
6873
6873
6873
6873
6873
6873
6873
6873
6873
6873
6873
6873
6873
6873
6873
6873
6873
6873
6873
6873
6873
6873
6873
6873
6873
6873
6873
6873
6873
6873
6873
6873
6873
6873
6873
6873
6873
6873
6873
6873
6873
6873
6873
6873
6873
6873
6873
6873
6873
6873
6873
6873
6873
6873
6873
6873
6873
6873
6873
6873
6873
6873
6873
6873
6865
6865
6865
6865
6865
6865
6865
6865
6865
6865
6865
6865
6865
6865
6865
6865
6865
6865
6865
6865
6865
6865
6865
6865
6865
6865
6865
6865
6865
6865
6865
6865
6865
6865
6865
6865
6865
6865
6865
6865
6865
6865
6865
6865
6865
6865
6865
6865
6865
6865
6865
6865
6865
6865
6865
6865
6865
6865
6865
6865
6865
6865
6865
6865
6865
6865
6865
6865
6865
6865
6865
6865
6865
6865
6865
6865
6865
6865
6865
6865
6865
6865
6865
6865
6865
6865
6865
6865
6865
6865
6844
6844
6844
6844
6844
6844
6844
6844
6844
6844
6844
6844
6844
6844
6844
6844
6844
6844
6844
6844
6844
6844
6844
6844
6844
6844
6844
6844
6844
6844
6844
6844
6844
6844
6844
6844
6844
6844
6844
6844
6844
6844
6844
6844
6844
6844
6844
6844
6844
6844
6844
6844
6844
6844
6844
6844
6844
6844
6844
6844
6844
6844
6844
6844
6844
6844
6844
6844
6844
6844
6844
6844
6844
6844
6844
6844
6844
6844
6844
6844
6844
6844
6844
6834
6834
6834
6834
6834
6834
6834
6834
6834
6834
6834
6834
6834
6834
6834
6834
6834
6834
6834
6834
6834
6834
6834
6834
6834
6834
6834
6834
6834
6834
6834
6834
6834
6834
6834
6834
6834
6834
6834
6834
6830
6830
6830
6830
6830
6830
6830
6830
6830
6830
6830
6830
6830
6830
6830
6830
6830
6830
6830
6830
6830
6830
6830
6830
6830
6830
6830
6830
6830
6830
6830
6830
6830
6830
6830
6830
6830
6830
6830
6830
6830
6830
6830
6830
6830
6830
6830
6830
6829
6829
6829
6829
6829
6829
6829
6829
6829
6829
6829
6829
6829
6829
6829
6829
6829
6829
6829
6829
6829
6829
6829
6829
6829
6829
6829
6829
6829
6829
6829
6829
6829
6829
6826
6826
6826
6826
6826
6826
6826
6826
6818
6818
6818
6818
6818
6818
6818
6818
6818
6818
6818
6818
6818
6818
6814
6814
6814
6814
6814
6814
6814
6814
6814
6814
6814
6814
6814
6814
6814
6814
6814
6814
6814
6814
6814
6814
6814
6814
6814
6814
6814
6814
6814
6814
6814
6814
6814
6814
6814
6814
6814
6814
6814
6814
6814
6814
6814
6814
6814
6814
6814
6814
6814
6814
6814
6814
6814
6814
6814
6814
6814
6814
6814
6814
6814
6814
6814
6814
6814
6814
6814
6814
6814
6814
6814
6814
6814
6814
6814
6814
6814
6814
6814
6814
6814
6814
6814
6790
6790
6790
6790
6790
6790
6790
6790
6790
6790
6790
6790
6790
6790
6790
6790
6790
6790
6790
6790
6790
6790
6790
6790
6790
6790
6777
6777
6777
6777
6777
6754
6754
6754
6754
6754
6754
6754
6754
6754
6754
6754
6754
6754
6754
6754
6754
6754
6754
6754
6754
6754
6754
6754
6754
6754
6754
6754
6754
6750
6750
6750
6750
6750
6750
6750
6750
6750
6750
6750
6750
6750
6750
6750
6749
6749
6749
6749
6749
6749
6749
6749
6749
6749
6749
6749
6749
6749
6749
6749
6749
6749
6749
6749
6749
6749
6749
6740
6740
6740
6740
6740
6740
6740
6740
6740
6740
6740
6740
6740
6740
6740
6740
6740
6740
6740
6740
6740
6740
6740
6740
6740
6740
6740
6740
6740
6740
6740
6740
6740
6740
6740
6740
6740
6740
6740
6740
6740
6740
6740
6740
6740
6740
6740
6740
6740
6740
6740
6740
6740
6740
6740
6740
6740
6740
6740
6740
6740
6740
6740
6740
6740
6740
6740
6740
6740
6740
6740
6740
6740
6740
6740
6740
6740
6740
6740
6740
6740
6740
6740
6740
6740
6740
6740
6740
6740
6740
6740
6740
6740
6736
6736
6736
6736
6736
6736
6736
6736
6736
6736
6736
6736
6736
6736
6736
6736
6736
6736
6726
6726
6726
6726
6726
6726
6726
6726
6726
6726
6726
6726
6726
6726
6726
6726
6726
6726
6726
6726
6726
6726
6726
6726
6726
6726
6726
6726
6726
6726
6726
6726
6726
6726
6726
6726
6726
6726
6726
6726
6726
6726
6726
6723
6723
6723
6723
6723
6723
6723
6723
6723
6723
6723
6723
6723
6723
6723
6723
6723
6723
6723
6723
6723
6723
6723
6723
6723
6723
6723
6723
6723
6723
6723
6723
6723
6723
6723
6723
6723
6723
6723
6723
6723
6723
6723
6723
6723
6723
6723
6723
6723
6723
6723
6723
6723
6723
6723
6723
6723
6723
6723
6723
6723
6723
6723
6723
6723
6723
6723
6723
6723
6723
6723
6723
6723
6723
6723
6723
6723
6723
6723
6723
6723
6723
6723
6723
6723
6723
6723
6723
6723
6723
6715
6715
6715
6715
6715
6715
6715
6715
6715
6715
6715
6715
6715
6715
6715
6715
6715
6715
6715
6715
6715
6715
6715
6715
6715
6715
6715
6715
6715
6715
6715
6715
6715
6715
6715
6715
6715
6715
6715
6715
6715
6715
6715
6715
6715
6715
6715
6715
6715
6715
6715
6715
6715
6715
6715
6715
6715
6715
6715
6715
6715
6715
6715
6715
6715
6715
6715
6715
6640
6640
6640
6640
6638
6638
6638
6638
6638
6638
6638
6638
6638
6638
6638
6638
6638
6638
6638
6638
6638
6638
6638
6638
6638
6638
6638
6638
6638
6638
6638
6638
6638
6638
6638
6638
6638
6638
6638
6638
6638
6638
6638
6638
6638
6638
6638
6638
6638
6638
6638
6638
6638
6638
6638
6638
6638
6638
6638
6638
6638
6638
6638
6638
6638
6638
6638
6638
6638
6638
6638
6638
6638
6638
6638
6638
6638
6638
6636
6636
6636
6636
6636
6636
6636
6636
6636
6636
6623
6623
6623
6623
6623
6623
6623
6623
6623
6623
6623
6623
6623
6623
6623
6623
6623
6623
6623
6623
6623
6623
6623
6623
6623
6623
6623
6623
6623
6623
6623
6623
6623
6623
6623
6623
6623
6623
6623
6617
6617
6611
6611
6611
6611
6611
6611
6611
6611
6611
6611
6611
6611
6611
6611
6611
6611
6611
6611
6611
6611
6611
6611
6611
6611
6611
6611
6611
6611
6611
6611
6611
6611
6611
6611
6611
6611
6611
6611
6611
6611
6611
6611
6611
6611
6611
6611
6611
6611
6611
6611
6611
6611
6587
6587
6587
6587
6587
6587
6587
6587
6587
6587
6587
6587
6587
6587
6587
6587
6587
6587
6587
6587
6587
6587
6587
6587
6587
6587
6587
6587
6587
6587
6587
6587
6587
6587
6587
6587
6587
6587
6587
6587
6587
6587
6587
6587
6587
6587
6587
6587
6587
6587
6587
6587
6587
6587
6587
6587
6587
6587
6587
6587
6587
6587
6587
6587
6587
6587
6587
6587
6587
6587
6587
6587
6587
6587
6587
6587
6587
6587
6582
6582
6582
6582
6582
6582
6582
6582
6582
6582
6582
6582
6582
6582
6582
6582
6582
6582
6568
6568
6568
6568
6568
6568
6568
6568
6568
6568
6568
6568
6568
6568
6568
6568
6568
6568
6568
6568
6568
6568
6568
6568
6568
6568
6568
6568
6568
6568
6568
6568
6568
6568
6568
6568
6568
6568
6568
6568
6568
6568
6568
6568
6568
6568
6568
6568
6568
6568
6568
6568
6568
6568
6568
6568
6568
6568
6568
6568
6568
6568
6568
6568
6568
6568
6568
6568
6561
6561
6561
6561
6561
6561
6561
6561
6561
6561
6561
6561
6561
6561
6561
6561
6561
6561
6561
6561
6561
6561
6561
6561
6561
6561
6561
6561
6561
6561
6561
6561
6561
6561
6561
6561
6561
6561
6561
6561
6561
6561
6561
6561
6561
6561
6561
6561
6561
6561
6561
6561
6561
6561
6561
6561
6561
6561
6561
6561
6561
6552
6552
6552
6552
6552
6552
6552
6552
6552
6552
6552
6552
6552
6552
6552
6552
6552
6552
6552
6552
6552
6552
6552
6552
6552
6552
6552
6552
6552
6552
6552
6552
6552
6552
6552
6552
6552
6552
6552
6552
6552
6552
6552
6552
6552
6552
6552
6552
6552
6552
6552
6552
6552
6552
6552
6552
6552
6552
6552
6552
6552
6552
6552
6542
6542
6542
6542
6542
6542
6542
6542
6542
6542
6542
6542
6542
6542
6542
6542
6542
6518
6518
6518
6518
6518
6518
6518
6518
6518
6518
6518
6518
6518
6518
6518
6518
6518
6518
6518
6518
6518
6518
6518
6518
6518
6518
6518
6518
6518
6518
6518
6518
6518
6518
6518
6518
6518
6518
6518
6518
6518
6518
6518
6518
6518
6518
6518
6514
6514
6514
6514
6514
6514
6514
6509
6509
6509
6509
6509
6509
6509
6509
6509
6509
6509
6509
6509
6509
6509
6509
6509
6509
6509
6509
6509
6509
6509
6509
6509
6509
6509
6509
6509
6509
6509
6509
6509
6509
6509
6509
6509
6509
6509
6509
6509
6509
6509
6509
6509
6509
6509
6509
6509
6509
6509
6509
6509
6509
6509
6509
6509
6509
6509
6509
6509
6509
6509
6509
6509
6509
6509
6509
6509
6509
6509
6509
6509
6509
6509
6504
6504
6504
6504
6504
6504
6504
6504
6504
6504
6504
6504
6504
6504
6504
6504
6504
6504
6504
6504
6504
6504
6504
6504
6504
6504
6504
6504
6504
6504
6504
6504
6504
6504
6504
6504
6504
6504
6504
6504
6504
6504
6504
6504
6504
6504
6504
6504
6504
6504
6504
6504
6504
6504
6504
6504
6504
6504
6504
6495
6495
6447
6447
6447
6447
6447
6447
6447
6447
6447
6447
6447
6447
6447
6447
6447
6447
6447
6447
6447
6447
6447
6447
6447
6447
6447
6447
6447
6447
6447
6447
6447
6447
6447
6447
6447
6447
6447
6447
6447
6447
6447
6447
6447
6447
6447
6447
6447
6447
6447
6447
6447
6447
6447
6447
6410
6410
6410
6410
6410
6410
6410
6410
6410
6410
6410
6410
6410
6410
6410
6410
6410
6410
6410
6410
6410
6410
6410
6410
6410
6410
6410
6410
6410
6410
6410
6410
6410
6410
6410
6410
6410
6410
6410
6410
6410
6410
6410
6410
6410
6410
6410
6410
6410
6410
6410
6410
6410
6410
6410
6410
6410
6410
6410
6410
6410
6410
6410
6410
6410
6410
6410
6410
6410
6410
6410
6410
6410
6410
6410
6410
6410
6410
6410
6410
6410
6410
6410
6410
6410
6410
6410
6410
6410
6410
6410
6410
6410
6410
6410
6410
6410
6410
6410
6410
6410
6410
6356
6356
6356
6356
6356
6356
6351
6351
6351
6351
6351
6351
6351
6351
6351
6351
6351
6351
6351
6351
6351
6351
6351
6351
6351
6351
6351
6351
6351
6351
6351
6351
6351
6351
6351
6351
6351
6351
6351
6351
6351
6351
6351
6351
6351
6351
6351
6351
6351
6351
6351
6351
6351
6351
6351
6351
6351
6351
6351
6351
6351
6351
6351
6351
6351
6351
6351
6351
6351
6351
6351
6351
6351
6351
6351
6351
6351
6351
6351
6351
6351
6351
6351
6351
6351
6351
6351
6351
6351
6351
6351
6351
6351
6351
6351
6345
6345
6345
6345
6345
6345
6345
6345
6345
6345
6345
6345
6345
6345
6345
6345
6345
6345
6345
6345
6345
6345
6345
6345
6345
6345
6345
6345
6345
6345
6345
6345
6345
6345
6345
6345
6345
6345
6345
6345
6345
6345
6345
6345
6345
6345
6345
6345
6345
6345
6345
6345
6345
6345
6345
6345
6345
6345
6345
6345
6345
6345
6345
6345
6345
6345
6345
6345
6345
6345
6345
6345
6345
6345
6345
6345
6345
6345
6345
6345
6345
6327
6327
6327
6327
6327
6327
6327
6327
6327
6327
6327
6327
6327
6327
6327
6327
6327
6327
6305
6305
6305
6305
6305
6305
6305
6305
6305
6305
6305
6305
6305
6305
6305
6305
6305
6305
6305
6305
6305
6305
6305
6305
6305
6305
6269
6269
6269
6269
6269
6269
6269
6269
6269
6269
6269
6269
6269
6269
6269
6269
6269
6269
6269
6269
6269
6269
6269
6269
6269
6269
6225
6225
6225
6225
6225
6225
6225
6225
6225
6225
6225
6225
6225
6225
6225
6225
6225
6225
6225
6225
6225
6225
6225
6225
6225
6225
6225
6225
6225
6225
6225
6225
6225
6225
6225
6225
6225
6225
6225
6225
6225
6225
6225
6225
6225
6225
6225
6225
6225
6225
6225
6225
6225
6225
6225
6225
6225
6225
6225
6225
6225
6225
6225
6225
6225
6225
6225
6225
6225
6225
6225
6225
6225
6225
6225
6225
6225
6225
6225
6225
6225
6217
6217
6217
6217
6217
6217
6217
6217
6217
6217
6217
6217
6217
6217
6217
6217
6217
6217
6217
6217
6217
6217
6217
6217
6217
6217
6217
6217
6217
6217
6217
6217
6217
6217
6217
6217
6217
6217
6217
6217
6217
6217
6217
6199
6199
6199
6199
6199
6199
6199
6199
6199
6199
6199
6199
6199
6199
6199
6199
6199
6199
6199
6199
6199
6199
6199
6199
6199
6199
6199
6199
6199
6199
6199
6199
6199
6199
6199
6199
6199
6199
6199
6199
6199
6199
6199
6192
6192
6192
6192
6192
6192
6192
6192
6192
6192
6192
6192
6192
6192
6192
6192
6192
6192
6192
6192
6192
6192
6192
6192
6192
6192
6192
6192
6192
6192
6192
6192
6192
6192
6192
6192
6192
6192
6192
6192
6192
6192
6192
6192
6192
6192
6192
6192
6192
6192
6192
6192
6192
6192
6192
6192
6192
6192
6192
6192
6192
6192
6192
6192
6192
6192
6192
6192
6192
6192
6192
6192
6192
6192
6192
6192
6192
6192
6183
6183
6183
6183
6183
6183
6183
6183
6183
6183
6183
6183
6183
6183
6183
6183
6183
6183
6183
6183
6183
6183
6183
6183
6183
6183
6183
6183
6183
6183
6183
6183
6183
6183
6183
6183
6183
6183
6183
6183
6183
6183
6183
6183
6183
6183
6183
6183
6183
6183
6183
6183
6183
6152
6152
6152
6152
6152
6152
6152
6152
6152
6152
6152
6152
6152
6152
6152
6152
6152
6152
6152
6152
6152
6146
6146
6146
6146
6146
6146
6146
6146
6146
6146
6146
6146
6146
6146
6146
6146
6146
6146
6146
6146
6146
6146
6146
6146
6146
6146
6146
6146
6146
6146
6146
6146
6146
6146
6146
6146
6146
6146
6146
6146
6146
6146
6146
6146
6146
6146
6146
6146
6146
6146
6146
6146
6146
6146
6146
6146
6146
6146
6146
6146
6146
6146
6146
6146
6146
6146
6146
6146
6146
6146
6146
6146
6146
6146
6146
6146
6146
6146
6146
6146
6146
6146
6146
6146
6146
6146
6146
6146
6146
6146
6146
6146
6146
6146
6146
6146
6141
6141
6141
6141
6141
6141
6141
6141
6141
6141
6141
6141
6141
6141
6141
6141
6141
6141
6141
6141
6141
6141
6141
6141
6141
6141
6141
6141
6141
6141
6141
6141
6141
6141
6141
6141
6141
6141
6141
6141
6141
6141
6141
6141
6141
6141
6141
6141
6141
6141
6141
6141
6141
6141
6141
6141
6141
6141
6141
6141
6141
6141
6141
6141
6141
6141
6141
6141
6141
6141
6141
6141
6141
6141
6141
6141
6117
6117
6117
6117
6117
6117
6117
6117
6117
6117
6117
6117
6117
6117
6117
6117
6117
6117
6117
6117
6117
6117
6117
6117
6117
6117
6117
6117
6117
6117
6117
6117
6117
6117
6117
6117
6117
6117
6117
6117
6117
6117
6117
6117
6117
6117
6117
6117
6117
6117
6117
6117
6101
6101
6101
6101
6101
6101
6101
6101
6101
6101
6101
6101
6101
6101
6101
6101
6101
6101
6101
6101
6101
6101
6101
6101
6101
6101
6101
6101
6101
6101
6101
6101
6101
6101
6101
6101
6101
6101
6101
6101
6101
6101
6101
6101
6101
6101
6101
6101
6101
6101
6101
6101
6101
6101
6101
6101
6101
6101
6101
6101
6101
6101
6101
6101
6101
6101
6101
6101
6101
6101
6101
6101
6101
6101
6101
6101
6101
6101
6101
6101
6101
6101
6088
6088
6088
6088
6088
6088
6088
6088
6088
6088
6088
6088
6088
6088
6088
6088
6088
6088
6088
6088
6088
6086
6086
6086
6086
6073
6073
6073
6073
6073
6073
6073
6073
6073
6073
6073
6073
6073
6073
6073
6073
6073
6073
6073
6073
6073
6073
6073
6073
6073
6073
6073
6073
6073
6073
6073
6073
6073
6073
6073
6073
6073
6073
6073
6073
6073
6073
6073
6073
6073
6073
6073
6073
6073
6073
6073
6073
6073
6073
6073
6073
6073
6073
6073
6073
6073
6073
6073
6073
6073
6073
6073
6073
6073
6073
6073
6073
6073
6073
6073
6073
6073
6073
6073
6073
6073
6073
6073
6073
6073
6073
6073
6073
6073
6054
6054
6054
6054
6054
6054
6054
6054
6054
6054
6054
6054
6054
6054
6054
6054
6054
6054
6054
6054
6054
6054
6054
6054
6054
6054
6054
6054
6054
6054
6054
6054
6054
6054
6054
6054
6054
6054
6054
6054
6054
6054
6054
6054
6054
6054
6054
6054
6054
6054
6054
6054
6054
6054
6054
6054
6054
6054
6054
6054
6054
6054
6054
6054
6054
6054
6054
6054
6054
6054
6054
6054
6054
6054
6054
6053
6053
6053
6053
6053
6053
6053
6053
6053
6053
6053
6053
6053
6053
6053
6053
6053
6053
6053
6053
6053
6053
6053
6053
6053
6053
6053
6053
6053
6053
6053
6053
6053
6053
6053
6053
6053
6053
6053
6053
6053
6053
6053
6053
6053
6053
6053
6053
6053
6053
6053
6053
6053
6053
6053
6053
6053
6053
6050
6050
6050
6050
6050
6050
6050
6050
6050
6050
6050
6050
6050
6050
6050
6050
6050
6050
6050
6050
6050
6050
6050
6050
6050
6050
6050
6050
6050
6050
6050
6050
6050
6050
6050
6050
6050
6039
6039
6039
6039
6039
6039
6039
6039
6039
6039
6039
6039
6039
6039
6039
6039
6039
6039
6039
6039
6039
6039
6039
6039
6039
6039
6039
6039
6039
6039
6039
6039
6039
6039
6039
6039
6039
6039
6039
6039
6039
6039
6039
6039
6039
6039
6039
6039
6039
6039
6039
6039
6039
6039
6039
6039
6039
6039
6039
6039
6039
6039
6039
6039
6039
6039
6039
6039
6039
6039
6039
6039
6039
6039
6039
6039
6010
6010
6010
6010
6010
6010
6010
6010
6010
6010
5989
5989
5989
5989
5989
5989
5989
5989
5989
5989
5989
5989
5989
5989
5989
5989
5989
5989
5989
5989
5989
5989
5989
5989
5989
5989
5989
5989
5989
5989
5989
5989
5989
5989
5989
5989
5989
5989
5986
5986
5986
5986
5986
5986
5986
5986
5986
5986
5986
5986
5986
5986
5986
5986
5986
5986
5986
5986
5986
5986
5986
5986
5986
5945
5945
5945
5945
5945
5945
5945
5945
5945
5945
5945
5945
5945
5945
5945
5945
5945
5945
5945
5945
5945
5945
5945
5945
5945
5945
5945
5945
5945
5945
5945
5945
5945
5945
5945
5945
5945
5945
5945
5945
5945
5945
5945
5945
5945
5945
5945
5945
5945
5945
5945
5945
5945
5945
5945
5945
5945
5945
5945
5945
5945
5945
5945
5945
5945
5945
5945
5945
5942
5942
5942
5942
5942
5942
5942
5942
5942
5942
5942
5942
5942
5942
5942
5942
5942
5942
5942
5942
5942
5942
5942
5942
5942
5942
5942
5942
5942
5942
5942
5942
5942
5942
5942
5942
5942
5942
5942
5942
5942
5942
5942
5942
5942
5942
5942
5942
5942
5942
5942
5942
5942
5942
5942
5942
5942
5942
5942
5942
5942
5942
5942
5942
5942
5942
5942
5942
5942
5942
5942
5942
5942
5942
5942
5942
5942
5942
5942
5942
5942
5942
5942
5942
5942
5942
5942
5942
5942
5942
5942
5942
5942
5942
5942
5942
5942
5942
5917
5917
5917
5917
5917
5917
5917
5917
5917
5917
5917
5917
5917
5917
5917
5917
5917
5917
5917
5917
5917
5917
5917
5917
5917
5917
5917
5917
5917
5917
5917
5917
5917
5917
5917
5917
5917
5917
5917
5917
5917
5917
5917
5917
5917
5917
5917
5911
5911
5911
5911
5911
5911
5911
5911
5911
5911
5911
5911
5911
5911
5911
5911
5911
5911
5911
5911
5911
5911
5911
5911
5911
5911
5911
5911
5911
5911
5911
5911
5911
5911
5911
5911
5911
5911
5911
5911
5911
5911
5911
5911
5911
5911
5911
5911
5911
5911
5911
5911
5911
5911
5911
5911
5911
5911
5911
5911
5911
5911
5911
5911
5911
5911
5911
5911
5911
5911
5911
5911
5911
5911
5911
5911
5911
5911
5911
5911
5911
5911
5911
5911
5911
5911
5911
5911
5911
5911
5911
5911
5911
5911
5911
5911
5911
5911
5879
5879
5879
5879
5879
5879
5879
5879
5879
5879
5879
5879
5879
5879
5879
5879
5879
5879
5879
5879
5879
5879
5879
5879
5879
5879
5879
5879
5879
5879
5879
5879
5879
5879
5879
5879
5879
5879
5879
5879
5879
5879
5879
5879
5879
5879
5879
5879
5879
5879
5879
5879
5879
5879
5879
5879
5879
5879
5879
5879
5879
5879
5879
5879
5879
5879
5879
5879
5879
5879
5879
5879
5879
5879
5879
5879
5879
5879
5879
5879
5879
5879
5879
5879
5879
5879
5879
5879
5879
5879
5879
5879
5859
5859
5859
5859
5859
5859
5859
5859
5859
5859
5859
5859
5859
5859
5859
5859
5859
5859
5859
5859
5859
5859
5859
5859
5859
5859
5859
5859
5859
5859
5859
5859
5859
5859
5859
5859
5859
5859
5859
5859
5859
5859
5859
5859
5859
5859
5859
5859
5859
5859
5859
5859
5859
5859
5859
5859
5859
5859
5859
5859
5859
5859
5859
5859
5859
5859
5859
5859
5859
5859
5859
5859
5859
5859
5859
5859
5859
5859
5859
5859
5859
5859
5859
5859
5859
5859
5859
5859
5859
5859
5859
5859
5859
5859
5859
5859
5859
5859
5859
5859
5859
5859
5859
5859
5859
5859
5859
5859
5859
5859
5859
5859
5859
5859
5859
5859
5859
5859
5859
5859
5859
5859
5859
5859
5859
5859
5859
5859
5859
5859
5859
5859
5859
5859
5859
5859
5859
5859
5859
5859
5859
5859
5859
5859
5859
5859
5859
5859
5859
5859
5859
5859
5859
5837
5837
5837
5837
5837
5837
5837
5837
5837
5837
5837
5837
5837
5837
5837
5837
5837
5837
5837
5837
5837
5837
5837
5837
5837
5837
5837
5837
5837
5837
5837
5837
5837
5837
5837
5837
5837
5837
5837
5837
5837
5837
5837
5837
5837
5837
5837
5837
5837
5837
5837
5837
5837
5837
5837
5837
5837
5837
5837
5837
5837
5837
5837
5837
5837
5837
5837
5837
5837
5837
5837
5837
5837
5837
5837
5837
5837
5837
5837
5837
5837
5837
5837
5837
5837
5837
5837
5837
5837
5837
5837
5809
5809
5809
5809
5809
5809
5809
5809
5809
5809
5809
5809
5809
5809
5809
5809
5809
5809
5809
5809
5809
5809
5809
5809
5809
5809
5809
5809
5809
5809
5809
5809
5809
5809
5809
5809
5809
5809
5809
5809
5809
5809
5809
5809
5788
5788
5788
5788
5788
5788
5788
5788
5788
5788
5788
5788
5788
5788
5788
5788
5788
5788
5788
5788
5788
5788
5788
5788
5783
5783
5783
5783
5783
5783
5783
5783
5783
5783
5783
5783
5783
5783
5783
5783
5783
5783
5783
5783
5783
5783
5783
5783
5783
5783
5783
5783
5783
5783
5783
5783
5783
5783
5783
5783
5783
5783
5783
5783
5783
5783
5783
5783
5783
5783
5783
5783
5783
5783
5783
5783
5783
5783
5783
5783
5783
5783
5783
5783
5783
5783
5783
5783
5783
5783
5783
5783
5783
5783
5783
5783
5783
5783
5783
5783
5783
5783
5783
5783
5783
5783
5783
5783
5783
5783
5783
5783
5783
5783
5783
5783
5782
5782
5782
5782
5782
5782
5782
5782
5782
5782
5782
5782
5782
5782
5782
5782
5782
5782
5782
5782
5782
5782
5782
5782
5782
5750
5750
5750
5750
5750
5750
5750
5750
5750
5750
5750
5750
5750
5750
5750
5750
5750
5750
5750
5750
5750
5750
5750
5750
5750
5750
5750
5750
5750
5750
5750
5750
5750
5750
5750
5750
5750
5750
5750
5750
5750
5750
5750
5750
5750
5750
5750
5750
5750
5750
5750
5750
5750
5750
5750
5750
5750
5750
5750
5750
5750
5750
5750
5750
5750
5750
5750
5750
5750
5750
5750
5750
5750
5750
5750
5750
5750
5750
5750
5750
5750
5750
5750
5750
5750
5750
5750
5750
5750
5750
5714
5714
5714
5714
5714
5714
5714
5714
5714
5714
5714
5714
5714
5714
5714
5714
5714
5714
5714
5714
5714
5714
5714
5714
5714
5714
5714
5714
5714
5714
5714
5714
5714
5714
5714
5714
5714
5714
5714
5714
5714
5714
5714
5714
5714
5714
5714
5714
5714
5714
5714
5714
5714
5714
5714
5714
5714
5714
5714
5714
5714
5714
5714
5714
5714
5673
5673
5673
5673
5673
5673
5673
5673
5673
5673
5673
5673
5673
5673
5673
5673
5673
5673
5673
5673
5673
5673
5673
5673
5673
5673
5673
5673
5673
5673
5673
5673
5673
5673
5673
5673
5673
5673
5673
5673
5673
5673
5673
5673
5673
5673
5673
5673
5673
5673
5673
5673
5673
5673
5673
5673
5673
5673
5673
5673
5673
5673
5673
5673
5673
5673
5673
5673
5673
5673
5673
5673
5673
5673
5673
5673
5673
5673
5671
5671
5671
5671
5671
5671
5671
5671
5671
5671
5671
5671
5671
5671
5671
5671
5671
5671
5671
5671
5671
5671
5671
5671
5671
5671
5671
5671
5671
5671
5671
5671
5671
5671
5659
5659
5659
5659
5659
5659
5659
5659
5659
5659
5659
5659
5659
5659
5659
5659
5659
5659
5659
5659
5659
5659
5659
5659
5659
5659
5659
5659
5659
5659
5659
5659
5659
5659
5659
5659
5659
5659
5659
5659
5659
5659
5659
5659
5659
5659
5659
5659
5659
5659
5659
5659
5659
5659
5659
5659
5659
5659
5659
5659
5659
5659
5659
5659
5659
5659
5659
5659
5659
5659
5659
5659
5659
5659
5659
5659
5659
5659
5659
5659
5659
5659
5659
5659
5659
5659
5659
5659
5650
5650
5650
5650
5650
5650
5650
5650
5650
5650
5650
5650
5650
5650
5650
5650
5650
5650
5650
5650
5650
5650
5650
5650
5650
5650
5650
5650
5650
5650
5650
5650
5650
5650
5650
5650
5650
5650
5650
5650
5650
5650
5650
5650
5650
5650
5650
5650
5650
5650
5650
5650
5650
5650
5650
5650
5650
5650
5650
5650
5650
5650
5650
5650
5624
5624
5624
5624
5624
5624
5624
5624
5624
5624
5624
5624
5624
5624
5624
5624
5624
5624
5624
5624
5624
5624
5624
5624
5624
5624
5624
5624
5624
5624
5624
5624
5624
5624
5624
5624
5624
5624
5624
5624
5624
5624
5624
5624
5622
5622
5622
5622
5622
5622
5622
5622
5622
5622
5622
5604
5604
5604
5604
5604
5604
5604
5604
5604
5604
5604
5604
5604
5604
5604
5604
5604
5604
5604
5604
5604
5604
5604
5604
5604
5604
5604
5604
5604
5604
5572
5572
5572
5572
5572
5572
5572
5572
5517
5517
5517
5517
5517
5517
5517
5517
5517
5517
5517
5517
5516
5516
5516
5516
5516
5516
5516
5516
5516
5516
5516
5516
5516
5516
5516
5516
5516
5516
5516
5516
5516
5516
5516
5516
5516
5516
5516
5516
5516
5516
5516
5516
5516
5516
5516
5516
5516
5516
5516
5516
5516
5492
5492
5492
5492
5492
5492
5492
5492
5492
5492
5492
5492
5492
5492
5492
5492
5492
5492
5492
5492
5492
5492
5492
5492
5492
5492
5492
5492
5492
5492
5492
5492
5492
5492
5492
5492
5492
5492
5492
5485
5485
5485
5485
5485
5485
5485
5485
5485
5485
5485
5485
5485
5485
5485
5485
5485
5485
5485
5485
5485
5485
5485
5485
5485
5484
5484
5484
5484
5484
5484
5484
5484
5484
5484
5484
5484
5484
5484
5484
5484
5484
5484
5484
5484
5484
5484
5484
5484
5484
5484
5484
5484
5484
5484
5484
5484
5484
5484
5484
5484
5484
5484
5484
5484
5484
5484
5484
5484
5484
5484
5484
5484
5484
5484
5484
5484
5484
5484
5484
5484
5484
5484
5484
5484
5459
5459
5459
5459
5459
5459
5459
5459
5459
5459
5453
5453
5453
5453
5453
5453
5453
5453
5453
5453
5453
5453
5453
5453
5453
5453
5453
5453
5453
5447
5447
5447
5447
5447
5447
5447
5447
5447
5447
5447
5447
5447
5447
5447
5447
5447
5447
5447
5447
5447
5447
5447
5447
5447
5447
5447
5447
5447
5447
5447
5447
5447
5447
5447
5447
5447
5442
5442
5442
5442
5431
5431
5431
5431
5431
5431
5431
5431
5431
5431
5431
5431
5431
5431
5431
5431
5431
5431
5431
5431
5431
5431
5431
5431
5431
5431
5431
5431
5431
5431
5431
5431
5431
5431
5431
5431
5431
5431
5431
5431
5431
5431
5431
5431
5431
5431
5431
5431
5431
5431
5431
5431
5431
5431
5431
5431
5431
5431
5431
5431
5431
5431
5431
5431
5431
5431
5431
5431
5431
5431
5431
5431
5431
5431
5431
5431
5431
5431
5431
5431
5431
5431
5431
5431
5429
5429
5429
5429
5429
5429
5429
5429
5429
5429
5429
5429
5429
5429
5429
5429
5429
5429
5429
5429
5429
5429
5429
5429
5429
5429
5429
5429
5429
5429
5429
5429
5429
5429
5397
5397
5397
5397
5397
5397
5397
5397
5397
5397
5397
5397
5397
5397
5397
5397
5397
5397
5397
5397
5397
5397
5397
5397
5397
5397
5397
5397
5397
5389
5389
5389
5389
5366
5366
5366
5366
5366
5366
5366
5366
5366
5366
5366
5366
5366
5366
5366
5366
5366
5366
5366
5366
5366
5366
5366
5366
5366
5366
5366
5366
5366
5366
5366
5366
5366
5366
5366
5366
5366
5366
5366
5366
5366
5366
5366
5366
5366
5366
5366
5366
5366
5366
5366
5366
5366
5366
5366
5366
5366
5366
5366
5343
5343
5343
5343
5343
5343
5343
5343
5343
5343
5343
5343
5343
5343
5343
5343
5343
5343
5343
5343
5343
5343
5343
5343
5343
5343
5343
5343
5343
5343
5343
5343
5343
5343
5343
5343
5343
5343
5343
5343
5343
5343
5343
5343
5343
5343
5343
5343
5343
5343
5343
5343
5343
5343
5343
5343
5343
5343
5343
5343
5343
5343
5343
5343
5343
5343
5343
5343
5343
5343
5343
5343
5343
5343
5343
5343
5343
5343
5343
5343
5343
5343
5343
5343
5343
5343
5332
5332
5332
5332
5332
5332
5332
5332
5332
5332
5332
5332
5332
5332
5332
5332
5332
5332
5332
5332
5332
5332
5332
5332
5332
5332
5332
5332
5332
5332
5332
5332
5332
5332
5332
5332
5332
5321
5321
5321
5321
5321
5321
5321
5321
5321
5321
5321
5321
5321
5321
5321
5321
5321
5321
5321
5321
5321
5321
5321
5321
5321
5321
5321
5321
5321
5321
5321
5321
5321
5321
5321
5321
5321
5321
5321
5321
5321
5321
5321
5321
5321
5321
5321
5321
5321
5321
5321
5321
5321
5321
5321
5321
5321
5321
5321
5321
5321
5321
5266
5266
5266
5266
5266
5266
5266
5266
5266
5266
5266
5266
5266
5266
5266
5266
5266
5266
5266
5266
5266
5266
5266
5266
5266
5266
5266
5266
5266
5266
5266
5266
5266
5266
5266
5266
5266
5266
5266
5266
5266
5266
5266
5266
5266
5266
5266
5266
5266
5266
5266
5266
5266
5266
5266
5266
5266
5266
5266
5266
5266
5266
5266
5266
5266
5266
5203
5203
5203
5203
5203
5203
5203
5203
5203
5203
5203
5203
5203
5203
5203
5203
5203
5203
5203
5203
5203
5203
5203
5203
5203
5203
5203
5203
5203
5203
5203
5203
5203
5203
5203
5203
5203
5203
5203
5203
5203
5203
5203
5203
5203
5203
5203
5203
5203
5203
5203
5203
5203
5203
5203
5203
5203
5203
5203
5203
5203
5203
5203
5203
5203
5203
5203
5203
5203
5203
5203
5203
5203
5203
5203
5203
5176
5176
5176
5176
5176
5176
5176
5176
5176
5176
5176
5176
5176
5176
5176
5176
5176
5176
5176
5176
5176
5176
5176
5176
5176
5176
5176
5176
5160
5160
5160
5160
5160
5160
5160
5160
5160
5160
5160
5160
5160
5160
5160
5160
5160
5160
5160
5160
5160
5160
5160
5160
5160
5160
5160
5160
5160
5160
5160
5160
5160
5160
5160
5160
5160
5160
5160
5160
5160
5160
5160
5160
5160
5141
5141
5141
5141
5141
5141
5141
5141
5141
5141
5141
5141
5141
5141
5141
5141
5141
5141
5141
5141
5141
5141
5141
5141
5141
5141
5141
5141
5141
5141
5141
5141
5141
5141
5141
5141
5141
5141
5141
5141
5141
5141
5140
5140
5140
5140
5140
5140
5140
5140
5140
5140
5140
5140
5140
5140
5140
5140
5140
5140
5140
5140
5140
5140
5140
5140
5140
5140
5140
5140
5140
5140
5140
5140
5140
5140
5140
5140
5140
5140
5140
5140
5140
5140
5140
5140
5140
5140
5140
5140
5140
5140
5140
5140
5140
5140
5140
5140
5140
5140
5140
5140
5140
5140
5140
5140
5140
5140
5140
5140
5140
5140
5140
5140
5140
5140
5140
5140
5140
5140
5140
5140
5140
5140
5140
5140
5140
5140
5140
5140
5140
5140
5140
5140
5140
5140
5140
5140
5140
5140
5140
5140
5140
5140
5140
5140
5140
5140
5140
5140
5140
5140
5140
5140
5140
5140
5140
5140
5140
5140
5140
5140
5140
5140
5140
5140
5140
5140
5140
5140
5140
5140
5140
5140
5140
5140
5140
5140
5140
5140
5140
5140
5140
5140
5140
5140
5140
5140
5140
5140
5140
5140
5140
5140
5140
5140
5140
5140
5140
5140
5140
5140
5140
5140
5140
5140
5137
5137
5137
5137
5137
5137
5137
5137
5137
5137
5137
5137
5137
5137
5137
5137
5137
5137
5137
5137
5137
5137
5137
5137
5137
5108
5108
5108
5108
5108
5108
5108
5108
5108
5108
5108
5108
5108
5108
5108
5108
5108
5108
5108
5093
5093
5093
5093
5093
5093
5093
5093
5093
5093
5093
5093
5093
5093
5093
5093
5093
5093
5093
5093
5093
5093
5093
5093
5093
5093
5093
5093
5093
5093
5093
5093
5093
5093
5093
5093
5093
5093
5093
5093
5093
5093
5093
5093
5093
5093
5093
5093
5093
5093
5093
5093
5093
5093
5093
5093
5093
5093
5093
5093
5093
5093
5093
5093
5093
5093
5093
5093
5093
5093
5093
5093
5093
5093
5093
5093
5093
5093
5093
5093
5093
5093
5093
5093
5093
5086
5086
5086
5086
5086
5086
5086
5086
5086
5086
5086
5086
5086
5086
5086
5086
5086
5086
5086
5086
5086
5086
5086
5086
5086
5086
5086
5086
5086
5086
5086
5086
5086
5086
5086
5086
5086
5086
5086
5086
5086
5086
5086
5086
5086
5086
5086
5086
5086
5086
5086
5086
5086
5086
5086
5086
5086
5086
5086
5086
5086
5086
5086
5086
5086
5086
5086
5086
5086
5086
5086
5086
5086
5086
5086
5086
5086
5086
5086
5086
5086
5086
5086
5086
5086
5086
5086
5086
5086
5086
5086
5086
5086
5086
5086
5086
5076
5076
5076
5076
5076
5076
5076
5076
5076
5076
5076
5076
5076
5076
5076
5076
5076
5076
5076
5076
5076
5076
5076
5076
5076
5076
5076
5076
5076
5076
5076
5076
5076
5076
5076
5076
5076
5076
5076
5076
5076
5076
5076
5076
5076
5076
5076
5076
5076
5076
5076
5076
5076
5076
5076
5076
5076
5076
5076
5076
5076
5076
5076
5076
5076
5076
5076
5076
5076
5076
5076
5076
5076
5076
5076
5076
5076
5076
5076
5012
5012
5012
5012
5012
5012
5012
5012
5012
5012
5012
5012
5012
5012
5012
5012
5012
5012
5012
5012
5012
5012
5012
5012
5012
5012
5012
5012
5012
5012
5012
5012
5012
5012
5012
5012
5012
5012
5012
5012
5012
5012
5012
5012
5012
5012
5012
5012
5012
5012
5012
5012
5012
5012
5012
5012
5012
5012
5012
5012
5012
5012
5012
5012
5009
5009
5009
5009
5009
5009
5009
5009
5009
5009
5009
5009
5009
5009
5009
5009
5009
5009
5009
5009
5009
5009
5009
5009
5009
5009
5009
5009
5009
5009
5009
5009
5009
4956
4956
4956
4956
4956
4956
4956
4956
4956
4956
4956
4956
4956
4956
4956
4956
4956
4956
4956
4956
4956
4956
4956
4956
4956
4956
4956
4956
4956
4956
4956
4956
4956
4956
4956
4956
4956
4956
4956
4956
4956
4956
4956
4956
4956
4956
4956
4956
4956
4956
4956
4956
4956
4956
4956
4956
4956
4956
4956
4956
4956
4956
4956
4956
4956
4956
4956
4956
4956
4956
4956
4956
4956
4956
4956
4956
4956
4956
4956
4956
4956
4956
4956
4920
4920
4920
4920
4920
4920
4920
4920
4920
4920
4920
4920
4920
4920
4920
4920
4919
4919
4919
4919
4919
4919
4919
4919
4919
4919
4919
4919
4919
4919
4919
4919
4919
4919
4919
4919
4919
4919
4919
4919
4919
4919
4919
4919
4919
4919
4919
4919
4919
4919
4919
4919
4919
4919
4919
4919
4919
4919
4919
4919
4919
4919
4919
4919
4919
4919
4919
4919
4919
4919
4919
4919
4919
4919
4919
4919
4919
4919
4919
4919
4919
4919
4919
4919
4919
4919
4919
4919
4919
4910
4910
4910
4910
4910
4910
4910
4868
4868
4868
4868
4868
4868
4868
4868
4868
4868
4868
4868
4868
4868
4868
4868
4868
4868
4868
4868
4868
4868
4868
4868
4868
4868
4868
4868
4868
4868
4868
4868
4868
4868
4868
4868
4868
4868
4868
4868
4868
4868
4868
4868
4868
4868
4868
4868
4868
4868
4868
4868
4868
4868
4853
4853
4853
4853
4853
4853
4853
4853
4837
4837
4837
4837
4837
4837
4837
4837
4837
4837
4837
4837
4837
4837
4837
4837
4837
4837
4837
4837
4837
4837
4837
4837
4837
4837
4837
4837
4837
4837
4837
4837
4837
4837
4837
4837
4837
4837
4837
4837
4837
4837
4837
4837
4837
4837
4837
4837
4837
4837
4837
4820
4820
4820
4820
4820
4820
4820
4820
4820
4820
4820
4820
4820
4820
4815
4815
4815
4815
4815
4815
4815
4815
4815
4815
4815
4815
4815
4815
4772
4772
4772
4772
4772
4772
4772
4772
4772
4772
4772
4772
4772
4772
4772
4772
4772
4772
4772
4772
4772
4772
4772
4772
4752
4752
4752
4752
4752
4752
4752
4752
4752
4752
4752
4752
4752
4752
4752
4752
4752
4752
4752
4752
4752
4752
4752
4752
4752
4752
4752
4752
4752
4752
4752
4752
4752
4752
4752
4752
4752
4752
4752
4752
4752
4752
4752
4752
4752
4752
4752
4752
4752
4752
4752
4752
4752
4752
4752
4752
4752
4752
4752
4752
4752
4752
4752
4752
4740
4740
4740
4740
4740
4739
4739
4739
4739
4739
4739
4695
4695
4695
4690
4690
4690
4690
4690
4690
4690
4690
4690
4690
4690
4690
4690
4690
4690
4690
4690
4690
4690
4690
4690
4690
4690
4658
4658
4658
4658
4658
4658
4658
4658
4658
4658
4658
4658
4658
4658
4658
4658
4658
4658
4658
4658
4658
4658
4658
4658
4658
4658
4658
4658
4658
4658
4658
4658
4658
4658
4658
4658
4658
4658
4658
4658
4658
4658
4658
4658
4658
4658
4658
4658
4658
4658
4658
4658
4646
4646
4646
4646
4646
4646
4646
4646
4646
4646
4646
4646
4646
4646
4646
4646
4646
4646
4646
4646
4646
4646
4646
4646
4646
4646
4646
4646
4646
4646
4646
4646
4646
4646
4638
4638
4638
4638
4638
4638
4638
4638
4638
4638
4638
4635
4635
4635
4635
4635
4635
4635
4635
4635
4635
4635
4635
4635
4635
4635
4635
4635
4635
4635
4624
4624
4624
4624
4624
4624
4624
4624
4624
4624
4624
4624
4624
4624
4624
4624
4624
4624
4624
4624
4624
4624
4624
4624
4624
4624
4624
4624
4624
4624
4624
4624
4624
4624
4624
4624
4624
4624
4624
4624
4624
4624
4624
4624
4624
4624
4624
4624
4624
4624
4624
4624
4624
4624
4624
4624
4624
4624
4624
4624
4624
4624
4624
4624
4624
4624
4624
4624
4624
4624
4624
4624
4624
4624
4622
4622
4622
4622
4622
4622
4622
4622
4622
4622
4622
4622
4622
4622
4622
4604
4604
4604
4604
4604
4604
4604
4604
4604
4604
4604
4604
4604
4604
4604
4604
4604
4604
4604
4604
4604
4549
4549
4549
4549
4549
4549
4549
4549
4549
4549
4549
4549
4549
4549
4549
4549
4549
4549
4549
4549
4549
4549
4549
4549
4549
4549
4549
4549
4549
4549
4549
4549
4549
4549
4549
4549
4549
4519
4519
4519
4519
4519
4519
4519
4519
4511
4511
4511
4511
4511
4511
4511
4511
4511
4511
4511
4511
4511
4511
4511
4511
4511
4511
4511
4511
4511
4511
4511
4511
4511
4511
4511
4511
4511
4511
4511
4511
4511
4511
4511
4511
4511
4511
4511
4511
4511
4511
4511
4511
4511
4511
4511
4511
4511
4511
4511
4511
4507
4507
4507
4507
4507
4507
4507
4507
4507
4507
4507
4507
4507
4489
4489
4489
4489
4489
4489
4489
4489
4489
4489
4489
4489
4489
4489
4489
4489
4489
4489
4489
4489
4489
4489
4489
4489
4489
4489
4475
4475
4475
4475
4475
4475
4475
4475
4475
4475
4475
4475
4475
4475
4475
4475
4475
4475
4475
4475
4475
4475
4475
4475
4475
4475
4475
4475
4475
4475
4475
4475
4475
4475
4475
4475
4475
4475
4475
4475
4475
4475
4475
4475
4475
4475
4475
4475
4475
4475
4475
4475
4475
4475
4475
4475
4475
4475
4475
4475
4475
4475
4475
4475
4475
4475
4459
4459
4459
4459
4459
4459
4459
4459
4459
4459
4459
4459
4459
4459
4459
4459
4459
4459
4459
4459
4459
4459
4459
4459
4459
4459
4459
4459
4459
4459
4459
4459
4459
4459
4459
4459
4459
4459
4459
4459
4459
4459
4459
4459
4459
4459
4459
4459
4459
4459
4459
4459
4459
4459
4459
4459
4459
4459
4459
4427
4427
4427
4427
4427
4427
4427
4427
4427
4427
4427
4427
4427
4427
4427
4427
4427
4427
4427
4427
4427
4427
4427
4427
4427
4427
4427
4427
4427
4427
4427
4427
4427
4427
4427
4427
4427
4427
4426
4426
4426
4426
4426
4426
4426
4426
4426
4426
4426
4426
4426
4426
4426
4426
4426
4426
4426
4426
4426
4426
4426
4426
4426
4426
4426
4426
4426
4426
4426
4426
4426
4426
4426
4426
4426
4426
4426
4426
4426
4426
4426
4426
4426
4426
4426
4426
4426
4426
4426
4426
4426
4426
4426
4426
4422
4422
4422
4422
4422
4422
4422
4422
4422
4422
4422
4422
4422
4422
4422
4422
4422
4422
4422
4422
4422
4422
4422
4422
4422
4422
4422
4422
4422
4422
4422
4422
4422
4422
4422
4422
4422
4422
4422
4422
4422
4422
4422
4422
4422
4422
4422
4422
4422
4422
4422
4422
4422
4422
4410
4410
4410
4410
4410
4410
4410
4410
4410
4410
4410
4410
4410
4410
4410
4410
4410
4410
4410
4410
4410
4410
4410
4410
4410
4410
4410
4410
4410
4410
4410
4410
4410
4410
4410
4410
4410
4410
4410
4410
4410
4410
4410
4410
4410
4410
4410
4410
4410
4410
4410
4410
4410
4410
4410
4410
4410
4410
4410
4410
4410
4410
4410
4410
4410
4410
4410
4410
4410
4410
4410
4410
4410
4410
4410
4410
4410
4410
4410
4410
4410
4410
4410
4410
4410
4410
4410
4410
4410
4410
4410
4410
4410
4410
4410
4410
4374
4374
4374
4374
4374
4374
4374
4374
4374
4374
4374
4374
4374
4374
4374
4374
4374
4374
4374
4374
4374
4374
4374
4374
4374
4374
4374
4374
4374
4374
4374
4374
4374
4374
4374
4374
4374
4374
4374
4374
4374
4374
4340
4340
4340
4340
4340
4340
4340
4340
4340
4340
4340
4340
4340
4340
4340
4340
4340
4340
4340
4340
4340
4340
4340
4340
4340
4340
4340
4340
4340
4340
4340
4340
4340
4340
4340
4340
4340
4340
4340
4340
4340
4340
4340
4340
4340
4340
4340
4340
4340
4340
4339
4339
4339
4339
4339
4339
4339
4339
4339
4339
4339
4339
4339
4339
4339
4339
4339
4339
4339
4339
4339
4339
4339
4339
4339
4339
4339
4339
4339
4339
4339
4339
4339
4339
4339
4339
4339
4339
4339
4339
4339
4339
4339
4339
4339
4339
4339
4339
4339
4339
4339
4339
4339
4339
4339
4339
4339
4339
4339
4339
4339
4339
4339
4339
4339
4339
4339
4339
4339
4339
4339
4339
4339
4339
4339
4339
4339
4339
4339
4339
4339
4339
4339
4339
4339
4339
4321
4321
4321
4321
4321
4321
4321
4321
4321
4321
4321
4321
4321
4321
4321
4321
4321
4321
4321
4321
4321
4321
4321
4321
4321
4321
4321
4321
4321
4321
4321
4321
4321
4321
4321
4321
4321
4321
4321
4321
4321
4321
4321
4321
4321
4321
4296
4296
4296
4296
4296
4296
4296
4296
4296
4296
4296
4296
4296
4296
4296
4296
4296
4296
4296
4296
4296
4296
4296
4296
4296
4296
4296
4296
4296
4296
4296
4296
4296
4296
4296
4296
4296
4296
4296
4296
4296
4296
4296
4296
4283
4283
4272
4272
4272
4272
4272
4272
4272
4272
4272
4272
4272
4272
4272
4249
4249
4249
4249
4249
4249
4249
4249
4249
4249
4249
4249
4249
4249
4249
4249
4249
4249
4249
4249
4249
4249
4249
4249
4249
4249
4249
4249
4249
4249
4249
4249
4249
4249
4249
4249
4249
4249
4249
4249
4249
4249
4249
4228
4228
4228
4228
4228
4228
4228
4228
4228
4228
4228
4218
4218
4218
4218
4218
4218
4218
4218
4218
4218
4218
4218
4218
4218
4212
4212
4212
4212
4212
4212
4212
4212
4212
4212
4212
4212
4212
4212
4212
4212
4212
4212
4212
4212
4212
4212
4212
4212
4212
4212
4212
4212
4212
4212
4212
4212
4212
4212
4212
4212
4212
4212
4212
4212
4212
4212
4212
4212
4212
4212
4212
4212
4212
4212
4212
4212
4212
4212
4212
4212
4212
4212
4212
4212
4212
4212
4212
4212
4212
4212
4212
4212
4212
4212
4212
4212
4212
4212
4212
4212
4212
4212
4212
4212
4212
4212
4212
4212
4207
4207
4207
4207
4207
4207
4207
4207
4207
4207
4207
4207
4207
4207
4207
4207
4207
4207
4207
4207
4207
4207
4207
4207
4207
4207
4207
4207
4207
4207
4207
4207
4207
4207
4207
4207
4207
4207
4207
4207
4207
4207
4207
4207
4207
4180
4180
4180
4180
4180
4180
4180
4180
4180
4180
4180
4180
4180
4180
4180
4180
4180
4180
4180
4180
4180
4180
4180
4180
4180
4180
4180
4180
4180
4180
4180
4180
4180
4180
4180
4180
4180
4180
4180
4180
4180
4180
4180
4180
4180
4180
4180
4180
4180
4180
4180
4180
4180
4180
4180
4180
4165
4165
4165
4165
4165
4165
4165
4165
4165
4165
4165
4165
4165
4165
4165
4165
4165
4165
4165
4165
4165
4165
4165
4165
4165
4165
4165
4165
4165
4165
4155
4155
4155
4155
4155
4155
4155
4155
4155
4155
4155
4155
4155
4155
4155
4155
4155
4155
4155
4155
4155
4155
4155
4155
4155
4155
4155
4155
4155
4155
4155
4155
4155
4155
4155
4155
4155
4155
4155
4155
4155
4155
4155
4155
4155
4155
4155
4155
4155
4155
4155
4155
4155
4155
4155
4155
4155
4155
4155
4155
4155
4155
4155
4155
4155
4155
4155
4155
4155
4155
4155
4155
4155
4155
4155
4155
4155
4155
4155
4155
4155
4137
4137
4137
4137
4137
4137
4137
4137
4137
4137
4137
4137
4137
4137
4137
4137
4137
4137
4137
4137
4137
4137
4137
4137
4137
4137
4137
4137
4137
4137
4137
4137
4137
4137
4137
4137
4137
4137
4137
4137
4137
4137
4137
4137
4137
4137
4137
4137
4137
4137
4137
4137
4137
4137
4137
4137
4137
4137
4137
4137
4137
4137
4137
4137
4137
4137
4137
4137
4108
4108
4108
4108
4108
4108
4108
4108
4108
4108
4108
4108
4108
4108
4108
4108
4108
4108
4108
4108
4108
4108
4108
4108
4108
4108
4108
4108
4108
4108
4108
4108
4108
4108
4108
4108
4108
4108
4108
4108
4108
4108
4108
4108
4108
4108
4108
4108
4108
4108
4108
4108
4108
4108
4108
4108
4108
4108
4108
4108
4108
4108
4108
4108
4108
4108
4108
4108
4108
4108
4108
4108
4108
4108
4108
4108
4108
4108
4108
4108
4108
4108
4098
4098
4098
4098
4098
4098
4098
4098
4098
4098
4098
4098
4098
4098
4098
4098
4098
4098
4098
4098
4098
4098
4098
4098
4098
4098
4098
4098
4098
4098
4098
4098
4098
4098
4098
4098
4098
4098
4098
4098
4098
4098
4098
4098
4098
4098
4098
4098
4098
4098
4098
4098
4098
4098
4098
4098
4098
4098
4098
4098
4098
4098
4098
4098
4098
4098
4098
4098
4098
4098
4098
4098
4098
4098
4098
4098
4077
4077
4077
4077
4077
4077
4077
4077
4077
4077
4077
4077
4077
4069
4069
4069
4069
4069
4069
4069
4069
4069
4069
4069
4069
4069
4069
4069
4046
4046
4046
4046
4046
4046
4046
4046
4046
4046
4046
4046
4046
4046
4046
4046
4046
4046
4046
4046
4046
4046
4046
4046
4046
4046
4046
4046
4046
4046
4046
4046
4046
4046
4046
4046
4046
4046
4046
4046
4046
4046
4046
4046
4046
4046
4046
4046
4046
4046
4046
4046
4046
4046
4046
4046
4046
4046
4046
4046
4046
4046
4046
4046
4046
4046
4046
4046
4046
4046
4046
4046
4046
4046
4046
4042
4042
4042
4042
4042
4042
4042
4042
4042
4042
4042
4042
4042
4042
4042
4042
4042
4042
4042
4042
4042
4042
4042
4042
4042
4042
4042
4042
4042
4042
4042
4042
4042
4042
4042
4042
4042
4042
4042
4042
4042
4042
4042
4042
4042
4042
4042
4042
4042
4042
4042
4042
4042
4042
4042
4042
4042
4042
4042
4042
4042
4042
4042
4042
4042
4042
4042
4042
4042
4042
4042
4042
4042
4042
4042
4042
4042
4042
4042
4042
4042
4042
4042
4042
4042
4042
4042
4042
4042
4042
4042
4042
4042
4042
4042
4042
4042
4031
4031
4031
4031
4031
4031
4031
4023
4023
4023
4023
4023
4023
4023
4023
4023
4023
4023
4023
4023
4023
4023
4023
4023
4023
4023
4023
4023
4023
4023
4023
4023
4023
4023
4023
4023
4023
4023
4023
4023
4023
4023
4023
4023
4023
4023
4023
4023
4023
4023
4023
4023
4023
4023
4023
4023
4023
4023
4023
4023
4023
4023
4023
4023
4023
4023
4023
4023
4023
4023
4010
4010
4010
4010
4010
4010
4010
4010
4010
4010
4010
4010
4010
4010
4010
4010
4010
4010
4010
4010
4010
4010
4010
4010
4010
4010
4010
4010
4010
4009
4009
4009
4009
4009
4009
4009
4009
4009
4009
4009
4009
4009
4009
4009
4009
4009
4009
4009
4009
4009
4009
4009
4009
4009
4009
4009
4009
4009
4009
4009
4009
4009
4009
4009
4009
4009
4009
4009
4009
4009
4009
4009
4009
4009
4009
4009
4009
4009
4009
4009
4009
4009
4009
4009
4009
4009
4009
4009
4009
4009
4009
4009
4009
4009
4009
4009
4009
4009
4009
4009
4009
4009
4009
4009
4009
4009
4009
4009
4009
4009
4009
4009
4009
4009
4009
4009
4009
4009
4009
4009
4009
4009
4009
4009
4009
4009
4009
4009
4008
4003
4003
4003
4003
4003
4003
4003
4003
4003
4003
4003
4003
4003
4003
4003
4003
4003
4003
4003
4003
4003
4003
4003
4003
4003
4003
4003
4003
4003
4003
4003
4003
4003
4003
4003
4003
4003
4003
4003
4003
4003
4003
4003
4003
4003
3984
3984
3984
3984
3984
3984
3984
3984
3984
3984
3984
3984
3984
3984
3984
3984
3984
3984
3984
3984
3984
3984
3984
3984
3984
3984
3980
3980
3980
3980
3980
3980
3980
3980
3980
3980
3980
3980
3980
3980
3980
3980
3980
3980
3980
3980
3980
3980
3980
3980
3980
3980
3980
3980
3980
3980
3980
3980
3980
3980
3980
3957
3957
3957
3957
3957
3957
3957
3957
3957
3957
3957
3957
3957
3957
3957
3957
3957
3957
3957
3957
3957
3957
3957
3957
3957
3957
3957
3957
3957
3957
3957
3957
3957
3957
3957
3957
3957
3957
3957
3957
3957
3957
3957
3957
3957
3957
3957
3957
3957
3957
3957
3957
3957
3957
3957
3957
3957
3957
3957
3957
3957
3957
3957
3957
3957
3957
3957
3957
3957
3957
3957
3957
3957
3957
3957
3957
3957
3957
3957
3957
3957
3957
3957
3957
3957
3957
3957
3957
3957
3957
3957
3957
3957
3957
3946
3946
3946
3946
3946
3946
3946
3946
3946
3946
3946
3946
3946
3904
3904
3904
3904
3904
3904
3904
3904
3904
3904
3904
3904
3904
3904
3904
3904
3904
3904
3904
3904
3904
3904
3904
3904
3904
3904
3904
3904
3904
3904
3904
3904
3904
3904
3904
3904
3904
3904
3904
3904
3904
3904
3904
3904
3904
3904
3904
3904
3904
3904
3904
3904
3904
3904
3904
3895
3895
3895
3895
3895
3895
3895
3895
3895
3853
3853
3853
3853
3853
3853
3853
3853
3853
3853
3853
3853
3853
3853
3853
3853
3853
3853
3853
3853
3853
3853
3853
3853
3853
3853
3853
3853
3853
3853
3853
3853
3853
3853
3853
3853
3853
3853
3852
3852
3852
3852
3852
3852
3852
3852
3852
3852
3852
3852
3852
3852
3852
3852
3852
3852
3852
3852
3852
3852
3852
3852
3852
3852
3852
3784
3784
3784
3784
3784
3784
3784
3784
3784
3784
3784
3784
3784
3784
3784
3784
3784
3784
3784
3784
3784
3784
3784
3784
3784
3784
3784
3784
3784
3784
3784
3784
3784
3784
3784
3784
3784
3784
3784
3784
3784
3784
3784
3784
3784
3784
3784
3784
3784
3784
3784
3784
3784
3784
3784
3784
3784
3784
3784
3784
3784
3784
3784
3784
3784
3784
3784
3784
3784
3784
3784
3784
3784
3784
3784
3784
3784
3784
3784
3784
3784
3784
3784
3782
3782
3782
3782
3782
3782
3782
3782
3782
3782
3782
3782
3782
3782
3782
3782
3782
3782
3782
3782
3782
3782
3782
3782
3782
3782
3782
3782
3782
3782
3782
3782
3782
3782
3782
3782
3782
3782
3782
3782
3782
3782
3782
3782
3782
3782
3782
3782
3782
3782
3782
3782
3782
3782
3782
3782
3782
3782
3782
3782
3782
3782
3782
3782
3782
3782
3782
3782
3782
3782
3782
3782
3782
3782
3782
3782
3782
3782
3782
3782
3782
3782
3782
3752
3752
3752
3752
3752
3752
3752
3752
3752
3752
3752
3752
3752
3752
3752
3752
3752
3752
3752
3752
3752
3752
3752
3752
3752
3752
3752
3752
3752
3752
3752
3752
3752
3752
3752
3752
3752
3752
3752
3752
3752
3752
3752
3752
3752
3752
3752
3752
3752
3752
3752
3752
3752
3752
3752
3752
3752
3752
3752
3752
3720
3720
3720
3720
3720
3720
3720
3720
3720
3720
3720
3720
3720
3720
3720
3720
3720
3720
3720
3720
3720
3720
3720
3720
3720
3720
3720
3720
3720
3720
3720
3720
3720
3720
3720
3720
3720
3720
3720
3720
3720
3720
3720
3720
3720
3720
3720
3720
3720
3720
3720
3720
3720
3720
3720
3720
3720
3720
3720
3720
3720
3720
3720
3720
3720
3720
3720
3720
3720
3720
3720
3720
3720
3720
3720
3720
3720
3720
3720
3720
3720
3720
3720
3720
3720
3720
3720
3720
3720
3720
3720
3720
3720
3720
3720
3720
3709
3709
3709
3709
3709
3709
3696
3696
3696
3696
3696
3696
3696
3696
3696
3696
3696
3696
3696
3696
3696
3696
3696
3696
3696
3696
3696
3696
3696
3696
3696
3696
3696
3696
3696
3696
3696
3696
3696
3696
3696
3696
3696
3696
3696
3696
3696
3696
3696
3696
3696
3696
3696
3696
3696
3696
3696
3696
3696
3696
3696
3696
3696
3696
3696
3696
3696
3696
3696
3696
3696
3696
3696
3696
3696
3696
3696
3696
3696
3696
3696
3696
3696
3696
3696
3696
3696
3696
3696
3696
3696
3696
3696
3696
3696
3696
3696
3696
3696
3696
3696
3696
3696
3696
3696
3696
3694
3694
3694
3694
3694
3694
3694
3694
3694
3694
3694
3694
3694
3694
3694
3694
3694
3694
3694
3694
3694
3694
3694
3694
3694
3694
3694
3694
3694
3694
3694
3694
3694
3694
3694
3694
3694
3694
3694
3694
3694
3694
3694
3694
3694
3694
3694
3694
3694
3694
3694
3694
3694
3694
3694
3694
3694
3694
3694
3694
3694
3694
3694
3694
3694
3694
3694
3694
3694
3694
3694
3694
3694
3694
3694
3694
3694
3694
3694
3694
3694
3694
3694
3694
3694
3694
3694
3694
3694
3694
3694
3694
3694
3694
3694
3694
3694
3688
3688
3688
3688
3688
3688
3688
3688
3688
3688
3688
3688
3688
3688
3688
3688
3688
3688
3688
3688
3688
3688
3688
3688
3688
3688
3688
3688
3688
3688
3688
3688
3688
3688
3675
3675
3675
3675
3675
3675
3675
3675
3675
3675
3675
3675
3675
3675
3675
3675
3675
3675
3675
3675
3675
3675
3675
3673
3673
3673
3673
3673
3673
3672
3672
3672
3672
3672
3672
3672
3672
3672
3668
3668
3668
3668
3668
3668
3668
3668
3668
3668
3668
3668
3668
3668
3668
3668
3662
3662
3662
3662
3662
3662
3662
3662
3662
3662
3662
3662
3662
3662
3662
3662
3662
3662
3662
3662
3662
3662
3662
3662
3662
3662
3662
3662
3662
3662
3662
3662
3662
3662
3662
3662
3662
3662
3662
3662
3662
3662
3662
3662
3662
3662
3662
3662
3662
3662
3662
3662
3662
3662
3650
3650
3650
3650
3650
3650
3650
3650
3650
3650
3650
3650
3650
3650
3650
3650
3650
3650
3650
3650
3650
3650
3650
3650
3650
3650
3650
3650
3650
3650
3650
3650
3650
3650
3650
3650
3650
3650
3650
3648
3648
3648
3648
3648
3648
3648
3648
3648
3648
3648
3648
3648
3648
3648
3648
3648
3648
3648
3648
3648
3648
3648
3648
3648
3648
3648
3648
3648
3648
3648
3648
3648
3648
3648
3648
3648
3648
3648
3648
3648
3648
3648
3648
3648
3648
3648
3648
3648
3648
3648
3648
3648
3648
3648
3648
3648
3648
3648
3648
3648
3648
3648
3648
3648
3648
3648
3648
3648
3648
3648
3648
3648
3648
3648
3648
3648
3648
3648
3648
3648
3637
3637
3637
3637
3637
3637
3637
3637
3637
3637
3637
3637
3637
3637
3637
3637
3637
3637
3637
3637
3637
3637
3637
3637
3637
3637
3637
3637
3637
3637
3637
3637
3637
3637
3637
3637
3637
3637
3552
3552
3552
3552
3552
3552
3552
3552
3552
3552
3552
3552
3552
3552
3552
3552
3552
3552
3552
3552
3552
3552
3552
3552
3552
3552
3552
3552
3552
3552
3552
3552
3552
3552
3552
3552
3552
3552
3552
3552
3552
3552
3552
3552
3552
3552
3552
3552
3552
3552
3552
3552
3552
3552
3552
3552
3552
3552
3552
3552
3552
3552
3552
3552
3552
3552
3552
3552
3552
3552
3552
3552
3552
3552
3552
3552
3552
3552
3552
3552
3552
3552
3552
3552
3552
3552
3552
3552
3533
3533
3533
3533
3533
3533
3533
3533
3533
3533
3533
3533
3533
3533
3533
3533
3533
3533
3533
3533
3533
3533
3533
3533
3533
3533
3529
3529
3529
3529
3529
3529
3529
3529
3529
3529
3529
3529
3529
3529
3529
3529
3529
3529
3529
3529
3529
3529
3529
3529
3529
3529
3529
3529
3529
3529
3529
3529
3529
3529
3529
3529
3529
3529
3529
3526
3526
3526
3526
3526
3526
3526
3526
3526
3526
3526
3526
3526
3526
3526
3526
3526
3526
3526
3526
3526
3526
3526
3526
3526
3526
3526
3526
3526
3526
3526
3526
3526
3526
3526
3526
3526
3526
3526
3526
3526
3526
3526
3526
3526
3526
3526
3526
3526
3526
3526
3526
3526
3526
3526
3526
3526
3526
3526
3526
3526
3526
3526
3526
3526
3526
3526
3526
3526
3526
3526
3526
3526
3526
3526
3526
3526
3526
3526
3526
3526
3526
3526
3526
3526
3526
3526
3526
3522
3522
3522
3522
3522
3522
3522
3522
3522
3522
3522
3522
3522
3522
3522
3522
3522
3522
3522
3522
3522
3522
3522
3522
3522
3522
3522
3522
3522
3522
3522
3522
3522
3522
3522
3522
3522
3522
3522
3522
3522
3522
3522
3522
3522
3522
3522
3522
3522
3522
3522
3522
3522
3522
3522
3522
3522
3522
3522
3522
3522
3522
3522
3522
3522
3516
3516
3516
3516
3516
3516
3516
3516
3516
3516
3516
3516
3516
3516
3516
3516
3516
3516
3516
3516
3516
3516
3516
3516
3516
3516
3516
3516
3516
3516
3516
3516
3516
3516
3516
3516
3516
3516
3516
3511
3511
3511
3511
3511
3511
3511
3511
3511
3511
3511
3511
3511
3511
3511
3511
3511
3511
3511
3511
3511
3511
3511
3511
3511
3511
3511
3511
3511
3511
3511
3511
3511
3511
3511
3511
3511
3511
3511
3511
3511
3511
3511
3511
3502
3502
3502
3502
3502
3502
3502
3502
3502
3502
3502
3502
3502
3502
3502
3502
3502
3502
3502
3502
3502
3502
3502
3502
3502
3502
3502
3502
3502
3502
3502
3502
3502
3502
3502
3502
3502
3502
3502
3502
3502
3502
3502
3502
3502
3502
3502
3502
3502
3502
3502
3502
3502
3502
3502
3502
3502
3502
3502
3502
3502
3502
3502
3502
3502
3502
3502
3502
3502
3502
3502
3502
3502
3502
3502
3502
3502
3501
3501
3501
3501
3501
3501
3501
3501
3501
3501
3501
3501
3501
3501
3501
3501
3501
3501
3501
3501
3501
3501
3501
3501
3501
3501
3501
3501
3501
3501
3501
3501
3501
3501
3501
3501
3501
3501
3501
3501
3501
3501
3501
3501
3501
3501
3501
3501
3501
3501
3501
3501
3501
3501
3501
3501
3501
3501
3501
3501
3501
3501
3501
3501
3501
3501
3501
3501
3501
3501
3501
3501
3501
3501
3501
3501
3501
3501
3501
3501
3501
3501
3501
3501
3501
3501
3501
3501
3501
3501
3501
3501
3501
3491
3491
3491
3491
3491
3491
3491
3491
3491
3491
3491
3491
3491
3491
3491
3491
3491
3491
3491
3491
3491
3491
3491
3491
3491
3491
3491
3491
3491
3491
3491
3491
3491
3491
3491
3491
3491
3491
3491
3491
3491
3491
3491
3491
3491
3491
3491
3491
3491
3491
3491
3491
3491
3491
3491
3491
3491
3489
3489
3489
3489
3489
3489
3489
3489
3489
3489
3489
3489
3489
3489
3489
3464
3464
3464
3464
3464
3464
3464
3464
3464
3464
3464
3464
3464
3464
3464
3464
3464
3464
3464
3464
3464
3464
3464
3464
3464
3464
3464
3464
3464
3464
3464
3464
3464
3464
3464
3464
3464
3464
3464
3464
3464
3464
3464
3464
3464
3464
3464
3464
3464
3464
3464
3464
3464
3464
3464
3464
3464
3464
3464
3464
3464
3464
3464
3464
3464
3464
3464
3464
3464
3464
3457
3457
3457
3457
3457
3457
3457
3457
3457
3457
3457
3457
3457
3457
3457
3457
3457
3457
3457
3457
3457
3457
3457
3457
3457
3457
3457
3457
3457
3457
3457
3457
3457
3457
3457
3457
3457
3457
3457
3457
3457
3457
3457
3457
3457
3457
3457
3457
3457
3457
3457
3457
3457
3457
3430
3430
3430
3430
3430
3430
3430
3430
3430
3430
3430
3430
3430
3430
3430
3430
3430
3430
3430
3430
3430
3430
3430
3430
3430
3430
3430
3430
3430
3430
3430
3430
3426
3426
3426
3426
3426
3426
3426
3426
3426
3426
3426
3426
3426
3426
3426
3426
3426
3426
3421
3421
3421
3421
3421
3421
3421
3421
3421
3421
3421
3421
3421
3421
3421
3421
3421
3421
3421
3421
3421
3421
3421
3421
3421
3421
3421
3409
3409
3409
3409
3409
3409
3409
3409
3409
3409
3409
3409
3409
3409
3409
3409
3409
3409
3409
3409
3409
3409
3409
3409
3409
3409
3409
3409
3409
3409
3409
3409
3409
3409
3409
3409
3409
3409
3409
3409
3409
3409
3409
3409
3409
3409
3409
3409
3409
3409
3409
3409
3409
3409
3409
3409
3409
3409
3409
3409
3409
3409
3409
3409
3409
3409
3409
3409
3409
3409
3409
3409
3409
3409
3409
3409
3409
3409
3409
3409
3409
3409
3409
3409
3409
3409
3409
3409
3409
3409
3409
3409
3409
3409
3409
3409
3409
3409
3409
3409
3409
3409
3409
3409
3409
3409
3409
3409
3409
3409
3409
3409
3409
3409
3409
3409
3409
3409
3409
3409
3409
3409
3409
3409
3409
3409
3409
3409
3409
3409
3409
3409
3409
3409
3409
3409
3409
3399
3399
3399
3399
3399
3399
3399
3399
3365
3365
3365
3365
3365
3365
3365
3365
3365
3365
3365
3365
3365
3365
3365
3365
3365
3365
3365
3365
3365
3365
3365
3365
3365
3365
3365
3365
3365
3365
3365
3365
3365
3365
3365
3365
3365
3365
3365
3365
3365
3362
3362
3362
3362
3362
3362
3362
3362
3362
3362
3362
3362
3362
3362
3362
3362
3362
3362
3362
3362
3362
3362
3362
3362
3362
3362
3362
3362
3362
3362
3362
3362
3362
3362
3362
3362
3362
3362
3362
3362
3362
3362
3362
3362
3362
3362
3362
3362
3362
3362
3362
3362
3362
3362
3362
3362
3362
3362
3362
3362
3362
3362
3362
3362
3362
3362
3362
3356
3356
3356
3356
3356
3356
3356
3356
3356
3356
3356
3356
3356
3356
3356
3356
3356
3356
3356
3356
3356
3356
3356
3356
3356
3356
3356
3356
3356
3356
3356
3356
3356
3356
3356
3356
3356
3356
3356
3356
3356
3356
3356
3356
3356
3356
3356
3356
3356
3356
3356
3356
3356
3356
3356
3356
3356
3356
3356
3356
3356
3356
3356
3356
3356
3356
3356
3356
3356
3356
3356
3356
3356
3356
3356
3356
3346
3346
3346
3346
3346
3346
3346
3346
3346
3346
3346
3346
3346
3346
3346
3346
3346
3346
3346
3346
3346
3346
3346
3346
3346
3346
3346
3346
3346
3346
3346
3346
3346
3346
3346
3346
3346
3346
3346
3346
3346
3346
3346
3346
3346
3346
3346
3346
3346
3346
3346
3346
3346
3346
3346
3346
3346
3346
3346
3346
3346
3346
3346
3346
3346
3346
3346
3346
3346
3346
3346
3346
3346
3346
3346
3346
3346
3346
3346
3344
3344
3344
3344
3344
3344
3344
3344
3344
3344
3334
3334
3334
3334
3334
3334
3334
3334
3334
3334
3334
3334
3334
3334
3334
3334
3334
3334
3334
3334
3334
3334
3333
3333
3333
3333
3333
3333
3333
3333
3333
3333
3333
3333
3333
3333
3333
3333
3333
3333
3333
3333
3333
3333
3333
3324
3324
3324
3324
3324
3324
3324
3324
3324
3324
3324
3324
3324
3324
3324
3324
3324
3324
3324
3324
3323
3323
3323
3323
3323
3323
3323
3323
3323
3323
3323
3323
3323
3323
3323
3323
3323
3323
3323
3323
3323
3323
3323
3323
3323
3323
3323
3323
3323
3323
3323
3323
3323
3323
3323
3323
3323
3323
3323
3323
3323
3323
3323
3323
3323
3323
3323
3323
3323
3323
3323
3323
3323
3323
3323
3323
3323
3323
3323
3323
3323
3323
3323
3323
3323
3323
3323
3323
3323
3323
3323
3323
3323
3323
3323
3323
3323
3323
3323
3323
3323
3323
3323
3323
3323
3323
3323
3323
3323
3323
3323
3323
3323
3308
3308
3308
3308
3308
3308
3308
3308
3308
3308
3308
3308
3308
3308
3308
3308
3308
3308
3308
3308
3308
3308
3308
3308
3308
3308
3308
3308
3308
3308
3308
3297
3297
3297
3297
3297
3297
3297
3297
3297
3297
3297
3297
3297
3297
3289
3289
3289
3289
3289
3289
3289
3289
3289
3289
3289
3289
3289
3289
3289
3289
3289
3280
3280
3280
3280
3280
3280
3280
3280
3280
3280
3280
3280
3280
3280
3280
3280
3280
3280
3280
3273
3273
3273
3273
3273
3273
3273
3273
3273
3273
3273
3273
3273
3273
3268
3268
3268
3268
3268
3268
3268
3268
3268
3268
3268
3268
3268
3268
3268
3268
3268
3268
3268
3268
3268
3267
3267
3267
3267
3267
3267
3267
3267
3267
3267
3267
3267
3267
3267
3267
3267
3267
3267
3267
3267
3267
3267
3267
3267
3267
3267
3267
3267
3267
3267
3267
3267
3267
3267
3235
3235
3235
3235
3235
3235
3235
3235
3235
3235
3235
3235
3235
3235
3235
3235
3235
3235
3235
3235
3235
3235
3235
3235
3235
3235
3235
3235
3235
3235
3235
3235
3235
3235
3235
3235
3235
3235
3235
3235
3235
3235
3235
3235
3235
3235
3235
3235
3235
3234
3234
3234
3234
3234
3234
3234
3234
3234
3234
3234
3234
3234
3234
3234
3234
3216
3216
3216
3216
3216
3216
3216
3216
3216
3216
3216
3216
3216
3216
3216
3216
3216
3216
3216
3216
3216
3216
3216
3216
3216
3216
3216
3216
3184
3184
3184
3184
3184
3184
3184
3184
3184
3184
3184
3184
3184
3184
3184
3184
3184
3184
3184
3184
3184
3184
3184
3184
3184
3184
3184
3184
3184
3184
3184
3184
3184
3184
3184
3184
3184
3184
3184
3184
3184
3184
3184
3184
3184
3184
3184
3184
3184
3184
3184
3184
3184
3184
3184
3184
3184
3184
3184
3184
3184
3184
3184
3182
3182
3182
3182
3182
3182
3182
3182
3182
3182
3182
3182
3182
3182
3182
3182
3182
3182
3182
3182
3182
3182
3182
3182
3182
3182
3182
3182
3182
3182
3182
3182
3182
3182
3182
3182
3182
3182
3182
3182
3182
3182
3182
3182
3182
3182
3182
3182
3182
3182
3182
3182
3182
3182
3182
3182
3182
3182
3182
3182
3182
3182
3182
3182
3182
3182
3182
3182
3182
3182
3182
3182
3182
3182
3182
3182
3182
3182
3182
3182
3151
3151
3151
3151
3151
3151
3151
3151
3151
3151
3151
3151
3151
3151
3151
3151
3151
3151
3151
3151
3151
3151
3151
3151
3151
3151
3151
3151
3151
3151
3151
3151
3151
3151
3151
3151
3151
3151
3151
3151
3098
3098
3098
3098
3098
3098
3098
3098
3098
3098
3098
3098
3098
3098
3098
3098
3098
3098
3098
3098
3098
3098
3098
3098
3098
3098
3098
3098
3098
3098
3098
3098
3098
3098
3098
3098
3098
3098
3098
3098
3098
3098
3098
3098
3098
3098
3098
3098
3098
3098
3098
3098
3098
3098
3098
3098
3098
3098
3098
3098
3098
3098
3098
3080
3080
3080
3080
3080
3080
3080
3080
3080
3080
3080
3080
3080
3080
3080
3080
3080
3080
3080
3080
3080
3080
3080
3080
3080
3080
3080
3080
3080
3080
3080
3080
3080
3080
3080
3080
3080
3080
3080
3080
3080
3080
3080
3080
3080
3080
3080
3080
3080
3080
3080
3080
3080
3080
3080
3080
3080
3080
3080
3080
3080
3080
3080
3080
3080
3080
3080
3080
3080
3080
3080
3080
3080
3080
3080
3080
3080
3080
3080
3080
3080
3080
3080
3080
3047
3047
3047
3047
3047
3047
3047
3047
3047
3047
3047
3047
3047
3047
3047
3047
3047
3047
3047
3047
3047
3047
3047
3047
3047
3047
3047
3047
3047
3047
3047
3047
3047
3047
3047
3047
3047
3047
3047
3047
3047
3047
3038
3038
3038
3038
3038
3038
3038
3038
3038
3038
3038
3033
3033
3033
3033
3033
3033
3033
3033
3033
3033
3033
3033
3033
3033
3033
3033
3033
3033
3033
3033
3033
3033
3033
3033
3033
3033
3033
3033
3033
3033
3033
3033
3033
3033
3033
3033
3033
3033
3033
3033
3033
3033
3033
3033
3033
3033
3033
3033
3033
3033
3033
3033
3033
3033
3033
3032
3029
3029
3029
3029
3029
3029
3029
3029
3029
3029
3029
3029
3029
3029
3029
3029
3029
3029
3029
3029
3029
3029
3029
3029
3029
3029
3029
3029
3029
3029
3029
3029
3029
3029
3029
3029
3029
3029
3029
3029
3029
3029
3029
3029
3029
3029
3029
3029
3029
3029
3029
3029
3029
3029
3029
3029
3029
3029
3029
3029
3029
3029
3029
3029
3029
3029
3028
3028
3028
3028
3028
3028
3028
3028
3028
3028
3028
3028
3028
3028
3028
3028
3028
3028
3028
3028
3028
3028
3028
3028
3028
3028
3028
3028
3028
3028
3028
3028
3028
3028
3028
3028
3028
3028
3028
3028
3028
3028
3028
3028
3028
3028
3028
3028
3028
3025
3025
3025
3025
3025
3025
3025
3025
3025
3025
3025
3025
3025
3025
3017
3017
3017
3017
3017
3017
3017
2975
2975
2975
2975
2975
2975
2975
2975
2975
2975
2975
2975
2975
2975
2975
2975
2975
2975
2975
2975
2975
2975
2975
2975
2975
2975
2975
2975
2975
2975
2975
2975
2975
2975
2975
2975
2975
2975
2975
2975
2975
2975
2975
2975
2975
2975
2975
2975
2975
2975
2975
2975
2975
2964
2964
2964
2964
2964
2964
2964
2964
2964
2964
2964
2964
2964
2964
2964
2964
2964
2964
2964
2964
2964
2964
2964
2964
2964
2964
2964
2964
2964
2964
2964
2964
2964
2964
2964
2964
2964
2964
2964
2964
2964
2964
2964
2964
2964
2964
2964
2964
2964
2964
2964
2964
2964
2964
2964
2964
2964
2964
2964
2964
2964
2964
2964
2964
2964
2964
2964
2964
2964
2964
2964
2964
2964
2964
2964
2964
2964
2964
2964
2964
2964
2964
2964
2964
2964
2964
2964
2964
2964
2964
2964
2964
2938
2938
2938
2938
2938
2938
2938
2938
2938
2938
2938
2938
2938
2938
2938
2938
2938
2938
2938
2938
2938
2938
2938
2938
2938
2938
2938
2938
2938
2938
2938
2938
2938
2938
2938
2938
2938
2938
2938
2938
2938
2938
2938
2938
2938
2938
2938
2938
2938
2938
2938
2938
2938
2938
2938
2938
2938
2938
2938
2938
2938
2938
2938
2938
2938
2938
2938
2938
2938
2938
2938
2938
2938
2938
2938
2938
2938
2938
2938
2938
2938
2938
2938
2938
2938
2938
2938
2938
2938
2938
2938
2938
2938
2938
2937
2937
2937
2937
2937
2937
2937
2937
2937
2937
2937
2937
2937
2937
2937
2937
2937
2937
2937
2937
2937
2937
2937
2937
2937
2937
2937
2937
2937
2937
2937
2937
2937
2937
2937
2937
2937
2937
2937
2937
2937
2937
2937
2937
2937
2937
2937
2937
2937
2937
2937
2937
2937
2937
2937
2937
2937
2937
2937
2937
2937
2937
2937
2937
2937
2937
2937
2937
2937
2937
2937
2937
2937
2937
2937
2937
2937
2937
2937
2937
2937
2937
2937
2937
2937
2937
2933
2933
2933
2933
2933
2883
2883
2883
2883
2883
2883
2883
2883
2883
2883
2883
2883
2883
2883
2883
2883
2883
2883
2883
2883
2883
2883
2883
2883
2883
2883
2883
2883
2883
2883
2883
2883
2883
2883
2883
2883
2883
2883
2883
2883
2883
2883
2883
2883
2883
2883
2883
2883
2883
2883
2883
2883
2883
2842
2842
2842
2842
2842
2842
2842
2842
2842
2842
2842
2842
2842
2842
2842
2842
2838
2838
2838
2838
2838
2838
2838
2838
2838
2838
2838
2838
2838
2838
2838
2838
2838
2838
2838
2838
2838
2838
2838
2838
2838
2838
2838
2838
2838
2838
2838
2838
2838
2838
2838
2838
2838
2838
2838
2838
2838
2838
2838
2838
2838
2838
2838
2838
2838
2838
2838
2838
2838
2838
2838
2838
2838
2838
2838
2838
2838
2838
2838
2838
2838
2838
2838
2838
2838
2838
2838
2838
2838
2838
2838
2838
2838
2838
2838
2838
2838
2838
2838
2838
2838
2838
2838
2838
2838
2838
2838
2838
2838
2833
2833
2833
2833
2833
2833
2833
2833
2833
2833
2833
2833
2833
2833
2833
2833
2833
2833
2833
2833
2833
2833
2816
2816
2816
2816
2816
2816
2816
2816
2816
2816
2816
2816
2816
2816
2816
2816
2816
2816
2816
2816
2816
2816
2816
2816
2816
2816
2816
2816
2816
2816
2816
2816
2816
2816
2816
2816
2816
2816
2816
2816
2816
2816
2816
2816
2816
2816
2816
2809
2809
2809
2809
2809
2809
2809
2809
2809
2809
2809
2809
2809
2809
2809
2809
2809
2809
2809
2809
2809
2809
2809
2809
2809
2809
2809
2809
2809
2809
2809
2809
2809
2809
2809
2801
2801
2801
2801
2801
2801
2801
2801
2801
2801
2801
2801
2801
2801
2755
2755
2755
2755
2755
2755
2755
2755
2755
2755
2755
2755
2755
2755
2755
2755
2755
2755
2755
2755
2755
2755
2755
2755
2755
2755
2755
2755
2755
2755
2755
2755
2755
2755
2755
2755
2755
2755
2755
2755
2755
2755
2755
2755
2755
2755
2755
2755
2755
2755
2755
2755
2755
2755
2755
2755
2755
2755
2755
2755
2755
2755
2755
2755
2755
2755
2755
2755
2755
2755
2755
2755
2716
2716
2716
2716
2716
2716
2716
2716
2716
2716
2716
2700
2700
2700
2700
2700
2700
2700
2700
2700
2700
2700
2700
2700
2700
2700
2700
2700
2700
2700
2700
2700
2700
2700
2700
2700
2700
2700
2700
2690
2690
2690
2690
2690
2690
2690
2690
2690
2690
2690
2690
2690
2690
2690
2690
2690
2690
2690
2690
2690
2690
2690
2690
2690
2690
2690
2690
2690
2690
2690
2690
2690
2690
2690
2690
2690
2690
2690
2690
2690
2690
2690
2690
2690
2690
2690
2690
2690
2690
2690
2690
2690
2690
2690
2690
2690
2633
2633
2633
2633
2633
2633
2633
2633
2633
2633
2633
2633
2633
2633
2633
2633
2605
2605
2605
2605
2605
2605
2605
2605
2605
2605
2605
2605
2605
2605
2605
2605
2605
2605
2605
2605
2605
2605
2605
2605
2605
2605
2605
2605
2605
2605
2605
2605
2605
2605
2605
2605
2605
2605
2605
2605
2605
2605
2605
2605
2605
2605
2605
2605
2605
2605
2605
2605
2605
2605
2605
2605
2605
2605
2605
2605
2605
2605
2605
2605
2605
2605
2605
2605
2605
2605
2605
2605
2568
2568
2568
2568
2568
2568
2568
2568
2568
2568
2568
2568
2568
2568
2568
2568
2568
2568
2568
2568
2568
2568
2568
2568
2568
2568
2568
2568
2568
2568
2568
2568
2568
2568
2568
2568
2568
2568
2568
2568
2568
2568
2568
2568
2568
2568
2568
2568
2568
2568
2568
2568
2568
2568
2568
2568
2568
2568
2562
2562
2562
2562
2562
2562
2562
2562
2562
2562
2562
2562
2562
2562
2562
2562
2562
2562
2562
2562
2562
2562
2562
2562
2562
2562
2562
2562
2562
2562
2562
2562
2562
2562
2562
2562
2562
2562
2562
2562
2562
2562
2549
2549
2549
2549
2549
2549
2549
2549
2549
2549
2549
2549
2549
2549
2549
2549
2549
2549
2549
2549
2543
2543
2543
2543
2543
2543
2543
2543
2543
2543
2543
2543
2543
2543
2543
2543
2543
2543
2543
2543
2543
2543
2543
2543
2543
2543
2543
2543
2543
2543
2543
2543
2543
2543
2543
2543
2543
2543
2543
2543
2543
2543
2543
2543
2543
2543
2543
2543
2543
2543
2543
2543
2543
2543
2543
2543
2543
2543
2543
2543
2543
2543
2543
2543
2543
2543
2543
2543
2543
2543
2543
2543
2543
2543
2543
2543
2543
2538
2538
2538
2538
2538
2538
2538
2538
2538
2538
2538
2538
2538
2538
2538
2538
2538
2538
2538
2538
2538
2538
2538
2538
2538
2538
2538
2538
2538
2538
2538
2538
2538
2538
2538
2538
2538
2538
2538
2538
2538
2538
2538
2538
2538
2532
2532
2532
2532
2532
2532
2532
2532
2532
2532
2532
2532
2532
2532
2532
2532
2532
2532
2532
2532
2532
2532
2532
2532
2532
2532
2532
2532
2532
2532
2532
2532
2532
2532
2532
2532
2532
2532
2532
2532
2532
2532
2532
2532
2532
2532
2532
2532
2532
2532
2532
2532
2532
2532
2532
2532
2532
2532
2532
2532
2532
2532
2532
2532
2532
2532
2532
2532
2532
2532
2532
2532
2532
2532
2532
2532
2532
2532
2532
2532
2532
2532
2532
2532
2532
2532
2532
2532
2532
2532
2532
2532
2532
2532
2532
2532
2470
2470
2470
2470
2470
2470
2470
2470
2470
2470
2470
2470
2470
2470
2470
2470
2470
2470
2470
2470
2470
2470
2470
2470
2470
2470
2470
2470
2470
2470
2470
2470
2470
2470
2470
2470
2461
2461
2461
2461
2461
2461
2461
2461
2461
2461
2461
2461
2461
2461
2461
2461
2461
2461
2461
2461
2461
2461
2461
2461
2461
2461
2461
2461
2461
2461
2461
2461
2461
2461
2461
2461
2461
2426
2426
2426
2426
2426
2426
2426
2426
2426
2426
2426
2426
2426
2426
2426
2426
2426
2426
2426
2426
2426
2426
2426
2426
2426
2426
2426
2426
2426
2426
2426
2426
2426
2426
2426
2426
2426
2426
2426
2426
2426
2426
2426
2426
2426
2426
2426
2426
2426
2426
2426
2426
2426
2426
2426
2426
2426
2426
2426
2426
2426
2426
2426
2426
2426
2426
2426
2403
2403
2403
2403
2403
2403
2403
2403
2403
2403
2403
2403
2403
2403
2403
2403
2403
2403
2403
2403
2403
2403
2403
2403
2403
2403
2403
2403
2403
2403
2403
2403
2403
2403
2403
2403
2403
2403
2403
2403
2403
2403
2403
2403
2403
2403
2403
2403
2403
2403
2403
2403
2403
2403
2403
2403
2403
2403
2403
2403
2403
2403
2403
2403
2403
2403
2401
2401
2401
2401
2401
2401
2401
2401
2401
2401
2401
2401
2401
2401
2401
2401
2401
2401
2401
2401
2401
2401
2401
2401
2401
2401
2401
2401
2401
2401
2401
2401
2401
2401
2401
2401
2401
2401
2401
2401
2401
2401
2401
2401
2401
2401
2401
2384
2384
2384
2384
2384
2384
2384
2384
2384
2384
2373
2373
2373
2373
2373
2373
2373
2373
2373
2373
2373
2373
2373
2373
2373
2373
2373
2373
2373
2373
2373
2373
2373
2373
2373
2373
2373
2373
2373
2373
2373
2373
2373
2373
2373
2373
2373
2373
2373
2373
2373
2373
2373
2373
2373
2373
2373
2373
2373
2373
2373
2373
2370
2370
2370
2370
2370
2370
2370
2370
2370
2370
2370
2370
2370
2370
2370
2370
2370
2370
2370
2370
2370
2370
2370
2370
2370
2370
2370
2370
2370
2370
2370
2370
2370
2370
2370
2370
2370
2370
2370
2370
2370
2370
2370
2370
2370
2370
2370
2370
2370
2370
2370
2370
2370
2370
2370
2370
2370
2370
2370
2370
2370
2370
2370
2370
2370
2370
2370
2370
2370
2370
2370
2370
2342
2342
2342
2342
2342
2342
2342
2342
2342
2342
2342
2342
2342
2342
2342
2342
2342
2342
2342
2342
2342
2342
2342
2342
2342
2342
2342
2342
2342
2342
2342
2342
2342
2342
2342
2342
2342
2342
2342
2342
2342
2342
2342
2342
2342
2342
2342
2342
2342
2342
2342
2342
2342
2342
2342
2342
2342
2342
2342
2342
2342
2342
2342
2342
2342
2342
2342
2342
2342
2342
2342
2342
2342
2342
2275
2275
2275
2275
2275
2275
2275
2275
2275
2275
2275
2275
2275
2275
2275
2275
2275
2275
2275
2275
2275
2275
2275
2275
2275
2275
2275
2275
2275
2275
2275
2275
2275
2275
2275
2275
2275
2275
2275
2275
2275
2275
2275
2275
2275
2275
2275
2275
2275
2275
2275
2275
2275
2275
2275
2275
2275
2275
2275
2275
2275
2275
2275
2275
2275
2275
2275
2275
2275
2275
2275
2275
2275
2275
2275
2275
2275
2275
2275
2275
2275
2275
2275
2275
2275
2275
2275
2275
2275
2275
2275
2275
2275
2275
2275
2275
2274
2274
2274
2274
2274
2274
2274
2274
2274
2274
2274
2271
2271
2271
2271
2271
2271
2271
2271
2271
2271
2271
2271
2271
2271
2271
2271
2271
2271
2271
2271
2271
2271
2271
2271
2271
2271
2271
2271
2271
2271
2271
2271
2271
2271
2271
2271
2271
2271
2271
2271
2271
2271
2271
2271
2271
2271
2271
2271
2271
2271
2271
2271
2271
2271
2271
2271
2271
2271
2271
2271
2271
2271
2271
2271
2271
2271
2271
2271
2271
2271
2271
2271
2271
2271
2271
2271
2271
2271
2271
2271
2271
2271
2271
2271
2271
2271
2271
2271
2271
2271
2271
2271
2271
2271
2256
2256
2256
2256
2256
2256
2256
2256
2256
2256
2256
2256
2256
2256
2256
2256
2256
2256
2256
2256
2256
2256
2256
2256
2256
2256
2256
2256
2237
2237
2237
2237
2237
2237
2237
2237
2237
2237
2237
2237
2237
2237
2237
2237
2237
2237
2237
2237
2237
2237
2237
2237
2237
2237
2237
2237
2237
2237
2237
2237
2237
2237
2237
2237
2237
2237
2237
2237
2237
2237
2237
2227
2227
2227
2227
2227
2227
2227
2227
2227
2227
2227
2227
2227
2227
2227
2227
2227
2227
2227
2227
2227
2227
2227
2227
2227
2227
2227
2227
2227
2227
2227
2227
2227
2227
2227
2227
2227
2227
2227
2227
2227
2227
2227
2227
2227
2227
2227
2227
2227
2227
2227
2227
2227
2227
2227
2227
2227
2227
2227
2227
2227
2227
2227
2227
2227
2227
2227
2227
2227
2227
2227
2227
2227
2227
2227
2227
2227
2227
2227
2227
2227
2227
2227
2227
2227
2227
2227
2227
2227
2227
2227
2227
2227
2227
2185
2185
2185
2185
2185
2185
2185
2185
2185
2185
2185
2185
2185
2185
2185
2185
2185
2185
2185
2185
2185
2185
2185
2185
2185
2185
2185
2185
2185
2185
2185
2185
2185
2185
2185
2185
2185
2185
2185
2185
2185
2185
2185
2185
2185
2185
2185
2185
2185
2185
2185
2185
2185
2185
2185
2185
2185
2185
2185
2185
2185
2185
2185
2185
2185
2185
2185
2185
2185
2185
2185
2185
2185
2185
2185
2185
2185
2185
2185
2185
2185
2185
2185
2185
2185
2185
2185
2166
2166
2166
2166
2166
2166
2166
2166
2166
2166
2166
2166
2166
2166
2166
2166
2166
2166
2166
2166
2166
2166
2166
2166
2166
2166
2166
2166
2166
2166
2166
2166
2166
2166
2166
2166
2166
2166
2166
2166
2166
2166
2166
2166
2166
2166
2166
2166
2166
2166
2166
2166
2166
2166
2166
2166
2166
2166
2166
2166
2166
2166
2166
2166
2166
2166
2166
2166
2166
2166
2166
2166
2166
2166
2166
2166
2166
2166
2166
2166
2166
2166
2166
2166
2166
2166
2166
2166
2166
2166
2166
2166
2166
2166
2166
2166
2166
2166
2166
2160
2160
2160
2160
2160
2160
2160
2160
2160
2160
2160
2160
2160
2160
2160
2160
2160
2160
2160
2160
2160
2160
2160
2160
2160
2160
2160
2160
2160
2160
2160
2160
2160
2160
2160
2160
2160
2160
2160
2160
2160
2160
2160
2160
2160
2160
2160
2160
2160
2160
2160
2160
2160
2160
2160
2160
2160
2160
2160
2160
2160
2160
2160
2160
2160
2160
2149
2149
2149
2149
2149
2149
2149
2149
2149
2149
2149
2149
2149
2149
2149
2149
2149
2149
2149
2149
2149
2149
2149
2149
2149
2149
2149
2149
2149
2149
2149
2149
2149
2149
2149
2149
2149
2149
2149
2149
2149
2149
2149
2149
2149
2149
2149
2149
2149
2149
2008
2008
2008
2008
2008
2008
2008
2008
2008
2008
2008
2008
2008
2008
2008
2008
2008
2008
2008
2008
2008
2008
2008
2008
2008
2008
2008
2008
2008
2008
2008
2008
2008
2008
2008
2008
2008
2008
2008
2008
2008
2008
2008
2008
2008
2008
2008
2008
2008
2008
2008
2008
2008
2008
2008
2008
2008
2008
2008
2008
2008
2008
2008
2008
2008
2008
2008
2008
2008
2008
2008
2008
2008
2008
2008
2008
2008
2008
2008
2008
2008
2008
2008
2008
2008
2008
2008
2008
2008
2008
2008
2008
2008
2008
2008
2004
2004
2004
2004
2004
2004
2004
2004
1996
1996
1996
1996
1996
1996
1996
1996
1996
1996
1996
1996
1977
1977
1977
1977
1977
1977
1977
1977
1977
1977
1977
1977
1977
1977
1977
1977
1977
1977
1977
1977
1977
1977
1977
1977
1977
1977
1977
1977
1977
1977
1977
1977
1977
1977
1977
1977
1977
1977
1977
1977
1977
1977
1977
1977
1977
1977
1977
1977
1977
1977
1977
1977
1977
1977
1977
1977
1977
1977
1977
1977
1977
1977
1977
1977
1977
1977
1977
1977
1977
1977
1977
1977
1977
1977
1977
1977
1977
1977
1977
1977
1977
1949
1949
1949
1949
1949
1949
1949
1949
1949
1949
1949
1949
1949
1949
1949
1949
1949
1949
1949
1949
1949
1949
1949
1949
1949
1949
1949
1949
1949
1949
1949
1949
1949
1949
1949
1949
1949
1949
1949
1949
1949
1949
1949
1949
1949
1949
1949
1949
1949
1949
1949
1949
1949
1949
1949
1949
1949
1949
1949
1949
1949
1949
1949
1949
1949
1949
1949
1949
1949
1949
1949
1949
1949
1949
1949
1949
1949
1949
1949
1949
1949
1949
1949
1949
1949
1949
1949
1949
1949
1949
1949
1949
1949
1949
1949
1949
1949
1943
1943
1943
1943
1943
1943
1943
1943
1943
1943
1943
1943
1943
1943
1943
1943
1943
1943
1915
1915
1915
1915
1915
1915
1915
1915
1915
1915
1915
1915
1915
1915
1915
1915
1915
1915
1915
1915
1915
1915
1915
1915
1915
1915
1915
1915
1915
1915
1915
1915
1915
1915
1915
1915
1915
1915
1915
1915
1915
1915
1915
1915
1915
1915
1915
1915
1915
1915
1915
1915
1915
1915
1915
1915
1915
1915
1915
1915
1915
1915
1915
1915
1915
1915
1915
1915
1915
1915
1915
1915
1915
1915
1915
1915
1915
1915
1915
1915
1915
1915
1915
1915
1915
1915
1915
1915
1915
1915
1915
1915
1915
1915
1915
1915
1876
1876
1876
1876
1876
1876
1876
1876
1876
1876
1876
1876
1876
1876
1876
1876
1876
1876
1876
1876
1876
1876
1876
1876
1876
1876
1876
1876
1876
1848
1848
1848
1848
1848
1848
1848
1848
1848
1848
1848
1848
1848
1848
1848
1848
1848
1848
1848
1848
1829
1829
1829
1829
1829
1829
1829
1829
1829
1829
1829
1829
1829
1829
1829
1829
1829
1829
1818
1818
1818
1818
1818
1818
1818
1818
1818
1818
1818
1818
1818
1818
1818
1818
1818
1818
1818
1818
1816
1816
1816
1816
1816
1816
1816
1816
1816
1816
1816
1816
1816
1816
1816
1816
1816
1816
1816
1816
1816
1816
1816
1816
1816
1816
1816
1816
1816
1816
1816
1816
1816
1816
1816
1790
1790
1790
1790
1790
1790
1790
1790
1790
1790
1790
1790
1790
1790
1790
1790
1790
1790
1790
1790
1790
1790
1790
1790
1790
1790
1790
1790
1790
1790
1790
1790
1790
1790
1790
1790
1790
1790
1790
1790
1790
1790
1790
1790
1790
1790
1790
1790
1790
1790
1790
1790
1790
1790
1790
1790
1790
1790
1790
1790
1790
1790
1790
1790
1790
1790
1790
1783
1783
1783
1783
1783
1783
1783
1783
1783
1783
1783
1783
1783
1748
1748
1748
1748
1748
1748
1748
1748
1748
1748
1748
1748
1748
1748
1748
1748
1748
1748
1748
1748
1748
1748
1748
1748
1748
1748
1748
1748
1748
1748
1748
1748
1748
1748
1748
1748
1748
1748
1748
1748
1748
1748
1748
1748
1748
1748
1748
1748
1748
1748
1748
1748
1748
1748
1735
1735
1735
1735
1735
1735
1735
1735
1735
1735
1735
1735
1735
1735
1735
1735
1735
1735
1735
1735
1735
1735
1735
1735
1735
1735
1735
1735
1735
1735
1735
1735
1735
1735
1735
1735
1735
1735
1735
1735
1735
1735
1735
1735
1735
1735
1735
1735
1735
1735
1735
1735
1735
1735
1735
1735
1735
1735
1735
1735
1735
1735
1735
1735
1709
1709
1709
1709
1690
1690
1690
1690
1690
1690
1690
1690
1690
1690
1690
1690
1690
1690
1690
1690
1690
1690
1690
1690
1690
1690
1690
1690
1690
1690
1690
1690
1690
1690
1690
1690
1690
1690
1690
1690
1690
1690
1690
1690
1690
1690
1690
1690
1690
1690
1690
1690
1690
1690
1690
1690
1690
1690
1690
1690
1666
1666
1666
1666
1666
1666
1666
1666
1666
1666
1666
1666
1666
1666
1666
1666
1666
1666
1666
1666
1666
1666
1666
1666
1666
1666
1666
1666
1666
1666
1666
1666
1666
1666
1666
1666
1666
1666
1666
1629
1629
1629
1629
1629
1629
1629
1629
1629
1629
1629
1629
1629
1629
1629
1629
1629
1629
1629
1629
1629
1629
1629
1629
1629
1629
1629
1629
1629
1629
1629
1629
1629
1629
1629
1629
1629
1629
1629
1629
1629
1629
1629
1629
1629
1629
1629
1629
1629
1629
1629
1629
1629
1629
1629
1629
1629
1629
1629
1629
1629
1629
1629
1629
1629
1629
1629
1629
1629
1629
1629
1629
1629
1629
1629
1629
1629
1629
1629
1629
1629
1629
1629
1629
1629
1629
1629
1629
1629
1629
1629
1629
1629
1629
1629
1629
1629
1629
1629
1611
1611
1611
1611
1611
1611
1611
1611
1611
1611
1611
1611
1611
1611
1611
1611
1611
1611
1611
1611
1611
1611
1611
1611
1611
1611
1611
1611
1611
1611
1611
1611
1611
1611
1611
1611
1611
1611
1611
1611
1611
1587
1587
1587
1587
1587
1587
1587
1587
1587
1587
1587
1587
1587
1587
1587
1587
1587
1587
1587
1587
1587
1587
1587
1587
1587
1587
1587
1587
1580
1580
1580
1580
1580
1580
1580
1580
1580
1580
1580
1580
1580
1580
1580
1580
1580
1580
1580
1580
1580
1577
1577
1577
1577
1577
1577
1577
1577
1577
1577
1577
1577
1577
1577
1577
1577
1577
1577
1577
1577
1577
1577
1577
1577
1577
1577
1577
1577
1577
1577
1577
1577
1577
1577
1577
1577
1577
1577
1577
1577
1577
1577
1577
1577
1577
1577
1577
1577
1577
1577
1577
1577
1577
1577
1577
1577
1568
1568
1568
1568
1568
1568
1568
1568
1568
1568
1568
1568
1568
1568
1568
1568
1568
1568
1568
1568
1568
1568
1568
1568
1568
1568
1568
1568
1568
1568
1568
1568
1568
1568
1568
1568
1568
1568
1568
1568
1568
1568
1568
1568
1568
1568
1568
1568
1568
1568
1568
1568
1568
1568
1568
1568
1568
1568
1568
1568
1568
1568
1568
1568
1568
1568
1568
1568
1568
1568
1568
1568
1568
1568
1568
1568
1568
1568
1568
1568
1568
1568
1568
1568
1568
1568
1568
1568
1568
1568
1568
1568
1568
1568
1568
1568
1568
1568
1568
1568
1568
1568
1568
1568
1568
1568
1568
1568
1568
1568
1568
1568
1568
1568
1568
1568
1568
1568
1568
1568
1568
1568
1568
1568
1568
1568
1568
1568
1568
1568
1568
1568
1568
1568
1568
1568
1568
1568
1568
1568
1568
1568
1568
1522
1522
1522
1522
1522
1522
1522
1522
1522
1522
1522
1522
1522
1522
1522
1522
1522
1522
1522
1522
1522
1522
1522
1522
1522
1522
1522
1522
1522
1522
1522
1522
1522
1522
1522
1522
1522
1522
1522
1522
1522
1522
1522
1522
1522
1522
1522
1522
1522
1522
1522
1522
1522
1522
1522
1522
1522
1522
1522
1522
1522
1522
1522
1522
1522
1522
1522
1522
1522
1522
1522
1522
1522
1522
1522
1522
1522
1522
1522
1522
1522
1522
1522
1522
1522
1522
1522
1522
1522
1522
1522
1522
1522
1522
1522
1522
1522
1522
1522
1522
1518
1518
1518
1518
1518
1518
1518
1518
1518
1518
1518
1518
1518
1518
1518
1518
1518
1518
1518
1518
1518
1518
1518
1518
1518
1518
1518
1518
1518
1518
1518
1518
1518
1518
1518
1518
1518
1518
1518
1518
1518
1518
1518
1518
1518
1518
1518
1518
1518
1518
1518
1518
1517
1517
1517
1517
1517
1517
1517
1517
1517
1517
1517
1517
1517
1517
1517
1517
1517
1517
1517
1517
1517
1517
1517
1517
1517
1517
1517
1517
1517
1517
1517
1517
1517
1517
1517
1517
1517
1517
1517
1517
1517
1517
1517
1517
1517
1517
1517
1517
1517
1517
1517
1517
1517
1517
1517
1517
1517
1517
1517
1517
1517
1517
1517
1517
1517
1517
1517
1517
1517
1517
1517
1514
1514
1514
1514
1514
1514
1514
1514
1514
1514
1514
1514
1514
1514
1514
1514
1514
1514
1514
1514
1514
1514
1514
1514
1514
1514
1514
1514
1514
1514
1514
1514
1514
1514
1514
1514
1514
1514
1514
1514
1514
1514
1514
1514
1514
1514
1514
1514
1514
1514
1514
1514
1514
1514
1514
1514
1514
1514
1514
1514
1514
1514
1514
1514
1514
1514
1514
1514
1514
1514
1514
1514
1514
1514
1514
1514
1514
1514
1494
1494
1494
1494
1494
1494
1494
1494
1494
1494
1494
1494
1494
1494
1494
1494
1494
1494
1494
1494
1494
1494
1494
1494
1494
1494
1494
1494
1494
1494
1494
1494
1494
1494
1494
1494
1494
1494
1494
1494
1484
1484
1484
1484
1484
1484
1484
1484
1484
1484
1484
1484
1484
1484
1484
1484
1484
1484
1484
1484
1484
1484
1484
1484
1484
1484
1484
1484
1484
1484
1484
1484
1484
1484
1484
1484
1484
1484
1484
1484
1484
1484
1484
1484
1484
1484
1484
1484
1484
1484
1484
1484
1484
1484
1484
1484
1484
1484
1484
1484
1484
1484
1484
1484
1484
1484
1472
1472
1472
1472
1472
1472
1472
1472
1472
1472
1456
1456
1456
1456
1456
1456
1456
1456
1456
1456
1456
1456
1456
1456
1456
1456
1456
1456
1456
1456
1456
1456
1456
1456
1456
1456
1456
1456
1456
1456
1456
1456
1456
1456
1456
1456
1456
1456
1456
1456
1456
1456
1456
1456
1456
1456
1456
1456
1456
1456
1456
1456
1456
1456
1456
1456
1456
1456
1456
1456
1422
1422
1422
1422
1422
1396
1396
1396
1396
1396
1396
1396
1396
1396
1396
1396
1396
1396
1396
1396
1396
1396
1396
1396
1396
1396
1396
1396
1396
1396
1396
1396
1396
1396
1396
1396
1396
1396
1396
1396
1396
1396
1396
1396
1396
1396
1396
1396
1396
1396
1396
1396
1396
1396
1396
1396
1396
1396
1396
1396
1396
1396
1389
1389
1389
1389
1389
1389
1389
1389
1389
1389
1389
1389
1389
1389
1389
1389
1389
1389
1389
1389
1389
1389
1389
1389
1389
1389
1389
1389
1389
1389
1389
1389
1389
1389
1389
1389
1389
1389
1389
1389
1389
1389
1389
1389
1389
1389
1389
1389
1389
1389
1389
1389
1389
1389
1389
1389
1389
1389
1389
1389
1389
1389
1389
1389
1389
1389
1389
1389
1389
1389
1389
1389
1389
1389
1389
1389
1389
1389
1389
1389
1389
1389
1389
1389
1389
1389
1389
1389
1389
1389
1389
1389
1389
1389
1389
1389
1389
1389
1389
1389
1376
1376
1376
1376
1376
1376
1376
1376
1376
1376
1376
1376
1376
1376
1376
1376
1376
1376
1376
1376
1376
1376
1376
1376
1376
1376
1376
1376
1376
1376
1376
1376
1376
1376
1376
1376
1376
1376
1376
1376
1376
1376
1376
1376
1376
1376
1376
1376
1376
1376
1376
1376
1376
1376
1376
1376
1376
1376
1376
1376
1376
1376
1376
1376
1376
1376
1376
1376
1376
1376
1376
1376
1376
1376
1376
1376
1376
1376
1376
1376
1372
1372
1372
1367
1367
1367
1367
1367
1367
1367
1367
1367
1367
1367
1367
1367
1367
1367
1367
1367
1367
1367
1367
1367
1367
1367
1367
1367
1367
1351
1351
1351
1351
1351
1351
1351
1351
1351
1351
1340
1340
1340
1340
1340
1340
1340
1340
1340
1340
1340
1340
1340
1340
1340
1340
1340
1340
1340
1340
1335
1335
1335
1335
1335
1335
1335
1335
1335
1335
1335
1335
1335
1335
1335
1335
1335
1335
1335
1335
1335
1335
1335
1335
1328
1328
1328
1328
1328
1328
1328
1328
1328
1328
1328
1328
1328
1328
1313
1313
1313
1313
1313
1313
1313
1313
1313
1313
1313
1313
1313
1313
1313
1313
1313
1313
1313
1313
1313
1313
1313
1313
1313
1313
1313
1313
1313
1313
1313
1313
1313
1313
1313
1313
1313
1313
1313
1313
1313
1313
1313
1313
1313
1313
1313
1313
1313
1313
1313
1313
1313
1313
1313
1313
1313
1313
1313
1313
1313
1313
1276
1276
1276
1276
1276
1276
1276
1276
1256
1256
1256
1256
1256
1256
1256
1256
1256
1256
1256
1256
1256
1256
1256
1256
1256
1256
1256
1256
1256
1256
1256
1256
1256
1256
1256
1256
1256
1256
1256
1256
1256
1256
1256
1256
1256
1256
1256
1256
1256
1256
1256
1256
1256
1256
1256
1256
1256
1256
1256
1256
1256
1256
1256
1256
1256
1256
1256
1256
1256
1256
1256
1256
1256
1256
1256
1256
1256
1211
1211
1211
1211
1211
1211
1211
1211
1211
1211
1211
1211
1211
1211
1211
1211
1211
1211
1211
1211
1211
1211
1211
1211
1211
1211
1211
1211
1211
1211
1211
1211
1211
1211
1211
1211
1211
1211
1211
1211
1211
1211
1211
1211
1211
1211
1211
1211
1211
1211
1211
1211
1211
1211
1211
1211
1211
1211
1211
1211
1211
1211
1211
1211
1211
1211
1211
1211
1211
1211
1211
1211
1211
1211
1211
1211
1211
1211
1211
1211
1211
1211
1211
1211
1211
1211
1211
1211
1211
1211
1211
1211
1207
1207
1207
1207
1207
1207
1207
1207
1207
1207
1207
1207
1207
1207
1207
1207
1207
1207
1207
1207
1207
1207
1207
1207
1207
1207
1207
1207
1207
1207
1207
1207
1207
1207
1207
1207
1207
1207
1207
1207
1207
1207
1207
1207
1207
1207
1207
1207
1207
1207
1207
1207
1207
1207
1207
1207
1207
1207
1207
1207
1207
1207
1207
1207
1207
1207
1207
1207
1207
1207
1207
1207
1207
1207
1207
1207
1207
1207
1207
1207
1207
1207
1207
1207
1207
1207
1201
1201
1201
1201
1201
1201
1201
1201
1201
1201
1201
1201
1201
1201
1201
1201
1201
1201
1201
1201
1201
1201
1201
1201
1201
1201
1201
1201
1201
1201
1201
1201
1201
1201
1201
1201
1201
1201
1201
1201
1201
1201
1201
1201
1201
1201
1201
1201
1201
1201
1201
1201
1201
1182
1182
1182
1182
1182
1182
1182
1182
1182
1182
1182
1182
1182
1182
1182
1182
1182
1182
1182
1182
1182
1182
1182
1182
1182
1182
1182
1182
1182
1182
1182
1182
1182
1182
1182
1182
1182
1182
1182
1182
1182
1182
1182
1182
1182
1182
1182
1182
1182
1182
1182
1182
1182
1182
1182
1182
1182
1182
1182
1182
1182
1182
1182
1182
1182
1182
1182
1182
1182
1182
1182
1182
1182
1182
1152
1152
1152
1152
1152
1152
1152
1152
1152
1152
1152
1152
1152
1152
1152
1152
1152
1152
1152
1152
1152
1152
1152
1152
1152
1152
1152
1152
1152
1152
1152
1152
1152
1152
1152
1152
1152
1152
1152
1152
1152
1152
1152
1152
1152
1152
1152
1152
1152
1152
1152
1152
1152
1152
1152
1152
1152
1152
1152
1152
1152
1152
1152
1152
1152
1152
1152
1152
1152
1152
1152
1152
1152
1152
1152
1152
1152
1152
1152
1152
1152
1148
1148
1148
1148
1148
1148
1148
1148
1148
1148
1148
1148
1148
1148
1148
1148
1148
1148
1148
1148
1148
1148
1148
1148
1148
1148
1148
1148
1148
1148
1148
1148
1148
1148
1148
1148
1148
1148
1148
1148
1148
1148
1148
1148
1148
1148
1148
1148
1148
1148
1148
1148
1148
1148
1148
1148
1148
1148
1148
1148
1148
1148
1148
1148
1148
1148
1148
1148
1148
1148
1148
1148
1148
1148
1148
1148
1148
1148
1148
1148
1148
1148
1148
1148
1148
1148
1148
1142
1142
1142
1142
1142
1142
1142
1142
1142
1142
1142
1142
1142
1142
1142
1142
1142
1142
1142
1142
1142
1142
1142
1142
1142
1142
1142
1142
1142
1142
1142
1142
1142
1142
1142
1142
1142
1142
1142
1142
1142
1142
1142
1142
1142
1142
1142
1142
1142
1142
1142
1142
1142
1142
1142
1142
1142
1142
1142
1142
1142
1142
1142
1142
1142
1142
1142
1142
1142
1133
1133
1133
1133
1133
1133
1133
1133
1133
1133
1133
1133
1133
1133
1133
1133
1133
1133
1133
1133
1133
1133
1133
1133
1133
1133
1133
1133
1133
1133
1133
1133
1133
1133
1133
1133
1133
1133
1133
1133
1133
1133
1133
1133
1133
1133
1133
1133
1133
1133
1133
1133
1133
1133
1133
1133
1133
1133
1133
1133
1133
1133
1133
1133
1133
1133
1133
1133
1133
1133
1133
1133
1133
1133
1133
1133
1133
1133
1133
1133
1133
1133
1133
1133
1133
1122
1122
1122
1122
1122
1122
1122
1122
1122
1122
1122
1122
1122
1122
1122
1122
1122
1122
1122
1122
1122
1122
1122
1122
1122
1122
1122
1122
1122
1122
1122
1122
1122
1122
1122
1122
1122
1122
1122
1122
1122
1122
1122
1122
1122
1122
1122
1122
1122
1122
1122
1122
1122
1122
1107
1107
1107
1107
1107
1107
1107
1107
1107
1107
1107
1107
1107
1107
1107
1107
1107
1107
1107
1107
1107
1107
1107
1107
1107
1107
1107
1107
1107
1107
1107
1107
1107
1107
1107
1107
1107
1107
1107
1107
1107
1107
1107
1107
1107
1107
1107
1107
1107
1107
1107
1107
1107
1107
1107
1107
1107
1107
1097
1097
1097
1097
1097
1097
1097
1097
1097
1097
1097
1097
1097
1097
1097
1097
1097
1097
1097
1097
1097
1097
1077
1077
1077
1077
1077
1077
1077
1077
1077
1077
1077
1030
1030
1030
1030
1030
1016
1016
1016
1016
1016
1016
1016
1016
1016
1016
1016
1016
1016
1016
1016
1016
1016
1016
