648
20000
4006
4011
4022
4025
4028
4030
4056
4081
4082
4085
4089
4091
4093
4095
4098
4102
4105
4112
4114
4120
4121
4124
4128
4141
4143
4145
4158
4167
4177
4191
4198
4201
4205
4212
4215
4222
4223
4227
4231
4235
4237
4256
4260
4268
4273
4275
4277
4278
4281
4282
4288
4303
4307
4314
4322
4326
4330
4334
4337
4338
4342
4346
4348
4354
4359
4367
4369
4375
4380
4422
4425
4439
4451
4455
4469
4488
4500
4504
4505
4512
4516
4517
4521
4530
4532
4536
4544
4552
4567
4568
4571
4573
4575
4583
4590
4606
4610
4618
4623
4629
4637
4649
4652
4653
4655
4676
4683
4684
4686
4717
4721
4722
4733
4736
4740
4758
4768
4779
4785
4788
4790
4792
4829
4834
4838
4855
4872
4875
4877
4889
4895
4905
4907
4911
4915
4926
4927
4928
4938
4939
4955
4961
4969
4980
4988
4989
4990
4992
4993
4997
5014
5045
5050
5052
5056
5058
5060
5065
5070
5073
5075
5086
5087
5097
5098
5110
5124
5138
5145
5164
5165
5181
5187
5195
5217
5226
5229
5231
5235
5253
5259
5265
5270
5295
5296
5312
5335
5339
5347
5363
5367
5380
5382
5390
5396
5398
5404
5408
5411
5434
5438
5439
5443
5454
5455
5457
5460
5466
5472
5474
5486
5511
5512
5526
5534
5542
5544
5551
5555
5562
5568
5575
5584
5588
5591
5596
5630
5631
5645
5674
5701
5703
5707
5715
5722
5739
5741
5752
5754
5764
5767
5769
5775
5797
5799
5800
5808
5832
5834
5837
5859
5869
5876
5878
5882
5890
5893
5894
5896
5898
5905
5906
5908
5910
5920
5947
5948
5955
5962
5963
5983
5989
5991
5996
6003
6021
6026
6028
6030
6041
6051
6059
6093
6104
6112
6119
6131
6133
6141
6172
6174
6187
6191
6198
6212
6216
6218
6222
6230
6231
6245
6251
6256
6261
6266
6280
6289
6324
6339
6348
6354
6370
6377
6399
6451
6474
6482
6484
6490
6507
6518
6523
6526
6532
6536
6539
6543
6549
6555
6556
6563
6565
6568
6597
6600
6604
6630
6641
6642
6645
6646
6649
6651
6653
6654
6661
6676
6678
6686
6696
6704
6712
6731
6742
6749
6752
6757
6771
6773
6777
6778
6780
6788
6792
6823
6837
6841
6849
6854
6863
6872
6877
6887
6889
6893
6901
6909
6917
6918
6922
6927
6965
6966
6967
6979
6989
6993
6997
7005
7014
7026
7032
7038
7041
7057
7083
7091
7095
7097
7104
7108
7124
7130
7133
7135
7149
7152
7153
7157
7174
7208
7214
7218
7220
7235
7269
7280
7282
7286
7304
7320
7324
7327
7329
7331
7337
7345
7355
7357
7376
7379
7383
7389
7402
7421
7428
7430
7433
7441
7443
7444
7449
7452
7471
7484
7509
7519
7522
7525
7530
7532
7542
7556
7565
7568
7584
7596
7605
7619
7622
7641
7667
7688
7689
7693
7696
7705
7725
7726
7738
7741
7742
7768
7771
7775
7799
7800
7804
7824
7883
7884
7894
7896
7906
7927
7934
7936
7938
7945
7946
7954
7965
7975
7990
7992
8025
8043
8047
8056
8062
8089
8106
8107
8115
8120
8143
8166
8168
8169
8198
8209
8211
8234
8239
8269
8282
8290
8304
8335
8337
8341
8399
8411
8418
8426
8431
8449
8463
8464
8468
8488
8492
8520
8578
8583
8595
8618
8651
8652
8667
8680
8688
8699
8708
8730
8748
8762
8775
8780
8796
8806
8808
8819
8862
8864
8868
8875
8899
8909
8929
8961
8962
8977
8987
8990
8992
9022
9032
9046
9098
9103
9111
9121
9131
9153
9160
9203
9204
9211
9223
9225
9242
9244
9256
9300
9307
9316
9319
9351
9357
9359
9380
9387
9393
9424
9429
9441
9443
9449
9452
9469
9500
9519
9550
9572
9599
9601
9605
9615
9666
9690
9700
9701
9731
9741
9743
9793
10011
10051
10107
10239
10266
10365
10369
10387
10402
10406
10413
10427
10435
10499
10520
10651
10707
10718
10883
10955
11040
11178
11205
11210
11377
11473
11558
11621
11622
11649
11651
