648
20000
4000
4002
4005
4006
4009
4015
4028
4030
4042
4043
4044
4046
4050
4052
4055
4056
4058
4059
4061
4072
4074
4084
4088
4091
4093
4097
4101
4106
4109
4115
4133
4139
4144
4149
4150
4161
4164
4168
4176
4179
4187
4197
4203
4206
4209
4212
4213
4226
4239
4242
4256
4264
4266
4267
4273
4276
4277
4283
4287
4288
4292
4295
4303
4306
4309
4328
4340
4342
4348
4352
4353
4365
4366
4367
4387
4394
4409
4415
4420
4423
4433
4434
4440
4455
4459
4477
4483
4496
4501
4516
4523
4538
4539
4541
4543
4547
4548
4549
4550
4554
4576
4597
4603
4607
4610
4611
4630
4640
4644
4646
4663
4670
4674
4684
4692
4698
4700
4712
4716
4726
4737
4743
4748
4749
4755
4757
4764
4775
4778
4783
4795
4806
4810
4824
4832
4843
4845
4852
4867
4926
4928
4932
4934
4965
4975
4989
4995
5021
5039
5040
5065
5066
5071
5079
5083
5087
5090
5096
5102
5106
5113
5122
5128
5145
5146
5153
5158
5163
5171
5172
5181
5195
5201
5205
5229
5230
5234
5255
5264
5277
5293
5299
5302
5307
5321
5334
5338
5347
5351
5353
5358
5361
5385
5393
5394
5418
5420
5422
5440
5448
5450
5480
5483
5484
5489
5505
5512
5514
5521
5527
5544
5552
5553
5567
5568
5571
5585
5587
5591
5592
5596
5602
5607
5610
5617
5626
5636
5642
5653
5654
5658
5659
5661
5663
5665
5670
5686
5688
5689
5701
5703
5708
5711
5714
5722
5726
5744
5751
5755
5762
5772
5777
5781
5783
5785
5805
5831
5839
5856
5861
5867
5870
5875
5880
5894
5908
5919
5936
5958
5969
5985
5989
5990
5993
6004
6014
6016
6017
6020
6030
6036
6043
6049
6055
6067
6071
6073
6081
6084
6088
6094
6103
6111
6112
6118
6129
6132
6163
6164
6165
6168
6169
6180
6187
6206
6208
6216
6224
6233
6236
6242
6274
6292
6301
6306
6327
6328
6340
6371
6378
6398
6399
6400
6409
6414
6418
6420
6449
6452
6455
6460
6462
6484
6491
6496
6498
6507
6515
6522
6525
6551
6586
6587
6600
6604
6617
6625
6628
6630
6644
6645
6658
6669
6671
6675
6676
6698
6708
6712
6725
6731
6732
6737
6749
6760
6786
6796
6799
6807
6823
6859
6878
6884
6912
6919
6922
6944
6948
6963
6967
6968
6974
6975
6976
6993
7007
7008
7009
7012
7020
7029
7033
7041
7071
7083
7086
7094
7101
7105
7107
7113
7115
7121
7125
7138
7145
7152
7158
7167
7178
7180
7182
7184
7212
7245
7246
7264
7271
7274
7280
7281
7310
7313
7347
7351
7353
7358
7364
7365
7374
7380
7389
7410
7429
7435
7438
7444
7459
7468
7475
7489
7494
7500
7502
7503
7514
7534
7535
7541
7545
7552
7557
7558
7572
7614
7615
7637
7648
7653
7664
7670
7677
7717
7729
7754
7756
7760
7773
7814
7831
7833
7855
7858
7888
7890
7891
7893
7912
7925
7936
7941
7954
7971
8002
8042
8061
8070
8080
8081
8087
8088
8090
8104
8123
8126
8133
8144
8150
8160
8172
8175
8182
8185
8230
8248
8249
8263
8275
8284
8295
8317
8342
8349
8358
8362
8373
8374
8377
8396
8414
8455
8484
8509
8515
8521
8528
8545
8558
8560
8580
8587
8621
8625
8628
8630
8635
8660
8667
8676
8680
8689
8700
8705
8715
8792
8795
8805
8815
8824
8827
8830
8865
8872
8874
8891
8903
8904
8925
8927
8934
8944
8945
8995
9030
9067
9089
9100
9101
9105
9114
9121
9130
9134
9148
9149
9162
9175
9180
9187
9192
9199
9208
9239
9250
9256
9309
9406
9412
9414
9428
9486
9504
9507
9528
9529
9536
9563
9573
9580
9582
9598
9642
9672
9740
9759
9764
9765
9776
9798
9907
9928
9949
9970
9983
10019
10073
10080
10116
10125
10150
10173
10186
10265
10269
10307
10438
10468
10564
10582
10594
10606
10687
10714
10745
10770
10779
10951
10963
11177
11186
11371
11401
11419
11604
11749
11785
11845
11911
