648
20000
4009
4014
4029
4031
4037
4040
4047
4048
4052
4064
4066
4070
4073
4076
4080
4087
4091
4108
4122
4123
4130
4142
4149
4166
4168
4170
4175
4178
4186
4187
4190
4192
4195
4208
4218
4221
4222
4229
4240
4243
4246
4247
4255
4256
4258
4265
4266
4269
4271
4273
4274
4278
4313
4316
4318
4322
4323
4326
4333
4351
4371
4372
4374
4377
4383
4390
4428
4441
4446
4449
4455
4466
4469
4473
4479
4483
4493
4511
4519
4520
4533
4545
4548
4554
4559
4579
4580
4587
4592
4596
4597
4600
4615
4625
4640
4641
4645
4659
4665
4666
4668
4669
4689
4693
4696
4698
4705
4706
4731
4742
4746
4752
4756
4758
4760
4763
4770
4772
4781
4788
4792
4806
4809
4810
4811
4829
4832
4838
4873
4884
4890
4894
4898
4899
4903
4905
4907
4910
4916
4917
4920
4923
4936
4957
4965
4969
4971
4972
4973
4974
4977
4981
4983
4984
4985
4986
4987
4988
4991
4992
4994
4999
5002
5003
5005
5006
5016
5020
5032
5040
5052
5058
5084
5130
5135
5136
5141
5142
5147
5151
5154
5157
5158
5168
5172
5174
5178
5193
5194
5199
5201
5213
5224
5227
5231
5247
5248
5251
5255
5256
5263
5269
5283
5311
5312
5322
5341
5353
5361
5369
5376
5378
5379
5380
5385
5392
5421
5422
5429
5435
5436
5449
5460
5462
5466
5479
5511
5518
5527
5529
5538
5539
5548
5579
5586
5588
5594
5612
5619
5620
5622
5625
5628
5637
5647
5655
5668
5677
5688
5698
5715
5721
5723
5725
5737
5749
5769
5777
5779
5786
5791
5798
5799
5804
5805
5823
5825
5826
5837
5839
5864
5874
5877
5879
5880
5885
5889
5896
5898
5913
5914
5916
5920
5929
5958
5976
5979
5984
5986
5995
6003
6004
6006
6027
6028
6030
6044
6047
6049
6062
6074
6076
6082
6083
6088
6090
6098
6107
6111
6112
6120
6127
6129
6149
6152
6166
6172
6178
6181
6183
6188
6190
6205
6223
6239
6243
6246
6251
6266
6272
6281
6296
6319
6324
6342
6359
6377
6395
6403
6413
6427
6432
6443
6446
6448
6449
6456
6471
6479
6480
6493
6526
6537
6546
6548
6560
6577
6592
6611
6621
6657
6660
6666
6684
6685
6691
6699
6705
6726
6729
6734
6745
6751
6753
6754
6788
6790
6800
6815
6829
6856
6859
6862
6877
6888
6892
6897
6912
6915
6920
6921
6925
6939
6952
6959
6979
7000
7006
7031
7042
7075
7089
7094
7095
7154
7155
7158
7168
7180
7183
7188
7190
7191
7210
7213
7214
7215
7219
7221
7224
7244
7255
7262
7270
7275
7280
7287
7289
7301
7314
7326
7332
7336
7340
7342
7383
7390
7421
7437
7448
7522
7531
7546
7547
7554
7576
7593
7595
7597
7604
7609
7628
7632
7667
7668
7673
7708
7709
7727
7737
7760
7763
7764
7779
7798
7820
7845
7863
7899
7906
7925
7929
7943
7947
7950
7955
7956
7962
7968
8006
8025
8027
8028
8040
8064
8073
8083
8092
8093
8122
8123
8131
8138
8153
8164
8176
8193
8197
8198
8207
8220
8221
8236
8247
8260
8261
8272
8274
8276
8282
8295
8304
8351
8354
8365
8386
8387
8390
8406
8440
8452
8471
8475
8477
8478
8491
8511
8516
8532
8560
8563
8565
8571
8596
8610
8620
8669
8686
8699
8758
8760
8774
8815
8824
8830
8843
8853
8856
8893
8911
8925
8951
8952
8966
9022
9030
9051
9052
9063
9089
9121
9144
9145
9147
9155
9158
9162
9219
9224
9281
9298
9336
9352
9356
9359
9369
9395
9470
9491
9493
9500
9522
9527
9531
9539
9562
9563
9579
9712
9722
9753
9777
9821
9823
9831
9846
9855
9858
9886
9897
9908
9941
9942
9974
9977
10020
10105
10131
10186
10195
10211
10217
10220
10231
10240
10264
10277
10332
10348
10423
10450
10459
10474
10536
10539
10542
10562
10567
10662
10771
10782
10826
10843
11061
11084
11113
11173
11365
11424
11441
11460
11506
11523
11550
11576
11754
11762
11826
