648
20000
4000
4001
4002
4010
4011
4014
4016
4029
4035
4037
4038
4045
4058
4068
4075
4079
4082
4092
4099
4108
4112
4113
4146
4147
4149
4154
4157
4161
4162
4171
4174
4182
4195
4227
4228
4235
4240
4242
4250
4255
4262
4263
4270
4275
4279
4283
4294
4296
4300
4317
4325
4326
4329
4337
4339
4341
4347
4357
4366
4367
4377
4386
4390
4392
4396
4399
4402
4409
4410
4419
4424
4426
4438
4449
4464
4465
4466
4469
4475
4476
4481
4483
4496
4513
4516
4520
4522
4523
4525
4531
4535
4538
4542
4547
4553
4554
4559
4565
4581
4586
4588
4601
4607
4609
4611
4612
4613
4614
4628
4632
4633
4651
4666
4668
4671
4674
4681
4688
4695
4701
4706
4715
4716
4720
4734
4739
4743
4745
4750
4770
4774
4781
4790
4794
4796
4804
4809
4819
4820
4827
4831
4837
4840
4844
4845
4846
4856
4864
4872
4877
4878
4886
4889
4893
4917
4925
4929
4935
4951
4953
4960
4962
4966
4973
4985
4987
4996
5003
5012
5016
5018
5028
5032
5035
5039
5045
5046
5050
5066
5069
5088
5090
5094
5101
5106
5112
5113
5114
5130
5137
5142
5145
5150
5162
5165
5166
5188
5199
5209
5211
5212
5213
5216
5238
5243
5259
5266
5274
5304
5313
5318
5322
5326
5335
5336
5338
5344
5381
5383
5414
5418
5419
5425
5449
5464
5491
5500
5506
5524
5541
5542
5544
5548
5565
5580
5583
5589
5593
5604
5608
5621
5627
5628
5630
5632
5635
5653
5681
5683
5686
5689
5690
5693
5709
5723
5729
5738
5758
5771
5794
5798
5806
5807
5811
5827
5830
5832
5853
5856
5858
5864
5870
5874
5881
5886
5891
5904
5906
5934
5949
5968
5972
6019
6024
6025
6033
6037
6039
6045
6052
6068
6070
6074
6076
6077
6118
6127
6149
6153
6163
6178
6182
6186
6191
6193
6196
6198
6214
6222
6223
6225
6240
6258
6259
6291
6297
6311
6326
6335
6339
6350
6351
6406
6409
6411
6419
6424
6427
6428
6429
6435
6440
6455
6458
6481
6493
6504
6526
6533
6535
6542
6547
6556
6561
6567
6578
6579
6598
6600
6606
6609
6613
6618
6626
6630
6635
6639
6656
6658
6659
6667
6673
6674
6678
6689
6697
6713
6720
6740
6754
6756
6758
6767
6772
6775
6807
6808
6817
6819
6827
6832
6835
6846
6851
6864
6866
6868
6873
6881
6889
6895
6931
6955
6959
6964
6969
6971
6972
6977
6981
6985
6992
6993
6999
7015
7019
7023
7048
7065
7082
7116
7127
7139
7145
7153
7185
7188
7201
7210
7239
7247
7255
7261
7280
7296
7297
7305
7308
7321
7322
7326
7328
7330
7350
7351
7364
7372
7373
7374
7378
7387
7390
7470
7526
7532
7545
7555
7558
7561
7564
7566
7583
7602
7644
7647
7675
7685
7686
7694
7717
7723
7730
7733
7743
7752
7753
7766
7773
7798
7820
7821
7823
7838
7842
7865
7888
7897
7921
7926
7937
7966
7988
8004
8016
8021
8031
8040
8045
8073
8074
8079
8104
8143
8189
8198
8203
8209
8219
8227
8240
8260
8270
8271
8279
8307
8323
8331
8382
8383
8385
8415
8436
8456
8458
8497
8505
8514
8518
8525
8529
8531
8559
8562
8567
8647
8653
8660
8697
8698
8699
8700
8702
8719
8725
8743
8778
8780
8782
8794
8800
8809
8813
8816
8822
8825
8851
8868
8879
8883
8885
8895
8908
8912
8924
8939
8962
9025
9072
9078
9086
9087
9110
9161
9169
9175
9201
9208
9233
9237
9267
9279
9338
9369
9370
9411
9412
9419
9423
9433
9447
9461
9468
9488
9505
9521
9554
9639
9653
9659
9663
9687
9716
9753
9791
9823
9843
9865
9905
9980
9990
9995
10000
10025
10043
10050
10119
10149
10151
10160
10174
10183
10194
10225
10246
10296
10299
10300
10374
10401
10418
10457
10460
10488
10512
10594
10627
10767
10809
10828
10869
10879
10884
10926
10959
11036
11151
11249
11333
11374
11419
11444
11452
11700
11713
11765
11800
11808
11907
