648
20000
4002
4009
4010
4016
4020
4022
4032
4034
4037
4039
4043
4056
4059
4063
4073
4074
4098
4112
4114
4119
4126
4132
4149
4155
4190
4193
4201
4207
4225
4230
4232
4236
4245
4258
4259
4272
4273
4287
4292
4297
4298
4315
4319
4336
4337
4339
4347
4357
4361
4366
4374
4377
4378
4380
4394
4403
4416
4422
4434
4439
4443
4450
4452
4453
4462
4463
4471
4488
4519
4526
4529
4538
4539
4544
4546
4558
4560
4573
4581
4600
4618
4623
4629
4630
4633
4634
4636
4650
4651
4653
4657
4670
4678
4691
4714
4726
4729
4735
4743
4746
4764
4790
4794
4817
4819
4842
4847
4873
4875
4888
4889
4892
4894
4907
4923
4926
4947
4952
4956
4960
4965
4966
4971
4982
4988
4990
4991
5005
5014
5016
5018
5020
5024
5030
5045
5046
5050
5051
5055
5059
5063
5064
5083
5085
5086
5091
5092
5093
5096
5102
5120
5122
5123
5126
5127
5141
5146
5161
5162
5167
5176
5177
5186
5190
5198
5202
5206
5211
5231
5246
5249
5263
5267
5268
5283
5297
5306
5310
5315
5316
5325
5326
5327
5343
5345
5347
5364
5369
5381
5384
5410
5420
5427
5432
5440
5445
5468
5479
5499
5508
5511
5530
5534
5540
5545
5548
5549
5563
5573
5579
5584
5587
5588
5590
5592
5596
5598
5602
5610
5621
5632
5636
5656
5659
5668
5671
5690
5691
5711
5715
5718
5742
5754
5757
5758
5764
5771
5773
5775
5780
5781
5789
5801
5802
5805
5815
5818
5819
5827
5831
5833
5834
5847
5857
5863
5867
5880
5897
5898
5902
5908
5919
5928
5932
5934
5945
5958
5960
5963
5968
5976
5996
5999
6010
6011
6031
6032
6035
6046
6056
6064
6065
6073
6102
6109
6110
6113
6115
6121
6134
6138
6145
6164
6169
6176
6185
6199
6209
6211
6230
6237
6238
6239
6241
6246
6250
6252
6263
6268
6292
6304
6305
6312
6313
6319
6320
6330
6332
6339
6342
6348
6350
6351
6356
6359
6381
6402
6403
6404
6434
6438
6453
6456
6457
6459
6460
6466
6478
6485
6486
6503
6508
6515
6536
6546
6548
6553
6554
6563
6565
6573
6593
6595
6604
6607
6624
6629
6646
6650
6662
6672
6673
6682
6683
6690
6692
6695
6722
6723
6766
6798
6800
6809
6818
6821
6841
6848
6857
6869
6870
6872
6900
6908
6919
6951
6952
6955
6971
6978
6996
7003
7041
7050
7061
7064
7078
7082
7086
7092
7101
7106
7107
7118
7122
7124
7128
7132
7135
7143
7149
7155
7176
7183
7185
7187
7201
7215
7221
7228
7242
7244
7245
7254
7260
7286
7290
7296
7322
7330
7341
7347
7352
7355
7361
7367
7386
7391
7395
7399
7430
7437
7441
7444
7446
7448
7456
7463
7475
7476
7503
7505
7510
7514
7519
7532
7548
7568
7574
7586
7609
7615
7619
7631
7646
7664
7671
7673
7681
7720
7722
7727
7728
7731
7732
7734
7756
7764
7790
7815
7820
7830
7847
7860
7863
7866
7867
7875
7890
7910
7913
7924
7959
7965
7969
7974
7983
7994
8003
8005
8030
8035
8051
8075
8078
8085
8088
8097
8107
8124
8141
8172
8177
8191
8205
8211
8220
8222
8228
8232
8245
8254
8255
8259
8265
8284
8316
8320
8332
8347
8349
8379
8380
8387
8414
8442
8463
8476
8479
8525
8538
8614
8616
8639
8650
8669
8705
8708
8731
8732
8765
8780
8790
8804
8817
8822
8832
8842
8862
8879
8905
8944
8945
8949
8956
8964
8987
9000
9004
9025
9062
9078
9140
9145
9162
9177
9205
9226
9239
9247
9259
9270
9281
9284
9307
9309
9327
9346
9354
9388
9414
9443
9445
9450
9476
9515
9523
9544
9553
9600
9635
9650
9654
9665
9666
9690
9703
9763
9764
9768
9792
9815
9842
9850
9886
9939
9949
9984
9988
10114
10155
10177
10264
10270
10274
10287
10305
10319
10377
10418
10445
10464
10471
10505
10517
10560
10613
10615
10764
10811
10832
10899
11001
11013
11109
11232
11290
11418
11849
