648
20000
4002
4010
4016
4022
4025
4034
4039
4052
4053
4065
4070
4074
4083
4092
4117
4118
4121
4123
4124
4126
4128
4129
4164
4166
4171
4172
4180
4189
4203
4209
4211
4214
4216
4217
4218
4221
4235
4240
4243
4248
4264
4265
4266
4267
4271
4273
4274
4276
4321
4323
4334
4338
4341
4346
4353
4359
4361
4363
4376
4377
4380
4388
4404
4414
4417
4418
4421
4428
4431
4440
4441
4454
4456
4459
4465
4513
4516
4517
4522
4525
4526
4542
4546
4557
4568
4569
4586
4588
4590
4591
4592
4606
4608
4614
4619
4620
4630
4632
4635
4651
4653
4669
4675
4678
4681
4691
4697
4705
4706
4725
4730
4734
4735
4741
4754
4762
4763
4769
4770
4771
4778
4780
4792
4797
4804
4809
4818
4824
4842
4845
4854
4856
4862
4869
4899
4905
4911
4918
4929
4930
4954
4955
4959
4964
4966
4972
4976
4995
5015
5045
5048
5051
5058
5061
5075
5095
5098
5100
5106
5128
5129
5130
5131
5133
5135
5136
5140
5146
5148
5168
5169
5170
5175
5177
5179
5188
5199
5201
5203
5212
5213
5218
5219
5221
5227
5232
5240
5248
5256
5269
5276
5280
5282
5283
5286
5292
5297
5298
5306
5311
5319
5354
5370
5383
5384
5387
5388
5390
5400
5405
5406
5412
5418
5432
5445
5446
5450
5478
5489
5491
5493
5498
5501
5514
5516
5526
5537
5544
5547
5550
5560
5564
5590
5592
5626
5628
5635
5639
5648
5653
5658
5662
5679
5689
5707
5733
5736
5750
5767
5775
5776
5777
5788
5806
5809
5812
5817
5846
5879
5893
5901
5910
5920
5921
5926
5928
5975
5976
5993
6000
6001
6004
6008
6033
6050
6052
6055
6063
6065
6067
6071
6074
6075
6089
6092
6110
6126
6135
6139
6140
6153
6158
6160
6164
6179
6185
6190
6205
6207
6216
6224
6237
6242
6257
6261
6297
6299
6302
6310
6333
6340
6341
6342
6347
6348
6351
6354
6357
6361
6375
6383
6400
6402
6410
6418
6423
6438
6440
6442
6451
6462
6466
6469
6472
6474
6476
6477
6479
6487
6489
6499
6500
6501
6508
6510
6526
6529
6537
6546
6554
6558
6572
6573
6574
6577
6585
6592
6594
6595
6607
6622
6643
6644
6647
6648
6659
6662
6668
6674
6685
6692
6726
6735
6748
6754
6767
6797
6799
6816
6823
6852
6859
6865
6868
6883
6889
6899
6902
6908
6913
6914
6915
6916
6917
6931
6936
6951
6977
6986
7007
7018
7021
7046
7050
7051
7075
7076
7086
7093
7097
7101
7112
7115
7116
7121
7127
7137
7151
7161
7167
7173
7184
7204
7224
7226
7242
7263
7264
7275
7298
7328
7334
7357
7358
7360
7361
7362
7389
7394
7397
7398
7409
7442
7460
7465
7466
7472
7504
7510
7521
7526
7528
7532
7580
7586
7600
7610
7638
7639
7640
7642
7659
7676
7687
7725
7734
7735
7741
7749
7751
7754
7764
7766
7778
7824
7828
7833
7835
7836
7844
7856
7887
7891
7909
7922
7938
7953
7958
7966
7982
7991
8021
8039
8048
8066
8079
8091
8109
8113
8145
8153
8184
8190
8202
8204
8208
8211
8213
8215
8224
8255
8279
8280
8351
8415
8434
8435
8472
8474
8510
8522
8524
8569
8571
8592
8596
8610
8619
8698
8700
8712
8714
8742
8745
8748
8749
8773
8775
8779
8782
8797
8801
8803
8816
8817
8819
8827
8885
8918
8930
8931
8945
8961
8968
8991
9004
9020
9022
9044
9049
9052
9064
9091
9104
9114
9118
9128
9134
9140
9144
9146
9152
9169
9174
9221
9237
9246
9266
9291
9293
9308
9328
9349
9443
9449
9457
9477
9478
9498
9519
9529
9567
9588
9591
9603
9646
9651
9662
9691
9723
9809
9828
9878
9921
9959
9968
10005
10014
10024
10109
10112
10133
10172
10242
10248
10253
10299
10310
10326
10337
10380
10420
10433
10449
10485
10498
10503
10529
10541
10571
10590
10632
10653
10742
10761
10844
10911
10938
10958
10995
11029
11056
11120
11333
11384
11402
11475
11643
