648
20000
4002
4027
4045
4050
4053
4060
4070
4091
4093
4099
4101
4102
4103
4112
4120
4125
4130
4135
4153
4159
4174
4182
4200
4212
4213
4214
4220
4227
4231
4239
4254
4257
4267
4268
4273
4279
4314
4317
4324
4331
4339
4340
4346
4358
4359
4361
4365
4369
4377
4381
4384
4397
4398
4405
4419
4424
4435
4439
4442
4444
4462
4474
4475
4479
4490
4497
4499
4500
4505
4508
4509
4511
4543
4544
4548
4552
4554
4556
4561
4563
4569
4573
4576
4577
4584
4586
4593
4604
4607
4609
4629
4634
4641
4643
4646
4660
4670
4671
4687
4689
4701
4711
4712
4717
4719
4720
4722
4730
4733
4735
4738
4739
4741
4742
4747
4770
4773
4780
4797
4805
4811
4812
4816
4818
4831
4833
4846
4851
4858
4862
4865
4869
4878
4881
4891
4900
4904
4905
4916
4919
4924
4930
4935
4940
4947
4958
4960
4976
4987
4990
4993
4995
5004
5017
5020
5028
5034
5048
5050
5052
5055
5067
5068
5099
5105
5107
5116
5123
5125
5130
5144
5145
5146
5158
5159
5165
5172
5173
5176
5178
5180
5182
5188
5202
5206
5226
5227
5231
5236
5241
5246
5256
5261
5266
5269
5285
5287
5289
5290
5294
5295
5329
5332
5333
5338
5357
5371
5377
5380
5396
5400
5403
5407
5414
5428
5430
5431
5439
5443
5448
5459
5463
5465
5488
5493
5494
5527
5534
5539
5541
5552
5553
5562
5566
5572
5576
5579
5583
5585
5586
5594
5600
5606
5612
5613
5615
5616
5625
5634
5649
5651
5663
5669
5674
5682
5690
5745
5749
5776
5781
5792
5793
5795
5804
5805
5821
5827
5842
5845
5870
5872
5880
5910
5918
5923
5925
5930
5942
5950
5966
5971
5973
5981
5988
5995
6004
6005
6016
6038
6042
6058
6066
6079
6082
6083
6103
6105
6120
6143
6144
6150
6161
6163
6175
6189
6197
6206
6219
6225
6235
6241
6256
6281
6284
6287
6290
6292
6305
6313
6336
6342
6359
6365
6366
6372
6379
6382
6388
6396
6402
6403
6412
6430
6462
6474
6476
6491
6496
6505
6510
6528
6531
6536
6539
6557
6560
6562
6565
6571
6575
6589
6610
6613
6614
6620
6625
6628
6665
6676
6677
6689
6695
6698
6707
6710
6735
6744
6745
6759
6766
6772
6774
6784
6808
6840
6845
6867
6883
6884
6886
6890
6911
6915
6920
6925
6939
6968
6986
6989
6994
7008
7009
7010
7022
7031
7054
7060
7069
7071
7078
7087
7091
7114
7119
7120
7124
7132
7134
7146
7155
7171
7183
7207
7213
7214
7239
7251
7253
7254
7260
7267
7283
7287
7292
7295
7306
7313
7324
7335
7353
7360
7377
7386
7387
7402
7416
7418
7442
7449
7459
7461
7471
7488
7491
7494
7509
7517
7524
7526
7532
7535
7562
7589
7594
7604
7614
7618
7676
7679
7706
7718
7726
7736
7754
7759
7778
7779
7785
7786
7796
7820
7875
7890
7907
7916
7924
7925
7926
7928
7937
7978
7983
7985
7990
7999
8000
8004
8030
8033
8034
8049
8070
8075
8085
8088
8091
8093
8097
8099
8100
8109
8113
8164
8166
8168
8188
8242
8254
8256
8275
8288
8300
8317
8323
8326
8331
8346
8349
8351
8356
8368
8375
8394
8399
8434
8479
8483
8505
8529
8566
8579
8596
8620
8626
8648
8664
8679
8684
8688
8716
8736
8741
8742
8754
8762
8779
8784
8841
8851
8864
8879
8913
8938
8955
8974
8976
8978
8997
9004
9016
9032
9049
9061
9078
9101
9138
9146
9161
9197
9245
9250
9254
9271
9324
9342
9382
9425
9444
9447
9450
9458
9487
9489
9523
9537
9547
9561
9563
9566
9579
9595
9611
9614
9636
9653
9692
9700
9716
9722
9742
9745
9789
9820
9823
9844
9883
9900
9946
9950
9976
9980
9982
9992
10000
10095
10135
10181
10194
10196
10217
10251
10262
10272
10292
10327
10375
10473
10477
10478
10479
10514
10600
10751
10778
10783
10864
10870
10971
11016
11147
11186
11236
11275
11280
11314
11327
11683
11830
