648
20000
4003
4007
4008
4011
4012
4027
4033
4061
4083
4099
4111
4112
4118
4125
4134
4142
4147
4159
4163
4176
4179
4196
4197
4200
4218
4227
4238
4252
4269
4272
4276
4283
4284
4294
4304
4307
4319
4320
4323
4335
4340
4359
4363
4369
4379
4386
4389
4406
4409
4414
4418
4421
4424
4430
4432
4436
4439
4440
4446
4449
4450
4460
4475
4478
4482
4486
4502
4521
4532
4533
4537
4546
4554
4556
4557
4571
4572
4586
4594
4602
4608
4629
4631
4648
4657
4667
4668
4670
4693
4697
4698
4716
4720
4721
4723
4724
4735
4745
4758
4764
4768
4784
4790
4819
4826
4830
4837
4841
4851
4854
4864
4868
4870
4874
4875
4903
4917
4919
4934
4941
4945
4964
4978
4982
4994
5005
5025
5027
5040
5057
5059
5060
5067
5070
5076
5077
5078
5081
5086
5088
5106
5109
5113
5120
5127
5137
5143
5148
5149
5170
5181
5190
5210
5212
5218
5224
5227
5235
5243
5247
5249
5253
5256
5263
5266
5268
5284
5295
5301
5302
5305
5310
5313
5314
5320
5322
5340
5344
5346
5359
5368
5370
5371
5380
5388
5389
5394
5405
5427
5428
5432
5440
5452
5453
5454
5457
5469
5479
5485
5487
5500
5501
5504
5505
5515
5522
5540
5542
5551
5576
5577
5580
5593
5597
5607
5613
5615
5618
5640
5645
5650
5652
5655
5660
5671
5678
5706
5711
5722
5729
5732
5733
5740
5744
5751
5761
5763
5769
5785
5798
5803
5805
5810
5819
5829
5830
5836
5840
5849
5864
5889
5895
5898
5910
5916
5931
5949
5950
5959
5960
5965
5968
5975
5978
5996
6001
6006
6023
6026
6029
6031
6057
6058
6070
6078
6093
6094
6100
6102
6104
6107
6121
6132
6138
6141
6159
6176
6180
6188
6189
6204
6205
6212
6218
6226
6229
6233
6241
6242
6255
6260
6270
6271
6281
6282
6291
6300
6304
6309
6317
6336
6347
6351
6366
6386
6404
6406
6414
6432
6438
6439
6444
6449
6455
6456
6464
6470
6471
6473
6474
6476
6480
6488
6498
6500
6519
6526
6527
6531
6537
6589
6599
6605
6626
6627
6632
6643
6663
6666
6668
6675
6679
6682
6683
6706
6719
6722
6725
6740
6742
6746
6760
6766
6788
6813
6822
6827
6836
6837
6847
6848
6857
6864
6866
6878
6911
6912
6921
6933
6938
6946
6956
6957
6958
6964
6984
6991
7005
7009
7023
7029
7032
7045
7046
7053
7057
7065
7070
7080
7084
7087
7088
7091
7093
7095
7104
7116
7117
7142
7145
7151
7155
7158
7163
7164
7173
7187
7200
7202
7211
7234
7261
7288
7292
7293
7299
7301
7306
7325
7340
7352
7355
7358
7379
7411
7421
7435
7437
7457
7462
7478
7483
7519
7528
7531
7532
7552
7557
7558
7561
7563
7567
7569
7581
7588
7592
7596
7597
7602
7614
7615
7637
7652
7654
7674
7688
7703
7704
7706
7715
7723
7748
7752
7756
7763
7767
7774
7779
7787
7788
7813
7818
7822
7826
7831
7834
7839
7843
7845
7846
7850
7863
7872
7904
7905
7907
7918
7923
7942
7946
7953
7954
7979
7983
7993
8002
8003
8006
8023
8051
8059
8068
8087
8109
8142
8153
8158
8183
8185
8191
8200
8207
8215
8216
8225
8231
8241
8263
8270
8278
8285
8315
8321
8322
8340
8356
8371
8397
8407
8418
8420
8438
8451
8453
8456
8468
8469
8472
8484
8546
8548
8550
8556
8568
8601
8611
8617
8632
8647
8663
8792
8795
8798
8804
8809
8825
8830
8833
8838
8844
8853
8859
8886
8901
8902
8916
8917
8938
8948
8973
9037
9060
9093
9129
9161
9202
9214
9225
9228
9263
9270
9288
9289
9296
9302
9313
9393
9511
9530
9543
9558
9574
9625
9652
9654
9687
9692
9731
9748
9749
9804
9854
9864
9867
9892
9894
10008
10121
10183
10184
10223
10225
10250
10251
10290
10301
10455
10526
10527
10575
10625
10696
10707
10714
10765
10771
10818
10828
10848
10859
10861
10896
10942
10960
10998
11120
11140
11712
