648
20000
4005
4012
4037
4040
4043
4045
4047
4073
4076
4079
4081
4083
4091
4093
4101
4102
4112
4120
4130
4145
4152
4155
4160
4170
4176
4178
4179
4195
4206
4212
4214
4217
4222
4229
4230
4236
4238
4261
4262
4281
4285
4297
4303
4308
4327
4330
4337
4346
4367
4370
4372
4374
4376
4381
4384
4387
4388
4411
4420
4422
4424
4435
4436
4443
4448
4452
4457
4489
4495
4497
4504
4507
4511
4514
4515
4528
4532
4545
4546
4559
4564
4567
4569
4572
4577
4581
4584
4587
4593
4598
4606
4613
4617
4641
4645
4646
4651
4659
4666
4671
4682
4683
4691
4729
4731
4738
4760
4769
4788
4798
4802
4811
4826
4833
4839
4871
4889
4897
4905
4910
4916
4918
4922
4934
4944
4950
4951
4954
4986
4989
5018
5020
5038
5039
5047
5057
5058
5060
5070
5080
5088
5089
5090
5100
5114
5119
5124
5128
5129
5130
5136
5150
5162
5166
5169
5171
5172
5182
5184
5188
5200
5209
5215
5220
5226
5228
5241
5247
5260
5263
5269
5321
5327
5328
5349
5351
5352
5353
5382
5405
5414
5417
5418
5426
5428
5431
5440
5442
5460
5472
5486
5489
5491
5505
5506
5517
5525
5534
5535
5540
5555
5564
5573
5587
5595
5602
5610
5614
5621
5628
5631
5640
5648
5669
5673
5677
5678
5682
5696
5710
5720
5723
5736
5765
5768
5770
5773
5802
5819
5823
5828
5835
5836
5843
5844
5847
5851
5870
5877
5883
5894
5895
5915
5916
5918
5919
5920
5924
5925
5926
5928
5933
5934
5955
5962
5966
5971
5976
5977
5980
5987
5989
5990
6003
6004
6017
6028
6034
6038
6050
6057
6063
6077
6079
6081
6098
6102
6137
6156
6161
6163
6165
6172
6173
6175
6185
6187
6190
6198
6211
6227
6228
6233
6236
6243
6247
6263
6278
6284
6296
6297
6300
6305
6306
6315
6319
6384
6387
6393
6409
6422
6424
6426
6430
6431
6456
6462
6475
6476
6478
6479
6487
6493
6503
6506
6508
6527
6530
6543
6549
6552
6557
6587
6592
6596
6599
6602
6615
6620
6621
6623
6631
6633
6646
6647
6648
6650
6653
6661
6665
6673
6677
6691
6715
6717
6723
6724
6739
6745
6756
6760
6772
6810
6813
6815
6816
6821
6828
6842
6861
6864
6869
6883
6892
6904
6909
6913
6915
6916
6918
6919
6924
6926
6949
6961
6967
6968
6969
6987
6992
6995
7003
7017
7020
7029
7033
7045
7056
7057
7063
7064
7066
7077
7081
7087
7092
7105
7117
7119
7140
7157
7160
7161
7168
7179
7181
7192
7207
7209
7210
7216
7230
7233
7237
7238
7239
7260
7261
7262
7304
7320
7339
7343
7349
7353
7358
7365
7375
7376
7387
7388
7394
7396
7402
7417
7427
7441
7447
7476
7477
7491
7493
7503
7511
7524
7527
7541
7547
7552
7559
7575
7581
7588
7598
7640
7648
7655
7656
7665
7696
7703
7718
7738
7752
7754
7758
7761
7778
7793
7801
7813
7818
7820
7833
7843
7878
7882
7903
7911
7918
7937
7953
7966
7991
8011
8014
8016
8018
8039
8044
8049
8055
8071
8074
8094
8100
8102
8107
8108
8115
8182
8183
8186
8187
8197
8204
8211
8230
8263
8264
8273
8274
8285
8291
8305
8336
8355
8369
8371
8378
8380
8416
8420
8425
8426
8429
8430
8431
8432
8434
8440
8442
8447
8502
8504
8513
8539
8556
8580
8594
8629
8634
8675
8677
8714
8718
8735
8743
8749
8758
8767
8771
8781
8801
8802
8847
8860
8870
8892
8901
8928
8930
9006
9054
9069
9084
9098
9102
9108
9117
9138
9144
9153
9190
9195
9217
9223
9236
9250
9270
9272
9275
9280
9282
9296
9313
9327
9361
9379
9386
9409
9424
9426
9498
9519
9525
9537
9565
9591
9653
9655
9704
9708
9777
9849
9870
9884
9930
9932
10012
10031
10082
10103
10130
10140
10188
10243
10368
10379
10390
10393
10468
10499
10586
10588
10604
10717
10726
10740
10795
10819
10867
11050
11124
11222
11276
11328
11797
