648
20000
4013
4032
4047
4052
4058
4100
4107
4112
4117
4120
4122
4145
4160
4201
4223
4224
4225
4228
4230
4236
4238
4254
4260
4270
4278
4286
4287
4290
4295
4303
4309
4313
4316
4319
4330
4332
4333
4351
4356
4366
4379
4412
4426
4441
4442
4444
4454
4462
4467
4468
4471
4476
4480
4481
4492
4495
4498
4500
4504
4518
4519
4538
4541
4545
4552
4556
4557
4558
4575
4577
4579
4581
4586
4591
4605
4608
4610
4611
4613
4615
4621
4623
4624
4627
4630
4634
4650
4655
4663
4675
4682
4684
4685
4695
4698
4703
4704
4705
4709
4720
4738
4741
4759
4761
4769
4770
4777
4783
4799
4816
4821
4832
4842
4848
4858
4865
4866
4877
4894
4900
4918
4923
4931
4936
4951
4961
4963
4969
4971
4973
4974
4975
4978
4985
4986
4995
5021
5026
5028
5051
5053
5054
5062
5070
5075
5078
5086
5091
5093
5100
5105
5108
5111
5119
5122
5124
5126
5130
5133
5149
5153
5163
5196
5203
5208
5211
5214
5215
5226
5230
5234
5239
5246
5250
5253
5254
5262
5267
5272
5282
5291
5304
5308
5309
5312
5316
5319
5329
5333
5336
5351
5352
5356
5368
5371
5380
5392
5398
5402
5423
5441
5442
5451
5466
5467
5472
5480
5481
5486
5503
5504
5541
5557
5560
5573
5574
5579
5581
5590
5593
5596
5600
5621
5623
5624
5625
5632
5651
5657
5667
5669
5677
5682
5690
5705
5721
5722
5731
5736
5742
5753
5761
5764
5773
5782
5784
5814
5836
5839
5841
5846
5848
5870
5873
5874
5891
5892
5893
5913
5915
5922
5940
5955
5968
5973
5981
5983
5988
5991
5995
6008
6013
6015
6027
6046
6048
6051
6057
6061
6063
6069
6081
6104
6110
6113
6114
6116
6124
6127
6134
6145
6150
6157
6164
6169
6186
6192
6215
6227
6249
6253
6258
6263
6288
6289
6293
6298
6300
6304
6312
6313
6318
6321
6341
6347
6348
6351
6358
6369
6382
6393
6397
6411
6427
6430
6435
6438
6441
6444
6445
6453
6457
6462
6465
6474
6477
6489
6497
6562
6567
6572
6578
6586
6593
6598
6602
6608
6615
6618
6640
6645
6659
6667
6672
6690
6695
6703
6709
6717
6727
6738
6760
6763
6770
6778
6787
6796
6807
6808
6810
6820
6821
6822
6826
6848
6850
6862
6878
6881
6882
6885
6892
6923
6931
6937
6959
6972
6979
6999
7013
7024
7025
7029
7030
7037
7057
7064
7066
7069
7084
7095
7098
7100
7102
7115
7132
7133
7140
7150
7152
7169
7178
7180
7183
7191
7210
7230
7236
7238
7242
7245
7247
7257
7266
7268
7279
7286
7289
7301
7318
7334
7342
7367
7370
7375
7386
7403
7414
7421
7425
7426
7428
7448
7452
7455
7460
7468
7479
7491
7492
7496
7497
7507
7521
7541
7549
7571
7574
7578
7584
7617
7629
7631
7663
7674
7678
7688
7691
7705
7708
7709
7716
7729
7730
7737
7752
7768
7780
7781
7784
7805
7807
7814
7819
7836
7847
7857
7868
7871
7898
7911
7912
7915
7918
7930
7955
7969
7972
7992
8057
8088
8089
8099
8103
8106
8107
8130
8137
8148
8173
8183
8210
8236
8239
8261
8262
8270
8271
8281
8300
8301
8305
8320
8365
8371
8401
8409
8418
8440
8446
8456
8463
8486
8504
8508
8516
8525
8533
8547
8573
8592
8605
8615
8621
8626
8638
8643
8645
8647
8653
8669
8671
8673
8698
8721
8725
8739
8756
8779
8792
8800
8801
8803
8815
8879
8888
8898
8909
8930
8969
8975
8979
9003
9034
9055
9062
9081
9087
9099
9104
9122
9131
9210
9211
9232
9261
9293
9300
9318
9320
9346
9359
9367
9398
9434
9456
9477
9481
9505
9546
9552
9583
9589
9595
9603
9637
9686
9709
9717
9744
9764
9768
9784
9872
9950
9953
9971
10014
10027
10035
10078
10166
10188
10211
10284
10341
10403
10458
10465
10510
10512
10537
10566
10602
10629
10682
10716
10801
10804
10979
10993
11083
11195
11244
11314
11315
11344
11443
