648
20000
4004
4009
4014
4016
4051
4053
4069
4074
4081
4087
4094
4099
4110
4112
4116
4118
4130
4133
4134
4135
4139
4151
4152
4168
4176
4178
4188
4192
4200
4213
4226
4230
4231
4238
4245
4258
4259
4278
4286
4291
4311
4312
4327
4329
4332
4333
4334
4341
4345
4358
4363
4367
4369
4380
4387
4389
4396
4399
4404
4406
4412
4413
4414
4415
4425
4430
4438
4439
4441
4442
4447
4450
4452
4454
4455
4468
4475
4483
4495
4496
4500
4506
4515
4517
4530
4542
4550
4552
4579
4588
4593
4594
4602
4603
4606
4607
4610
4617
4623
4624
4627
4637
4643
4645
4658
4663
4685
4686
4690
4697
4714
4723
4728
4729
4730
4735
4736
4737
4746
4757
4787
4788
4791
4794
4803
4813
4816
4826
4829
4837
4840
4841
4845
4849
4857
4859
4864
4866
4871
4873
4876
4878
4887
4892
4893
4902
4904
4907
4911
4916
4918
4919
4927
4938
4944
4961
4962
4965
4966
4971
4974
4987
4990
4994
5003
5004
5017
5019
5037
5052
5060
5064
5067
5072
5076
5090
5093
5095
5098
5112
5121
5125
5128
5130
5131
5137
5143
5144
5158
5162
5174
5190
5198
5219
5220
5225
5231
5235
5244
5249
5253
5259
5261
5267
5286
5297
5304
5305
5310
5316
5321
5336
5345
5346
5347
5350
5365
5374
5375
5379
5400
5401
5408
5411
5412
5413
5421
5430
5441
5454
5460
5465
5478
5488
5493
5496
5503
5507
5513
5517
5522
5530
5537
5541
5583
5589
5598
5603
5611
5616
5621
5632
5643
5661
5665
5667
5673
5675
5676
5677
5690
5693
5696
5698
5711
5738
5742
5746
5747
5755
5758
5760
5768
5777
5784
5788
5806
5812
5813
5815
5825
5830
5831
5834
5836
5844
5860
5866
5869
5891
5893
5894
5906
5945
5949
5950
5951
5980
6002
6010
6011
6015
6032
6039
6046
6059
6066
6072
6083
6084
6108
6133
6136
6148
6189
6197
6199
6203
6204
6206
6231
6237
6257
6268
6271
6282
6294
6296
6329
6335
6339
6340
6346
6370
6375
6377
6382
6392
6393
6410
6412
6416
6419
6427
6454
6455
6478
6480
6490
6545
6548
6560
6562
6566
6610
6621
6623
6626
6633
6636
6641
6643
6655
6690
6716
6722
6738
6745
6752
6753
6773
6780
6784
6789
6791
6809
6813
6832
6845
6846
6855
6856
6866
6886
6894
6906
6914
6915
6937
6939
6941
6959
6960
6968
6997
7013
7037
7039
7063
7066
7074
7075
7090
7099
7107
7148
7162
7163
7171
7176
7180
7202
7226
7227
7235
7252
7256
7259
7260
7263
7270
7274
7279
7280
7287
7289
7299
7311
7339
7346
7347
7350
7357
7369
7387
7393
7394
7414
7418
7421
7499
7515
7520
7535
7539
7549
7559
7568
7571
7591
7608
7611
7620
7630
7648
7659
7662
7679
7680
7690
7699
7725
7727
7732
7803
7807
7812
7819
7822
7831
7840
7842
7875
7889
7897
7900
7911
7914
7922
7958
7972
7992
8013
8017
8026
8027
8036
8080
8140
8150
8180
8195
8216
8220
8246
8273
8276
8289
8292
8293
8318
8331
8335
8342
8349
8373
8375
8376
8383
8392
8419
8429
8436
8441
8457
8462
8508
8520
8521
8527
8534
8543
8574
8585
8607
8615
8629
8644
8657
8671
8717
8742
8759
8763
8789
8808
8812
8817
8857
8861
8880
8883
8887
8900
8908
8909
8914
8917
8947
8953
8960
8965
8990
9002
9038
9039
9071
9085
9097
9099
9104
9143
9148
9167
9177
9182
9190
9231
9237
9318
9351
9379
9397
9403
9427
9428
9474
9498
9516
9558
9602
9640
9680
9695
9737
9751
9773
9786
9795
9810
9860
9864
9875
9907
9916
9959
9974
10019
10076
10085
10090
10091
10124
10195
10201
10214
10237
10251
10258
10262
10292
10315
10338
10340
10347
10353
10378
10396
10404
10434
10585
10597
10621
10650
10655
10658
10679
10688
10697
10707
10708
10745
10747
10832
10853
10957
11003
11010
11044
11059
11105
11175
11220
11302
11323
11443
11556
11592
