648
20000
4017
4022
4037
4039
4050
4056
4063
4070
4073
4076
4092
4093
4101
4102
4103
4104
4105
4106
4108
4116
4145
4153
4156
4158
4160
4162
4163
4168
4171
4175
4180
4187
4201
4218
4230
4251
4260
4263
4273
4284
4285
4286
4292
4302
4305
4308
4316
4321
4332
4337
4343
4344
4348
4355
4362
4365
4370
4373
4376
4377
4384
4386
4391
4399
4427
4428
4430
4432
4433
4441
4448
4449
4458
4480
4482
4483
4494
4496
4501
4521
4524
4532
4536
4538
4546
4549
4564
4565
4566
4567
4590
4592
4597
4601
4602
4607
4609
4628
4630
4640
4655
4671
4681
4685
4688
4698
4704
4707
4710
4712
4715
4720
4721
4729
4730
4731
4752
4765
4767
4769
4779
4801
4802
4808
4823
4827
4839
4858
4866
4869
4886
4901
4907
4909
4912
4921
4928
4951
4956
4990
4999
5004
5008
5020
5021
5038
5045
5049
5053
5056
5057
5065
5077
5098
5103
5106
5127
5132
5133
5136
5141
5148
5150
5153
5154
5161
5163
5172
5177
5200
5209
5224
5225
5234
5238
5242
5248
5251
5272
5276
5299
5302
5311
5340
5353
5359
5362
5375
5377
5383
5385
5393
5400
5404
5405
5406
5426
5428
5429
5432
5434
5436
5439
5440
5455
5460
5461
5467
5472
5478
5479
5503
5511
5521
5536
5547
5554
5567
5574
5584
5586
5591
5604
5605
5608
5616
5623
5628
5650
5652
5656
5666
5667
5668
5685
5696
5705
5721
5731
5737
5755
5769
5776
5778
5779
5782
5786
5787
5797
5799
5802
5804
5806
5847
5855
5858
5868
5869
5874
5878
5892
5894
5899
5918
5922
5929
5945
5953
5958
5959
5974
5976
5986
5994
6011
6018
6021
6023
6028
6038
6046
6047
6080
6090
6100
6116
6120
6123
6125
6140
6145
6150
6158
6161
6162
6164
6184
6186
6216
6240
6241
6262
6273
6279
6289
6314
6315
6320
6323
6328
6333
6351
6362
6365
6374
6381
6383
6394
6398
6402
6403
6407
6410
6421
6422
6425
6429
6439
6444
6457
6463
6467
6472
6487
6493
6495
6506
6539
6544
6545
6563
6572
6588
6599
6613
6620
6621
6630
6632
6636
6642
6650
6662
6672
6677
6691
6700
6706
6717
6728
6755
6769
6776
6779
6798
6800
6808
6814
6820
6831
6837
6850
6852
6864
6871
6872
6877
6880
6898
6917
6919
6921
6929
6937
6943
6949
6961
6966
6969
6974
6976
6992
6995
7005
7017
7018
7022
7033
7040
7084
7087
7089
7108
7109
7110
7113
7116
7135
7147
7148
7153
7159
7164
7182
7185
7195
7219
7229
7234
7240
7247
7255
7256
7257
7262
7265
7287
7300
7303
7305
7310
7319
7324
7334
7346
7369
7374
7382
7396
7398
7410
7446
7447
7454
7468
7475
7482
7484
7489
7495
7514
7518
7542
7550
7553
7555
7582
7595
7620
7625
7628
7639
7642
7645
7647
7648
7650
7659
7664
7690
7697
7709
7723
7729
7736
7767
7778
7780
7805
7816
7832
7846
7850
7857
7858
7860
7886
7890
7920
7921
7925
7934
7946
7982
7983
8020
8027
8028
8047
8050
8053
8058
8068
8069
8077
8090
8096
8135
8144
8145
8177
8190
8208
8210
8211
8217
8235
8247
8251
8321
8327
8349
8351
8357
8362
8372
8382
8391
8414
8431
8437
8438
8457
8465
8477
8487
8488
8510
8512
8522
8538
8546
8615
8620
8657
8674
8701
8707
8754
8793
8833
8848
8855
8871
8873
8905
8910
8923
8935
8949
8956
8966
8971
8975
8991
8999
9006
9010
9030
9038
9053
9075
9088
9126
9134
9174
9195
9202
9263
9285
9294
9299
9311
9330
9333
9336
9339
9340
9352
9362
9368
9380
9390
9441
9462
9468
9480
9500
9502
9517
9530
9549
9613
9663
9683
9731
9846
9866
9920
9937
9997
10008
10045
10046
10056
10090
10099
10245
10252
10258
10444
10460
10508
10522
10550
10704
10756
10764
10778
10791
10799
10856
10887
10898
10953
11005
11082
11163
11175
11185
11196
11331
11341
11470
11551
11628
11792
11893
