648
20000
4001
4008
4025
4026
4035
4036
4038
4041
4042
4045
4063
4065
4066
4069
4072
4083
4088
4099
4104
4105
4107
4112
4131
4136
4144
4149
4153
4155
4158
4160
4161
4162
4165
4180
4186
4189
4194
4196
4202
4205
4215
4216
4220
4223
4224
4241
4246
4258
4260
4266
4267
4271
4284
4290
4292
4295
4297
4298
4305
4306
4308
4311
4315
4317
4318
4320
4349
4354
4359
4360
4364
4373
4376
4377
4381
4387
4395
4397
4399
4400
4404
4408
4409
4414
4416
4423
4432
4436
4473
4478
4479
4491
4492
4495
4496
4499
4503
4510
4512
4518
4519
4537
4550
4551
4554
4555
4556
4560
4567
4569
4571
4581
4583
4584
4595
4601
4603
4604
4605
4606
4617
4618
4625
4644
4645
4661
4667
4676
4681
4689
4692
4693
4715
4717
4723
4726
4729
4731
4733
4740
4741
4756
4763
4781
4782
4785
4790
4807
4818
4819
4832
4854
4861
4873
4877
4881
4885
4932
4939
4941
4944
4946
4947
4948
4954
4974
4976
4992
4993
5001
5002
5017
5024
5032
5037
5042
5046
5054
5067
5068
5080
5085
5090
5091
5099
5112
5129
5133
5140
5143
5147
5149
5159
5167
5184
5188
5196
5202
5204
5206
5218
5220
5223
5239
5245
5246
5253
5263
5277
5308
5309
5320
5328
5331
5334
5335
5339
5352
5363
5377
5408
5412
5426
5430
5433
5445
5468
5469
5478
5488
5502
5543
5553
5554
5559
5560
5561
5576
5585
5587
5593
5594
5595
5606
5607
5613
5615
5633
5643
5649
5660
5672
5684
5691
5751
5756
5757
5765
5766
5782
5783
5784
5788
5796
5803
5807
5811
5812
5815
5833
5843
5856
5870
5871
5888
5899
5901
5909
5913
5916
5918
5920
5931
5940
5943
5953
5955
5956
5995
5997
6017
6019
6021
6030
6042
6043
6051
6065
6073
6076
6087
6095
6104
6108
6114
6120
6138
6141
6142
6166
6169
6172
6178
6195
6210
6215
6220
6245
6246
6254
6263
6264
6274
6275
6277
6288
6291
6302
6305
6307
6322
6327
6329
6331
6358
6367
6385
6392
6393
6413
6435
6457
6462
6463
6475
6513
6527
6532
6543
6547
6580
6581
6592
6594
6604
6607
6626
6630
6633
6668
6678
6682
6683
6716
6718
6731
6740
6742
6747
6748
6783
6784
6787
6811
6819
6827
6843
6850
6855
6857
6867
6870
6881
6900
6901
6902
6905
6909
6919
6922
6924
6929
6941
6947
6954
6964
6967
6985
6996
6998
7001
7002
7003
7004
7030
7040
7068
7104
7116
7119
7129
7163
7166
7175
7177
7191
7214
7229
7232
7239
7260
7261
7266
7303
7304
7308
7333
7342
7349
7369
7384
7401
7407
7420
7423
7432
7438
7457
7465
7489
7497
7509
7522
7531
7565
7577
7584
7621
7622
7626
7639
7661
7717
7720
7758
7770
7775
7783
7789
7797
7802
7815
7824
7833
7859
7888
7896
7907
7911
7917
7931
7943
7981
7987
8023
8033
8047
8052
8103
8104
8119
8141
8144
8148
8158
8169
8197
8218
8232
8244
8260
8265
8267
8271
8291
8309
8316
8326
8357
8372
8386
8405
8411
8433
8451
8457
8460
8462
8498
8502
8504
8510
8526
8528
8545
8551
8552
8584
8589
8590
8603
8616
8642
8651
8674
8699
8727
8730
8738
8747
8761
8773
8786
8794
8799
8804
8806
8825
8833
8837
8839
8853
8895
8900
8916
8939
8957
8987
8989
8993
8996
9028
9029
9031
9047
9053
9054
9091
9114
9128
9155
9161
9181
9186
9187
9201
9284
9289
9328
9369
9372
9384
9398
9439
9440
9467
9473
9498
9505
9516
9530
9551
9584
9589
9594
9605
9617
9630
9684
9689
9694
9727
9730
9739
9763
9873
9962
9978
9986
10044
10052
10065
10113
10126
10148
10162
10166
10277
10293
10318
10329
10354
10364
10374
10391
10407
10437
10481
10514
10533
10615
10673
10717
10728
10744
10749
10753
10769
10771
10812
10815
10832
10876
10908
10998
11057
11114
11130
11146
11275
11304
11334
11444
11448
11472
11492
11684
11909
