648
20000
4009
4010
4019
4023
4027
4029
4032
4042
4049
4052
4057
4062
4070
4076
4077
4078
4082
4085
4091
4097
4139
4146
4163
4184
4189
4190
4192
4198
4203
4204
4212
4217
4218
4223
4226
4228
4239
4250
4276
4277
4291
4322
4324
4330
4336
4343
4346
4354
4355
4361
4369
4373
4376
4383
4389
4398
4399
4406
4409
4410
4416
4419
4420
4421
4425
4426
4432
4434
4439
4440
4451
4452
4453
4454
4471
4481
4483
4487
4488
4489
4492
4493
4494
4502
4505
4506
4516
4523
4532
4535
4544
4545
4547
4553
4567
4582
4589
4600
4601
4608
4609
4610
4622
4626
4635
4637
4640
4648
4649
4652
4658
4671
4684
4685
4686
4688
4692
4694
4701
4705
4711
4715
4721
4748
4754
4758
4761
4764
4769
4775
4777
4779
4795
4801
4822
4823
4825
4826
4837
4839
4857
4865
4867
4882
4891
4897
4914
4915
4923
4949
4959
4966
4969
4980
4983
4988
5003
5006
5015
5033
5038
5039
5050
5062
5066
5068
5076
5085
5087
5088
5102
5115
5125
5133
5134
5139
5141
5158
5192
5197
5211
5213
5216
5218
5222
5228
5236
5242
5243
5251
5256
5258
5262
5263
5264
5270
5280
5282
5284
5285
5290
5291
5294
5297
5298
5303
5304
5309
5317
5334
5345
5353
5364
5377
5397
5407
5419
5426
5432
5434
5439
5441
5446
5453
5454
5457
5470
5473
5491
5493
5498
5517
5522
5525
5531
5534
5539
5541
5547
5553
5568
5578
5583
5584
5592
5594
5597
5602
5608
5625
5627
5631
5634
5640
5654
5675
5678
5707
5708
5716
5726
5728
5733
5735
5737
5741
5757
5766
5774
5775
5778
5781
5786
5788
5790
5792
5804
5809
5838
5841
5844
5859
5862
5896
5905
5913
5923
5937
5950
5974
5975
5977
5982
6013
6021
6032
6044
6050
6051
6054
6056
6084
6100
6105
6111
6123
6125
6144
6152
6159
6170
6193
6210
6223
6224
6234
6236
6237
6238
6246
6266
6285
6299
6301
6302
6310
6318
6328
6350
6369
6370
6396
6408
6417
6421
6422
6425
6450
6452
6465
6466
6473
6484
6489
6491
6495
6513
6517
6528
6542
6556
6561
6566
6570
6588
6598
6602
6603
6626
6633
6639
6645
6654
6694
6696
6709
6729
6736
6739
6745
6757
6761
6778
6813
6838
6854
6862
6868
6877
6892
6905
6910
6936
6939
6946
6948
6963
6964
6999
7010
7031
7039
7046
7049
7054
7073
7083
7099
7113
7114
7124
7131
7139
7152
7153
7154
7156
7165
7170
7172
7179
7195
7196
7202
7208
7221
7222
7252
7275
7295
7297
7317
7327
7350
7351
7353
7354
7358
7368
7370
7380
7383
7394
7403
7406
7407
7408
7427
7429
7434
7445
7448
7459
7502
7508
7523
7537
7550
7559
7571
7582
7588
7601
7610
7627
7635
7642
7643
7646
7671
7688
7696
7718
7719
7723
7748
7759
7778
7780
7793
7800
7829
7833
7847
7852
7854
7867
7887
7922
7924
7940
7956
7964
7984
7986
7991
7993
8044
8047
8051
8073
8112
8119
8121
8148
8162
8172
8184
8205
8207
8215
8222
8232
8259
8268
8273
8285
8297
8316
8318
8339
8341
8343
8349
8354
8365
8376
8396
8407
8408
8428
8429
8432
8454
8521
8545
8569
8579
8583
8591
8603
8621
8634
8639
8657
8680
8682
8703
8732
8762
8778
8795
8801
8827
8848
8882
8892
8952
8954
8962
9000
9006
9016
9087
9090
9151
9169
9206
9234
9264
9269
9274
9277
9284
9292
9306
9338
9342
9355
9356
9365
9369
9374
9442
9456
9463
9476
9488
9496
9507
9517
9570
9573
9577
9632
9653
9679
9706
9748
9766
9781
9808
9816
9818
9837
9861
9882
9888
9958
9963
9969
9972
9987
10033
10047
10076
10087
10117
10129
10163
10208
10210
10247
10325
10376
10393
10421
10422
10431
10433
10449
10464
10467
10509
10524
10525
10539
10633
10664
10674
10752
10763
10816
10900
10929
10955
11038
11067
11083
11097
11276
11357
11385
11429
11435
11512
11619
11858
