648
20000
4001
4015
4017
4021
4023
4026
4057
4066
4074
4078
4104
4109
4110
4112
4117
4123
4129
4135
4138
4143
4153
4155
4161
4173
4188
4194
4202
4207
4212
4218
4239
4242
4247
4250
4262
4280
4281
4282
4291
4293
4296
4299
4301
4313
4316
4320
4325
4326
4333
4339
4348
4355
4360
4369
4371
4377
4381
4385
4388
4437
4440
4452
4468
4473
4475
4478
4492
4506
4517
4520
4526
4534
4550
4553
4555
4557
4576
4578
4588
4594
4596
4603
4609
4610
4611
4620
4624
4632
4636
4640
4642
4646
4664
4666
4672
4675
4685
4703
4708
4721
4724
4725
4761
4767
4769
4773
4786
4787
4804
4824
4832
4840
4844
4854
4865
4867
4876
4880
4881
4882
4887
4898
4904
4912
4913
4916
4921
4924
4929
4931
4932
4951
4953
4954
4972
4992
4994
4995
5010
5015
5019
5023
5035
5036
5039
5042
5043
5047
5055
5060
5070
5075
5076
5084
5089
5091
5095
5103
5107
5112
5116
5122
5134
5137
5142
5146
5163
5182
5185
5189
5205
5207
5215
5226
5230
5235
5245
5257
5267
5274
5280
5282
5288
5297
5302
5305
5307
5316
5320
5332
5344
5348
5349
5380
5386
5396
5399
5402
5408
5419
5424
5430
5433
5436
5440
5445
5450
5451
5459
5461
5485
5486
5487
5500
5502
5504
5514
5515
5545
5550
5552
5562
5565
5574
5576
5586
5589
5594
5597
5598
5610
5611
5614
5621
5624
5633
5656
5663
5666
5675
5679
5704
5725
5731
5732
5733
5749
5751
5754
5756
5758
5764
5771
5777
5784
5786
5798
5800
5804
5821
5842
5866
5867
5871
5879
5882
5901
5909
5915
5921
5939
5940
5956
5960
5969
5975
5991
6008
6014
6029
6035
6045
6049
6063
6066
6067
6074
6080
6084
6094
6100
6104
6112
6116
6129
6133
6146
6152
6159
6171
6176
6187
6191
6202
6206
6211
6213
6217
6221
6224
6227
6234
6242
6245
6248
6253
6261
6265
6268
6269
6273
6276
6278
6280
6282
6283
6288
6313
6320
6333
6340
6354
6363
6372
6388
6393
6394
6396
6400
6411
6423
6450
6457
6463
6475
6481
6484
6491
6493
6510
6531
6540
6558
6590
6598
6606
6608
6633
6637
6640
6670
6678
6700
6705
6706
6716
6720
6737
6741
6764
6767
6789
6802
6808
6811
6813
6814
6815
6818
6819
6828
6830
6842
6856
6859
6879
6880
6881
6901
6905
6928
6949
6953
6968
6974
6979
6995
7006
7011
7026
7062
7073
7076
7119
7124
7125
7132
7162
7165
7168
7169
7174
7186
7204
7207
7208
7218
7222
7235
7239
7244
7248
7250
7253
7261
7282
7291
7314
7317
7337
7338
7340
7343
7398
7408
7416
7436
7438
7441
7442
7453
7455
7460
7494
7506
7521
7525
7537
7548
7564
7565
7584
7587
7603
7641
7664
7682
7690
7693
7695
7700
7705
7708
7742
7752
7769
7808
7810
7812
7827
7836
7853
7854
7870
7878
7882
7883
7886
7893
7898
7915
7917
7928
7951
7955
7969
7987
7998
8004
8014
8024
8027
8046
8065
8100
8108
8146
8147
8160
8163
8171
8173
8184
8192
8213
8257
8267
8290
8321
8326
8357
8362
8367
8370
8378
8386
8402
8415
8422
8427
8448
8455
8463
8469
8479
8497
8502
8510
8512
8513
8536
8566
8586
8627
8634
8645
8649
8658
8672
8677
8690
8694
8712
8736
8742
8746
8769
8782
8799
8803
8837
8847
8858
8870
8881
8890
8916
8922
8935
8993
8996
8998
9008
9015
9019
9021
9027
9034
9049
9054
9064
9065
9136
9139
9144
9146
9152
9179
9203
9224
9265
9266
9277
9332
9333
9345
9361
9374
9440
9444
9456
9465
9477
9494
9538
9543
9615
9639
9675
9686
9689
9765
9814
9841
9843
9859
9862
9917
9939
9969
10032
10042
10076
10099
10201
10237
10261
10273
10277
10283
10301
10310
10313
10317
10343
10344
10359
10363
10469
10482
10518
10529
10599
10608
10618
10622
10628
10731
10748
10764
10901
10933
11061
11215
11355
11363
11378
11704
