648
20000
4002
4009
4015
4018
4020
4021
4027
4037
4040
4041
4061
4084
4086
4095
4097
4100
4101
4105
4117
4118
4134
4139
4140
4150
4158
4173
4177
4184
4185
4190
4194
4197
4198
4199
4204
4206
4209
4210
4211
4219
4228
4234
4240
4252
4268
4269
4273
4282
4286
4291
4299
4307
4309
4323
4331
4342
4351
4352
4371
4394
4400
4402
4406
4411
4419
4430
4432
4433
4435
4436
4440
4453
4455
4470
4471
4472
4478
4479
4481
4484
4485
4497
4505
4506
4512
4513
4514
4517
4518
4525
4526
4539
4546
4557
4562
4563
4567
4576
4579
4586
4623
4624
4636
4637
4649
4650
4664
4682
4685
4686
4688
4693
4703
4710
4722
4724
4735
4739
4744
4749
4753
4756
4759
4762
4772
4797
4810
4815
4817
4829
4841
4845
4849
4857
4864
4867
4871
4882
4887
4913
4919
4920
4927
4933
4936
4945
4947
4950
4957
4968
4972
4974
4976
4980
4985
4990
4992
5004
5011
5019
5041
5050
5062
5068
5082
5115
5118
5122
5123
5140
5145
5154
5168
5179
5188
5196
5197
5200
5215
5223
5228
5231
5246
5249
5250
5261
5267
5272
5287
5303
5310
5311
5312
5327
5330
5338
5351
5361
5364
5378
5385
5386
5388
5393
5395
5398
5401
5404
5431
5445
5451
5460
5468
5483
5493
5498
5505
5513
5514
5518
5528
5549
5552
5558
5576
5596
5604
5613
5616
5620
5623
5627
5637
5646
5647
5650
5651
5655
5674
5679
5684
5699
5702
5734
5736
5744
5765
5771
5772
5782
5784
5787
5794
5802
5825
5831
5836
5844
5847
5857
5871
5912
5916
5933
5941
5943
5946
5952
5957
5987
5992
6010
6022
6041
6042
6045
6053
6057
6070
6072
6077
6081
6085
6093
6108
6120
6139
6143
6144
6152
6153
6155
6158
6159
6207
6222
6227
6228
6252
6257
6266
6282
6290
6295
6312
6314
6319
6333
6344
6345
6345
6365
6373
6378
6388
6395
6400
6414
6426
6430
6450
6453
6460
6468
6471
6502
6505
6508
6512
6513
6532
6534
6559
6570
6572
6590
6591
6592
6598
6600
6619
6624
6654
6662
6679
6687
6691
6709
6734
6735
6737
6738
6748
6754
6756
6759
6772
6775
6777
6778
6780
6785
6788
6794
6800
6809
6820
6835
6836
6838
6840
6857
6870
6875
6880
6881
6897
6918
6920
6940
6957
6964
6969
6976
6979
6995
7000
7002
7007
7012
7037
7040
7051
7076
7079
7090
7097
7116
7121
7123
7125
7130
7138
7139
7140
7141
7147
7155
7169
7174
7176
7181
7205
7226
7227
7234
7235
7248
7252
7254
7255
7260
7269
7277
7284
7310
7315
7347
7350
7368
7384
7394
7407
7409
7418
7427
7428
7438
7439
7442
7445
7450
7469
7477
7498
7499
7505
7512
7526
7531
7544
7556
7570
7581
7591
7598
7611
7625
7650
7669
7675
7676
7689
7721
7740
7747
7753
7756
7763
7799
7806
7833
7837
7840
7853
7861
7883
7887
7904
7920
7925
7967
7968
7974
7983
8003
8031
8032
8045
8059
8060
8062
8077
8079
8100
8102
8123
8125
8135
8157
8166
8191
8228
8232
8244
8249
8255
8257
8260
8271
8274
8331
8336
8341
8354
8368
8371
8373
8405
8425
8459
8469
8473
8491
8492
8501
8508
8519
8525
8527
8532
8533
8542
8547
8557
8559
8562
8567
8581
8582
8586
8591
8669
8680
8713
8733
8737
8738
8762
8803
8825
8828
8837
8842
8855
8865
8869
8882
8891
8903
8915
8919
8940
8967
8982
8986
9006
9029
9080
9085
9088
9095
9106
9112
9114
9133
9139
9141
9214
9217
9242
9258
9288
9289
9320
9322
9360
9380
9388
9409
9420
9447
9500
9525
9543
9576
9607
9653
9664
9672
9683
9688
9690
9691
9725
9736
9738
9740
9798
9815
9857
9910
9911
9915
9974
9994
10011
10078
10215
10216
10253
10257
10300
10307
10385
10503
10504
10511
10554
10563
10596
10644
10653
10704
10809
10899
10936
11011
11027
11038
11067
11162
11170
11188
11305
11631
11692
11782
