648
20000
4028
4029
4031
4044
4045
4047
4062
4069
4076
4081
4115
4116
4117
4125
4127
4148
4149
4167
4173
4176
4182
4185
4186
4189
4193
4206
4213
4217
4219
4252
4253
4262
4268
4276
4286
4300
4307
4311
4313
4314
4320
4325
4328
4344
4348
4350
4355
4359
4362
4371
4375
4390
4392
4418
4419
4442
4460
4462
4464
4481
4482
4500
4502
4505
4512
4514
4515
4522
4525
4533
4546
4554
4563
4586
4594
4607
4609
4619
4620
4623
4626
4631
4636
4643
4654
4657
4662
4669
4682
4684
4686
4703
4704
4710
4728
4730
4743
4746
4748
4749
4752
4761
4764
4766
4767
4768
4769
4785
4789
4799
4800
4803
4808
4816
4836
4838
4846
4882
4883
4889
4891
4900
4902
4904
4917
4923
4926
4931
4935
4939
4942
4943
4949
4963
4964
4968
4971
4972
4974
4979
4987
5020
5025
5029
5031
5046
5056
5076
5098
5108
5117
5133
5143
5166
5169
5183
5191
5197
5198
5200
5222
5234
5237
5252
5267
5269
5271
5273
5286
5298
5351
5359
5365
5373
5378
5380
5385
5403
5404
5423
5454
5458
5464
5466
5485
5520
5521
5523
5525
5529
5534
5536
5541
5542
5545
5548
5576
5597
5600
5606
5614
5622
5627
5632
5649
5650
5658
5676
5679
5680
5694
5699
5701
5704
5706
5716
5734
5746
5749
5752
5768
5770
5779
5780
5781
5788
5789
5803
5809
5812
5813
5819
5823
5829
5833
5847
5858
5875
5880
5887
5893
5897
5904
5910
5912
5926
5933
5962
5963
5965
5966
5974
5981
5982
5984
5995
6003
6012
6022
6032
6038
6042
6048
6052
6056
6060
6072
6073
6096
6097
6101
6104
6118
6123
6133
6139
6144
6147
6150
6160
6165
6170
6177
6198
6200
6203
6212
6234
6238
6240
6242
6248
6249
6255
6261
6267
6271
6272
6277
6279
6282
6289
6291
6303
6313
6328
6332
6354
6356
6361
6363
6364
6387
6392
6406
6414
6420
6441
6450
6453
6454
6456
6457
6465
6468
6474
6478
6481
6482
6494
6507
6515
6524
6546
6552
6554
6560
6563
6577
6589
6595
6632
6646
6673
6689
6690
6693
6713
6725
6733
6744
6759
6763
6769
6775
6799
6804
6807
6810
6812
6815
6821
6828
6832
6862
6875
6879
6883
6887
6895
6901
6906
6908
6912
6914
6919
6926
6928
6929
6952
6957
6958
6976
6990
7005
7011
7012
7014
7040
7049
7050
7056
7067
7075
7083
7084
7089
7096
7109
7113
7122
7125
7133
7148
7150
7168
7176
7181
7205
7206
7208
7214
7216
7219
7225
7237
7248
7251
7255
7257
7274
7311
7325
7331
7335
7343
7344
7353
7359
7362
7370
7373
7382
7393
7413
7426
7437
7439
7445
7454
7455
7456
7457
7460
7474
7476
7479
7482
7492
7511
7521
7530
7531
7536
7546
7547
7550
7556
7557
7563
7586
7591
7592
7607
7614
7618
7626
7645
7649
7654
7657
7658
7669
7670
7675
7686
7703
7727
7777
7801
7804
7807
7814
7818
7820
7827
7833
7839
7841
7852
7888
7908
7909
7913
7915
7930
7936
7946
7948
7952
7972
7974
7984
7988
7994
7999
8005
8031
8051
8052
8058
8061
8065
8066
8083
8105
8112
8126
8142
8151
8174
8188
8189
8190
8199
8227
8232
8268
8274
8275
8283
8293
8331
8344
8351
8354
8361
8374
8375
8379
8418
8428
8447
8453
8470
8477
8486
8490
8520
8539
8540
8545
8558
8564
8567
8568
8581
8605
8617
8632
8654
8657
8679
8699
8716
8726
8756
8763
8768
8790
8813
8817
8840
8885
8893
8913
8936
8941
8964
8994
9009
9015
9030
9093
9121
9135
9140
9143
9192
9193
9194
9264
9280
9303
9328
9350
9363
9368
9394
9417
9469
9484
9499
9500
9506
9509
9514
9519
9526
9529
9589
9593
9619
9784
9828
9882
9883
9887
9900
9956
9971
10001
10002
10038
10045
10127
10135
10157
10309
10319
10334
10338
10348
10368
10461
10482
10624
10784
10921
11015
11038
11060
11174
11175
11305
11376
11451
11527
