648
20000
4010
4011
4014
4016
4030
4037
4055
4059
4060
4064
4067
4068
4083
4102
4109
4115
4119
4132
4139
4147
4151
4171
4174
4193
4194
4203
4209
4213
4218
4220
4226
4227
4231
4235
4237
4255
4261
4263
4265
4276
4278
4286
4321
4322
4327
4331
4332
4340
4342
4344
4345
4346
4352
4360
4361
4363
4371
4384
4391
4394
4401
4408
4414
4415
4449
4450
4455
4460
4463
4465
4475
4478
4483
4494
4516
4519
4522
4525
4533
4539
4540
4543
4547
4550
4557
4575
4577
4586
4595
4600
4601
4607
4627
4632
4636
4645
4655
4657
4659
4661
4663
4680
4684
4686
4690
4694
4698
4704
4710
4711
4727
4731
4734
4769
4771
4782
4783
4787
4809
4811
4819
4827
4828
4830
4831
4833
4838
4850
4855
4856
4859
4863
4867
4868
4874
4877
4882
4897
4898
4909
4919
4920
4924
4925
4929
4931
4932
4934
4955
4959
4960
4976
4979
4983
4998
5004
5009
5011
5013
5018
5019
5021
5039
5046
5047
5060
5064
5070
5085
5086
5104
5105
5125
5133
5134
5143
5145
5150
5151
5153
5174
5178
5189
5198
5201
5203
5204
5207
5217
5222
5230
5236
5237
5244
5245
5250
5265
5269
5276
5286
5291
5293
5301
5327
5331
5332
5343
5350
5351
5362
5366
5369
5373
5375
5377
5395
5409
5413
5419
5429
5436
5437
5447
5462
5466
5468
5479
5486
5494
5497
5515
5517
5527
5547
5552
5563
5577
5579
5584
5587
5605
5606
5612
5617
5640
5655
5658
5659
5670
5674
5696
5706
5733
5736
5740
5748
5753
5760
5764
5767
5786
5790
5791
5797
5798
5821
5838
5844
5869
5874
5878
5885
5892
5899
5900
5906
5917
5934
5935
5937
5946
5959
5974
5975
5977
5979
6039
6044
6047
6048
6056
6075
6077
6082
6088
6104
6128
6129
6138
6141
6144
6150
6152
6156
6157
6159
6176
6195
6199
6211
6212
6217
6222
6223
6240
6242
6246
6249
6256
6257
6265
6281
6283
6289
6308
6318
6320
6321
6325
6331
6373
6382
6433
6437
6446
6450
6458
6476
6477
6479
6487
6493
6497
6502
6520
6532
6549
6568
6569
6571
6605
6616
6617
6618
6621
6629
6636
6640
6644
6656
6666
6670
6671
6678
6696
6698
6708
6725
6729
6733
6737
6742
6743
6746
6751
6765
6766
6775
6779
6780
6781
6794
6811
6827
6838
6841
6850
6859
6881
6901
6916
6928
6940
6955
6957
6958
6964
6976
7009
7048
7050
7057
7063
7085
7092
7118
7123
7139
7162
7171
7191
7214
7227
7256
7274
7280
7290
7298
7303
7318
7327
7352
7357
7359
7362
7363
7373
7376
7387
7393
7395
7407
7409
7412
7436
7448
7474
7488
7509
7532
7534
7567
7569
7599
7602
7624
7644
7649
7650
7683
7688
7693
7696
7723
7732
7734
7743
7774
7775
7784
7795
7804
7818
7821
7832
7840
7843
7856
7883
7894
7906
7911
7923
7943
7944
7947
7951
7953
7955
7957
7975
7986
7987
7990
7993
7996
7999
8006
8021
8034
8064
8066
8129
8135
8153
8180
8229
8235
8280
8311
8340
8345
8349
8368
8379
8382
8388
8389
8428
8446
8455
8468
8469
8474
8500
8503
8531
8538
8561
8568
8594
8608
8612
8621
8625
8643
8671
8711
8795
8796
8798
8823
8827
8839
8843
8848
8863
8874
8913
8933
8949
8952
8958
8964
8967
8981
9002
9017
9018
9019
9024
9041
9049
9057
9061
9073
9078
9095
9119
9129
9159
9196
9203
9225
9230
9249
9263
9265
9280
9286
9291
9295
9305
9312
9314
9316
9326
9335
9393
9397
9411
9430
9465
9469
9480
9481
9496
9502
9527
9533
9545
9546
9563
9575
9621
9655
9656
9675
9694
9729
9740
9741
9743
9749
9784
9809
9838
9906
9916
9919
9936
9943
9988
10019
10022
10025
10168
10185
10203
10213
10239
10249
10278
10283
10313
10330
10334
10352
10355
10372
10487
10496
10527
10548
10563
10574
10595
10693
10724
10812
10909
10923
10935
11051
11078
11162
11247
11545
