160 80
78
101
93
100
65
103
70
129
110
109
146
122
72
112
82
119
113
101
96
75
105
102
92
98
98
81
97
115
64
104
96
83
114
92
104
55
104
95
101
101
112
80
79
122
103
81
108
119
92
46
128
63
114
85
112
70
111
64
112
85
70
127
73
99
80
129
115
113
84
91
75
80
113
112
122
97
73
119
126
121
74
81
70
97
81
99
88
119
91
128
102
83
106
102
116
75
85
96
124
100
74
99
93
76
130
85
111
110
124
106
111
78
73
122
112
95
73
83
112
101
82
110
99
85
91
95
74
132
112
142
106
133
100
122
78
135
90
126
136
92
122
108
99
77
119
108
95
95
92
78
118
57
107
105
102
91
110
76
114
81
