180 90
67
97
115
95
138
122
80
128
125
93
94
87
108
91
110
122
96
127
91
119
107
126
60
121
113
102
127
89
81
120
113
91
93
130
95
92
73
121
99
104
111
102
75
93
117
98
134
121
91
74
89
97
86
84
119
105
128
82
118
99
94
83
88
86
73
108
54
118
105
74
116
112
99
132
102
94
100
112
105
102
109
89
93
129
55
99
98
114
90
93
94
119
71
68
83
105
75
88
84
92
102
110
117
69
47
101
116
79
119
108
79
120
83
121
92
120
158
93
94
108
73
134
84
103
74
93
70
89
104
77
82
121
130
85
72
119
91
88
81
111
140
101
97
70
102
95
109
76
140
111
96
102
121
92
106
88
107
94
110
97
65
107
99
117
90
57
134
156
91
84
71
57
114
70
79
95
96
80
108
70
