140 70
110
101
80
57
119
87
97
110
106
123
94
95
89
99
94
114
88
113
96
99
126
84
122
108
115
135
95
112
84
115
69
92
63
92
119
122
94
96
113
104
96
121
91
103
68
113
124
105
134
87
85
128
108
84
94
91
101
125
115
115
110
70
72
106
95
89
88
146
111
101
92
125
107
72
34
89
110
91
107
75
100
110
80
87
72
120
80
108
86
104
99
85
82
53
91
111
108
105
133
94
109
137
114
111
81
99
108
104
106
93
98
101
126
69
108
111
91
140
104
126
93
111
107
70
102
106
50
90
88
74
98
130
117
80
73
105
126
80
116
109
