180 90
78
107
77
97
103
96
84
106
110
69
67
89
136
98
95
72
65
61
87
125
116
79
83
88
152
98
56
120
115
111
74
91
84
74
101
72
122
91
101
68
125
95
74
96
131
124
107
79
119
134
49
96
93
92
102
68
115
117
86
95
100
114
119
113
78
107
110
74
108
82
98
81
76
91
88
59
114
98
80
90
92
106
97
124
113
121
88
119
152
104
103
77
89
86
93
103
108
100
71
100
114
90
104
113
125
87
92
88
70
121
80
87
100
127
115
119
128
118
92
75
109
103
103
65
85
92
95
91
101
123
107
91
108
123
84
77
69
120
92
56
88
93
113
68
81
80
85
85
87
92
95
80
106
66
78
138
112
110
85
96
65
96
132
71
104
87
79
110
101
101
76
88
109
144
82
131
90
76
125
100
