160 80
95
123
118
113
107
90
126
84
89
62
99
101
90
101
106
74
64
82
103
76
117
65
116
104
120
91
136
119
116
93
106
81
129
88
128
73
103
103
99
124
99
90
77
101
72
121
77
104
105
125
91
95
110
110
66
63
103
89
93
64
111
86
97
124
109
129
56
92
114
131
117
91
74
126
73
122
91
96
106
87
107
102
85
142
97
130
95
65
106
111
95
85
61
83
74
114
101
62
111
90
131
109
102
143
109
118
84
80
94
76
93
115
60
132
137
99
121
65
130
104
129
72
80
108
53
155
71
75
103
88
130
71
118
89
88
118
80
76
139
75
116
81
104
124
108
106
100
63
80
72
101
99
114
103
95
99
98
94
110
96
