200 100
94
147
115
74
74
123
80
102
110
98
80
125
99
88
128
97
84
100
84
91
50
101
119
91
84
106
139
99
107
103
107
116
106
101
99
99
97
103
116
58
144
68
115
100
113
70
106
106
63
64
106
100
102
111
116
141
126
66
90
101
107
79
100
110
103
112
114
135
78
103
136
143
103
75
59
64
98
141
107
107
119
97
79
111
105
114
114
98
88
124
111
99
75
47
81
99
120
103
115
96
74
87
109
100
150
92
93
130
90
87
106
112
92
106
108
134
152
133
86
109
77
111
116
108
104
70
71
90
101
103
117
88
98
79
101
90
85
121
89
111
111
95
70
124
98
91
82
125
109
93
69
71
108
98
119
94
79
111
125
128
126
113
91
66
99
102
126
78
93
79
84
141
87
109
106
102
111
94
103
120
115
137
86
80
139
103
150
92
74
118
108
65
58
133
76
103
94
79
115
94
