200 100
29
32
42
24
43
11
89
14
89
80
74
21
38
56
15
32
1
98
12
9
18
3
29
46
40
30
100
34
97
85
77
30
14
4
92
4
65
96
99
43
41
46
65
23
16
61
90
71
50
98
92
25
53
22
41
14
36
17
90
97
49
65
59
44
82
81
8
37
71
63
64
67
64
56
99
73
32
62
1
94
42
50
45
38
83
20
68
64
17
11
43
20
14
81
9
7
48
7
53
97
72
1
78
57
36
12
88
3
85
24
84
14
33
80
83
1
17
59
44
8
10
16
66
31
73
18
59
82
73
58
58
41
8
12
58
94
72
88
44
69
3
89
99
83
53
78
58
86
94
17
29
95
92
72
8
13
33
10
93
78
28
6
92
92
84
82
71
33
5
19
15
14
75
50
53
28
16
38
89
56
78
52
69
85
78
47
21
7
63
46
46
42
33
59
95
55
95
14
39
99
