180 90
34
44
73
15
99
72
38
62
10
21
87
28
42
54
24
29
92
98
100
82
24
11
72
79
94
91
54
35
67
48
14
23
46
75
89
23
78
20
84
67
6
95
47
25
42
90
99
98
67
61
92
74
66
6
7
39
97
19
63
45
27
16
94
24
70
25
19
70
73
71
62
16
26
30
95
38
96
31
50
1
2
95
62
4
93
60
49
7
14
70
40
56
62
52
11
78
77
40
23
3
25
97
50
24
13
24
15
72
9
21
82
57
99
50
46
98
67
44
49
93
32
5
96
95
51
50
52
82
99
46
76
46
85
34
1
100
68
98
10
42
32
100
99
75
88
60
63
46
30
60
25
68
67
69
28
95
50
97
43
24
97
18
12
69
49
82
34
75
89
85
69
69
26
5
45
22
61
12
23
52
