180 90
57
46
63
98
51
90
66
6
28
48
28
4
77
66
76
47
82
4
16
64
61
17
82
78
34
29
85
4
45
77
75
9
36
3
36
42
87
94
21
15
45
58
13
5
97
92
7
27
17
84
34
12
77
6
66
7
99
19
20
92
25
68
51
35
96
76
76
95
88
66
63
40
9
61
83
87
96
23
36
49
60
20
39
67
74
51
61
42
94
49
7
19
69
13
66
20
28
72
15
43
51
50
29
62
78
37
26
7
66
84
54
6
27
54
66
46
28
81
32
81
84
48
24
82
64
45
50
27
41
63
92
30
99
99
79
28
26
61
70
81
24
48
3
66
83
24
56
88
8
10
31
92
12
45
45
76
90
6
57
25
18
57
49
61
81
51
89
67
68
79
74
44
49
33
77
64
99
36
17
58
