198 66
793
438
853
857
875
719
310
575
1000
452
759
913
943
904
807
683
449
722
619
904
870
795
829
1051
808
786
756
1079
951
639
793
1220
1053
917
837
562
706
877
1112
559
767
491
824
839
537
910
1120
661
667
948
914
571
373
782
699
366
584
1113
465
668
992
466
1155
1088
225
821
718
983
1083
911
675
616
498
908
817
958
1024
370
981
783
568
689
951
876
977
761
949
739
840
733
974
777
1046
962
898
520
1106
909
872
967
590
1100
825
1148
785
700
630
861
491
608
774
502
869
596
901
617
815
690
402
540
810
252
380
1204
601
771
791
530
894
683
790
740
640
1219
842
934
573
594
544
767
939
795
620
595
619
653
1005
714
1123
508
711
884
505
731
805
889
703
861
719
835
643
1048
718
1139
750
681
787
499
790
509
902
773
553
962
421
1060
722
550
601
829
547
887
828
729
879
770
753
777
1097
1054
830
955
735
823
1092
418
660
769
