126 42
572
336
589
430
362
635
624
585
372
422
377
561
471
724
589
486
407
416
587
611
351
516
363
577
665
439
636
711
366
554
581
580
715
472
504
417
489
553
285
432
2
376
551
572
590
481
441
359
642
349
435
468
454
370
347
705
460
432
311
713
221
302
597
361
511
528
495
580
432
526
569
576
689
589
467
315
350
575
278
720
746
572
442
561
519
465
581
255
329
572
502
503
426
658
347
612
268
421
249
462
461
372
197
753
606
570
676
361
290
414
558
300
708
508
452
494
473
498
439
522
373
505
508
485
597
584
