198 66
921
646
1203
620
861
907
841
1048
730
712
575
491
586
722
326
657
857
763
1232
911
667
755
752
569
806
614
555
854
701
907
732
1063
877
939
568
506
888
933
752
543
530
583
531
933
954
626
1059
617
901
692
1042
799
931
928
772
726
641
793
491
593
718
838
632
461
850
512
1218
917
933
776
868
848
709
495
956
600
579
599
746
880
748
974
671
583
810
843
712
917
974
829
745
768
643
855
936
759
1106
961
964
746
1015
392
814
524
364
869
1089
891
1145
933
876
863
423
907
957
1187
586
691
992
567
871
568
1167
666
892
738
697
664
1215
666
696
711
598
688
781
969
759
406
744
800
763
879
1108
880
514
438
901
972
655
659
736
877
1082
1051
633
565
1138
694
693
766
516
606
553
961
794
1034
778
669
641
1262
898
695
600
481
1069
726
902
815
1074
965
822
977
843
831
1018
511
1059
578
912
609
950
680
766
892
572
399
654
724
