144 48
512
482
632
318
628
215
701
812
357
751
586
704
423
442
565
740
785
403
558
814
708
343
511
641
682
275
525
461
966
533
560
563
622
754
472
646
435
607
598
657
347
553
429
580
402
429
592
617
402
562
397
412
741
642
657
506
688
513
703
613
819
475
566
473
278
714
414
465
610
624
523
816
547
578
924
329
755
679
583
202
855
577
233
474
893
380
470
386
756
535
684
378
673
685
693
675
547
799
571
648
745
618
325
615
635
452
520
838
637
455
407
384
622
365
637
788
585
464
709
591
566
648
451
481
571
499
906
586
480
553
422
774
500
722
623
339
609
644
346
579
682
672
466
526
