180 60
584
815
481
334
1023
930
788
984
996
585
913
581
870
432
445
339
775
1093
882
463
808
751
405
804
423
638
953
934
727
538
704
999
483
669
681
740
623
796
816
599
483
526
731
409
767
659
841
302
1130
572
574
1205
963
829
967
746
439
412
848
591
630
635
800
628
890
596
922
388
883
576
768
787
347
408
797
767
694
807
612
434
830
472
779
1054
833
342
954
258
869
490
839
851
343
767
594
525
857
765
1071
610
733
626
681
737
490
916
563
669
741
827
912
1065
568
849
735
435
875
1116
385
720
690
693
900
787
749
815
753
392
511
553
582
582
910
718
584
462
561
822
713
602
672
438
309
862
928
499
652
943
834
829
710
283
600
949
659
826
741
740
655
596
767
694
565
631
613
518
725
1055
825
931
537
903
450
846
556
697
619
552
607
418
