162 54
725
839
425
345
526
1070
413
912
672
419
401
703
708
599
295
565
875
717
677
550
406
556
445
453
696
755
749
205
528
867
647
702
680
369
558
534
528
725
782
636
856
678
367
766
809
627
740
641
655
583
671
561
548
716
762
760
584
509
659
488
654
611
562
849
847
239
579
568
362
469
665
636
697
776
571
818
640
813
779
723
481
687
817
628
895
719
561
562
530
691
497
540
801
849
576
681
781
706
727
797
670
668
599
525
713
641
570
565
692
551
730
873
568
590
659
548
734
781
627
727
853
584
555
578
738
546
723
803
770
638
645
705
566
800
574
925
538
688
723
633
735
706
464
852
448
488
331
583
615
573
680
860
786
896
663
802
431
603
394
512
708
627
