126 42
439
391
438
571
493
587
722
357
156
536
383
569
570
619
545
495
543
566
571
376
510
508
453
392
711
533
814
510
529
346
606
433
561
557
242
584
411
662
383
374
515
587
207
402
552
387
607
394
532
724
518
401
338
148
487
630
602
475
532
537
620
519
436
454
255
445
456
498
282
692
568
582
632
360
339
472
247
490
410
670
392
618
422
426
726
484
644
607
398
540
680
603
551
535
545
634
423
596
582
456
421
886
366
361
731
573
514
549
499
474
475
482
551
772
410
569
804
262
629
436
507
478
477
480
666
392
